-0.102496,-0.0746737,2.94884e-05,0,-0.0150023,-0.102494,-0.102471
-0.102496,-0.0698553,3.44485e-05,-3.39116e-07,-0.0150022,-0.102488,-0.102472
-0.102496,-0.0697088,3.44324e-05,-1.00328e-06,-0.0149817,-0.102482,-0.102659
-0.102496,-0.0720225,3.17918e-05,-1.69204e-06,-0.0149353,-0.102475,-0.103307
-0.102496,-0.076007,2.73722e-05,-2.33976e-06,-0.0149269,-0.102468,-0.104301
-0.102496,-0.0810105,2.18723e-05,-2.90709e-06,-0.0149606,-0.102461,-0.105498
-0.102496,-0.0865966,1.57623e-05,-3.36929e-06,-0.0149933,-0.102454,-0.106809
-0.102496,-0.0924256,9.40887e-06,-3.71203e-06,-0.0150119,-0.102447,-0.108158
-0.102496,-0.0981503,3.18556e-06,-3.92879e-06,-0.0150162,-0.102439,-0.109466
-0.102496,-0.10359,-2.7121e-06,-4.02051e-06,-0.015003,-0.102431,-0.1107
-0.102496,-0.108594,-8.11943e-06,-3.99281e-06,-0.0149864,-0.102423,-0.111825
-0.102496,-0.112977,-1.28391e-05,-3.85475e-06,-0.0149744,-0.102414,-0.112798
-0.102496,-0.116291,-1.63978e-05,-3.62157e-06,-0.0149697,-0.102405,-0.113501
-0.102496,-0.118543,-1.88023e-05,-3.30963e-06,-0.0149718,-0.102395,-0.11396
-0.102496,-0.119583,-1.98988e-05,-2.9444e-06,-0.014979,-0.102385,-0.114133
-0.102496,-0.119435,-1.97175e-05,-2.55355e-06,-0.0149896,-0.102375,-0.114032
-0.102496,-0.118248,-1.842e-05,-2.15839e-06,-0.0150018,-0.102365,-0.113699
-0.102496,-0.116198,-1.61976e-05,-1.78415e-06,-0.015013,-0.102355,-0.113174
-0.102496,-0.113488,-1.32714e-05,-1.45019e-06,-0.0150217,-0.102344,-0.112507
-0.102496,-0.110336,-9.8775e-06,-1.1716e-06,-0.0150265,-0.102333,-0.111748
-0.102496,-0.106967,-6.25649e-06,-9.58775e-07,-0.0150269,-0.102321,-0.110948
-0.102496,-0.103571,-2.61554e-06,-8.17351e-07,-0.0150244,-0.102308,-0.110151
-0.102496,-0.100594,5.72535e-07,-7.41374e-07,-0.0150233,-0.102295,-0.109472
-0.102496,-0.097998,3.34525e-06,-7.38478e-07,-0.0150232,-0.102281,-0.108877
-0.102496,-0.095905,5.57391e-06,-7.92906e-07,-0.015018,-0.102265,-0.108403
-0.102496,-0.0943979,7.1707e-06,-8.94355e-07,-0.0150018,-0.102249,-0.108068
-0.102496,-0.0934677,8.1453e-06,-1.03058e-06,-0.0149931,-0.102231,-0.107863
-0.102496,-0.0930962,8.51847e-06,-1.1891e-06,-0.0149902,-0.102211,-0.107785
-0.102496,-0.093261,8.31598e-06,-1.35779e-06,-0.0149904,-0.10219,-0.107827
-0.102496,-0.0939209,7.58388e-06,-1.52502e-06,-0.0149914,-0.102167,-0.107979
-0.102496,-0.0949866,6.41924e-06,-1.67963e-06,-0.0149922,-0.102142,-0.108218
-0.102496,-0.0963364,4.95315e-06,-1.81326e-06,-0.0149922,-0.102114,-0.108514
-0.102496,-0.097849,3.31576e-06,-1.91892e-06,-0.0149921,-0.102083,-0.108839
-0.102496,-0.0993835,1.6574e-06,-1.9926e-06,-0.0149917,-0.102049,-0.109159
-0.102496,-0.100793,1.27822e-07,-2.03321e-06,-0.0149913,-0.102013,-0.109441
-0.102496,-0.101989,-1.18327e-06,-2.04265e-06,-0.0149904,-0.101973,-0.109666
-0.102496,-0.102921,-2.22466e-06,-2.02489e-06,-0.0149891,-0.10193,-0.109825
-0.102496,-0.103599,-3.00815e-06,-1.98508e-06,-0.0149899,-0.101883,-0.109922
-0.102496,-0.104046,-3.56049e-06,-1.92844e-06,-0.0149923,-0.101833,-0.109963
-0.102496,-0.104292,-3.91487e-06,-1.85972e-06,-0.0149954,-0.101779,-0.109956
-0.102496,-0.104335,-4.06902e-06,-1.78301e-06,-0.0149983,-0.101721,-0.109898
-0.102496,-0.104176,-4.02822e-06,-1.70233e-06,-0.0150002,-0.101658,-0.109788
-0.102496,-0.103832,-3.80991e-06,-1.62158e-06,-0.0150012,-0.10159,-0.109632
-0.102496,-0.103337,-3.45388e-06,-1.5444e-06,-0.0150015,-0.101518,-0.109438
-0.102496,-0.102747,-3.01958e-06,-1.47372e-06,-0.0150015,-0.10144,-0.109219
-0.102496,-0.102142,-2.5933e-06,-1.41137e-06,-0.0150014,-0.101355,-0.108995
-0.102496,-0.101581,-2.23923e-06,-1.35759e-06,-0.0150014,-0.101265,-0.108777
-0.102496,-0.101105,-2.00149e-06,-1.31121e-06,-0.0150015,-0.101168,-0.108574
-0.102496,-0.100743,-1.91066e-06,-1.27011e-06,-0.0150017,-0.101063,-0.108391
-0.102496,-0.10051,-1.9824e-06,-1.23149e-06,-0.0149994,-0.10095,-0.108231
-0.102496,-0.100358,-2.16814e-06,-1.19216e-06,-0.0149979,-0.100829,-0.108079
-0.102496,-0.100274,-2.45289e-06,-1.14973e-06,-0.014997,-0.100699,-0.107932
-0.102496,-0.100253,-2.83264e-06,-1.1021e-06,-0.0149964,-0.100558,-0.107789
-0.102496,-0.100287,-3.2978e-06,-1.04715e-06,-0.014996,-0.100407,-0.107649
-0.102496,-0.100398,-3.87027e-06,-9.83289e-07,-0.0149957,-0.100244,-0.107515
-0.102496,-0.100593,-4.55717e-06,-9.0846e-07,-0.0149955,-0.100069,-0.107388
-0.102496,-0.100858,-5.34385e-06,-8.20408e-07,-0.0149954,-0.0998807,-0.107264
-0.102496,-0.101171,-6.20572e-06,-7.17071e-07,-0.0149954,-0.0996777,-0.107135
-0.102496,-0.101512,-7.1225e-06,-5.96835e-07,-0.0149954,-0.099459,-0.106995
-0.102496,-0.101867,-8.08079e-06,-4.58511e-07,-0.0149955,-0.0992231,-0.10684
-0.102496,-0.10222,-9.06241e-06,-3.01207e-07,-0.0149957,-0.0989685,-0.106665
-0.102496,-0.102559,-1.00544e-05,-1.24376e-07,-0.0149961,-0.0986937,-0.106466
-0.102496,-0.102869,-1.1042e-05,7.22477e-08,-0.0149967,-0.0983973,-0.106238
-0.102496,-0.103143,-1.20259e-05,2.88644e-07,-0.0149973,-0.0980778,-0.105979
-0.102496,-0.103377,-1.29866e-05,5.24735e-07,-0.0149979,-0.0977334,-0.105685
-0.102496,-0.103571,-1.39082e-05,7.80625e-07,-0.0149984,-0.0973622,-0.105355
-0.102496,-0.103729,-1.4789e-05,1.0551e-06,-0.0149988,-0.0969623,-0.104989
-0.102496,-0.10386,-1.56314e-05,1.34736e-06,-0.0149991,-0.0965316,-0.104585
-0.102496,-0.103972,-1.64412e-05,1.6562e-06,-0.0149994,-0.0960676,-0.104145
-0.102496,-0.104076,-1.72256e-05,1.98138e-06,-0.0149995,-0.0955679,-0.103667
-0.102496,-0.104182,-1.79919e-05,2.32236e-06,-0.0149997,-0.0950297,-0.103151
-0.102496,-0.104298,-1.87497e-05,2.67875e-06,-0.0149997,-0.0944501,-0.102597
-0.102496,-0.104382,-1.94503e-05,3.05033e-06,-0.0149998,-0.0938258,-0.101989
-0.102496,-0.104597,-2.0269e-05,3.43619e-06,-0.0149998,-0.0931535,-0.101371
-0.102496,-0.104809,-2.10637e-05,3.83788e-06,-0.0149998,-0.0924299,-0.100696
-0.102496,-0.105052,-2.18715e-05,4.25558e-06,-0.0149998,-0.091651,-0.099975
-0.102496,-0.105337,-2.27029e-05,4.68937e-06,-0.015,-0.0908126,-0.0992048
-0.102496,-0.105664,-2.35606e-05,5.13969e-06,-0.0150004,-0.08991,-0.098381
-0.102496,-0.106039,-2.44517e-05,5.60704e-06,-0.0150008,-0.0889382,-0.0974999
-0.102496,-0.106378,-2.53061e-05,6.09207e-06,-0.0150013,-0.0878916,-0.0965325
-0.102496,-0.10694,-2.64007e-05,6.59435e-06,-0.0150019,-0.0867643,-0.0955488
-0.102496,-0.107392,-2.73802e-05,7.11743e-06,-0.0150024,-0.0855501,-0.0944368
-0.102496,-0.107966,-2.8482e-05,7.66063e-06,-0.0150029,-0.084242,-0.0932687
-0.102496,-0.108626,-2.96635e-05,8.22531e-06,-0.0150032,-0.0828329,-0.0920139
-0.102496,-0.109497,-3.10526e-05,8.81327e-06,-0.0150033,-0.0813148,-0.0906984
-0.102496,-0.110362,-3.24143e-05,9.42807e-06,-0.0150034,-0.0796792,-0.0892425
-0.102496,-0.111163,-3.36833e-05,1.00702e-05,-0.0150034,-0.0779169,-0.0876265
-0.102496,-0.112202,-3.51762e-05,1.07382e-05,-0.0150035,-0.0760182,-0.0859217
-0.102496,-0.113428,-3.68361e-05,1.14313e-05,-0.0150036,-0.0739725,-0.0840829
-0.102496,-0.114861,-3.86717e-05,1.21572e-05,-0.0150038,-0.0717683,-0.0821026
-0.102496,-0.116483,-4.06535e-05,1.29178e-05,-0.0150036,-0.0693933,-0.0799609
-0.102496,-0.118256,-4.27444e-05,1.3717e-05,-0.0150032,-0.0668343,-0.0776407
-0.102496,-0.120102,-4.48687e-05,1.45614e-05,-0.0150024,-0.064077,-0.0751235
-0.102496,-0.121884,-4.68795e-05,1.54482e-05,-0.0150011,-0.0611062,-0.0723888
-0.102496,-0.123389,-4.85532e-05,1.63767e-05,-0.0149993,-0.0579053,-0.0694176
-0.102496,-0.124315,-4.95662e-05,1.73402e-05,-0.0149971,-0.054457,-0.0661916
-0.102496,-0.124262,-4.94918e-05,1.8327e-05,-0.014995,-0.0507437,-0.0626958
-0.102496,-0.122758,-4.78258e-05,1.93172e-05,-0.0149931,-0.0467511,-0.0589246
-0.102496,-0.119281,-4.40122e-05,2.02812e-05,-0.0149917,-0.0424818,-0.0548821
-0.102496,-0.113288,-3.74733e-05,2.11786e-05,-0.0149907,-0.038006,-0.050577
-0.0891718,-0.104731,-2.81562e-05,2.19575e-05,-0.0149894,-0.033658,-0.0461577
-0.0755057,-0.0922335,-1.46126e-05,2.25625e-05,-0.0149857,-0.029809,-0.0413285
-0.0618395,-0.0770955,1.7755e-06,2.29157e-05,-0.0149762,-0.0265979,-0.0365312
-0.0481733,-0.0597506,2.05426e-05,2.2954e-05,-0.0149559,-0.0240984,-0.0317996
-0.0345071,-0.0410258,4.08095e-05,2.26276e-05,-0.0149208,-0.0223677,-0.0272908
-0.0208409,-0.0219882,6.14341e-05,2.19026e-05,-0.0148723,-0.0214513,-0.0231851
-0.00717475,-0.00366515,8.13145e-05,2.0777e-05,-0.0148692,-0.0213544,-0.0196234
0,0.0130569,9.9502e-05,1.92899e-05,-0.015031,-0.0219209,-0.0166987
0,0.0269216,0.000114671,1.74181e-05,-0.0149854,-0.0228421,-0.0146277
0,0.0367048,0.000125499,1.51929e-05,-0.0147071,-0.0239102,-0.0136475
0,0.0421582,0.000131714,1.27425e-05,-0.0142263,-0.0250753,-0.0137611
0,0.043674,0.000133732,1.01424e-05,-0.0136071,-0.0263292,-0.0148496
0,0.0420842,0.00013244,7.47885e-06,-0.01287,-0.0276751,-0.0167056
0,0.0378944,0.000128377,4.82101e-06,-0.0120584,-0.0291193,-0.0192353
0,0.0318838,0.000122375,2.23113e-06,-0.01119,-0.0306697,-0.0222534
0,0.0254779,0.000115949,-2.4939e-07,-0.0102835,-0.0323347,-0.0254079
0,0.0195825,0.000110057,-2.60371e-06,-0.00936164,-0.0341236,-0.0285243
0,0.0142338,0.000104741,-4.84609e-06,-0.00844709,-0.0360462,-0.0316463
0,0.00997924,0.000100579,-6.97015e-06,-0.00756267,-0.0381132,-0.0346333
0,0.00681818,9.75709e-05,-9.01294e-06,-0.00672835,-0.0403357,-0.0375239
0,0.00549726,9.6504e-05,-1.09809e-05,-0.00595232,-0.0427258,-0.0401238
0,0.00547057,9.67979e-05,-1.29158e-05,-0.00525326,-0.0452968,-0.0426375
0,0.00683852,9.85555e-05,-1.48497e-05,-0.00462992,-0.048063,-0.0450284
0,0.00932271,0.000101481,-1.68076e-05,-0.00405742,-0.0510399,-0.0473989
0,0.0124077,0.000105058,-1.88168e-05,-0.00348936,-0.0542442,-0.0499017
0,0.0164339,0.000109655,-2.08982e-05,-0.00290722,-0.0576937,-0.0524406
0,0.0203383,0.000114139,-2.30592e-05,-0.00234777,-0.0614077,-0.0553542
0,0.0248309,0.000119252,-2.53173e-05,-0.00182565,-0.0654069,-0.0584175
0,0.029083,0.000124108,-2.76742e-05,-0.00133702,-0.0697136,-0.061919
0,0.0331144,0.00012872,-3.01321e-05,-0.000888812,-0.0743519,-0.0658298
0,0.0367946,0.000132943,-3.26857e-05,-0.000467792,-0.0793476,-0.0701953
0,0.0395149,0.000136128,-3.5315e-05,-7.92972e-05,-0.0847285,-0.0751726
0,0.0424076,0.00013947,-3.80201e-05,-1.21668e-20,-0.0905242,-0.0803905
0,0.0440358,0.000141446,-4.07844e-05,1.50463e-36,-0.096766,-0.0862564
0,0.043703,0.000141307,-4.36074e-05,0,-0.103485,-0.0928196
0,0.0420175,0.000139686,-4.64341e-05,0,-0.110702,-0.0997761
0,0.0388802,0.000136474,-4.92343e-05,0,-0.1184,-0.107062
-0.00680833,0.0318473,0.000129089,-5.19766e-05,0,-0.126398,-0.115221
-0.0211417,0.0230526,0.000119794,-5.45805e-05,0,-0.134358,-0.123412
-0.035475,0.0105036,0.000106484,-5.70136e-05,0,-0.142045,-0.13221
-0.0498083,-0.00397155,9.10992e-05,-5.91832e-05,-0.000296552,-0.149376,-0.140956
-0.0641417,-0.0195761,7.44833e-05,-6.10437e-05,-0.000870975,-0.156309,-0.149468
-0.078475,-0.0391092,5.36796e-05,-6.26081e-05,-0.00151683,-0.162809,-0.158517
-0.0928083,-0.0619479,2.93558e-05,-6.38273e-05,-0.0019266,-0.168842,-0.167746
-0.107142,-0.0864501,3.26213e-06,-6.45361e-05,-0.00204935,-0.17436,-0.17668
0.093525,0.0451119,-0.000111143,-6.51232e-05,0.00183337,0.0407526,0.0323001
0.0791917,0.00919167,-0.000180036,-6.36028e-05,0.00153722,0.0361112,0.0238112
0.0648583,-0.00514167,-0.000289704,-6.0381e-05,0.000635896,0.0322491,0.0169374
0.050525,-0.019475,-0.000416567,-5.52449e-05,-7.37598e-20,0.0292104,0.0117408
0.0361917,-0.0338083,-0.000543103,-4.78016e-05,0,0.0270477,0.00792122
0.0218583,-0.0481417,-0.000665363,-3.7509e-05,0,0.0258073,0.00476977
0.007525,-0.062475,-0.000763771,-2.50575e-05,0.000124504,0.0254931,0.00292683
0,-0.07,-0.000842647,-1.03234e-05,0.00233987,0.0258954,0.00242341
0,-0.07,-0.000904948,5.93802e-06,0.0027104,0.0266497,0.00393414
0,-0.07,-0.000932575,2.3632e-05,0.00201235,0.0275666,0.00652868
0,-0.07,-0.000908582,4.21316e-05,0.00083632,0.0286187,0.0100368
0,-0.0612947,-0.00086688,6.04831e-05,-4.87946e-20,0.0297943,0.0141431
0,-0.0483438,-0.000822334,7.81127e-05,0,0.0310968,0.0187165
0,-0.0356949,-0.000780656,9.47598e-05,0,0.0325508,0.0232109
0,-0.0233908,-0.000739936,0.00011054,0,0.0341704,0.0277244
0,-0.0127653,-0.000701855,0.000125501,0,0.0359492,0.0319161
0,-0.00438319,-0.000667439,0.000139691,0,0.0378892,0.0357195
0,0.0016991,-0.000636084,0.000153177,0,0.0399939,0.0391248
0,0.00559155,-0.000607489,0.000166024,0,0.0422614,0.0421601
0,0.00730079,-0.000582975,0.000178288,0,0.0447001,0.0448919
0,0.00731988,-0.000561323,0.000190021,0,0.047329,0.0474511
0,0.00628845,-0.000541086,0.000201313,0,0.0501561,0.0499654
0,0.00427647,-0.000523552,0.000212215,0,0.0531955,0.0525148
0,0.00152894,-0.000507728,0.000222748,0,0.0564716,0.0551589
0,-0.00200136,-0.000493133,0.000232942,0,0.0600046,0.0578977
0,-0.00635257,-0.000479412,0.000242841,0,0.0638147,0.0607498
0,-0.0117877,-0.000467347,0.000252464,0,0.0679346,0.0637431
0,-0.0179352,-0.00045556,0.000261865,0,0.0723906,0.0669069
0,-0.0249621,-0.000445244,0.000271023,0,0.0772098,0.0703323
0,-0.0327342,-0.000436151,0.000279969,0,0.0824483,0.0741272
0,-0.0407895,-0.000427449,0.000288729,0,0.0881604,0.0783662
0,-0.0487895,-0.000418766,0.000297304,0,0.0943888,0.0831031
0,-0.0554487,-0.000408163,0.000305714,0,0.10114,0.0884254
0,-0.0602551,-0.000395923,0.00031392,0,0.10841,0.094482
0,-0.0623337,-0.000381207,0.000321875,0,0.116222,0.10139
0,-0.060914,-0.000363065,0.000329543,0,0.12459,0.109194
0,-0.0554355,-0.000340803,0.000336859,0,0.133464,0.117865
0.012925,-0.0445896,-0.000313001,0.000343731,0,0.142523,0.127581
0.0285917,-0.0303563,-0.000281738,0.000350116,0,0.151363,0.137595
0.0442583,-0.0122134,-0.00024649,0.000355876,0,0.159803,0.148078
0.059925,0.00790202,-0.000209346,0.000360911,0,0.167774,0.158413
0.0755917,0.0305503,-0.000169764,0.000365247,0,0.175228,0.168808
0.0912583,0.0555985,-0.000127944,0.0003688,0,0.182125,0.179155
0.106925,0.0831893,-8.3796e-05,0.000371526,0,0.188423,0.189462
-0.107723,-0.0627282,2.38527e-07,0.000373379,0,-0.031444,-0.0304927
-0.0927093,-0.0227093,7.48903e-05,0.000373626,0,-0.0271776,-0.0204174
-0.0776957,-0.00769567,0.000231107,0.000372427,0,-0.023697,-0.011667
-0.062682,0.00731799,0.000449601,0.000368898,0,-0.0209702,-0.00460501
-0.0476684,0.0223316,0.000722121,0.000361436,0,-0.0190335,0.000978475
-0.0326547,0.0373453,0.00101437,0.000348765,0,-0.0179402,0.00516549
-0.017641,0.052359,0.00130645,0.000329939,0,-0.0177348,0.0080233
-0.00262739,0.0673726,0.00166181,0.000305416,0,-0.0183991,0.00960869
0,0.07,0.00208031,0.000273779,0,-0.0196593,0.00976241
0,0.07,0.00250091,0.000234893,0,-0.0211648,0.00865668
0,0.07,0.00283932,0.000186768,0,-0.0227816,0.00628963
0,0.07,0.00308732,0.000131673,0,-0.0244817,0.00323119
0,0.07,0.00322461,7.10429e-05,0,-0.0262646,-0.000390577
0,0.07,0.00328835,7.23727e-06,0,-0.0281378,-0.0041461
0,0.07,0.00328118,-5.80836e-05,0,-0.0301111,-0.00805786
0,0.07,0.00323345,-0.000123739,0,-0.0321952,-0.0120332
0,0.07,0.00314371,-0.000188647,0,-0.0344017,-0.0162839
0,0.0667211,0.00302564,-0.000251925,0,-0.036743,-0.0208506
0,0.0580845,0.00290683,-0.000313028,0,-0.0392319,-0.0255329
0,0.0483806,0.00279172,-0.00037164,0,-0.0418823,-0.0304174
0,0.0387833,0.00268139,-0.000427935,0,-0.0447085,-0.0354008
0,0.0301161,0.00257658,-0.000481894,0,-0.0477261,-0.0403281
0,0.0229637,0.00247774,-0.000533845,0,-0.050952,-0.0450961
0,0.017591,0.00238498,-0.000583795,0,-0.0544041,-0.0496817
0,0.0143234,0.00229765,-0.000631866,0,-0.0581019,-0.054032
0,0.0132626,0.00221267,-0.00067808,0,-0.062066,-0.0581619
0,0.0142816,0.00212932,-0.000722546,0,-0.0663184,-0.0621414
0,0.0170854,0.00204752,-0.000765466,0,-0.0708831,-0.0660769
0,0.0213673,0.00196719,-0.000806621,0,-0.0757854,-0.0700689
0,0.026759,0.00188815,-0.000846166,0,-0.0810527,-0.0742301
0,0.0328759,0.00181018,-0.000884126,0,-0.0867143,-0.0786667
0,0.0388578,0.00173253,-0.000920603,0,-0.0928019,-0.0836031
0,0.0397529,0.00166204,-0.000955486,0,-0.0992946,-0.0900342
0,0.0417838,0.00158004,-0.000988939,0,-0.106212,-0.0964051
0,0.0430567,0.00149872,-0.00102087,0,-0.113642,-0.103295
0,0.0426783,0.00141768,-0.00105117,0,-0.121628,-0.110754
0,0.0397888,0.00133544,-0.00107985,0,-0.130174,-0.118842
-0.00276544,0.0336447,0.00125069,-0.00110688,0,-0.13916,-0.12757
-0.018568,0.0235527,0.00116248,-0.00113224,0,-0.148201,-0.136938
-0.0343705,0.00906875,0.00107025,-0.00115575,0,-0.156933,-0.146923
-0.050173,-0.00861153,0.000975377,-0.00117757,0,-0.165235,-0.157111
-0.0659755,-0.0275027,0.000880118,-0.00119746,0,-0.173051,-0.166957
-0.0817781,-0.0486483,0.000783586,-0.00121544,0,-0.180337,-0.176806
-0.0975806,-0.0718144,0.000686281,-0.0012314,0,-0.187053,-0.1865
-0.113383,-0.0993948,0.000585919,-0.00124537,0,-0.193154,-0.196681
0.107852,0.0481849,0.000491104,-0.00125749,0,0.0384429,0.03173
0.0920497,0.0220497,0.000310027,-0.00126769,0,0.0337133,0.022576
0.0762472,0.00624718,8.38436e-05,-0.00127471,0,0.0297486,0.0149641
0.0604447,-0.00955535,-0.000164868,-0.00127797,0,0.0266066,0.0089902
0.0446421,-0.0253579,-0.0004185,-0.00127591,0,0.0243473,0.00436782
0.0288396,-0.0411604,-0.000660772,-0.00126894,0,0.0230275,0.0010255
0.0130371,-0.0569629,-0.000876256,-0.00125681,0,0.0226764,-0.00112512
0,-0.07,-0.00108548,-0.0012408,0,0.0232045,-0.00201715
0,-0.07,-0.00130327,-0.00122024,0,0.0242594,-0.0013855
0,-0.07,-0.00148967,-0.0011957,0,0.0255122,0.000513298
0,-0.07,-0.00160999,-0.00116693,0,0.0268821,0.00357788
0,-0.07,-0.00167417,-0.00113527,0,0.0283537,0.00730566
0,-0.07,-0.00168237,-0.00110211,0,0.029929,0.0113882
0,-0.0648507,-0.00165929,-0.0010685,0,0.0316153,0.0156898
0,-0.0543652,-0.0016308,-0.00103521,0,0.0334215,0.0201585
0,-0.043111,-0.0016018,-0.00100252,0,0.0353574,0.0247128
0,-0.0324455,-0.00157378,-0.000970412,0,0.0374339,0.029206
0,-0.0226057,-0.00154702,-0.000938852,0,0.0396624,0.0336494
0,-0.0153416,-0.00152341,-0.000907791,0,0.0420553,0.037578
0,-0.00968149,-0.00150191,-0.000877228,0,0.0446255,0.0413615
0,-0.00598944,-0.00148292,-0.000847104,0,0.0473872,0.0448673
0,-0.00313604,-0.00146523,-0.000817398,0,0.0503555,0.0484465
0,-0.00270199,-0.00145053,-0.000788023,0,0.0535471,0.0516232
0,-0.00372935,-0.0014378,-0.000758968,0,0.0569797,0.0547646
0,-0.00598901,-0.00142621,-0.000730161,0,0.0606725,0.0579137
0,-0.0100418,-0.0014155,-0.000701591,0,0.0646462,0.0609306
0,-0.0146172,-0.00140431,-0.000673254,0,0.068923,0.064227
0,-0.0204585,-0.0013935,-0.000645123,0,0.0735266,0.0675634
0,-0.0266759,-0.0013822,-0.00061721,0,0.0784828,0.071252
0,-0.0328393,-0.00137004,-0.000589521,0,0.0838193,0.0753919
0,-0.0393712,-0.00135755,-0.000562065,0,0.0895657,0.0798562
0,-0.0462992,-0.00134482,-0.000534858,0,0.095754,0.0846544
0,-0.0517876,-0.0013351,-0.000507911,0,0.102389,0.090068
0,-0.0561796,-0.00131796,-0.000481184,0,0.109498,0.0961076
0,-0.0583431,-0.00129811,-0.000454782,0,0.117142,0.102929
0,-0.0574191,-0.00127479,-0.00042877,0,0.125353,0.110597
0,-0.0527163,-0.00124716,-0.000403193,0,0.1341,0.119118
0.00909736,-0.0436877,-0.00121459,-0.000378153,0,0.143137,0.128451
0.0249188,-0.0309465,-0.0011777,-0.000353731,0,0.152064,0.138257
0.0407403,-0.0115292,-0.00113338,-0.000330085,0,0.160629,0.149305
0.0565618,0.00965319,-0.0010869,-0.00030724,0,0.168741,0.160025
0.0723833,0.0323348,-0.0010386,-0.000285386,0,0.176349,0.170536
0.0882048,0.056854,-0.00098822,-0.000264493,0,0.183412,0.180903
0.104026,0.0837009,-0.000935315,-0.000244527,0,0.189886,0.191204
-0.117475,-0.0655435,-0.000841964,-0.000225609,0,-0.0415949,-0.037455
-0.101653,-0.0316531,-0.000740736,-0.000208443,0,-0.0364342,-0.0277007
-0.0858316,-0.0158316,-0.000584215,-0.000193375,0,-0.0320063,-0.0193351
-0.0700101,-1.01015e-05,-0.000395419,-0.000180986,0,-0.0283666,-0.0126349
-0.0541886,0.0158114,-0.000191129,-0.000172228,0,-0.0255743,-0.00730739
-0.0383671,0.0316329,1.20492e-05,-0.000167487,0,-0.0236893,-0.00331616
-0.0225456,0.0474544,0.000198327,-0.000166305,0,-0.0227617,-0.000562622
-0.00672413,0.0632759,0.000349923,-0.000168968,0,-0.0227896,0.000949312
0,0.07,0.00050643,-0.000174905,0,-0.0235586,0.00104456
0,0.07,0.000659032,-0.00018386,0,-0.024703,-7.08996e-05
0,0.07,0.000768192,-0.000195896,0,-0.0260075,-0.00246447
0,0.07,0.000823791,-0.000210496,0,-0.0274213,-0.00589387
0,0.07,0.000825973,-0.000226694,0,-0.0289369,-0.00983518
0,0.0665737,0.000787286,-0.000243203,0,-0.0305589,-0.0141726
0,0.0566827,0.000743219,-0.000259239,0,-0.0322951,-0.0184879
0,0.0448352,0.000698533,-0.000274236,0,-0.0341549,-0.0231597
0,0.0335404,0.000655855,-0.000288408,0,-0.0361486,-0.0277162
0,0.0234836,0.000615877,-0.000301717,0,-0.0382871,-0.032099
0,0.0156467,0.000579602,-0.000314194,0,-0.0405824,-0.0360789
0,0.00950872,0.000546441,-0.000325931,0,-0.0430471,-0.0398616
0,0.0053524,0.000516654,-0.000336993,0,-0.0456945,-0.0433574
0,0.00345559,0.000490493,-0.0003474,0,-0.0485393,-0.0465194
0,0.00286509,0.0004669,-0.000357341,0,-0.0515971,-0.0496463
0,0.00429013,0.000446569,-0.000366797,0,-0.0548851,-0.052515
0,0.00728879,0.000428924,-0.00037583,0,-0.0584216,-0.0553075
0,0.012077,0.000413571,-0.000384558,0,-0.0622264,-0.0579685
0,0.00957426,0.000390645,-0.000392953,0,-0.0663208,-0.0630731
0,-7.04332e-05,0.000360336,-0.000400983,0,-0.0707275,-0.0701683
0,0.00547835,0.000346332,-0.000408478,0,-0.0754712,-0.0730525
0,0.0183329,0.000340261,-0.000415545,0,-0.0805783,-0.07504
0,0.0345663,0.000338375,-0.000422991,0,-0.0861003,-0.0770129
0,0.0521198,0.000337416,-0.000429262,0,-0.0920497,-0.0789527
0,0.066855,0.000334135,-0.000436015,0,-0.0984306,-0.0822694
0,0.07,0.000356866,-0.000442712,0,-0.105296,-0.0872647
0,0.0664889,0.0003298,-0.000449747,0,-0.112019,-0.0936804
0,0.060338,0.000302691,-0.000456722,0,-0.118445,-0.101602
0,0.0510229,0.00027291,-0.000462952,0,-0.125245,-0.110501
0,0.0379113,0.000239869,-0.000468649,0,-0.132605,-0.120445
0,0.0242341,0.000206834,-0.000473595,0,-0.140546,-0.130368
-0.00668555,0.0143483,0.000178307,-0.000477996,0,-0.148878,-0.139054
-0.0224163,0.00200598,0.000147609,-0.000481705,0,-0.157207,-0.148309
-0.038147,-0.00587347,0.000122017,-0.00048481,0,-0.165239,-0.155797
-0.0538777,-0.0168505,9.35357e-05,-0.000487366,0,-0.172868,-0.16391
-0.0696084,-0.033036,5.99515e-05,-0.000489365,0,-0.18004,-0.172822
-0.0853391,-0.0518744,2.40038e-05,-0.000490816,0,-0.18671,-0.181669
-0.10107,-0.0739105,-1.48434e-05,-0.000491583,0,-0.192832,-0.190687
-0.116801,-0.0981742,-5.55269e-05,-0.0004915,0,-0.198362,-0.19954
0.103429,0.0515471,-0.000172646,-0.000491203,0,0.0327122,0.0277095
0.0849458,0.0149458,-0.000279321,-0.000490854,0,0.0285521,0.0186694
0.0707882,0.000788183,-0.000421239,-0.000487826,0,0.0251672,0.0123304
0.0562373,-0.0137627,-0.000584196,-0.000481505,0,0.0225653,0.00711117
0.0405066,-0.0294934,-0.000749263,-0.000470962,0,0.020811,0.00312645
0.0247759,-0.0452241,-0.000898606,-0.000457132,0,0.0199775,0.000471929
0.00904516,-0.0609548,-0.0010249,-0.000440131,0,0.0200809,-0.00143632
0,-0.07,-0.00115446,-0.000420517,0,0.0209571,-0.00216277
0,-0.07,-0.00128789,-0.000398334,0,0.0222492,-0.00116153
0,-0.07,-0.00139057,-0.000373978,0,0.0237018,0.000958518
0,-0.07,-0.0014492,-0.000347193,0,0.0252542,0.00398068
0,-0.07,-0.00147293,-0.000318825,0,0.026897,0.00710234
0,-0.07,-0.00145955,-0.000289544,0,0.0286347,0.0104996
0,-0.0678121,-0.00141749,-0.000260253,0,0.0304756,0.0141761
0,-0.0598764,-0.00137079,-0.000231588,0,0.0324297,0.0181913
0,-0.0509168,-0.00132447,-0.000203938,0,0.0345078,0.0223398
0,-0.0422919,-0.00127996,-0.000177078,0,0.0367213,0.026483
0,-0.0355641,-0.00123887,-0.00015119,0,0.0390826,0.0302628
0,-0.0298014,-0.00120021,-0.000126084,0,0.0416048,0.034028
0,-0.0261139,-0.00116512,-0.000101828,0,0.0443016,0.0374377
0,-0.0234921,-0.00113249,-7.82448e-05,0,0.0471877,0.0408449
0,-0.0224853,-0.00110286,-5.53829e-05,0,0.0502792,0.0440661
0,-0.0227842,-0.00107586,-3.30591e-05,0,0.0535933,0.0472355
0,-0.0233177,-0.00105029,-1.12989e-05,0,0.0571486,0.0506611
0,-0.0252376,-0.00102642,9.88591e-06,0,0.060965,0.0539956
0,-0.0277365,-0.00100278,3.05576e-05,0,0.0650637,0.057549
0,-0.0313791,-0.000979987,5.09678e-05,0,0.0694677,0.0611544
0,-0.035356,-0.000957261,7.08412e-05,0,0.0742015,0.0650948
0,-0.038326,-0.000933268,9.00886e-05,0,0.0792915,0.069732
0,-0.0402633,-0.000908046,0.000108934,0,0.0847662,0.0750282
0,-0.0411923,-0.000881687,0.000127246,0,0.090656,0.0809839
0,-0.0419053,-0.00085509,0.000145078,0,0.0969936,0.0873707
0,-0.0412199,-0.000827034,0.000162366,0,0.103814,0.0945259
0,-0.0392724,-0.000797703,0.000179117,0,0.111154,0.102294
0,-0.0216607,-0.000742844,0.000195247,0,0.118321,0.110859
0,-0.0120444,-0.000705248,0.000211146,0,0.125144,0.119326
0,-0.00711455,-0.000673165,0.000225533,0,0.132353,0.127044
0,-0.0093451,-0.00064915,0.000239253,0,0.14014,0.133066
0,-0.0142757,-0.000628353,0.000252416,0,0.148491,0.138613
0.0148449,-0.0184786,-0.000607051,0.000265118,0,0.15705,0.144256
0.0308935,-0.0221515,-0.000585344,0.000277419,0,0.165399,0.149644
0.0469421,-0.0230579,-0.000565812,0.000289289,0,0.173378,0.155104
0.0629906,-0.00700938,-0.000610769,0.000300703,0,0.180919,0.161606
0.0790392,0.00903918,-0.000689535,0.000312468,0,0.187972,0.168995
0.0950877,0.0250877,-0.000731493,0.000325511,-0.00427267,0.194494,0.177065
0.111136,0.0304165,-0.000689675,0.000339847,-0.0107198,0.200437,0.185697
-0.113544,-0.120829,-0.000594834,0.000354038,0,-0.0349763,-0.0456469
-0.0966926,-0.0785909,-0.000514055,0.000368521,0,-0.0303473,-0.0360661
-0.0814465,-0.0466072,-0.000444464,0.00037987,0,-0.0264554,-0.0276326
-0.0653979,-0.0135934,-0.000374743,0.000389351,0,-0.0233515,-0.0191256
-0.0493493,0.0149087,-0.000310875,0.00039716,0,-0.0211039,-0.012548
-0.0333008,0.0366992,-0.000239287,0.000403664,0,-0.0197763,-0.00739492
-0.0172522,0.0527478,-0.000155095,0.000408987,0,-0.0194156,-0.00375274
-0.00120364,0.0687964,-7.91035e-05,0.000412931,0,-0.0199935,-0.00141165
0,0.07,2.79433e-05,0.000415045,0,-0.0211825,-0.000795918
0,0.07,0.000153942,0.000415557,0,-0.022601,-0.00107527
0,0.07,0.000276645,0.000413549,0,-0.0241327,-0.00245183
0,0.07,0.000380093,0.000408875,0,-0.0257537,-0.00468271
0,0.07,0.000450738,0.000401997,0,-0.0274644,-0.00769187
0,0.07,0.000483975,0.000393441,0,-0.0292722,-0.011085
0,0.0687093,0.000485509,0.000383912,0,-0.0311865,-0.014681
0,0.0619749,0.000480982,0.000374212,0,-0.0332179,-0.0184779
0,0.0541062,0.000474986,0.000364581,0,-0.0353775,-0.0224583
0,0.046204,0.000468716,0.000355054,0,-0.0376773,-0.0265358
0,0.0388263,0.000462784,0.000345655,0,-0.0401303,-0.0306209
0,0.0322498,0.000457506,0.000336376,0,-0.0427497,-0.0346761
0,0.0272642,0.000453734,0.000327204,0,-0.0455499,-0.0385107
0,0.0243089,0.000451946,0.000318118,0,-0.0485463,-0.0420581
0,0.021874,0.000450555,0.000309075,0,-0.0517557,-0.0457817
0,0.0209504,0.000450621,0.00030006,0,-0.0551959,-0.0493537
0,0.0210583,0.000451603,0.000291048,0,-0.0588863,-0.0529815
0,0.0219856,0.000453162,0.00028202,0,-0.0628473,-0.0567287
0,0.0236053,0.000455143,0.00027296,0,-0.0671012,-0.06065
0,0.0258168,0.000457445,0.000263862,0,-0.0716718,-0.0647977
0,0.0285273,0.000459979,0.000254723,0,-0.0765844,-0.0692215
0,0.0316809,0.000462696,0.000245533,0,-0.0818665,-0.0739568
0,0.0346879,0.000464979,0.00023629,0,-0.0875476,-0.0791811
0,0.0384165,0.000467755,0.000227001,0,-0.0936593,-0.0846248
0,0.0443728,0.000472931,0.000217657,0,-0.100386,-0.0907632
0,0.0476664,0.000474507,0.000208211,0,-0.107806,-0.0974396
0,0.0490247,0.000473785,0.000198725,0,-0.115813,-0.10475
0,0.048034,0.000470356,0.000189247,0,-0.124394,-0.112714
0,0.0466217,0.000466264,0.000179827,0,-0.133514,-0.120626
-0.00846065,0.0437204,0.000460377,0.000170485,0,-0.142934,-0.128715
-0.0245762,0.0379113,0.00045119,0.000161254,0,-0.15225,-0.137179
-0.0406917,0.027531,0.000436951,0.000152193,0,-0.161191,-0.146321
-0.0568072,0.0121169,0.000417184,0.000143397,0,-0.16966,-0.156135
-0.0729227,-0.00470641,0.000395737,0.000134965,0,-0.177607,-0.16554
-0.0890382,-0.0255872,0.000369825,0.000126996,0,-0.184989,-0.175407
-0.105154,-0.0499084,0.000340123,0.000119535,0,-0.191763,-0.185395
0.120463,0.0888229,0.000230954,0.000112658,0,0.0438464,0.0435198
0.104348,0.0441097,0.000179567,0.000107548,0,0.0384234,0.0332101
0.0882325,0.0182325,9.70913e-05,0.000103828,0,0.0337522,0.0236047
0.0721169,0.00211693,-5.37358e-05,0.000101515,0,0.0298887,0.0150874
0.0560014,-0.0139986,-0.00023593,0.000101534,0,0.0268923,0.00886351
0.0398859,-0.0301141,-0.000425626,0.000104977,0,0.0248238,0.00431993
0.0237704,-0.0462296,-0.00060948,0.000112542,0,0.0237344,0.000897146
0.00765487,-0.0623451,-0.000772573,0.000123904,0,0.0236258,-0.00143281
0,-0.07,-0.000965363,0.000138295,0,0.0242945,-0.00211855
0,-0.07,-0.00114007,0.000156349,0,0.0253686,-0.000689656
0,-0.07,-0.00126597,0.000178364,0,0.0266134,0.00178369
0,-0.07,-0.0013245,0.000202739,0,0.0279727,0.00517066
0,-0.07,-0.00133326,0.00022879,0,0.0294376,0.00888962
0,-0.07,-0.00128948,0.000255412,0,0.0310118,0.0129505
0,-0.063049,-0.00122832,0.000281398,0,0.0327029,0.0171418
0,-0.0529594,-0.00116608,0.000306393,0,0.03452,0.0214332
0,-0.0426388,-0.00110582,0.000329963,0,0.036473,0.0257722
0,-0.0330613,-0.00104852,0.000352321,0,0.0385729,0.0300387
0,-0.0246765,-0.0009946,0.000373521,0,0.0408312,0.0341663
0,-0.0189014,-0.000945493,0.000393655,0,0.0432603,0.0377932
0,-0.0149229,-0.000900281,0.000412761,0,0.0458734,0.0412297
0,-0.0128288,-0.000858993,0.000430948,0,0.0486849,0.0444286
0,-0.0123887,-0.000821318,0.000448293,0,0.0517104,0.0474773
0,-0.0133812,-0.000786943,0.00046487,0,0.0549667,0.0504476
0,-0.0154609,-0.000755362,0.000480746,0,0.0584721,0.0534488
0,-0.0182668,-0.000725137,0.00049598,0,0.062246,0.0565915
0,-0.0215194,-0.000695454,0.000510588,0,0.0663097,0.0599645
0,-0.0250416,-0.000666162,0.000524616,0,0.0706857,0.0636336
0,-0.0287186,-0.000637217,0.000538057,0,0.0753984,0.0676513
0,-0.0324982,-0.000608629,0.000550917,0,0.0804742,0.0720526
0,-0.0363724,-0.000580443,0.000563204,0,0.0859414,0.076856
0,-0.0403201,-0.000552685,0.000574925,0,0.0918303,0.0820742
0,-0.0443081,-0.000525375,0.00058609,0,0.0981737,0.0877047
0,-0.0470858,-0.000500737,0.000596707,0,0.104963,0.0937756
0,-0.04916,-0.000471844,0.00060682,0,0.112223,0.100409
0,-0.0494458,-0.000441978,0.000616373,0,0.120027,0.10769
0,-0.0464035,-0.000409356,0.000625287,0,0.128403,0.115866
0,-0.0414257,-0.000375188,0.000633604,0,0.137298,0.124324
0.0138667,-0.0319903,-0.000336714,0.000641262,0,0.146371,0.133672
0.0297144,-0.017382,-0.00029312,0.00064815,0,0.15521,0.143857
0.0455621,-0.000461994,-0.00024746,0.000654187,0,0.163649,0.153975
0.0614097,0.0184729,-0.000200099,0.000659319,0,0.171616,0.164034
0.0772574,0.0390858,-0.000151466,0.00066351,0,0.179068,0.173909
0.0931051,0.0612103,-0.000101823,0.000666734,0,0.185961,0.183525
0.108953,0.0866995,-4.9304e-05,0.000668969,0,0.192253,0.19337
-0.112915,-0.0576438,4.96581e-05,0.000670165,0,-0.0398164,-0.0343715
-0.097067,-0.027067,0.000170884,0.000669568,0,-0.0348671,-0.024872
-0.0812193,-0.0112193,0.000335838,0.000666696,0,-0.030667,-0.0171888
-0.0653717,0.00462835,0.00053047,0.000660721,0,-0.0272729,-0.0107613
-0.049524,0.020476,0.000740071,0.00065128,0,-0.024745,-0.0055896
-0.0336763,0.0363237,0.000949476,0.000637421,0,-0.0231434,-0.00165936
-0.0178286,0.0521714,0.001143,0.000619688,0,-0.022513,0.00107088
-0.00198096,0.068019,0.00132999,0.000597699,0,-0.0228288,0.00269213
0,0.07,0.00153278,0.000572034,0,-0.0237819,0.00243889
0,0.07,0.00171354,0.000542798,0,-0.0249965,0.00083809
0,0.07,0.00183909,0.000509793,0,-0.0263427,-0.00188615
0,0.07,0.00189517,0.00047389,0,-0.0277921,-0.00547963
0,0.07,0.00189556,0.000436379,0,-0.0293433,-0.00954511
0,0.0690922,0.00184267,0.00039847,0,-0.0310025,-0.0139239
0,0.058233,0.00178109,0.000361247,0,-0.0327783,-0.0186706
0,0.0457602,0.00171968,0.000325348,0,-0.0346803,-0.0235111
0,0.0337527,0.00166062,0.00029077,0,-0.036719,-0.0282805
0,0.0224552,0.00160416,0.00025741,0,-0.0389058,-0.0330224
0,0.0130336,0.00155152,0.000225101,0,-0.0412527,-0.0374354
0,0.00576239,0.00150293,0.00019386,0,-0.0437727,-0.041512
0,0.000792956,0.00145851,0.000163607,0,-0.0464794,-0.0452389
0,-0.00184078,0.00141826,0.000134259,0,-0.0493877,-0.0486315
0,-0.00248977,0.00138174,0.000105733,0,-0.0525138,-0.051809
0,-0.000574056,0.00134952,7.79521e-05,0,-0.0558752,-0.0546147
0,0.00294005,0.00132006,5.08329e-05,0,-0.0594906,-0.0573712
0,0.00777738,0.00129166,2.43139e-05,0,-0.0633803,-0.0601359
0,0.0136794,0.00126383,-1.63293e-06,0,-0.067566,-0.0629967
0,0.0203948,0.0012364,-2.69791e-05,0,-0.0720709,-0.0660414
0,0.0275948,0.00120913,-5.17756e-05,0,-0.0769204,-0.0693781
0,0.034966,0.00118179,-7.60263e-05,0,-0.0821413,-0.0731027
0,0.0418089,0.00115371,-9.97304e-05,0,-0.0877629,-0.0774113
0,0.0485607,0.00112545,-0.000122917,0,-0.0938163,-0.0821496
0,0.0576615,0.00110507,-0.000145539,0,-0.100465,-0.0873839
0,0.0629592,0.00107481,-0.000167732,0,-0.10778,-0.0935349
0,0.0644213,0.00104091,-0.000189349,0,-0.115675,-0.100783
0,0.0635045,0.00100495,-0.000210303,0,-0.12414,-0.108587
0,0.057246,0.000963548,-0.000230546,0,-0.133131,-0.1177
-0.00993923,0.0480528,0.000919138,-0.000249983,0,-0.142383,-0.127142
-0.025842,0.0338655,0.00086947,-0.000268565,0,-0.151493,-0.137466
-0.0417447,0.0170418,0.00081706,-0.000286153,0,-0.160222,-0.147829
-0.0576475,-0.00478506,0.000759475,-0.000302704,0,-0.168483,-0.158953
-0.0735503,-0.028078,0.000700558,-0.000318124,0,-0.176226,-0.16969
-0.089453,-0.0531341,0.000640112,-0.000332371,0,-0.183409,-0.180251
-0.105356,-0.0804308,0.000577757,-0.000345415,0,-0.189992,-0.190716
0.117283,0.0650394,0.000479114,-0.000357219,0,0.0426124,0.0378285
0.10138,0.0313801,0.000360348,-0.000367196,0,0.0373693,0.027882
0.0854773,0.0154773,0.00018426,-0.00037476,0,0.0328717,0.0193188
0.0695746,-0.000425425,-2.49255e-05,-0.000379677,0,0.029175,0.0124856
0.0536718,-0.0163282,-0.000250867,-0.000380643,0,0.0263386,0.0069981
0.0377691,-0.0322309,-0.000476878,-0.000377207,0,0.0244222,0.00284211
0.0218663,-0.0481337,-0.000685808,-0.000369365,0,0.0234749,-1.20647e-05
0.00596354,-0.0640365,-0.000869929,-0.000357111,0,0.0234906,-0.00177574
0,-0.07,-0.00106907,-0.000340725,0,0.0242377,-0.00185886
0,-0.07,-0.00125755,-0.000320738,0,0.0253464,-0.000638032
0,-0.07,-0.00139665,-0.000296906,0,0.0266142,0.00185161
0,-0.07,-0.00146706,-0.000269878,0,0.0279936,0.00529519
0,-0.07,-0.00148491,-0.000241029,0,0.0294779,0.00913373
0,-0.07,-0.00144478,-0.000211411,0,0.0310714,0.0134454
0,-0.0604818,-0.00139272,-0.000182235,0,0.0327822,0.0179649
0,-0.0493143,-0.00134051,-0.000154016,0,0.0346193,0.0224506
0,-0.0377033,-0.00128943,-0.000126997,0,0.0365929,0.0271163
0,-0.0269303,-0.00124082,-0.000101004,0,0.0387139,0.0316734
0,-0.0175354,-0.00119523,-7.60416e-05,0,0.0409942,0.0360452
0,-0.0109394,-0.00115411,-5.19319e-05,0,0.0434461,0.0398736
0,-0.0062763,-0.00111653,-2.86851e-05,0,0.0460831,0.043484
0,-0.00369831,-0.00108259,-6.20423e-06,0,0.0489196,0.0468089
0,-0.00302962,-0.00105206,1.55323e-05,0,0.0519714,0.0499238
0,-0.00411108,-0.00102473,3.66499e-05,0,0.0552554,0.052886
0,-0.00669137,-0.00100014,5.72537e-05,0,0.0587901,0.055782
0,-0.0102303,-0.000976655,7.73549e-05,0,0.0625951,0.058777
0,-0.0151462,-0.000954293,9.69937e-05,0,0.0666918,0.0617567
0,-0.0205419,-0.000932161,0.000116169,0,0.0711029,0.0650218
0,-0.0263239,-0.000910242,0.000134901,0,0.0758532,0.0685838
0,-0.0322999,-0.000888405,0.000153193,0,0.080969,0.0725172
0,-0.0382705,-0.000866499,0.000171027,0,0.0864789,0.0768866
0,-0.0440427,-0.000844375,0.000188434,0,0.0924136,0.0817417
0,-0.0521096,-0.000826672,0.00020541,0,0.0989489,0.0872524
0,-0.0538879,-0.000805091,0.000222014,0,0.105939,0.0930474
0,-0.0554909,-0.000778133,0.00023817,0,0.113221,0.0997149
0,-0.0547592,-0.000749244,0.00025384,0,0.121004,0.107181
0,-0.0509885,-0.000717533,0.000268941,0,0.129346,0.115415
0.000393256,-0.0436036,-0.000682209,0.000283418,0,0.138185,0.124393
0.0161235,-0.0321147,-0.000642692,0.000297151,0,0.147146,0.134061
0.0318537,-0.0156448,-0.00059802,0.000310103,0,0.155823,0.144518
0.0475839,0.00344045,-0.000550736,0.000322242,0,0.164087,0.154999
0.0633142,0.0241227,-0.000501974,0.000333446,0,0.171878,0.165288
0.0790444,0.0475157,-0.000450638,0.000343681,0,0.179153,0.175701
0.0947746,0.0707396,-0.000399862,0.000352847,0,0.185871,0.185337
0.110505,0.0996579,-0.000343535,0.000360972,0,0.191988,0.195933
-0.109718,-0.0488523,-0.000250856,0.000368068,0,-0.0384959,-0.0318853
-0.0939881,-0.0239881,-5.8337e-05,0.000373455,0,-0.0337224,-0.0201739
-0.0782579,-0.00825789,0.000181238,0.000375488,0,-0.0296987,-0.0126164
-0.0625277,0.00747234,0.000451161,0.000373541,0,-0.0264819,-0.00675758
-0.0467974,0.0232026,0.000725111,0.000365867,0,-0.0241322,-0.0021892
-0.0310672,0.0389328,0.000978288,0.000353283,0,-0.0227088,0.00118236
-0.015337,0.054663,0.00119628,0.000335489,0,-0.0222525,0.00343862
0,0.07,0.00143104,0.000312653,0,-0.0227211,0.00458745
0,0.07,0.00168855,0.000285441,0,-0.0237689,0.00407911
0,0.07,0.00190963,0.000252958,0,-0.0250262,0.00234568
0,0.07,0.00206471,0.00021576,0,-0.0264016,-0.000544664
0,0.07,0.00214434,0.000175164,0,-0.0278769,-0.00402662
0,0.07,0.00215769,0.000132635,0,-0.0294537,-0.00804983
0,0.07,0.00211822,8.95684e-05,0,-0.0311387,-0.0122047
0,0.0663488,0.00204219,4.70263e-05,0,-0.032941,-0.0166395
0,0.0568507,0.00196283,5.61219e-06,0,-0.0348703,-0.0210248
0,0.0455331,0.00188439,-3.39619e-05,0,-0.0369374,-0.0257724
0,0.0352202,0.0018098,-7.20026e-05,0,-0.0391538,-0.0303004
0,0.0256798,0.00173876,-0.000108497,0,-0.0415316,-0.0348237
0,0.0174688,0.0016718,-0.00014345,0,-0.044084,-0.0391877
0,0.0118753,0.00161019,-0.000177154,0,-0.0468248,-0.0430762
0,0.00796137,0.00155288,-0.000209604,0,-0.0497691,-0.0468313
0,0.00591343,0.00149997,-0.000240805,0,-0.0529333,-0.0503755
0,0.0057305,0.00145136,-0.000271016,0,-0.0563351,-0.0537405
0,0.00724961,0.00140599,-0.000300164,0,-0.0599936,-0.0569972
0,0.0101762,0.00136183,-0.000328398,0,-0.0639291,-0.0602474
0,0.0142196,0.00131847,-0.000355745,0,-0.0681636,-0.0635876
0,0.0191436,0.00127581,-0.000382287,0,-0.0727208,-0.0670997
0,0.0247143,0.00123376,-0.00040791,0,-0.077626,-0.0708657
0,0.0306628,0.00119213,-0.000432754,0,-0.0829067,-0.0749732
0,0.0367701,0.00115079,-0.000456763,0,-0.0885922,-0.0794843
0,0.0424674,0.00110923,-0.000479944,0,-0.0947142,-0.0845471
0,0.0497273,0.00107499,-0.000502295,0,-0.101431,-0.0902656
0,0.0540745,0.00103238,-0.000523932,0,-0.108815,-0.0966467
0,0.0559546,0.000988069,-0.000544686,0,-0.116781,-0.103781
0,0.0547613,0.000941353,-0.000564625,0,-0.125321,-0.111727
0,0.0499672,0.000891325,-0.000583592,0,-0.134388,-0.120453
-0.0107918,0.0402259,0.000836419,-0.000601543,0,-0.143699,-0.130147
-0.0267797,0.0279488,0.000779084,-0.000618491,0,-0.152846,-0.13993
-0.0427676,0.0107669,0.000716835,-0.000634302,0,-0.161603,-0.150498
-0.0587555,-0.00927165,0.000651927,-0.000648888,0,-0.169887,-0.161113
-0.0747434,-0.0297002,0.000587088,-0.000662186,0,-0.177649,-0.17114
-0.0907313,-0.0531752,0.000519653,-0.000674187,0,-0.184846,-0.181397
-0.106719,-0.0804918,0.000448943,-0.00068485,0,-0.191437,-0.191937
0.117111,0.0733962,0.000357867,-0.000694112,0,0.042442,0.0399888
0.101123,0.0335044,0.00027426,-0.000701497,0,0.0372023,0.0303486
0.0851356,0.0151356,0.000139433,-0.000707191,0,0.0327147,0.0215978
0.0691477,-0.000852332,-3.02128e-05,-0.000710519,0,0.0290352,0.014769
0.0531598,-0.0168402,-0.000216356,-0.000710763,0,0.0262235,0.00937769
0.0371719,-0.0328281,-0.000401563,-0.000707739,0,0.0243397,0.00534195
0.021184,-0.048816,-0.000570288,-0.000701004,0,0.0234324,0.00253253
0.00519607,-0.0648039,-0.000704388,-0.000690442,0,0.0234914,0.000987915
0,-0.07,-0.000829065,-0.000676958,0,0.0242679,0.00100733
0,-0.07,-0.000946584,-0.000661311,0,0.0253884,0.00225538
0,-0.07,-0.00103038,-0.000643202,0,0.0266636,0.00489601
0,-0.07,-0.00106562,-0.000623223,0,0.0280493,0.00841545
0,-0.0691326,-0.00105244,-0.000602158,0,0.02954,0.0123259
0,-0.0593148,-0.00102995,-0.00058101,0,0.0311402,0.0166178
0,-0.0476691,-0.00100577,-0.000560321,0,0.0328579,0.0211028
0,-0.0360631,-0.000981886,-0.000540145,0,0.0347024,0.0256147
0,-0.0256314,-0.000959542,-0.000520448,0,0.0366838,0.0299372
0,-0.0171176,-0.000939539,-0.000501201,0,0.0388132,0.0339288
0,-0.0107462,-0.00092212,-0.00048233,0,0.0411024,0.0375747
0,-0.00652048,-0.000907283,-0.000463844,0,0.0435638,0.0408973
0,-0.0043641,-0.000894945,-0.000445662,0,0.0462109,0.0439329
0,-0.00376191,-0.000884563,-0.000427732,0,0.0490582,0.0468387
0,-0.0051,-0.000876543,-0.000409999,0,0.0521215,0.049501
0,-0.00756018,-0.000870016,-0.000392436,0,0.055418,0.0521886
0,-0.0110131,-0.000864753,-0.00037501,0,0.058966,0.0549221
0,-0.0151434,-0.000859846,-0.000357694,0,0.0627853,0.0578099
0,-0.0198806,-0.00085502,-0.000340477,0,0.0668974,0.0608852
0,-0.0246988,-0.000849748,-0.000323357,0,0.0713251,0.0643213
0,-0.0303358,-0.000844856,-0.000306341,0,0.0760931,0.0679155
0,-0.0358585,-0.000839402,-0.000289432,0,0.081228,0.0719895
0,-0.0416813,-0.000833867,-0.00027263,0,0.0867584,0.0763998
0,-0.0469728,-0.000827407,-0.000255939,0,0.0927152,0.0814037
0,-0.0490819,-0.000820899,-0.000239375,0,0.0990493,0.0872105
0,-0.05228,-0.000811131,-0.000222931,0,0.105772,0.0931613
0,-0.0537971,-0.000799349,-0.000206669,0,0.112997,0.0998977
0,-0.0530839,-0.000785094,-0.000190653,0,0.120774,0.107335
0,-0.0494164,-0.000767582,-0.000174894,0,0.129118,0.115516
0.00117561,-0.0413545,-0.000745235,-0.000159472,0,0.137941,0.124656
0.0168504,-0.0306562,-0.000719895,-0.000144478,0,0.146865,0.134031
0.0325253,-0.0149751,-0.000689078,-0.000130017,0,0.155499,0.144266
0.0482001,0.00464987,-0.000653916,-0.000116112,0,0.163717,0.154895
0.0638749,0.0261433,-0.000616647,-0.000102893,0,0.171462,0.165341
0.0795498,0.0476838,-0.000579246,-9.0411e-05,0,0.178689,0.175154
0.0952246,0.0731736,-0.000537637,-7.86764e-05,0,0.185358,0.185468
0.110899,0.100613,-0.00049399,-6.77365e-05,0,0.191425,0.195498
-0.108548,-0.0476647,-0.000401946,-5.76821e-05,0,-0.0382779,-0.0315646
-0.0928734,-0.0228734,-0.000271204,-4.9275e-05,0,-0.0335554,-0.0223247
-0.0771985,-0.00719853,-9.54623e-05,-4.34587e-05,0,-0.0295834,-0.014791
-0.0615237,0.0084763,0.000110091,-4.07586e-05,0,-0.0264189,-0.00854687
-0.0458489,0.0241511,0.000324789,-4.19326e-05,0,-0.0241218,-0.00383833
-0.030174,0.039826,0.000532485,-4.68182e-05,0,-0.0227502,-0.000415425
-0.0144992,0.0555008,0.00071693,-5.6014e-05,0,-0.0223409,0.0018059
0,0.07,0.000897562,-6.91537e-05,0,-0.0228364,0.0027875
0,0.07,0.00109379,-8.62921e-05,0,-0.0238908,0.00232893
0,0.07,0.00126351,-0.000107285,0,-0.0251498,0.000547432
0,0.07,0.00137046,-0.000131791,0,-0.0265263,-0.00245139
0,0.07,0.00141211,-0.000158666,0,-0.0280029,-0.00613492
0,0.07,0.0013998,-0.000186637,0,-0.0295816,-0.0101861
0,0.0677671,0.00134161,-0.000214719,0,-0.0312693,-0.0145792
0,0.0577843,0.00127749,-0.000241959,0,-0.0330749,-0.0190452
0,0.0468714,0.00121463,-0.000267765,0,-0.0350084,-0.0235228
0,0.0359154,0.00115394,-0.000292215,0,-0.0370804,-0.0281062
0,0.0260542,0.00109658,-0.000315537,0,-0.0393024,-0.0325321
0,0.0179647,0.0010432,-0.000337611,0,-0.0416868,-0.0366793
0,0.0119198,0.000994026,-0.000358609,0,-0.0442466,-0.040517
0,0.00824433,0.000949351,-0.000378612,0,-0.0469956,-0.0439841
0,0.00594285,0.000908056,-0.000397711,0,-0.0499491,-0.0473923
0,0.0056156,0.000870701,-0.000415975,0,-0.0531236,-0.0505456
0,0.00691432,0.000836832,-0.000433539,0,-0.0565367,-0.0535932
0,0.00962056,0.000805575,-0.000450411,0,-0.0602076,-0.0566045
0,0.0134072,0.000775513,-0.000466647,0,-0.0641567,-0.059688
0,0.0180076,0.000746311,-0.000482278,0,-0.0684061,-0.0629317
0,0.0231968,0.00071783,-0.000497321,0,-0.0729796,-0.0664155
0,0.0287557,0.000689918,-0.000511749,0,-0.0779025,-0.0702178
0,0.0340606,0.000661978,-0.000525617,0,-0.0832024,-0.0745252
0,0.0387195,0.000633644,-0.000538968,0,-0.0889089,-0.0794304
0,0.0424247,0.000604644,-0.000551712,0,-0.0950536,-0.0849991
0,0.0486686,0.000581998,-0.000563935,0,-0.10177,-0.0907742
0,0.0525432,0.000553853,-0.000575666,0,-0.109122,-0.0972079
0,0.054428,0.000524402,-0.000586813,0,-0.117051,-0.104288
0,0.053613,0.000492821,-0.000597419,0,-0.125553,-0.112099
0,0.0494085,0.000458117,-0.000607402,0,-0.134582,-0.120651
-0.0107806,0.0412236,0.000419566,-0.000616703,0,-0.143857,-0.129912
-0.0267517,0.0288271,0.00037685,-0.000625249,0,-0.15297,-0.139779
-0.0427229,0.0117336,0.000329475,-0.000632892,0,-0.161696,-0.150294
-0.0586941,-0.00761361,0.000280081,-0.000639624,0,-0.16995,-0.160699
-0.0746653,-0.02899,0.000228986,-0.000645349,0,-0.177683,-0.171005
-0.0906365,-0.0527376,0.000175926,-0.000650057,0,-0.184855,-0.181274
-0.106608,-0.0792528,0.00012059,-0.000653787,0,-0.191422,-0.19156
0.116989,0.0758403,3.10576e-05,-0.000656337,0,0.0422285,0.040479
0.101018,0.0342426,-3.96332e-05,-0.000657182,0,0.0370091,0.030305
0.0850466,0.0150466,-0.000154473,-0.000656567,0,0.03254,0.0217211
0.0690754,-0.000924616,-0.000306186,-0.000653764,0,0.0288772,0.014828
0.0531042,-0.0168958,-0.00047569,-0.000648323,0,0.0260805,0.00940985
0.037133,-0.032867,-0.00064697,-0.000639572,0,0.0242099,0.00528296
0.0211618,-0.0488382,-0.000799119,-0.000627917,0,0.0233139,0.00263113
0.00519064,-0.0648094,-0.000918636,-0.000613076,0,0.0233826,0.00102229
0,-0.07,-0.00103021,-0.00059554,0,0.0241675,0.000993905
0,-0.07,-0.00113472,-0.000575494,0,0.0252954,0.00225256
0,-0.07,-0.00120923,-0.000553531,0,0.0265774,0.00473971
0,-0.07,-0.00123625,-0.000529868,0,0.0279695,0.00822908
0,-0.068971,-0.00121229,-0.000505332,0,0.0294659,0.0123183
0,-0.0595621,-0.00118008,-0.000480918,0,0.0310715,0.016492
0,-0.0476336,-0.00114587,-0.00045722,0,0.0327943,0.0210794
0,-0.0364286,-0.00111311,-0.000434166,0,0.0346434,0.0254689
0,-0.0260261,-0.00108192,-0.000411822,0,0.0366292,0.0298058
0,-0.0175021,-0.00105343,-0.000390105,0,0.0387626,0.0338045
0,-0.0111324,-0.00102794,-0.000368965,0,0.0410554,0.0374521
0,-0.00693349,-0.00100544,-0.000348317,0,0.0435203,0.0407698
0,-0.00477173,-0.000985772,-0.000328152,0,0.0461706,0.0438104
0,-0.00439218,-0.000968665,-0.000308368,0,0.0490208,0.0466559
0,-0.0054796,-0.000953765,-0.000288952,0,0.0520869,0.049401
0,-0.00784126,-0.000940848,-0.000269839,0,0.0553859,0.0521057
0,-0.011236,-0.000929528,-0.000250971,0,0.0589362,0.0548523
0,-0.0153957,-0.000918765,-0.000232352,0,0.0627578,0.0577306
0,-0.0200832,-0.000908055,-0.000213934,0,0.0668718,0.0608226
0,-0.0251435,-0.000897271,-0.000195746,0,0.0713014,0.06419
0,-0.0304016,-0.000886287,-0.000177768,0,0.0760711,0.0679031
0,-0.0357524,-0.000875047,-0.000159998,0,0.0812076,0.0720079
0,-0.0410915,-0.000863491,-0.000142452,0,0.0867395,0.0765459
0,-0.046282,-0.000851517,-0.000125136,0,0.0926977,0.0815555
0,-0.0489703,-0.000841045,-0.000108076,0,0.0990348,0.0872068
0,-0.0518253,-0.000825626,-9.12133e-05,0,0.105763,0.0932862
0,-0.0539808,-0.000809397,-7.46314e-05,0,0.112993,0.0998324
0,-0.0534884,-0.000790454,-5.83786e-05,0,0.120776,0.107244
0,-0.0499154,-0.000768277,-4.24937e-05,0,0.129126,0.115414
0.00117598,-0.0426856,-0.000742162,-2.70395e-05,0,0.137955,0.12433
0.0168558,-0.031249,-0.000711495,-1.20918e-05,0,0.146884,0.133957
0.0325355,-0.0153291,-0.000675973,2.2608e-06,0,0.155523,0.144226
0.0482153,0.0044546,-0.00063629,1.58691e-05,0,0.163747,0.154891
0.0638951,0.0250636,-0.000595707,2.87536e-05,0,0.171496,0.165086
0.0795749,0.0473331,-0.000553401,4.07692e-05,0,0.178727,0.175148
0.0952546,0.0728927,-0.000507714,5.20064e-05,0,0.1854,0.185449
0.110934,0.0994566,-0.00046113,6.23434e-05,0,0.191471,0.195234
-0.108582,-0.0478663,-0.000367995,7.17524e-05,0,-0.0383024,-0.0315764
-0.0929027,-0.0229027,-0.000233011,7.94848e-05,0,-0.0335768,-0.0223207
-0.0772229,-0.00722289,-4.93548e-05,8.47525e-05,0,-0.0296019,-0.0146013
-0.0615431,0.00845688,0.00016054,8.66578e-05,0,-0.0264349,-0.00851007
-0.0458633,0.0241367,0.000381532,8.44965e-05,0,-0.0241357,-0.00369341
-0.0301836,0.0398164,0.000594613,7.84128e-05,0,-0.0227624,-0.000294468
-0.0145038,0.0554962,0.000782742,6.79056e-05,0,-0.0223518,0.00186145
0,0.07,0.000968053,5.30973e-05,0,-0.0228463,0.00285664
0,0.07,0.00116721,3.46628e-05,0,-0.0238999,0.00235393
0,0.07,0.0013392,1.27127e-05,0,-0.0251583,0.000557885
0,0.07,0.00144848,-1.28673e-05,0,-0.0265341,-0.00243426
0,0.07,0.0014923,-4.12906e-05,0,-0.0280102,-0.00610522
0,0.07,0.00148216,-7.08081e-05,0,-0.0295883,-0.0101498
0,0.0683199,0.00142572,-0.000100502,0,-0.0312755,-0.0144293
0,0.0584752,0.00136283,-0.000129299,0,-0.0330807,-0.0188832
0,0.0471915,0.00130057,-0.000156712,0,-0.0350137,-0.0234708
0,0.0361494,0.00124071,-0.00018288,0,-0.0370853,-0.02806
0,0.0262373,0.00118412,-0.000207933,0,-0.039307,-0.0324956
0,0.0181115,0.00113147,-0.000231757,0,-0.0416911,-0.0366502
0,0.0120123,0.00108294,-0.000254518,0,-0.0442505,-0.040501
0,0.00794929,0.0010385,-0.000276371,0,-0.0469993,-0.0440736
0,0.00579388,0.000997935,-0.000297252,0,-0.0499525,-0.0474219
0,0.00542758,0.000961062,-0.000317312,0,-0.0531267,-0.0505931
0,0.00669628,0.000927636,-0.000336626,0,-0.0565396,-0.053647
0,0.00938703,0.000896773,-0.000355262,0,-0.0602103,-0.056661
0,0.013167,0.000867012,-0.000373321,0,-0.0641592,-0.0597455
0,0.0177677,0.000838018,-0.000390735,0,-0.0684084,-0.0629887
0,0.022945,0.000809631,-0.000407568,0,-0.0729817,-0.0664757
0,0.028499,0.000781725,-0.000423874,0,-0.0779045,-0.0702786
0,0.0338774,0.000753783,-0.000439593,0,-0.0832043,-0.0745651
0,0.0386294,0.000725383,-0.00045478,0,-0.0889106,-0.0794479
0,0.0429276,0.000696766,-0.000469359,0,-0.0950551,-0.0848554
0,0.0497628,0.000674707,-0.00048338,0,-0.101791,-0.0906058
0,0.0532588,0.000645764,-0.000496929,0,-0.109187,-0.0972046
0,0.0550112,0.000615704,-0.000509917,0,-0.117166,-0.104328
0,0.0540775,0.000583452,-0.000522306,0,-0.125718,-0.112184
0,0.0497355,0.000547993,-0.000534104,0,-0.134794,-0.120777
-0.0115801,0.0413773,0.000508588,-0.000545153,0,-0.144094,-0.13008
-0.0275526,0.0288906,0.000465051,-0.000555423,0,-0.153211,-0.139956
-0.0435251,0.0116094,0.000416698,-0.000564898,0,-0.161932,-0.150507
-0.0594976,-0.00793251,0.000366272,-0.000573353,0,-0.170178,-0.160943
-0.0754701,-0.0295557,0.000314044,-0.00058088,0,-0.177899,-0.17129
-0.0914426,-0.0545454,0.00025876,-0.00058737,0,-0.185056,-0.181873
-0.107415,-0.0814973,0.000202018,-0.000592794,0,-0.191604,-0.192197
0.1162,0.0726593,0.000111472,-0.000597061,0,0.0420872,0.0396436
0.100227,0.0324593,4.1213e-05,-0.000599698,0,0.0368926,0.029934
0.084255,0.014255,-8.05356e-05,-0.000600733,0,0.0324518,0.0212593
0.0682825,-0.00171755,-0.000236854,-0.000599427,0,0.028821,0.0144937
0.0523099,-0.0176901,-0.000415431,-0.000595471,0,0.0260599,0.00888046
0.0363374,-0.0336626,-0.00059536,-0.000588056,0,0.0242287,0.00478086
0.0203649,-0.0496351,-0.000758997,-0.000576958,0,0.023375,0.00199578
0.00439244,-0.0656076,-0.000890417,-0.000562596,0,0.0234847,0.000357654
0,-0.07,-0.00102183,-0.000545379,0,0.0242935,0.000443696
0,-0.07,-0.00113997,-0.000525928,0,0.0254267,0.00184111
0,-0.07,-0.00122209,-0.000503956,0,0.0267096,0.00438591
0,-0.07,-0.00125432,-0.000480089,0,0.0281021,0.00797756
0,-0.07,-0.00123454,-0.000455228,0,0.0295993,0.0118734
0,-0.0609927,-0.00120001,-0.000430399,0,0.0312063,0.0162616
0,-0.0495426,-0.00116368,-0.000406174,0,0.0329312,0.0207382
0,-0.0383368,-0.00112843,-0.000382737,0,0.0347833,0.0251551
0,-0.0277494,-0.00109467,-0.000360081,0,0.0367727,0.0295483
0,-0.0189798,-0.00106366,-0.000338103,0,0.0389106,0.0336119
0,-0.0123578,-0.00103575,-0.000316752,0,0.0412087,0.0373242
0,-0.00762438,-0.00101065,-0.000295967,0,0.0436798,0.0407857
0,-0.00545918,-0.000989054,-0.000275642,0,0.0463371,0.0438092
0,-0.00461161,-0.000969626,-0.000255774,0,0.0491954,0.0467941
0,-0.00568626,-0.000952983,-0.000236304,0,0.0522704,0.0495299
0,-0.00789182,-0.000938263,-0.000217178,0,0.0555794,0.0522888
0,-0.011124,-0.000925187,-0.000198353,0,0.0591408,0.0550858
0,-0.0151488,-0.000912709,-0.000179797,0,0.0629745,0.0580079
0,-0.0194435,-0.000900045,-0.000161512,0,0.067102,0.0612186
0,-0.0246626,-0.000887933,-0.000143454,0,0.0715463,0.0645398
0,-0.0299649,-0.000875544,-0.000125665,0,0.0763321,0.0682668
0,-0.0357273,-0.000863333,-0.000108117,0,0.0814862,0.0722787
0,-0.0407225,-0.000850049,-9.082e-05,0,0.0870372,0.0769536
0,-0.0462614,-0.000837127,-7.37858e-05,0,0.0930161,0.0818698
0,-0.0488948,-0.000825503,-5.7011e-05,0,0.0993743,0.0875568
0,-0.0516623,-0.000808738,-4.04718e-05,0,0.106123,0.0936669
0,-0.053052,-0.000790521,-2.423e-05,0,0.113375,0.100426
0,-0.0522407,-0.000770129,-8.34672e-06,0,0.121181,0.107886
0,-0.0484886,-0.000746699,7.10684e-06,0,0.12955,0.11608
0.00195925,-0.0411467,-0.000719441,2.21345e-05,0,0.138379,0.125
0.0176332,-0.0296427,-0.000687715,3.66324e-05,0,0.147288,0.134616
0.0333072,-0.0135977,-0.000651109,5.05136e-05,0,0.155901,0.144889
0.0489812,0.00698203,-0.000609671,6.36273e-05,0,0.164096,0.155741
0.0646552,0.0266342,-0.000569225,7.60072e-05,0,0.171814,0.165599
0.0803291,0.0486855,-0.000526313,8.75535e-05,0,0.179013,0.175614
0.0960031,0.0733936,-0.000480732,9.82514e-05,0,0.185652,0.185653
0.111677,0.100767,-0.000432543,0.00010798,0,0.191686,0.195669
-0.107759,-0.046484,-0.000339425,0.000116824,0,-0.0380386,-0.0311279
-0.0920846,-0.0220846,-0.000201646,0.000123985,0,-0.0333536,-0.0219363
-0.0764106,-0.00641064,-1.63603e-05,0.000128362,0,-0.029422,-0.0143021
-0.0607367,0.00926333,0.000193662,0.000129616,0,-0.0263008,-0.00831187
-0.0450627,0.0249373,0.000411933,0.000127107,0,-0.02405,-0.0036593
-0.0293887,0.0406113,0.000622338,0.000119851,0,-0.0227267,-0.000284269
-0.0137147,0.0562853,0.000807977,0.000108456,0,-0.022364,0.00186003
0,0.07,0.000992221,9.35962e-05,0,-0.0228888,0.00275695
0,0.07,0.0011891,7.49494e-05,0,-0.0239538,0.00221303
0,0.07,0.00135593,5.21518e-05,0,-0.0252187,0.000323831
0,0.07,0.00145852,2.62845e-05,0,-0.0266001,-0.00272473
0,0.07,0.00150011,-2.11653e-06,0,-0.0280819,-0.0063381
0,0.07,0.00148766,-3.19108e-05,0,-0.0296659,-0.0103959
0,0.0677123,0.00143186,-6.17263e-05,0,-0.0313594,-0.0146836
0,0.0577532,0.00137006,-9.06425e-05,0,-0.0331714,-0.0191466
0,0.0464407,0.00130893,-0.000118322,0,-0.0351117,-0.0237439
0,0.0353682,0.00125012,-0.000144745,0,-0.0371911,-0.0283479
0,0.0254206,0.00119454,-0.000169983,0,-0.0394212,-0.0328004
0,0.0173236,0.0011429,-0.000194012,0,-0.0418143,-0.0369541
0,0.0113219,0.00109541,-0.000217077,0,-0.0443835,-0.0407888
0,0.00738314,0.00105198,-0.000239104,0,-0.0471427,-0.044342
0,0.00540893,0.00101244,-0.000260317,0,-0.0501071,-0.0476574
0,0.00523276,0.000976553,-0.000280724,0,-0.0532934,-0.050797
0,0.00639773,0.000943757,-0.000300345,0,-0.0567194,-0.053903
0,0.00946759,0.000913944,-0.000319335,0,-0.0604041,-0.0568214
0,0.0134285,0.000884984,-0.000337688,0,-0.0643681,-0.0598905
0,0.0181412,0.000856692,-0.00035546,0,-0.0686336,-0.0631295
0,0.0233981,0.000828943,-0.000372707,0,-0.0732244,-0.0666194
0,0.0282332,0.000800803,-0.000389356,0,-0.0781661,-0.0706479
0,0.0332866,0.000773013,-0.000405484,0,-0.0834862,-0.0750118
0,0.0378088,0.000744839,-0.000421014,0,-0.0892144,-0.0799645
0,0.0421123,0.00071667,-0.000436024,0,-0.0953826,-0.0853799
0,0.0481895,0.000694194,-0.00045047,0,-0.102123,-0.0912406
0,0.0523336,0.000666266,-0.000464443,0,-0.109499,-0.0976025
0,0.0545396,0.000636994,-0.000477853,0,-0.117453,-0.104612
0,0.0539853,0.000605431,-0.000490666,0,-0.125981,-0.112365
0,0.0499107,0.000570523,-0.000502853,0,-0.135033,-0.120885
-0.0115773,0.0417264,0.00053155,-0.000514403,0,-0.144311,-0.130136
-0.027546,0.0292884,0.000488294,-0.00052519,0,-0.153407,-0.139992
-0.0435148,0.0118762,0.000440014,-0.000535129,0,-0.162109,-0.150568
-0.0594835,-0.00782175,0.000389619,-0.000544074,0,-0.170336,-0.161028
-0.0754522,-0.0296294,0.000337377,-0.000551992,0,-0.178041,-0.171407
-0.0914209,-0.0528498,0.000284127,-0.000558871,0,-0.185181,-0.181476
-0.10739,-0.0804958,0.000226792,-0.000564686,0,-0.191716,-0.192069
0.116172,0.0733595,0.000135987,-0.000569451,0,0.0419324,0.0396848
0.100204,0.0321214,6.47382e-05,-0.000572534,0,0.0367502,0.0297058
0.084235,0.014235,-5.50961e-05,-0.000574007,0,0.0323208,0.0212494
0.0682663,-0.00173373,-0.000216791,-0.000573205,0,0.0287005,0.0141475
0.0522975,-0.0177025,-0.000396883,-0.000569678,0,0.025949,0.00871662
0.0363288,-0.0336712,-0.000577811,-0.00056255,0,0.0241265,0.0046464
0.0203601,-0.0496399,-0.000742144,-0.000551808,0,0.0232807,0.00188125
0.0043914,-0.0656086,-0.000873958,-0.000537787,0,0.0233975,0.000262815
0,-0.07,-0.0010071,-0.000520967,0,0.0242128,0.000330145
0,-0.07,-0.0011288,-0.000501757,0,0.0253519,0.0016758
0,-0.07,-0.00121193,-0.000479972,0,0.0266403,0.00426486
0,-0.07,-0.00124728,-0.000456274,0,0.0280378,0.00775746
0,-0.07,-0.00122885,-0.000431505,0,0.0295397,0.011736
0,-0.0617734,-0.00119446,-0.000406799,0,0.0311511,0.0160043
0,-0.0500868,-0.00115723,-0.000382669,0,0.03288,0.0205878
0,-0.0387961,-0.00112127,-0.000359357,0,0.0347358,0.0250195
0,-0.0281181,-0.00108683,-0.000336823,0,0.0367287,0.0294363
0,-0.0192406,-0.00105515,-0.000315001,0,0.0388698,0.033528
0,-0.0124992,-0.0010266,-0.000293771,0,0.041171,0.0372705
0,-0.00761313,-0.00100084,-0.000273168,0,0.0436448,0.0407708
0,-0.005337,-0.00097867,-0.000253035,0,0.0463047,0.0438197
0,-0.00467868,-0.000959007,-0.000233373,0,0.0491653,0.046748
0,-0.00551861,-0.000941707,-0.000214114,0,0.0522425,0.0495602
0,-0.00768298,-0.00092656,-0.000195211,0,0.0555535,0.0523206
0,-0.0109225,-0.00091313,-0.000176619,0,0.0591168,0.0551148
0,-0.0149632,-0.000900328,-0.000158323,0,0.0629523,0.0580341
0,-0.0195684,-0.000887671,-0.000140284,0,0.0670814,0.0611601
0,-0.0245635,-0.000875022,-0.000122499,0,0.0715272,0.06456
0,-0.0294557,-0.000861918,-0.000104948,0,0.0763144,0.0683916
0,-0.0351447,-0.000849367,-8.76506e-05,0,0.0814698,0.072405
0,-0.0406163,-0.000836345,-7.06319e-05,0,0.087022,0.0769441
0,-0.0458707,-0.000822896,-5.38724e-05,0,0.093002,0.0819638
0,-0.0490196,-0.00081159,-3.73809e-05,0,0.0993611,0.0874927
0,-0.0519515,-0.000794805,-2.11208e-05,0,0.10611,0.0935822
0,-0.0533925,-0.000776468,-5.18276e-06,0,0.113363,0.100335
0,-0.0525403,-0.000755882,1.03924e-05,0,0.121169,0.10781
0,-0.0487184,-0.000732243,2.55615e-05,0,0.129538,0.116021
0.00195919,-0.0413126,-0.000704798,4.03009e-05,0,0.138368,0.124956
0.0176327,-0.0297542,-0.00067291,5.44655e-05,0,0.147277,0.134584
0.0333062,-0.0137068,-0.00063621,6.80513e-05,0,0.155891,0.144855
0.0489797,0.00592768,-0.000595692,8.08672e-05,0,0.164085,0.155443
0.0646532,0.0272521,-0.000553412,9.29431e-05,0,0.171804,0.165814
0.0803267,0.0487379,-0.000511046,0.000104202,0,0.179003,0.17559
0.0960002,0.0733933,-0.000465481,0.000114592,0,0.185641,0.185642
0.111674,0.101719,-0.000416258,0.000124084,0,0.191676,0.195927
-0.107755,-0.0461525,-0.000323804,0.000132606,0,-0.0380417,-0.0310843
-0.0920818,-0.0220818,-0.000184847,0.000139452,0,-0.0333567,-0.0218812
-0.0764083,-0.00640833,-1.84216e-06,0.000143496,0,-0.0294249,-0.0144095
-0.0607348,0.00926517,0.000209838,0.000144357,0,-0.0263036,-0.00823457
-0.0450613,0.0249387,0.000429791,0.000141642,0,-0.0240526,-0.00357699
-0.0293878,0.0406122,0.000641984,0.000134145,0,-0.0227293,-0.000193061
-0.0137143,0.0562857,0.00082957,0.000122261,0,-0.0223664,0.00196336
0,0.07,0.0010168,0.000106607,0,-0.0228911,0.00285462
0,0.07,0.00121441,8.72073e-05,0,-0.0239559,0.00224882
0,0.07,0.00138214,6.39072e-05,0,-0.0252207,0.000366212
0,0.07,0.00148584,3.74385e-05,0,-0.0266019,-0.00267449
0,0.07,0.00152598,8.24018e-06,0,-0.0280835,-0.00637549
0,0.07,0.00151197,-2.20787e-05,0,-0.0296674,-0.0104407
0,0.0675406,0.0014554,-5.2381e-05,0,-0.0313609,-0.0147326
0,0.057551,0.001393,-8.17435e-05,0,-0.0331727,-0.0191957
0,0.0462821,0.00133137,-0.000109759,0,-0.0351129,-0.0237792
0,0.0353339,0.00127217,-0.000136541,0,-0.0371923,-0.0283506
0,0.0251945,0.00121589,-0.000162221,0,-0.0394223,-0.0328626
0,0.0175222,0.00116421,-0.000186792,0,-0.0418153,-0.0368883
0,0.0115703,0.0011163,-0.000210283,0,-0.0443844,-0.0407298
0,0.00761146,0.0010724,-0.000232729,0,-0.0471435,-0.0442909
0,0.00559344,0.00103238,-0.000254352,0,-0.0501079,-0.0476175
0,0.00535503,0.000996014,-0.00027516,0,-0.0532942,-0.0507723
0,0.00645399,0.000962749,-0.000295226,0,-0.05672,-0.0538937
0,0.00946586,0.00093248,-0.000314631,0,-0.0604047,-0.0568251
0,0.0133798,0.000903066,-0.000333356,0,-0.0643687,-0.0599044
0,0.0180551,0.000874317,-0.000351491,0,-0.0686342,-0.0631515
0,0.0232727,0.000846102,-0.000369049,0,-0.0732249,-0.0666506
0,0.028506,0.000817949,-0.000386084,0,-0.0781666,-0.0705659
0,0.0332945,0.000789438,-0.000402555,0,-0.0834866,-0.0750232
0,0.0377767,0.000760774,-0.000418458,0,-0.0892148,-0.0799741
0,0.0420754,0.000732148,-0.000433788,0,-0.095383,-0.0853889
0,0.0481525,0.000709282,-0.000448517,0,-0.102124,-0.0912508
0,0.0522757,0.000680872,-0.000462794,0,-0.109501,-0.097619
0,0.054467,0.000651126,-0.000476525,0,-0.117455,-0.104632
0,0.0539272,0.000619126,-0.000489622,0,-0.125983,-0.112381
0,0.0506915,0.000584652,-0.000502085,0,-0.135036,-0.120668
-0.0115778,0.0418684,0.00054455,-0.000513864,0,-0.144315,-0.130138
-0.0275472,0.0292953,0.0005007,-0.000524855,0,-0.153411,-0.140001
-0.0435165,0.0118844,0.000451973,-0.000534979,0,-0.162113,-0.150571
-0.0594859,-0.00773585,0.000401211,-0.00054414,0,-0.170341,-0.16101
-0.0754553,-0.0294823,0.000348584,-0.000552367,0,-0.178047,-0.171376
-0.0914247,-0.0536986,0.000293831,-0.00055955,0,-0.185188,-0.181726
-0.107394,-0.0806743,0.00023676,-0.000565645,0,-0.191723,-0.192084
0.116177,0.0731681,0.000145931,-0.000570609,0,0.041935,0.0396411
0.100208,0.0318493,7.4143e-05,-0.000573891,0,0.0367525,0.0296404
0.0842384,0.0142384,-5.24208e-05,-0.000575661,0,0.0323227,0.0209507
0.0682691,-0.00173093,-0.000217234,-0.000574929,0,0.0287021,0.0140088
0.0522997,-0.0177003,-0.000400728,-0.000571408,0,0.0259504,0.00855767
0.0363303,-0.0336697,-0.00058547,-0.000564219,0,0.0241277,0.00446078
0.020361,-0.049639,-0.000754016,-0.000553341,0,0.0232817,0.00166879
0.00439158,-0.0656084,-0.000891004,-0.000539019,0,0.0233984,-4.57721e-06
0,-0.07,-0.00103172,-0.000522158,0,0.0242136,8.7342e-05
0,-0.07,-0.00116243,-0.000502579,0,0.0253526,0.00138002
0,-0.07,-0.00124963,-0.000480246,0,0.026641,0.00400465
0,-0.07,-0.00129103,-0.00045582,0,0.0280385,0.0073946
0,-0.07,-0.00127873,-0.000430185,0,0.0295403,0.0113575
0,-0.0628004,-0.00124337,-0.000404549,0,0.0311517,0.0157178
0,-0.0521596,-0.00120528,-0.000379417,0,0.0328805,0.0200591
0,-0.0407249,-0.00116727,-0.000355216,0,0.0347363,0.0245819
0,-0.0296634,-0.0011306,-0.000331775,0,0.0367292,0.0290988
0,-0.0209307,-0.00109734,-0.000308998,0,0.0388702,0.0331314
0,-0.013614,-0.00106651,-0.000286968,0,0.0411714,0.0370415
0,-0.00900634,-0.00103946,-0.000265546,0,0.0436451,0.0404361
0,-0.00624742,-0.00101526,-0.000244648,0,0.046305,0.0436334
0,-0.00527451,-0.000993815,-0.000224246,0,0.0491656,0.0466261
0,-0.00583531,-0.00097484,-0.000204316,0,0.0522428,0.0495009
0,-0.00776029,-0.000958125,-0.000184772,0,0.0555538,0.0523146
0,-0.0105463,-0.000942955,-0.000165568,0,0.0591171,0.0552238
0,-0.014669,-0.000928987,-0.000146648,0,0.0629526,0.0580981
0,-0.0192669,-0.000915063,-0.000128012,0,0.0670816,0.0612301
0,-0.0242948,-0.000901186,-0.000109669,0,0.0715274,0.0646205
0,-0.0299299,-0.000887605,-9.1597e-05,0,0.0763146,0.0682463
0,-0.0346459,-0.000872766,-7.3811e-05,0,0.0814699,0.0725674
0,-0.0402621,-0.000858644,-5.62889e-05,0,0.0870222,0.0770189
0,-0.0455204,-0.000843956,-3.90595e-05,0,0.0930022,0.0820445
0,-0.0482315,-0.000831131,-2.21143e-05,0,0.0993634,0.0877093
0,-0.051725,-0.0008137,-5.43394e-06,0,0.106118,0.0936257
0,-0.0534189,-0.000794414,1.08836e-05,0,0.113376,0.100341
0,-0.0527439,-0.000772831,2.68201e-05,0,0.121189,0.107783
0,-0.0482438,-0.000747314,4.23631e-05,0,0.129564,0.116197
0.00195999,-0.0415026,-0.000719428,5.74242e-05,0,0.1384,0.124919
0.0176399,-0.0300759,-0.000686546,7.18825e-05,0,0.147315,0.134547
0.0333199,-0.014064,-0.000648763,8.57449e-05,0,0.155935,0.144819
0.0489998,0.00653465,-0.000606115,9.88713e-05,0,0.164135,0.155682
0.0646798,0.0262949,-0.000564394,0.000111164,0,0.171859,0.165573
0.0803597,0.0484282,-0.000520266,0.000122619,0,0.179063,0.175609
0.0960397,0.0731996,-0.000473521,0.000133201,0,0.185706,0.185665
0.11172,0.100621,-0.000424225,0.000142788,0,0.191745,0.195694
-0.1078,-0.0456166,-0.000329937,0.00015147,0,-0.0380656,-0.0308908
-0.0921197,-0.0221197,-0.000190705,0.000158446,0,-0.0333771,-0.0219364
-0.0764397,-0.00643974,-7.56615e-06,0.000162677,0,-0.0294422,-0.0144685
-0.0607598,0.00924021,0.000204367,0.000163653,0,-0.0263182,-0.00828537
-0.0450798,0.0249202,0.000424538,0.000160625,0,-0.024065,-0.00362539
-0.0293999,0.0406001,0.000638051,0.000153235,0,-0.0227398,-0.000185466
-0.01372,0.05628,0.000826129,0.000141862,0,-0.0223756,0.00193517
0,0.07,0.00101291,0.00012675,0,-0.0228994,0.00280854
0,0.07,0.0012119,0.000107706,0,-0.0239634,0.00225606
0,0.07,0.00138418,8.49603e-05,0,-0.0252277,0.000468736
0,0.07,0.00149017,5.84826e-05,0,-0.0266084,-0.00263335
0,0.07,0.00153382,2.93682e-05,0,-0.0280895,-0.00624293
0,0.07,0.00152342,-1.08988e-06,0,-0.029673,-0.0102961
0,0.068109,0.0014678,-3.16362e-05,0,-0.031366,-0.0145775
0,0.0582395,0.00140584,-6.13815e-05,0,-0.0331775,-0.0190345
0,0.0469546,0.00134449,-8.97461e-05,0,-0.0351174,-0.0236281
0,0.0359114,0.00128547,-0.000116789,0,-0.0371964,-0.0282249
0,0.0260317,0.00122972,-0.000142735,0,-0.0394261,-0.0326596
0,0.0179501,0.00117786,-0.000167469,0,-0.0418188,-0.036812
0,0.011911,0.00113008,-0.000191233,0,-0.0443877,-0.0406577
0,0.0075814,0.00108599,-0.000214026,0,-0.0471465,-0.044318
0,0.00572902,0.00104635,-0.000235944,0,-0.0501107,-0.0475802
0,0.00545902,0.00101012,-0.00025697,0,-0.0532968,-0.0507517
0,0.00680715,0.000977291,-0.000277263,0,-0.0567225,-0.0538019
0,0.0095731,0.000946919,-0.000296891,0,-0.0604069,-0.0568139
0,0.0134044,0.000917556,-0.000315906,0,-0.0643708,-0.0599043
0,0.0180251,0.00088887,-0.00033433,0,-0.0686361,-0.0631625
0,0.0232083,0.000860722,-0.000352179,0,-0.0732267,-0.0666684
0,0.0283496,0.000832558,-0.000369464,0,-0.0781682,-0.0706077
0,0.0330506,0.000804026,-0.000386228,0,-0.0834882,-0.0750848
0,0.0370261,0.000774882,-0.000402422,0,-0.0892162,-0.0801729
0,0.041721,0.000746717,-0.000418037,0,-0.0953843,-0.0854523
0,0.0479837,0.000724063,-0.000433041,0,-0.102127,-0.0912945
0,0.0516213,0.000695154,-0.000447591,0,-0.109509,-0.0978121
0,0.053728,0.000665319,-0.000461624,0,-0.117469,-0.10483
0,0.0539035,0.000634063,-0.00047505,0,-0.126003,-0.11238
0,0.0501136,0.000598977,-0.000487856,0,-0.135061,-0.120861
-0.0115821,0.042112,0.000559708,-0.000499958,0,-0.144346,-0.130079
-0.0275574,0.0297664,0.000516049,-0.000511251,0,-0.153448,-0.139923
-0.0435327,0.0124133,0.000467321,-0.000521724,0,-0.162156,-0.150492
-0.059508,-0.00631748,0.000417428,-0.000531193,0,-0.170389,-0.160688
-0.0754833,-0.0279906,0.000364796,-0.000539641,0,-0.178099,-0.17108
-0.0914586,-0.0522334,0.000309928,-0.000547042,0,-0.185245,-0.181445
-0.107434,-0.0792181,0.000252754,-0.00055335,0,-0.191783,-0.191807
0.11622,0.0744794,0.000161677,-0.000558548,0,0.0419594,0.0399469
0.100245,0.033259,8.98879e-05,-0.000561964,0,0.0367734,0.0299829
0.0842697,0.0142697,-2.79326e-05,-0.000563905,0,0.0323405,0.0213944
0.0682944,-0.00170557,-0.000183096,-0.000563641,0,0.0287172,0.0145104
0.0523191,-0.0176809,-0.00035664,-0.000560678,0,0.0259632,0.00909156
0.0363438,-0.0336562,-0.000532612,-0.000554326,0,0.0241386,0.0049567
0.0203685,-0.0496315,-0.000689801,-0.000544465,0,0.0232912,0.00230479
0.00439321,-0.0656068,-0.000813892,-0.000531377,0,0.0234069,0.000728068
0,-0.07,-0.000933641,-0.000515657,0,0.0242213,0.000798763
0,-0.07,-0.0010422,-0.000497523,0,0.0253597,0.00216615
0,-0.07,-0.00111756,-0.000477168,0,0.0266476,0.00480679
0,-0.07,-0.00114452,-0.000455306,0,0.0280445,0.00834496
0,-0.0690677,-0.00112154,-0.000432537,0,0.0295456,0.012368
0,-0.0592021,-0.00108972,-0.000410003,0,0.0311555,0.0166771
0,-0.0479917,-0.00105715,-0.000388129,0,0.0328824,0.021045
0,-0.036566,-0.00102504,-0.000366905,0,0.0347355,0.0255342
0,-0.0262328,-0.000994788,-0.00034634,0,0.0367252,0.0298445
0,-0.0177708,-0.000967227,-0.000326384,0,0.0388626,0.0338329
0,-0.0114411,-0.000942626,-0.000306984,0,0.0411597,0.0374764
0,-0.00727386,-0.000920999,-0.000288082,0,0.0436292,0.0407925
0,-0.00513951,-0.000902193,-0.000269619,0,0.046285,0.0438339
0,-0.00476341,-0.000885902,-0.000251538,0,0.0491418,0.0466879
0,-0.00583511,-0.000871778,-0.000233779,0,0.0522156,0.0494468
0,-0.00815734,-0.000859591,-0.000216315,0,0.0555236,0.0521724
0,-0.0114782,-0.000848932,-0.000199099,0,0.0590841,0.0549496
0,-0.0155426,-0.000838832,-0.000182099,0,0.062917,0.0578643
0,-0.0201283,-0.000828848,-0.000165302,0,0.0670437,0.0609951
0,-0.0250832,-0.000818859,-0.000148705,0,0.0714871,0.0644033
0,-0.0302662,-0.000808768,-0.000132308,0,0.0762721,0.0681499
0,-0.0355544,-0.000798494,-0.000116112,0,0.0814251,0.0722872
0,-0.0408233,-0.000787948,-0.000100122,0,0.086975,0.0768613
0,-0.0459428,-0.000777034,-8.43419e-05,0,0.0929526,0.0819065
0,-0.0490786,-0.000767818,-6.87794e-05,0,0.0993117,0.087446
0,-0.052018,-0.000753737,-5.34046e-05,0,0.106064,0.0935361
0,-0.0535137,-0.000738105,-3.82947e-05,0,0.113321,0.100278
0,-0.0527584,-0.000720203,-2.35013e-05,0,0.121131,0.10773
0,-0.0482493,-0.000698371,-9.06144e-06,0,0.129505,0.116141
0.00196017,-0.0415555,-0.000674183,4.96057e-06,0,0.138338,0.124845
0.0176415,-0.0302177,-0.000645006,1.84926e-05,0,0.147251,0.134448
0.0333229,-0.0133464,-0.000609892,3.14657e-05,0,0.155866,0.144961
0.0490042,0.00550156,-0.00057264,4.37513e-05,0,0.164063,0.155288
0.0646856,0.0258149,-0.000533835,5.52972e-05,0,0.171782,0.165414
0.080367,0.0479887,-0.000493114,6.60515e-05,0,0.178982,0.175429
0.0960483,0.0735803,-0.000448892,7.60156e-05,0,0.185619,0.185707
0.11173,0.100151,-0.000403813,8.5104e-05,0,0.191652,0.195452
-0.107809,-0.0474163,-0.000310912,9.3293e-05,0,-0.0381864,-0.0314874
-0.092128,-0.022128,-0.000179904,9.97435e-05,0,-0.0335054,-0.0223044
-0.0764466,-0.00644663,-1.80423e-06,0.000103669,0,-0.0295789,-0.014709
-0.0607653,0.00923473,0.000201448,0.000104507,0,-0.026464,-0.00872111
-0.0450839,0.0249161,0.00041298,0.000101392,0,-0.0242205,-0.00408992
-0.0294025,0.0405975,0.000616498,9.40846e-05,0,-0.0229055,-0.000746759
-0.0137212,0.0562788,0.000795015,8.26705e-05,0,-0.0225518,0.00136114
0,0.07,0.000967115,6.75735e-05,0,-0.0230865,0.00221182
0,0.07,0.00115033,4.92638e-05,0,-0.0241621,0.00159336
0,0.07,0.00130385,2.70817e-05,0,-0.0254385,-0.000314522
0,0.07,0.00139579,1.69557e-06,0,-0.0268322,-0.00331154
0,0.07,0.00142946,-2.58064e-05,0,-0.0283273,-0.00704903
0,0.07,0.00140868,-5.42441e-05,0,-0.0299258,-0.011152
0,0.0657986,0.00135328,-8.25112e-05,0,-0.0316351,-0.0154866
0,0.0554018,0.00129326,-0.000109826,0,-0.0334642,-0.0199965
0,0.0440241,0.00123415,-0.000135841,0,-0.0354232,-0.0246099
0,0.0331392,0.00117679,-0.000160642,0,-0.037523,-0.0291793
0,0.0236806,0.00112115,-0.000184293,0,-0.0397753,-0.0335271
0,0.0158065,0.00106748,-0.000206855,0,-0.0421926,-0.0376673
0,0.0106263,0.0010171,-0.000228339,0,-0.0447884,-0.0413119
0,0.00726182,0.000969185,-0.000248782,0,-0.0475772,-0.044776
0,0.00576213,0.00092384,-0.000268285,0,-0.0505744,-0.0480211
0,0.00597481,0.000880967,-0.000286853,0,-0.0537967,-0.0511126
0,0.00742614,0.000840117,-0.000304558,0,-0.0572621,-0.0541983
0,0.0106733,0.000801924,-0.000321462,0,-0.0609898,-0.0571252
0,0.0144217,0.000765061,-0.000337577,0,-0.0650006,-0.0603098
0,0.0193778,0.000730311,-0.000352971,0,-0.0693169,-0.0635219
0,0.0246461,0.000696758,-0.000367664,0,-0.0739626,-0.0670759
0,0.0294048,0.000663557,-0.000381666,0,-0.0789636,-0.0711861
0,0.0343725,0.000631483,-0.000395003,0,-0.0843478,-0.0756346
0,0.0387771,0.000599735,-0.000407697,0,-0.090145,-0.0806853
0,0.042966,0.000568698,-0.000419755,0,-0.0963876,-0.0862016
0,0.0493558,0.000542054,-0.000431191,0,-0.103228,-0.0921654
0,0.0535878,0.000512885,-0.000442086,0,-0.110736,-0.0986367
0,0.055811,0.000482804,-0.000452402,0,-0.118835,-0.105766
0,0.0552383,0.000450883,-0.000462118,0,-0.127516,-0.113645
0,0.0511404,0.000416153,-0.0004712,0,-0.136724,-0.12229
-0.0123721,0.0428986,0.000377869,-0.000479592,0,-0.146146,-0.131674
-0.0283361,0.0295267,0.000334935,-0.000487245,0,-0.155373,-0.141909
-0.0443,0.0128361,0.000289295,-0.000494051,0,-0.164208,-0.152366
-0.060264,-0.00762481,0.000240567,-0.000499951,0,-0.172575,-0.163208
-0.076228,-0.0287177,0.000192349,-0.000504884,0,-0.180428,-0.173494
-0.0921919,-0.0528498,0.000141996,-0.000508828,0,-0.187727,-0.184005
-0.108156,-0.0796982,8.96668e-05,-0.000511794,0,-0.194429,-0.194495
0.11534,0.0745155,-6.82879e-07,-0.000513718,0,0.0389682,0.0370867
0.0993757,0.0334318,-6.71333e-05,-0.00051393,0,0.0335938,0.026939
0.0834118,0.0134118,-0.000173785,-0.000512753,0,0.0289587,0.0181428
0.0674478,-0.00255222,-0.00031654,-0.000509544,0,0.0251179,0.0110432
0.0514838,-0.0185162,-0.000475705,-0.000503856,0,0.0221297,0.00542139
0.0355198,-0.0344802,-0.00063323,-0.000495058,0,0.0200524,0.00116326
0.0195559,-0.0504441,-0.000771378,-0.000483102,0,0.0189308,-0.00179617
0.00359189,-0.0664081,-0.000900649,-0.000467882,0,0.0187452,-0.0048948
0,-0.07,-0.00100908,-0.000450451,0,0.019214,-0.00428204
0,-0.07,-0.00108903,-0.000430757,0,0.0199589,-0.00251924
0,-0.07,-0.00112344,-0.000409336,0,0.0208178,0.000297277
0,-0.07,-0.00109886,-0.000387022,0,0.0217518,0.00393894
0,-0.0603144,-0.00105719,-0.000364935,0,0.0227548,0.00797813
0,-0.0472045,-0.00101253,-0.000343603,0,0.0238294,0.012233
0,-0.0337959,-0.000968205,-0.000323241,0,0.0249808,0.0164817
0,-0.0215594,-0.000925795,-0.000303788,0,0.0262152,0.0204714
0,-0.0116093,-0.000886485,-0.000285188,0,0.0275393,0.023969
0,-0.00440105,-0.000850752,-0.000267379,0,0.0289607,0.0269087
0,7.35704e-05,-0.000818576,-0.000250293,0,0.0304872,0.0293232
0,0.00208835,-0.000789661,-0.000233857,0,0.0321273,0.0312976
0,0.00212096,-0.000763496,-0.000218006,0,0.0338901,0.0329627
0,0.000766761,-0.000739446,-0.000202684,0,0.0357854,0.0344737
0,-0.00139243,-0.000716889,-0.000187847,0,0.0378238,0.0359782
0,-0.00397529,-0.000695413,-0.000173464,0,0.0400167,0.0375705
0,-0.00681138,-0.000674831,-0.000159512,0,0.0423762,0.0392979
0,-0.00982328,-0.000655051,-0.000145975,0,0.0449154,0.0411939
0,-0.0128925,-0.000635939,-0.000132834,0,0.0476486,0.043309
0,-0.0159079,-0.000617369,-0.000120077,0,0.0505909,0.0456893
0,-0.0188962,-0.000599362,-0.000107693,0,0.0537588,0.0483404
0,-0.021798,-0.000581845,-9.56693e-05,0,0.0571697,0.0512928
0,-0.0245341,-0.000564728,-8.39974e-05,0,0.0608428,0.0545685
0,-0.0269615,-0.000547848,-7.26686e-05,0,0.0647985,0.0581909
0,-0.0322295,-0.000534551,-6.16779e-05,0,0.0692208,0.0621827
0,-0.034548,-0.000518651,-5.09603e-05,0,0.0741797,0.0665704
0,-0.0342973,-0.000500566,-4.05475e-05,0,0.0795434,0.0715408
0,-0.0322495,-0.000481106,-3.04909e-05,0,0.0852839,0.0767492
0,-0.0267436,-0.000458504,-2.08202e-05,0,0.0913555,0.0825389
0.00694167,-0.0175868,-0.000432553,-1.16049e-05,0,0.0975329,0.0887202
0.023275,-0.00462657,-0.000403091,-2.88897e-06,0,0.103389,0.0951906
0.0396083,0.0116372,-0.000370648,5.24651e-06,0,0.1086,0.101742
0.0559417,0.0312203,-0.000335211,1.27406e-05,0,0.113039,0.108412
0.072275,0.0519539,-0.00029908,1.95157e-05,0,0.116632,0.114646
0.0886083,0.0742985,-0.000261772,2.55695e-05,0,0.119317,0.120762
0.104942,0.0979473,-0.000223619,3.08796e-05,0,0.121054,0.126761
0.121275,0.121384,-0.000186232,3.54283e-05,0,0.121879,0.132363
0.1225,0.143002,-0.000151317,3.92277e-05,0,0.122134,0.13733
0.1225,0.161337,-0.000120434,4.23238e-05,0,0.122215,0.141429
0.1225,0.175251,-9.47763e-05,4.47943e-05,0,0.122249,0.144441
0.1225,0.184202,-7.48924e-05,4.67411e-05,0,0.122271,0.146278
0.1225,0.187811,-6.11565e-05,4.82887e-05,0,0.122288,0.146862
0.1225,0.186686,-5.28939e-05,4.95462e-05,0,0.122303,0.146383
0.1225,0.181236,-4.96383e-05,5.06206e-05,0,0.122317,0.144926
0.1225,0.17248,-5.02796e-05,5.16247e-05,0,0.12233,0.142755
0.1225,0.161352,-5.37968e-05,5.26287e-05,0,0.122342,0.140081
0.1225,0.149153,-5.87836e-05,5.36959e-05,0,0.122353,0.137223
0.1225,0.136111,-6.49699e-05,5.48616e-05,0,0.122364,0.134181
0.1225,0.123985,-7.0475e-05,5.61455e-05,0,0.122373,0.131435
0.1225,0.112834,-7.52196e-05,5.7544e-05,0,0.122382,0.128917
0.1225,0.103365,-7.84491e-05,5.90389e-05,0,0.122391,0.12682
0.1225,0.0959816,-7.97276e-05,6.05998e-05,0,0.122398,0.125224
0.1225,0.0909445,-7.87715e-05,6.21918e-05,0,0.122406,0.124181
0.1225,0.0883562,-7.54675e-05,6.37691e-05,0,0.122412,0.123708
0.1225,0.0881012,-6.9935e-05,6.52867e-05,0,0.122418,0.123767
0.1225,0.0899062,-6.24631e-05,6.66965e-05,0,0.122424,0.124288
0.1225,0.0934169,-5.34271e-05,6.79607e-05,0,0.12243,0.125184
0.1225,0.0982166,-4.3269e-05,6.90473e-05,0,0.122435,0.126358
0.1225,0.103877,-3.24424e-05,6.9933e-05,0,0.122439,0.127709
0.1225,0.109988,-2.13814e-05,7.06089e-05,0,0.122443,0.129143
0.1225,0.116152,-1.05063e-05,7.10587e-05,0,0.122447,0.130571
0.1225,0.12199,-2.16965e-07,7.12906e-05,0,0.122451,0.131904
0.1225,0.127181,9.14826e-06,7.13155e-05,0,0.122455,0.133073
