0.000101573,0.0671133,7.07735e-05,0,0,0.000101535,0.0151283
0.000101573,0.0672063,7.06243e-05,8.49281e-07,0,0.000101448,0.0132589
0.000101573,0.0624677,6.53079e-05,2.26214e-06,0,0.000101348,0.0121941
0.000101573,0.0548155,5.6873e-05,3.5869e-06,0,0.000101243,0.0106126
0.000101573,0.0442049,4.52925e-05,4.74124e-06,0,0.000101136,0.00845019
0.000101573,0.0332368,3.33357e-05,5.67025e-06,0,0.000101026,0.00629112
0.000101573,0.0234259,2.2616e-05,6.36087e-06,0,0.000100913,0.00440148
0.000101573,0.0149529,1.33321e-05,6.83463e-06,0,0.000100797,0.00277908
0.000101573,0.00767156,5.33452e-06,7.11984e-06,0,0.000100676,0.00138601
0.000101573,0.00144891,-1.51321e-06,7.24253e-06,0,0.00010055,0.000196604
0.000101573,-0.00385864,-7.35997e-06,7.22596e-06,0,0.000100419,-0.000817571
0.000101573,-0.00833703,-1.22946e-05,7.09045e-06,0,0.000100282,-0.00167173
0.000101573,-0.0117377,-1.60536e-05,6.8569e-06,0,0.000100137,-0.00230773
0.000101573,-0.0142369,-1.88241e-05,6.54334e-06,0,9.99849e-05,-0.00277211
0.000101573,-0.0158202,-2.05922e-05,6.1724e-06,0,9.98237e-05,-0.00305662
0.000101573,-0.0165789,-2.14574e-05,5.76586e-06,0,9.96527e-05,-0.00318219
0.000101573,-0.0167294,-2.1651e-05,5.33844e-06,0,9.94711e-05,-0.00319469
0.000101573,-0.0163851,-2.12959e-05,4.90581e-06,0,9.92778e-05,-0.00311346
0.000101573,-0.0156639,-2.05201e-05,4.47918e-06,0,9.90717e-05,-0.00296174
0.000101573,-0.0146725,-1.94392e-05,4.06723e-06,0,9.88518e-05,-0.00276009
0.000101573,-0.0134997,-1.81501e-05,3.67629e-06,0,9.86168e-05,-0.00252543
0.000101573,-0.0121888,-1.67014e-05,3.3107e-06,0,9.83653e-05,-0.00226495
0.000101573,-0.0108833,-1.52472e-05,2.97233e-06,0,9.80962e-05,-0.0020096
0.000101573,-0.00955228,-1.37573e-05,2.66448e-06,0,9.78077e-05,-0.0017484
0.000101573,-0.00825905,-1.23004e-05,2.38635e-06,0,9.74983e-05,-0.0014964
0.000101573,-0.00704575,-1.09231e-05,2.13743e-06,0,9.71664e-05,-0.00126127
0.000101573,-0.00594805,-9.66457e-06,1.91621e-06,0,9.68101e-05,-0.00104982
0.000101573,-0.00499343,-8.55499e-06,1.7204e-06,0,9.64273e-05,-0.000867211
0.000101573,-0.00420155,-7.61608e-06,1.54709e-06,0,9.6016e-05,-0.000717067
0.000101573,-0.00357884,-6.85523e-06,1.39289e-06,0,9.5574e-05,-0.000600278
0.000101573,-0.0031197,-6.2669e-06,1.25426e-06,0,9.50988e-05,-0.000515411
0.000101573,-0.00280077,-5.82661e-06,1.12775e-06,0,9.45878e-05,-0.000457393
0.000101573,-0.00259696,-5.50792e-06,1.01033e-06,0,9.4038e-05,-0.000421259
0.000101573,-0.00249551,-5.29738e-06,8.99537e-07,0,9.34466e-05,-0.00040486
0.000101573,-0.0024628,-5.1594e-06,7.93168e-07,0,9.28101e-05,-0.000401027
0.000101573,-0.002472,-5.06561e-06,6.89704e-07,0,9.21251e-05,-0.000404697
0.000101573,-0.0025114,-5.00363e-06,5.88204e-07,0,9.13876e-05,-0.000414008
0.000101573,-0.00256598,-4.95755e-06,4.88008e-07,0,9.05937e-05,-0.000425922
0.000101573,-0.00261909,-4.90982e-06,3.88765e-07,0,8.97388e-05,-0.000437142
0.000101573,-0.00267333,-4.86325e-06,2.90473e-07,0,8.88183e-05,-0.000448725
0.000101573,-0.00272637,-4.81541e-06,1.93115e-07,0,8.7827e-05,-0.000460079
0.000101573,-0.00277363,-4.76154e-06,9.6711e-08,0,8.67594e-05,-0.000470254
0.000101573,-0.00281067,-4.69699e-06,1.37253e-09,0,8.56095e-05,-0.000478387
0.000101573,-0.00283241,-4.61651e-06,-9.26964e-08,0,8.43709e-05,-0.000483474
0.000101573,-0.00283284,-4.51387e-06,-1.85188e-07,0,8.30369e-05,-0.000484317
0.000101573,-0.00280678,-4.38374e-06,-2.7567e-07,0,8.16e-05,-0.000479926
0.000101573,-0.00275696,-4.22922e-06,-3.63605e-07,0,8.00525e-05,-0.000471056
0.000101573,-0.00268774,-4.05509e-06,-4.48499e-07,0,7.83868e-05,-0.00045859
0.000101573,-0.00260552,-3.86833e-06,-5.29949e-07,0,7.65978e-05,-0.000443821
0.000101573,-0.00251894,-3.67822e-06,-6.07689e-07,0,7.4691e-05,-0.000428473
9.95922e-05,-0.00243826,-3.49577e-06,-6.81634e-07,0,7.2715e-05,-0.000414582
9.75607e-05,-0.00237028,-3.32827e-06,-7.52005e-07,0,7.07239e-05,-0.00040337
9.55292e-05,-0.00231192,-3.17252e-06,-8.18989e-07,0,6.8733e-05,-0.000393951
9.34978e-05,-0.00225997,-3.0252e-06,-8.82751e-07,0,6.67466e-05,-0.000385692
9.14663e-05,-0.00221505,-2.887e-06,-9.4355e-07,0,6.4766e-05,-0.000378821
8.94349e-05,-0.00217657,-2.75738e-06,-1.00157e-06,0,6.27916e-05,-0.000373192
8.74034e-05,-0.00214384,-2.63559e-06,-1.05697e-06,0,6.08239e-05,-0.000368659
8.5372e-05,-0.0021155,-2.52026e-06,-1.10993e-06,0,5.88632e-05,-0.000364946
8.33405e-05,-0.00208895,-2.40865e-06,-1.16056e-06,0,5.691e-05,-0.000361501
8.1309e-05,-0.00206413,-2.30069e-06,-1.20896e-06,0,5.49647e-05,-0.000358384
7.92776e-05,-0.00204039,-2.19574e-06,-1.25519e-06,0,5.30277e-05,-0.000355453
7.72461e-05,-0.00201282,-2.08862e-06,-1.29932e-06,0,5.10997e-05,-0.000351624
7.52147e-05,-0.00197805,-1.9758e-06,-1.3413e-06,0,4.91812e-05,-0.000346281
7.31832e-05,-0.00193523,-1.85642e-06,-1.38104e-06,0,4.72728e-05,-0.000339326
7.11518e-05,-0.00188491,-1.73113e-06,-1.41841e-06,0,4.53751e-05,-0.000330908
6.91203e-05,-0.00183053,-1.6036e-06,-1.45328e-06,0,4.3489e-05,-0.000321779
6.70888e-05,-0.00177658,-1.47861e-06,-1.48561e-06,0,4.16152e-05,-0.000312848
6.50574e-05,-0.00172696,-1.36032e-06,-1.51543e-06,0,3.97545e-05,-0.000304864
6.30259e-05,-0.0016849,-1.25214e-06,-1.54288e-06,0,3.79079e-05,-0.000298438
6.09945e-05,-0.00165219,-1.15594e-06,-1.56814e-06,0,3.60764e-05,-0.000293878
5.8963e-05,-0.00162805,-1.07087e-06,-1.59145e-06,0,3.42612e-05,-0.000290959
5.69316e-05,-0.00162124,-1.00614e-06,-1.61303e-06,0,3.24634e-05,-0.000291667
5.49001e-05,-0.00163591,-9.6603e-07,-1.63329e-06,0,3.06842e-05,-0.000296679
5.28687e-05,-0.00166628,-9.44332e-07,-1.65269e-06,0,2.89252e-05,-0.000304585
5.08372e-05,-0.00171208,-9.40645e-07,-1.67162e-06,0,2.71877e-05,-0.000315486
4.88057e-05,-0.00176973,-9.51042e-07,-1.69044e-06,0,2.54734e-05,-0.000328584
4.67743e-05,-0.00183096,-9.66665e-07,-1.70944e-06,0,2.3784e-05,-0.000342123
4.47428e-05,-0.00188924,-9.8053e-07,-1.72874e-06,0,2.21215e-05,-0.000354877
4.27114e-05,-0.00194069,-9.88436e-07,-1.74832e-06,0,2.04878e-05,-0.000366152
4.06799e-05,-0.0019853,-9.90337e-07,-1.76808e-06,0,1.88852e-05,-0.000376057
3.86485e-05,-0.00201788,-9.80692e-07,-1.78788e-06,0,1.7316e-05,-0.000383423
3.6617e-05,-0.00203986,-9.61008e-07,-1.80751e-06,0,1.5783e-05,-0.000388718
3.45855e-05,-0.00204903,-9.28934e-07,-1.82677e-06,0,1.42887e-05,-0.000391402
3.25541e-05,-0.00205174,-8.91191e-07,-1.84541e-06,0,1.28363e-05,-0.000392957
3.05226e-05,-0.00204263,-8.42115e-07,-1.86331e-06,0,1.1429e-05,-0.000391999
2.84912e-05,-0.00200729,-7.66522e-07,-1.88025e-06,0,1.00701e-05,-0.000385448
2.64597e-05,-0.00194732,-6.66205e-07,-1.89574e-06,0,8.76354e-06,-0.000374066
2.44283e-05,-0.00187893,-5.58373e-07,-1.90926e-06,0,7.51326e-06,-0.000361432
2.23968e-05,-0.00180938,-4.50777e-07,-1.92081e-06,0,6.32361e-06,-0.000348717
2.03654e-05,-0.00174712,-3.52389e-07,-1.9302e-06,0,5.19929e-06,-0.000337603
1.83339e-05,-0.00169391,-2.65056e-07,-1.93759e-06,0,4.14534e-06,-0.000328236
1.63024e-05,-0.00164901,-1.88e-07,-1.9432e-06,0,3.16719e-06,-0.000320396
1.4271e-05,-0.00161392,-1.22789e-07,-1.94719e-06,0,2.27071e-06,-0.000314435
1.22395e-05,-0.00159246,-7.34236e-08,-1.94984e-06,0,1.4622e-06,-0.000311157
1.02081e-05,-0.00158606,-4.13499e-08,-1.95141e-06,0,7.48454e-07,-0.00031077
8.17661e-06,-0.00160083,-3.29439e-08,-1.9523e-06,0,1.36719e-07,-0.000314601
6.14516e-06,-0.00166057,-7.32317e-08,-1.95297e-06,0,-3.65379e-07,-0.000327821
4.1137e-06,-0.00175973,-1.56099e-07,-1.95436e-06,0,-7.50393e-07,-0.000348523
2.08224e-06,-0.00187993,-2.61882e-07,-1.95731e-06,0,-1.01322e-06,-0.000372767
5.07864e-08,-0.00200132,-3.69405e-07,-1.96234e-06,0,-1.15952e-06,-0.000396653
0,-0.0021036,-4.57085e-07,-1.96951e-06,0,-1.23798e-06,-0.000416214
0,-0.00220085,-5.3972e-07,-1.97848e-06,0,-1.3029e-06,-0.000435188
0,-0.00230231,-6.26994e-07,-1.98907e-06,0,-1.36975e-06,-0.000455254
0,-0.00240911,-7.19976e-07,-2.00143e-06,0,-1.44289e-06,-0.000476406
0,-0.00251268,-8.095e-07,-2.01565e-06,0,-1.52377e-06,-0.000496693
0,-0.00260576,-8.87791e-07,-2.03166e-06,0,-1.61316e-06,-0.000514725
0,-0.00267495,-9.4067e-07,-2.04918e-06,0,-1.71161e-06,-0.000527708
0,-0.00266586,-9.10723e-07,-2.06781e-06,0,-1.81969e-06,-0.000523833
0,-0.00246234,-6.75521e-07,-2.08612e-06,0,-1.93797e-06,-0.000478595
0,-0.00196531,-1.31234e-07,-2.10022e-06,0,-2.0671e-06,-0.000373068
0,-0.00130646,5.81657e-07,-2.10448e-06,0,-2.20779e-06,-0.000239566
0,-9.38542e-05,1.876e-06,-2.09499e-06,0,-2.3608e-06,1.34752e-05
0,0.00163189,3.70607e-06,-2.06135e-06,0,-2.52698e-06,0.00036589
0,0.00384049,6.03682e-06,-1.99363e-06,0,-2.70724e-06,0.000812041
0,0.00633743,8.65931e-06,-1.87989e-06,0,-2.90257e-06,0.00130918
0,0.00875433,1.11815e-05,-1.71457e-06,0,-3.11405e-06,0.00178023
0,0.0108538,1.3351e-05,-1.49851e-06,0,-3.34284e-06,0.00218238
0,0.0126097,1.51397e-05,-1.23908e-06,0,-3.59022e-06,0.00251647
0,0.0137487,1.62588e-05,-9.41651e-07,0,-3.85753e-06,0.00272193
0,0.0139106,1.63296e-05,-6.20391e-07,0,-4.14623e-06,0.00272582
0,0.0131054,1.5366e-05,-2.94011e-07,0,-4.45788e-06,0.00254045
0,0.0113383,1.33781e-05,1.57168e-08,0,-4.79421e-06,0.00216678
0,0.00867213,1.04375e-05,2.9123e-07,0,-5.1571e-06,0.00161869
0,0.00518685,6.63452e-06,5.10271e-07,0,-5.54856e-06,0.000912355
0,0.000943219,2.03975e-06,6.56272e-07,0,-5.97079e-06,5.91222e-05
0,-0.00346815,-2.71626e-06,7.10851e-07,0,-6.42615e-06,-0.000810349
0,-0.00810866,-7.69367e-06,6.73172e-07,0,-6.91716e-06,-0.00172648
0,-0.0123907,-1.22667e-05,5.34231e-07,0,-7.44658e-06,-0.00255584
0,-0.0163537,-1.64745e-05,3.02615e-07,0,-8.01736e-06,-0.00332385
0,-0.0197379,-2.00405e-05,-1.63558e-08,0,-8.63266e-06,-0.0039712
0,-0.0224195,-2.28332e-05,-4.08251e-07,0,-9.29593e-06,-0.00447744
0,-0.0243456,-2.47975e-05,-8.5514e-07,0,-1.00108e-05,-0.00483422
0,-0.0253982,-2.58105e-05,-1.3452e-06,0,-1.07814e-05,-0.00501662
0,-0.0256293,-2.593e-05,-1.85786e-06,0,-1.16116e-05,-0.00503957
0,-0.0249797,-2.50969e-05,-2.3761e-06,0,-1.25056e-05,-0.00488833
0,-0.0234733,-2.33413e-05,-2.88096e-06,0,-1.34664e-05,-0.00456996
0,-0.0211848,-2.07471e-05,-3.35393e-06,0,-1.44909e-05,-0.00410044
-8.11733e-07,-0.0179433,-1.71396e-05,-3.77795e-06,0,-1.5554e-05,-0.00343938
-2.52065e-06,-0.013762,-1.25397e-05,-4.13156e-06,0,-1.66088e-05,-0.00259451
-4.22956e-06,-0.00622361,-4.40227e-06,-4.39846e-06,0,-1.76223e-05,-0.0010237
-5.93847e-06,0.00357866,6.10022e-06,-4.51091e-06,0,-1.85827e-05,0.000959885
-7.64738e-06,0.0120032,1.51048e-05,-4.41517e-06,0,-1.9484e-05,0.00257089
-9.35629e-06,0.0186104,2.21432e-05,-4.13108e-06,0,-2.03211e-05,0.00381348
-1.10652e-05,0.0221174,2.58613e-05,-3.71285e-06,0,-2.1089e-05,0.00441259
-1.27741e-05,0.0229456,2.67112e-05,-3.20678e-06,0,-2.17826e-05,0.00449881
0,0.015606,1.97271e-05,-2.68955e-06,0,-9.58743e-07,0.00287293
0,0.00213243,5.40053e-06,-2.28274e-06,0,-9.06976e-07,3.70363e-05
0,-0.00388001,-1.00844e-06,-2.13175e-06,0,-8.4542e-07,-0.000930421
0,-0.00658559,-3.90375e-06,-2.12949e-06,0,-7.84813e-07,-0.00136718
0,-0.00777657,-5.1856e-06,-2.19598e-06,0,-7.27712e-07,-0.00155775
0,-0.0077543,-5.17569e-06,-2.29713e-06,0,-6.74546e-07,-0.00151912
0,-0.00701921,-4.4066e-06,-2.40068e-06,0,-6.25208e-07,-0.00135496
0,-0.00520223,-2.49178e-06,-2.49112e-06,0,-5.79464e-07,-0.000968421
0,-0.00295074,-1.20214e-07,-2.54765e-06,0,-5.37064e-07,-0.000515017
0,-0.00119564,1.72123e-06,-2.55836e-06,0,-4.97766e-07,-0.000185128
0,0.000100383,3.07162e-06,-2.52946e-06,0,-4.61344e-07,5.58704e-05
0,0.00116851,4.17529e-06,-2.47275e-06,0,-4.27588e-07,0.000258738
0,0.0022839,5.32261e-06,-2.39311e-06,0,-3.96302e-07,0.000478623
0,0.00356662,6.63936e-06,-2.29125e-06,0,-3.67306e-07,0.000734678
0,0.00527486,8.39667e-06,-2.16307e-06,0,-3.40431e-07,0.00108138
0,0.00726991,1.04454e-05,-2.00129e-06,0,-3.15524e-07,0.00148036
0,0.00942868,1.26531e-05,-1.79955e-06,0,-2.92439e-07,0.00190795
0,0.0115864,1.48437e-05,-1.55421e-06,0,-2.71044e-07,0.00233068
0,0.0134854,1.67433e-05,-1.26501e-06,0,-2.51214e-07,0.00269544
0,0.0148301,1.80397e-05,-9.36788e-07,0,-2.32835e-07,0.00294329
0,0.015315,1.84111e-05,-5.79883e-07,0,-2.15802e-07,0.00301405
0,0.0148277,1.77416e-05,-2.12776e-07,0,-2.00014e-07,0.00289116
0,0.0132345,1.58944e-05,1.44399e-07,0,-1.85382e-07,0.00254783
0,0.0104369,1.27713e-05,4.67829e-07,0,-1.71821e-07,0.00196578
0,0.00648469,8.4318e-06,7.29501e-07,0,-1.59252e-07,0.00115889
0,0.00164353,3.16459e-06,9.06816e-07,0,-1.47602e-07,0.000185334
0,-0.00376106,-2.67882e-06,9.80642e-07,0,-1.36805e-07,-0.000889426
0,-0.0093788,-8.72194e-06,9.47518e-07,0,-1.26798e-07,-0.00199606
0,-0.0148671,-1.45971e-05,7.9423e-07,0,-1.17523e-07,-0.00306768
0,-0.0198883,-1.99433e-05,5.22851e-07,0,-1.08927e-07,-0.00403826
0,-0.024195,-2.44968e-05,1.42696e-07,0,-1.0096e-07,-0.00486188
0,-0.0276071,-2.8066e-05,-3.33579e-07,0,-9.35752e-08,-0.00550514
0,-0.0298948,-3.04094e-05,-8.82406e-07,0,-8.6731e-08,-0.00592163
0,-0.0308098,-3.12672e-05,-1.48239e-06,0,-8.03875e-08,-0.00606218
0,-0.0303137,-3.06037e-05,-2.10559e-06,0,-7.45081e-08,-0.00592517
0,-0.0284214,-2.84411e-05,-2.71966e-06,0,-6.90588e-08,-0.00551504
0,-0.0252211,-2.48801e-05,-3.29497e-06,0,-6.40082e-08,-0.00485113
0,-0.020669,-1.98831e-05,-3.80147e-06,0,-5.9327e-08,-0.00392115
0,-0.0138478,-1.24905e-05,-4.21912e-06,0,-5.49882e-08,-0.00252072
0,-0.00245622,-2.86566e-07,-4.4948e-06,0,-5.09669e-08,-0.000159939
0,0.00858189,1.15028e-05,-4.53715e-06,0,-4.72397e-08,0.00199269
0,0.0169982,2.04724e-05,-4.34835e-06,0,-4.37851e-08,0.00356767
0,0.0220434,2.58313e-05,-3.9703e-06,0,-4.05832e-08,0.00446105
0,0.0245286,2.84423e-05,-3.47243e-06,0,-3.76156e-08,0.00487575
0.00246515,0.0088639,6.56231e-06,-2.91272e-06,0,0.00498074,0.00490232
0.00212157,0.00786097,5.66674e-06,-2.72678e-06,0,0.00460052,0.00493617
0.001778,0.0089047,6.92974e-06,-2.61031e-06,0,0.00419608,0.00489331
0.00143442,0.00966598,7.88358e-06,-2.47613e-06,0,0.00381504,0.00476126
0.00109085,0.0102387,8.62692e-06,-2.3218e-06,0,0.00346967,0.00462736
0.000747274,0.0102826,8.79981e-06,-2.15186e-06,0,0.00316305,0.00441016
0.0004037,0.00959532,8.18982e-06,-1.9763e-06,0,0.00289557,0.0040695
6.01255e-05,0.0086955,7.34755e-06,-1.81098e-06,0,0.00266551,0.00372173
0,0.00825847,6.98772e-06,-1.66234e-06,0,0.00246464,0.00349856
0,0.00769365,6.48557e-06,-1.52133e-06,0,0.00228283,0.00324555
0,0.00678971,5.61894e-06,-1.39061e-06,0,0.00211547,0.00293052
0,0.00585102,4.71122e-06,-1.27607e-06,0,0.00196064,0.00262671
0,0.00517749,4.08021e-06,-1.18003e-06,0,0.00181723,0.00239203
0,0.00517609,4.15556e-06,-1.09684e-06,0,0.00168432,0.00230857
0,0.00597102,5.06637e-06,-1.014e-06,0,0.00156114,0.00239211
0,0.00745486,6.69594e-06,-9.14491e-07,0,0.00144697,0.00261452
0,0.00942776,8.8297e-06,-7.83832e-07,0,0.00134116,0.00293352
0,0.0116571,1.12186e-05,-6.11505e-07,0,0.00124308,0.00330215
0,0.0137739,1.34705e-05,-3.91911e-07,0,0.00115218,0.00364384
0,0.0154878,1.52774e-05,-1.30382e-07,0,0.00106793,0.00390353
0,0.0166245,1.64552e-05,1.68841e-07,0,0.000989836,0.00404993
0,0.0167896,1.65887e-05,4.94412e-07,0,0.000917458,0.00399923
0,0.0157107,1.53937e-05,8.25718e-07,0,0.000850373,0.00370122
0,0.0134097,1.28985e-05,1.13777e-06,0,0.000788195,0.00316812
0,0.0099107,9.13554e-06,1.40448e-06,0,0.000730564,0.00240452
0,0.0053803,4.28821e-06,1.5966e-06,0,0.000677148,0.00144678
0,0.000157856,-1.27698e-06,1.69205e-06,0,0.000627639,0.000366015
0,-0.00539744,-7.1738e-06,1.68599e-06,0,0.000581751,-0.000767043
0,-0.0109698,-1.30622e-05,1.55726e-06,0,0.000539218,-0.00189196
0,-0.0162016,-1.85593e-05,1.30779e-06,0,0.000499796,-0.00293768
0,-0.0207926,-2.33447e-05,9.47599e-07,0,0.000463257,-0.00384716
0,-0.0246199,-2.72876e-05,4.95061e-07,0,0.000429389,-0.00460149
0,-0.0253964,-2.78205e-05,-4.08339e-08,0,0.000282407,-0.00524966
0,-0.0246215,-2.66816e-05,-5.95646e-07,0,-1.14597e-05,-0.0053522
0,-0.0227029,-2.43149e-05,-1.13326e-06,0,-0.000343825,-0.00524932
0,-0.0202368,-2.13576e-05,-1.62785e-06,0,-0.000687504,-0.00505547
0,-0.0172057,-1.7797e-05,-2.06535e-06,0,-0.00103588,-0.00474475
-5.84073e-05,-0.0135552,-1.3582e-05,-2.43375e-06,0,-0.00138509,-0.00430068
-0.000392163,-0.00914686,-8.57335e-06,-2.72014e-06,0,-0.00172652,-0.0036902
-0.00072592,-0.00230358,-1.00774e-06,-2.90664e-06,0,-0.00205239,-0.0025397
-0.00105968,0.00848691,1.06972e-05,-2.95327e-06,0,-0.00236062,-0.000556939
-0.00139343,0.0181636,2.11733e-05,-2.7803e-06,0,-0.00265056,0.00108157
-0.00172719,0.0247027,2.82771e-05,-2.3935e-06,0,-0.00292185,0.00206553
-0.00206094,0.0278553,3.17493e-05,-1.84927e-06,0,-0.00317412,0.00239689
-0.0023947,0.0281743,3.21817e-05,-1.22123e-06,0,-0.00340693,0.00220741
0.00227789,0.00845195,6.12001e-06,-5.79105e-07,0,0.00138661,0.00188886
0.00194413,0.00575548,3.39371e-06,-3.65489e-07,0,0.00119448,0.00184994
0.00161037,0.00409321,1.75988e-06,-2.88072e-07,0,0.00102377,0.00144219
0.00127662,0.00221261,-1.05945e-07,-2.47156e-07,0,0.00087537,0.00097698
0.000942861,0.000924687,-1.34489e-06,-2.43678e-07,0,0.000750224,0.000670163
0.000609105,-0.00016075,-2.36982e-06,-2.66859e-07,0,0.000649215,0.000408752
0.000275349,-0.00127947,-3.42945e-06,-3.11693e-07,0,0.000572613,0.000146844
0,-0.0017609,-3.81458e-06,-3.76573e-07,0,0.000517964,3.66608e-05
0,-0.00144221,-3.35479e-06,-4.51709e-07,0,0.000476763,9.21378e-05
0,-0.0011454,-2.92106e-06,-5.20415e-07,0,0.000441049,0.000122781
0,-0.000901514,-2.54651e-06,-5.80137e-07,0,0.000408593,0.000144271
0,-0.000572489,-2.08548e-06,-6.32003e-07,0,0.000378679,0.000188182
0,7.72112e-05,-1.28983e-06,-6.74866e-07,0,0.000350996,0.000303249
0,0.00119664,-3.7899e-09,-7.02253e-07,0,0.000325348,0.000516106
0,0.00280611,1.79163e-06,-7.05544e-07,0,0.000301577,0.000826989
0,0.00479958,3.98144e-06,-6.742e-07,0,0.000279544,0.00121145
0,0.00706224,6.44139e-06,-5.98951e-07,0,0.000259122,0.00164665
0,0.0096549,9.23309e-06,-4.77503e-07,0,0.000240192,0.00214936
0,0.0114705,1.11843e-05,-3.02613e-07,0,0.000222645,0.00246967
0,0.0129049,1.27142e-05,-8.57562e-08,0,0.000206381,0.00272746
0,0.0136439,1.34912e-05,1.63173e-07,0,0.000191305,0.00284103
0,0.013333,1.3143e-05,4.31443e-07,0,0.00017733,0.00273975
0,0.0119165,1.16151e-05,6.95522e-07,0,0.000164377,0.00242109
0,0.00931948,8.83375e-06,9.31643e-07,0,0.00015237,0.00186976
0,0.0055231,4.78568e-06,1.11805e-06,0,0.000141241,0.00108358
0,0.00101762,-3.53682e-09,1.22793e-06,0,0.000130924,0.000172927
0,-0.00423136,-5.56301e-06,1.23744e-06,0,0.000121362,-0.000883782
0,-0.00946162,-1.10808e-05,1.14564e-06,0,0.000112498,-0.00191479
0,-0.014684,-1.65636e-05,9.43336e-07,0,0.000104281,-0.00294407
0,-0.0196114,-2.17034e-05,6.31255e-07,0,9.66652e-05,-0.00390696
0,-0.023781,-2.60087e-05,2.15175e-07,0,8.96055e-05,-0.00470793
0,-0.0270119,-2.92876e-05,-2.89931e-07,0,8.30615e-05,-0.00531949
0,-0.0266607,-2.85941e-05,-8.64206e-07,0,-4.49057e-05,-0.00574387
0,-0.0260299,-2.75755e-05,-1.43782e-06,0,-0.000329738,-0.00590645
0,-0.0242814,-2.53573e-05,-1.99188e-06,0,-0.000656936,-0.00583404
0,-0.0216146,-2.21574e-05,-2.50457e-06,0,-0.000997497,-0.00558615
0,-0.0181722,-1.81333e-05,-2.95732e-06,0,-0.00134357,-0.00518335
-0.000196394,-0.0139378,-1.32752e-05,-3.33206e-06,0,-0.00168807,-0.00461324
-0.00053795,-0.00875972,-7.43098e-06,-3.61456e-06,0,-0.00202177,-0.00383948
-0.000879505,0.000259851,2.4505e-06,-3.77487e-06,0,-0.00233929,-0.0022156
-0.00122106,0.0114251,1.45574e-05,-3.76045e-06,0,-0.00263912,-0.000202836
-0.00156262,0.020416,2.43086e-05,-3.49351e-06,0,-0.00292068,0.00127894
-0.00190417,0.0258028,3.01926e-05,-3.03172e-06,0,-0.00318355,0.00203177
-0.00224573,0.0279202,3.25698e-05,-2.44846e-06,0,-0.0034273,0.00217175
0.00253605,0.00810752,6.3258e-06,-1.80538e-06,0,0.00147194,0.00187081
0.00219449,0.00567465,3.91505e-06,-1.60014e-06,0,0.00126814,0.00188546
0.00185294,0.0069116,5.37743e-06,-1.51581e-06,0,0.00108539,0.00210865
0.00151138,0.00662376,5.21418e-06,-1.41118e-06,0,0.000924549,0.00190761
0.00116983,0.00587332,4.55205e-06,-1.30657e-06,0,0.00078657,0.00166633
0.000828272,0.00480941,3.55075e-06,-1.21421e-06,0,0.000672452,0.00138648
0.000486716,0.00326683,2.03782e-06,-1.13969e-06,0,0.000582973,0.00102348
0.000145161,0.00166272,4.569e-07,-1.09364e-06,0,0.000517702,0.000670962
0,0.00106701,-6.01088e-08,-1.07897e-06,0,0.00047121,0.000552483
0,0.000718851,-3.19064e-07,-1.07836e-06,0,0.00043451,0.000464493
0,0.000324171,-6.30863e-07,-1.0837e-06,0,0.000402167,0.000361374
0,-2.96015e-05,-9.02548e-07,-1.09523e-06,0,0.000372627,0.00027061
0,-0.000106565,-8.84666e-07,-1.1126e-06,0,0.00034536,0.000242407
0,0.000386928,-2.67802e-07,-1.13034e-06,0,0.000320116,0.000335788
0,0.00152086,1.01984e-06,-1.13816e-06,0,0.000296725,0.000558038
0,0.00334649,3.02934e-06,-1.12099e-06,0,0.000275046,0.000918564
0,0.00563068,5.51083e-06,-1.06743e-06,0,0.000254951,0.00136358
0,0.00344072,3.25133e-06,-9.65901e-07,0,0.000236325,0.000793996
0,-0.0179569,-1.92938e-05,-8.92966e-07,0,0.000219061,-0.00395331
0,-0.0571983,-6.06058e-05,-1.19993e-06,0,0.000203058,-0.0121572
0,-0.09,-0.000265845,-2.26746e-06,0,0.000188224,-0.0226639
0,-0.09,-0.00171836,-7.07126e-06,0,0.000174474,-0.033993
0,-0.09,-0.00700514,-3.49021e-05,0,0.000161729,-0.0461449
0,-0.09,-0.0229478,-0.000151214,0,0.000149915,-0.0584815
0,-0.09,-0.0747834,-0.000530457,0,0.000138965,-0.0718227
0,-0.09,-0.222443,-0.00161144,-0.107808,0.000128814,-0.0851466
0,-0.09,-0.617365,-0.00495285,-0.126418,0.000119406,-0.1017
0,-0.09,-1.78038,-0.0137458,-0.150913,0.000110684,-0.124459
0,-0.09,-5.72547,-0.0388863,-0.130752,0.0001026,-0.141007
0,-0.09,-15,-0.115917,-0.109529,9.51065e-05,-0.154273
0,-0.09,-15,-0.239015,-0.0905501,8.81604e-05,-0.165586
0,-0.09,-15,-0.516515,-0.0781091,8.17218e-05,-0.173933
0,-0.09,-15,-0.816515,-0.0703557,7.57535e-05,-0.179732
0,-0.09,-15,-1.11652,-0.0666244,7.02213e-05,-0.183267
0,-0.09,-15,-1.41652,-0.0653801,-0.00281917,-0.185618
0,-0.09,-15,-1.71652,-0.0654766,-0.00943032,-0.187339
0,-0.09,-14.8128,-2.01652,-0.0658027,-0.0170538,-0.188931
0,-0.09,-14.4191,-2.31418,-0.0665948,-0.0250045,-0.189915
0,-0.09,-13.8871,-2.60433,-0.067871,-0.0331026,-0.190141
-0.00347315,-0.0934732,-13.2738,-2.88579,-0.0688817,-0.0412048,-0.19075
-0.0116453,-0.101645,-12.616,-3.15403,-0.0693171,-0.0490929,-0.192114
-0.0198174,-0.109817,-11.9344,-3.40964,-0.0692217,-0.0566135,-0.193689
-0.0279895,-0.11799,-11.2416,-3.65139,-0.0692173,-0.0637237,-0.195529
-0.0361617,-0.126162,-10.546,-3.879,-0.0694468,-0.0704075,-0.197482
-0.0443338,-0.134334,-9.85417,-4.09479,-0.0695166,-0.0766545,-0.199881
-0.0525059,-0.142506,-9.17119,-4.29671,-0.0694575,-0.0824536,-0.203031
-0.060678,-0.219914,-8.50083,-4.48355,-0.0692361,-0.0877919,-0.206877
0.0537317,-0.019924,-8.50083,-4.66697,-0.0692361,0.0299278,-0.170334
0.0441295,-0.019924,-8.50083,-4.8825,-0.0692361,0.025574,-0.0940321
0.0367746,-0.0532254,-8.86415,-5.04758,4.49185e-11,0.0217457,-0.088391
0.0292153,-0.0607847,-8.64177,-5.21387,-6.46235e-27,0.0184426,-0.0909801
0.0210432,-0.0689568,-8.38979,-5.3877,0,0.01569,-0.0927163
0.0128711,-0.0771289,-8.15034,-5.55663,0,0.0135171,-0.0942127
0.00469897,-0.085301,-7.98763,-5.7206,0,0.0119228,-0.0961702
0,-0.09,-8.0049,-5.88108,0,0.0108045,-0.0984571
0,-0.09,-8.24004,-6.0411,-0.0182571,0.00995029,-0.100265
0,-0.09,-8.56028,-6.20426,-0.0661401,0.00920628,-0.101368
0,-0.09,-8.84341,-6.37322,-0.110529,0.00852915,-0.102148
0,-0.09,-9.08918,-6.54783,-0.113253,0.0079048,-0.102708
0,-0.09,-9.31691,-6.72838,-0.114551,0.00732693,-0.103442
0,-0.09,-9.55686,-6.91358,-0.115222,0.00679152,-0.104559
0,-0.09,-9.84788,-7.1034,-0.116019,0.0062953,-0.106188
0,-0.09,-10.2155,-7.29905,-0.117612,0.00583536,-0.108297
0,-0.09,-10.6923,-7.5006,-0.120527,0.00540904,-0.110846
0,-0.09,-11.2741,-7.71158,-0.124588,0.00501387,-0.113627
0,-0.09,-11.9622,-7.9327,-0.130814,0.00464758,-0.11688
0,-0.09,-12.7565,-8.16782,-0.137688,0.00430806,-0.120278
0,-0.09,-13.6815,-8.41699,-0.145757,0.00399335,-0.124179
0,-0.09,-14.5417,-8.68461,-0.154713,0.00370164,-0.128275
0,-0.09,-14.9384,-8.96813,-0.166987,0.00343124,-0.132513
0,-0.09,-15,-9.26353,-0.185821,0.0031806,-0.137211
0,-0.09,-15,-9.56313,-0.176655,0.00294827,-0.141896
0,-0.09,-15,-9.86313,-0.154758,0.00273292,-0.147313
0,-0.09,-15,-10.1631,-0.13361,0.0025333,-0.152268
0,-0.09,-15,-10.4631,-0.115362,0.00234827,-0.156924
0,-0.09,-15,-10.7631,-0.101593,0.00217676,-0.160322
0,-0.09,-15,-11.0631,-0.0910497,0.00201778,-0.162188
0,-0.09,-15,-11.3631,-0.0834958,0.00187041,-0.162909
0,-0.09,-15,-11.6631,-0.0778764,0.00173381,-0.162835
0,-0.09,-15,-11.9631,-0.0734777,0.00160718,-0.162299
0,-0.09,-15,-12.2631,-0.0697824,0.00148981,-0.161506
0,-0.09,-14.851,-12.5631,-0.0664044,-0.00177845,-0.160596
0,-0.09,-13.9048,-12.863,-0.0635845,-0.00911563,-0.159325
0,-0.09,-12.7524,-13.1477,-0.0640858,-0.0175526,-0.155355
0,-0.09,-11.5637,-13.4114,-0.065098,-0.0263333,-0.151852
0,-0.09,-10.3796,-13.651,-0.0659037,-0.0352378,-0.149406
-0.00798183,-0.0979818,-9.21273,-13.8663,-0.0662209,-0.0440204,-0.148207
-0.0166108,-0.106611,-8.07059,-14.0587,-0.0657229,-0.0524409,-0.148083
-0.0252399,-0.11524,-6.95877,-14.2281,-0.065274,-0.0604222,-0.148236
-0.0338689,-0.123869,-5.88092,-14.3723,-0.0655499,-0.0679415,-0.148378
-0.0424979,-0.132498,-4.83988,-14.4974,-0.066044,-0.0749879,-0.148893
-0.0511269,-0.141127,-3.8378,-14.6015,-0.066463,-0.0815517,-0.149899
-0.0597559,-0.21658,-2.8762,-14.6828,-0.0668238,-0.0876216,-0.151256
0.0610502,-0.0871446,-2.8762,-14.747,-0.0668238,0.0362514,-0.142744
0.0519898,-0.0871446,-2.8762,-14.8074,-0.0668238,0.0312168,-0.0712565
0.0437922,-0.0462078,-2.88064,-14.8621,8.50539e-11,0.0267268,-0.0250717
0.0351632,-0.0548368,-1.95921,-14.9197,0,0.0227999,-0.0253886
0.0265342,-0.0634658,-1.0662,-14.963,0,0.0194631,-0.0253001
0.0179052,-0.0720948,-0.216947,-14.9883,0,0.0167418,-0.0244513
0.00927619,-0.0807238,0.589301,-14.9982,0,0.0146523,-0.0234642
0.000647176,-0.0893528,1.35302,-14.9917,0,0.0131674,-0.0231149
0,-0.09,2.07486,-14.968,0,0.0120845,-0.022017
0,-0.09,2.75627,-14.9312,0,0.0111699,-0.0188946
0,-0.09,3.39902,-14.8802,0,0.0103454,-0.014703
0,-0.09,4.00443,-14.8151,0,0.0095873,-0.00969424
0,-0.0710879,4.57367,-14.7377,0,0.00888619,-0.00559693
0,-0.0497052,5.10772,-14.6488,0,0.00823676,-0.00172718
0,-0.0289898,5.60792,-14.5477,0,0.00763489,0.00195284
0,-0.0120768,6.0758,-14.4373,0,0.00707705,0.0048266
0,-0.000738162,6.5123,-14.317,0,0.00655998,0.00658309
0,0.00486648,6.91832,-14.1883,0,0.0060807,0.00723442
0,0.0058226,7.29506,-14.0513,0,0.00563645,0.0070265
0,0.00324165,7.64388,-13.9067,0,0.00522466,0.00617615
0,-0.00128068,7.96609,-13.7551,0,0.00484297,0.00500809
0,-0.00639174,8.26285,-13.5967,0,0.00448917,0.00377902
0,-0.0117351,8.53521,-13.4321,0,0.00416123,0.00252934
0,-0.0160155,8.78424,-13.2619,0,0.00385724,0.00153806
0,-0.0188796,9.01101,-13.0868,0,0.00357548,0.000846702
0,-0.0202,9.2166,-12.9074,0,0.0033143,0.000472863
0,-0.0200266,9.40204,-12.7236,0,0.0030722,0.000400779
0,-0.0184701,9.56831,-12.5359,0,0.00284779,0.0006062
0,-0.0157098,9.71638,-12.3451,0,0.00263978,0.00105125
0,-0.0120337,9.84711,-12.1513,0,0.00244697,0.00167574
0,-0.00766788,9.96132,-11.9549,0,0.00226825,0.00243638
0,-0.00330896,10.0598,-11.756,0,0.00210258,0.00318282
0,-0.000364163,10.1401,-11.5552,0,0.00200233,0.00387577
0,0.00270281,10.2082,-11.3526,0,0.00198211,0.00451123
0,0.00574794,10.2627,-11.1485,0,0.00199099,0.00514702
0,0.00925392,10.3041,-10.9434,0,0.00201554,0.00589114
0,0.0136309,10.3332,-10.7375,0,0.00205164,0.00681898
7.87185e-05,0.0180772,10.3504,-10.5309,0,0.00209569,0.00773682
0.000228659,0.0220593,10.3562,-10.324,0,0.00214304,0.00854603
0.000378599,0.0247245,10.3513,-10.1169,0,0.0021906,0.00906963
0.000528539,0.0263102,10.3362,-9.90981,0,0.00223715,0.00938434
0.000678479,0.0272628,10.3114,-9.70303,0,0.00228193,0.00958304
0.000828419,0.0265947,10.2774,-9.49674,0,0.0023243,0.00943121
0.000978359,0.0238833,10.2347,-9.29111,0,0.00236365,0.00886148
-0.0011208,0.0271717,10.1826,-9.08633,0,0.000150255,0.00777232
-0.000970862,0.0298719,10.1238,-8.8825,0,0.000181676,0.00822735
-0.000820922,0.0351285,10.0576,-8.67987,0,0.000208149,0.00932801
-0.000670982,0.0274998,9.98427,-8.47849,0,0.000228984,0.00746092
-0.000521042,0.0169476,9.90458,-8.27855,0,0.000243475,0.00529459
-0.000371102,0.00729977,9.8189,-8.08018,0,0.000250915,0.00340657
-0.000221162,-0.00194621,9.72748,-7.88358,0,0.000250707,0.00157753
-7.12215e-05,-0.0102575,9.63054,-7.68885,0,0.000242769,-5.70658e-05
0,-0.0160735,9.52835,-7.4959,0,0.000229109,-0.00116062
0,-0.019913,9.42129,-7.30498,0,0.000213459,-0.0018922
0,-0.0220161,9.30972,-7.11634,0,0.000198168,-0.00229049
0,-0.0223205,9.194,-6.92975,0,0.000183788,-0.00233464
0,-0.0210213,9.07449,-6.74541,0,0.000170403,-0.00207011
0,-0.0184806,8.95153,-6.56362,0,0.000157981,-0.0015725
0,-0.0151682,8.82542,-6.38428,0,0.000146461,-0.0009369
0,-0.0115625,8.69646,-6.20733,0,0.000135781,-0.000257282
0,-0.00805278,8.56488,-6.03295,0,0.00012588,0.00039263
0,-0.00491717,8.43096,-5.86119,0,0.0001167,0.000961469
0,-0.00238256,8.29491,-5.69211,0,0.000108191,0.00140624
0,-0.000772028,8.15697,-5.52573,0,0.000100302,0.00166095
0,3.36077e-05,8.01737,-5.36211,0,9.29885e-05,0.00176142
0,6.29837e-05,7.87633,-5.20127,0,8.62085e-05,0.00171074
0,-0.000650473,7.73407,-5.04325,0,7.9923e-05,0.0015156
0,-0.00211685,7.5908,-4.88807,0,7.40959e-05,0.0011728
0,-0.00439835,7.44672,-4.73576,0,6.86939e-05,0.00066872
0,-0.00741026,7.30202,-4.58632,0,6.36858e-05,2.41051e-05
0,-0.0111058,7.15688,-4.43984,0,5.9043e-05,-0.000752933
0,-0.0153898,7.01146,-4.2962,0,5.47387e-05,-0.00164237
0,-0.0201041,6.86593,-4.15546,0,5.07484e-05,-0.00261144
0,-0.0249636,6.72044,-4.01763,0,4.7049e-05,-0.00360066
0,-0.0295496,6.57516,-3.88271,0,4.36194e-05,-0.00452424
0,-0.0334292,6.43023,-3.7507,0,4.04399e-05,-0.00529693
0,-0.0361737,6.2858,-3.62159,0,3.74923e-05,-0.00583487
0,-0.0345714,6.13866,-3.49537,0,-9.90446e-05,-0.00607907
0,-0.0322881,5.99606,-3.37208,0,-0.00040804,-0.00596116
0,-0.0284684,5.85444,-3.25166,0,-0.00076375,-0.00552549
0,-0.023311,5.71387,-3.13422,0,-0.00113417,-0.00483051
0,-0.0173679,5.57447,-3.01945,0,-0.00151006,-0.00398768
-0.000320918,-0.0106387,5.43632,-2.90747,0,-0.0018814,-0.00297661
-0.000687682,-0.00381513,5.29951,-2.79826,0,-0.00223799,-0.00194991
-0.00105445,-0.000323826,5.1641,-2.69179,0,-0.0025762,-0.00165513
-0.00142121,0.00213847,5.03014,-2.58804,0,-0.00289496,-0.00147882
-0.00178797,0.00379236,4.89771,-2.48696,0,-0.00319377,-0.00143592
-0.00215474,0.00417593,4.76688,-2.38855,0,-0.00347222,-0.00163545
-0.0025215,-0.00105328,4.63771,-2.29275,0,-0.00372981,-0.00303677
0.00261319,-0.0303881,4.51745,-2.19954,0,0.00153551,-0.00497461
0.00224643,-0.0302792,4.39125,-2.10877,0,0.00132152,-0.00414278
0.00187966,-0.0272449,4.26691,-2.02044,0,0.00113051,-0.00361777
0.0015129,-0.033368,4.1445,-1.93486,0,0.000963443,-0.00520462
0.00114614,-0.0393569,4.02398,-1.8516,0,0.000821362,-0.006481
0.000779373,-0.0440302,3.9054,-1.77088,0,0.000705328,-0.00744658
0.000412609,-0.0466148,3.78881,-1.69236,0,0.000616045,-0.0079655
4.58455e-05,-0.046307,3.67425,-1.61635,0,0.000552459,-0.00788461
0,-0.0418926,3.56177,-1.54258,0,0.000506365,-0.00695899
0,-0.0351396,3.45138,-1.47095,0,0.000467865,-0.00562146
0,-0.0275659,3.3431,-1.40153,0,0.000433286,-0.00416321
0,-0.0192231,3.23695,-1.33429,0,0.000401523,-0.00255331
0,-0.010323,3.13293,-1.26918,0,0.000372158,-0.000837956
0,-0.00118329,3.03103,-1.20616,0,0.000344959,0.000917459
0,0.00794612,2.93123,-1.14518,0,0.000319754,0.00266578
0,0.0162639,2.83353,-1.08621,0,0.000296391,0.00423433
0,0.0233926,2.7379,-1.02929,0,0.000274737,0.00556102
0,0.0294468,2.64436,-0.974344,0,0.000254665,0.00668206
0,0.0340117,2.55288,-0.921129,0,0.000236059,0.00750119
0,0.0370734,2.46347,-0.869751,0,0.000218814,0.00802688
0,0.0385851,2.37612,-0.820169,0,0.000202829,0.00824897
0,0.0384498,2.29082,-0.772341,0,0.000188012,0.00814696
0,0.0365688,2.20756,-0.726226,0,0.000174277,0.0077014
0,0.0331891,2.12633,-0.681783,0,0.000161547,0.00697038
0,0.0282818,2.04711,-0.638973,0,0.000149746,0.0059404
0,0.0221276,1.96989,-0.597753,0,0.000138808,0.00467509
0,0.0149756,1.89465,-0.558085,0,0.000128669,0.00322238
0,0.0072198,1.82136,-0.520004,0,0.00011927,0.00166343
0,-0.000717135,1.75,-0.483393,0,0.000110559,8.1848e-05
0,-0.00848582,1.68053,-0.448215,0,0.000102484,-0.00145603
0,-0.015753,1.61294,-0.414431,0,9.49986e-05,-0.00288541
0,-0.0218701,1.54719,-0.381935,0,8.80604e-05,-0.00407037
0,-0.0245965,1.48363,-0.350761,0,-1.33921e-05,-0.00498664
0,-0.0269478,1.42146,-0.320866,0,-0.000236994,-0.00567993
0,-0.0277386,1.36107,-0.292219,0,-0.000493498,-0.00603938
0,-0.0268907,1.30241,-0.264786,0,-0.000760286,-0.00607404
0,-0.0246031,1.24547,-0.238533,0,-0.00103118,-0.00582613
-0.000165786,-0.0211316,1.19022,-0.213424,0,-0.00130038,-0.00534384
-0.000431045,-0.0161306,1.13662,-0.189426,0,-0.00156071,-0.00454036
-0.000696303,-0.00945788,1.08466,-0.166506,0,-0.00180825,-0.00339263
-0.000961561,0.000333875,1.03429,-0.144631,0,-0.0020419,-0.00157988
-0.00122682,0.00958562,0.985484,-0.123769,0,-0.00226124,3.73946e-05
-0.00149208,0.015818,0.938209,-0.103889,0,-0.00246595,0.00100718
-0.00175734,0.0191429,0.892435,-0.0849592,0,-0.00265569,0.00142509
0.00195628,0.00505679,0.848881,-0.0669503,0,0.00114881,0.00142646
0.00169102,0.000784219,0.805975,-0.0498202,0,0.000990313,0.000858125
0.00142576,-0.00271996,0.764487,-0.0335935,0,0.000848265,8.94974e-05
0.0011605,-0.00375904,0.724385,-0.0181585,0,0.000723334,-0.00013163
0.000895246,-0.0037633,0.685639,-0.00353048,0,0.000616263,-0.000174188
0.000629988,-0.003318,0.648218,0.0103179,0,0.000527823,-0.000130491
0.00036473,-0.00289069,0.612091,0.0234133,0,0.000458596,-9.14607e-05
9.94718e-05,-0.00246138,0.577229,0.0357815,0,0.000408174,-4.30096e-05
0,-0.00112425,0.543604,0.0474307,0,0.000372052,0.000213875
0,0.000273363,0.511185,0.0584205,0,0.000343218,0.000461596
0,0.00122391,0.479942,0.0687576,0,0.000317708,0.000609434
0,0.00181254,0.449848,0.0784502,0,0.000294381,0.000690478
0,0.00228261,0.420873,0.0875525,0,0.000272842,0.000756711
0,0.00298683,0.392992,0.0960279,0,0.0002529,0.000880208
0,0.00413088,0.366175,0.103985,0,0.000234421,0.00109702
0,0.0057003,0.340394,0.111403,0,0.000217294,0.00139801
0,0.00761913,0.315623,0.118301,0,0.000201418,0.00176649
0,0.00976688,0.291833,0.1247,0,0.000186704,0.00217752
0,0.0118466,0.269001,0.130596,0,0.000173064,0.00256787
0,0.013513,0.247097,0.136056,0,0.000160421,0.00286846
0,0.0146776,0.226097,0.141075,0,0.000148702,0.00306913
0,0.0150991,0.205974,0.14567,0,0.00013784,0.00311825
0,0.0144487,0.186704,0.14983,0,0.000127771,0.00294886
0,0.0126383,0.168262,0.153602,0,0.000118437,0.00255046
0,0.0096764,0.150622,0.157032,0,0.000109786,0.0019274
0,0.00554918,0.13376,0.160106,0,0.000101767,0.00107628
0,0.000822751,0.117653,0.162841,0,9.4334e-05,0.000124335
0,-0.00446636,0.102278,0.16525,0,8.74438e-05,-0.000936251
0,-0.00990807,0.0876158,0.167349,0,8.10571e-05,-0.00201464
0,-0.0151792,0.0736441,0.169153,0,7.5137e-05,-0.00304998
0,-0.0199622,0.0603436,0.170661,0,6.96494e-05,-0.00398027
0,-0.0239866,0.0476929,0.171908,0,6.45628e-05,-0.00475386
0,-0.0271598,0.0356708,0.172906,0,5.98477e-05,-0.00535764
0,-0.0265164,0.0244972,0.173661,0,-6.70994e-05,-0.00572356
0,-0.025611,0.0136632,0.174179,0,-0.000351891,-0.00583428
0,-0.0235825,0.00339458,0.17449,0,-0.000679313,-0.00570678
0,-0.0206172,-0.00632865,0.174594,0,-0.00101995,-0.00539774
-8.30838e-06,-0.0168623,-0.0155255,0.174502,0,-0.00136497,-0.00492873
-0.000340644,-0.0122978,-0.0242133,0.17421,0,-0.00170433,-0.00428704
-0.000672979,-0.00592941,-0.0324086,0.173743,0,-0.00202888,-0.00324846
-0.00100531,0.00463145,-0.0401264,0.173123,0,-0.0023362,-0.00130503
-0.00133765,0.0151483,-0.0473853,0.172348,0,-0.00262554,0.000526812
-0.00166998,0.0228231,-0.0542017,0.171425,0,-0.00289652,0.00173998
-0.00200232,0.0267989,-0.0605928,0.170362,0,-0.00314876,0.00222193
-0.00233465,0.0278482,-0.0665757,0.169163,0,-0.00338185,0.00217083
0.00231804,0.00829784,-0.0720881,0.167852,0,0.0013898,0.00184979
0.0019857,0.00495994,-0.0773222,0.16643,0,0.00119677,0.00165915
0.00165337,0.00259399,-0.0821905,0.164901,0,0.00102485,0.00110919
0.00132103,0.000338634,-0.0867083,0.163275,0,0.000874893,0.000577308
0.000988697,-0.000916965,-0.0908882,0.161552,0,0.000747859,0.000286049
0.000656362,-0.00164372,-0.0947442,0.159749,0,0.000644689,0.000102373
0.000324027,-0.00232284,-0.09829,0.157867,0,0.00056592,-7.21943e-05
0,-0.00252318,-0.101538,0.15591,0,0.00051019,-0.000132275
0,-0.00176018,-0.104499,0.153889,0,0.000469143,1.46295e-05
0,-0.00101345,-0.107187,0.151807,0,0.000433875,0.000133443
0,-0.0004296,-0.109614,0.14967,0,0.000401912,0.000218338
0,8.11176e-05,-0.111791,0.147484,0,0.000372476,0.000293309
0,0.000773579,-0.113729,0.145252,0,0.000345242,0.000412787
0,0.00186714,-0.115438,0.142984,0,0.000320011,0.000618613
0,0.00344649,-0.116928,0.140679,0,0.000296627,0.000923471
0,0.00534751,-0.11821,0.138346,0,0.000274954,0.00128808
0,0.00757817,-0.119293,0.135987,0,0.000254865,0.00171875
0,0.00978039,-0.120187,0.133605,0,0.000236244,0.00213491
0,0.0118724,-0.120901,0.131205,0,0.000218984,0.00252826
0,0.0135302,-0.121445,0.128788,0,0.000202985,0.00282842
0,0.0144906,-0.121826,0.126361,0,0.000188156,0.00298543
0,0.0144636,-0.122055,0.123926,0,0.00017441,0.00294167
0,0.0133405,-0.122139,0.121486,0,0.000161669,0.00268092
0,0.0110678,-0.122087,0.119043,0,0.000149859,0.00219416
0,0.00765779,-0.121905,0.116601,0,0.000138912,0.00148561
0,0.00329568,-0.121602,0.114163,0,0.000128764,0.00059639
0,-0.00169163,-0.121184,0.11173,0,0.000119358,-0.000405505
0,-0.00700121,-0.120656,0.109305,0,0.00011064,-0.00146144
0,-0.0123301,-0.120024,0.10689,0,0.000102558,-0.00251211
0,-0.0173291,-0.119293,0.104488,0,9.50674e-05,-0.00348782
0,-0.0217474,-0.11847,0.102099,0,8.81237e-05,-0.00434224
0,-0.0253731,-0.117559,0.099727,0,8.16872e-05,-0.00503499
0,-0.0258239,-0.116584,0.0973726,0,-3.57918e-05,-0.00557771
0,-0.0261453,-0.115512,0.0950375,0,-0.000296735,-0.00590588
0,-0.0251837,-0.11437,0.0927246,0,-0.000596389,-0.00595675
0,-0.0230249,-0.113163,0.0904332,0,-0.000908183,-0.00577396
0,-0.0198479,-0.111897,0.0881669,0,-0.00122477,-0.00538983
-0.000209353,-0.0156807,-0.110576,0.0859265,0,-0.00153903,-0.0048014
-0.000519506,-0.0104573,-0.109205,0.0837103,0,-0.00184253,-0.00399073
-0.000829659,-0.000855546,-0.107784,0.0815214,0,-0.00213098,-0.00221405
-0.00113981,0.0105805,-0.106319,0.0793608,0,-0.00240317,-0.000134777
-0.00144997,0.0196619,-0.104817,0.0772293,0,-0.00265862,0.00138046
-0.00176012,0.0254886,-0.103281,0.0751277,0,-0.00289696,0.0022487
-0.00207027,0.0279518,-0.101717,0.0730567,0,-0.00311779,0.00247163
0.00227187,0.0102051,-0.100181,0.0710169,0,0.00133167,0.0022391
0.00196172,0.00663836,-0.0985739,0.0690094,0,0.00114741,0.00194262
0.00165156,0.00522052,-0.0969434,0.0670347,0,0.00098241,0.00161554
0.00134141,0.00410478,-0.0952939,0.0650901,0,0.000837458,0.00131472
0.00103126,0.00323819,-0.0936285,0.0631801,0,0.000713427,0.00107974
0.000721106,0.00239629,-0.09195,0.0613017,0,0.000611216,0.000860007
0.000410953,0.00137252,-0.090261,0.0594569,0,0.000531492,0.000612403
0.0001008,0.000426209,-0.0885638,0.0576474,0,0.000473695,0.000396653
0,0.000474093,-0.0868597,0.0558727,0,0.000432224,0.000406929
0,0.000657584,-0.0851517,0.0541296,0,0.000398845,0.000422548
0,0.000632055,-0.0834423,0.0524206,0,0.000369231,0.000389543
0,0.000535898,-0.0817331,0.0507457,0,0.000342129,0.000348314
0,0.000635797,-0.0800259,0.0491051,0,0.000317099,0.000354553
0,0.00120848,-0.0783221,0.0474986,0,0.000293922,0.000462633
0,0.00241085,-0.0766231,0.0459262,0,0.000272445,0.000699811
0,0.00416268,-0.0749307,0.0443895,0,0.00025254,0.00104358
0,0.00636016,-0.0732464,0.0428867,0,0.000234089,0.00147285
0,0.00868596,-0.0715719,0.0414175,0,0.000216987,0.00191935
0,0.0109148,-0.0699087,0.0399802,0,0.000201135,0.00234145
0,0.0128689,-0.0682582,0.0385779,0,0.000186441,0.00270561
0,0.0141769,-0.0666219,0.0372086,0,0.000172821,0.00293351
0,0.014414,-0.0650015,0.0358729,0,0.000160196,0.0029404
0,0.013524,-0.0633979,0.0345672,0,0.000148494,0.00272557
0,0.011448,-0.0618123,0.0332936,0,0.000137647,0.00227737
0,0.00819108,-0.0602455,0.0320518,0,0.000127592,0.00159855
0,0.00399605,-0.058698,0.0308414,0,0.000118272,0.000743353
0,-0.00109055,-0.0571705,0.029662,0,0.000109634,-0.000284691
0,-0.00672204,-0.0556632,0.0285133,0,0.000101626,-0.00140923
0,-0.0121591,-0.0541756,0.0273947,0,9.42031e-05,-0.00247438
0,-0.0173922,-0.0527084,0.0263075,0,8.73227e-05,-0.00349889
0,-0.021913,-0.0512614,0.0252504,0,8.09451e-05,-0.00436912
0,-0.0256883,-0.0498351,0.0242223,0,7.50333e-05,-0.005092
0,-0.0260175,-0.0484603,0.0232227,0,-5.04187e-05,-0.00564203
0,-0.0260455,-0.0470724,0.0222487,0,-0.000330306,-0.0059291
0,-0.0250268,-0.0457062,0.0213024,0,-0.000652005,-0.00599931
0,-0.0230444,-0.0443624,0.0203849,0,-0.000987218,-0.00588427
0,-0.0201812,-0.0430411,0.0194929,0,-0.00132915,-0.00559491
-2.61799e-05,-0.0164181,-0.0417427,0.0186275,0,-0.00167439,-0.0051194
-0.000375245,-0.0118651,-0.0404673,0.0177881,0,-0.00201394,-0.00447892
-0.00072431,-0.00514393,-0.0392137,0.0169762,0,-0.00233885,-0.00335954
-0.00107338,0.00597116,-0.0379795,0.0161875,0,-0.00264668,-0.00130057
-0.00142244,0.0163476,-0.0367698,0.0154236,0,-0.00293663,0.000485416
-0.00177151,0.0232211,-0.0355875,0.014684,0,-0.00320822,0.00152425
-0.00212057,0.0268467,-0.0344324,0.0139681,0,-0.00346099,0.00195181
-0.00246964,0.0275756,-0.0333043,0.0132754,0,-0.00369442,0.00184049
0.00241728,0.00730974,-0.0322529,0.0126054,0,0.00132809,0.00158387
0.00206821,0.00538076,-0.0311748,0.0119566,0,0.00113534,0.00173877
0.00171915,0.00478718,-0.0301191,0.0113304,0,0.000964154,0.00154926
0.00137008,0.00328096,-0.0290881,0.0107259,0,0.000815488,0.00113869
0.00102102,0.00227259,-0.02808,0.0101416,0,0.000690389,0.000885465
0.000671951,0.00127653,-0.0270953,0.00957648,0,0.000589867,0.000638404
0.000322885,9.40605e-05,-0.026134,0.00903113,0,0.000514434,0.000362547
0,-0.000605256,-0.0251951,0.00850508,0,0.000462315,0.000208565
0,-0.000474934,-0.0242782,0.0079993,0,0.000424731,0.000231227
0,-0.00035929,-0.0233838,0.00751145,0,0.000392702,0.000229672
0,-0.000328251,-0.022512,0.00704198,0,0.00036375,0.00021146
0,-0.000225753,-0.0216622,0.00658956,0,0.000337106,0.000213297
0,0.000211196,-0.0208338,0.00615335,0,0.000312459,0.000289577
0,0.00119659,-0.0200264,0.00573377,0,0.000289628,0.000480726
0,0.0027255,-0.0192397,0.00533042,0,0.000268468,0.000779502
0,0.00466665,-0.0184736,0.00494287,0,0.000248855,0.00115653
0,0.00693817,-0.0177279,0.00457148,0,0.000230675,0.00159707
0,0.0093009,-0.0170025,0.00421431,0,0.000213824,0.00204974
0,0.011382,-0.0162976,0.00387245,0,0.000198205,0.00243767
0,0.0130535,-0.015613,0.00354509,0,0.000183727,0.00274261
0,0.0139526,-0.0149487,0.00323146,0,0.000170306,0.0028868
0,0.0137978,-0.0143048,0.00293115,0,0.000157867,0.00281732
0,0.0125173,-0.0136809,0.00264345,0,0.000146336,0.00252595
0,0.0100838,-0.0130768,0.00236765,0,0.000135647,0.00200856
0,0.00651727,-0.0124921,0.002104,0,0.00012574,0.00127035
0,0.00200722,-0.0119262,0.00185211,0,0.000116556,0.00035318
0,-0.00312037,-0.0113785,0.0016116,0,0.000108044,-0.000675273
0,-0.00851464,-0.0108483,0.00138212,0,0.000100153,-0.0017456
0,-0.0138348,-0.0103348,0.00116383,0,9.28385e-05,-0.00279135
0,-0.018719,-0.00983736,0.000956102,0,8.60585e-05,-0.0037411
0,-0.0230352,-0.00935547,0.000757614,0,7.97738e-05,-0.00457544
0,-0.0266859,-0.00888874,0.000569541,0,7.39483e-05,-0.0052763
0,-0.0266675,-0.0084425,0.000390133,0,-4.78339e-05,-0.00573638
0,-0.0264462,-0.00800173,0.000219721,0,-0.000319405,-0.00596744
0,-0.0250263,-0.00757456,5.85842e-05,0,-0.000631433,-0.00594257
0,-0.0225477,-0.00716077,-9.4402e-05,0,-0.000956184,-0.00571264
0,-0.0191708,-0.00676021,-0.000239066,0,-0.00128598,-0.0053041
-0.000218495,-0.0149275,-0.0063726,-0.000375672,0,-0.00161341,-0.00471524
-0.000542191,-0.00954765,-0.00599734,-0.00050448,0,-0.00192963,-0.00388203
-0.000865886,-0.000193282,-0.00563113,-0.000625178,0,-0.00223019,-0.00217504
-0.00118958,0.0109655,-0.00527599,-0.000738716,0,-0.00251382,-0.000160133
-0.00151328,0.0200397,-0.00493574,-0.000844946,0,-0.00278,0.00135275
-0.00183697,0.0255977,-0.0046116,-0.000944341,0,-0.00302836,0.00215307
-0.00216067,0.0278409,-0.004303,-0.00103771,0,-0.00325847,0.00232708
0.00237107,0.0092352,-0.00403895,-0.00112454,0,0.0013856,0.00207477
0.00204738,0.00607211,-0.00375868,-0.00120598,0,0.00119361,0.00189303
0.00172368,0.00554593,-0.00348672,-0.00128171,0,0.00102169,0.00174954
0.00139998,0.00470102,-0.00322589,-0.00135199,0,0.00087067,0.00148019
0.00107629,0.00390313,-0.00297551,-0.00141716,0,0.000741469,0.0012497
0.000752593,0.0029737,-0.00273549,-0.00147717,0,0.000635022,0.00100585
0.000428897,0.00184925,-0.00250559,-0.00153272,0,0.000552028,0.000736166
0.000105201,0.000700401,-0.00228534,-0.00158364,0,0.000491902,0.000476267
0,0.00057913,-0.00207337,-0.00163012,0,0.000448801,0.000452972
0,0.000609024,-0.00187034,-0.00167211,0,0.000414132,0.000437682
0,0.000489143,-0.00167629,-0.00171023,0,0.000383381,0.000386688
0,0.000333988,-0.00149085,-0.00174444,0,0.00035524,0.000333785
0,0.000419646,-0.00131347,-0.0017749,0,0.00032925,0.000337441
0,0.000998552,-0.00114362,-0.00180179,0,0.000305185,0.000446317
0,0.00224103,-0.000980899,-0.00182509,0,0.000282885,0.000691356
0,0.00397871,-0.000825232,-0.00184528,0,0.000262217,0.00102992
0,0.00617078,-0.000676443,-0.00186209,0,0.000243059,0.00145752
0,0.00848571,-0.000534653,-0.00187592,0,0.000225302,0.0019009
0,0.0106931,-0.000399877,-0.00188697,0,0.000208842,0.00231773
0,0.01261,-0.00027208,-0.00189544,0,0.000193585,0.00267339
0,0.0139032,-0.000151402,-0.0019012,0,0.000179444,0.00289832
0,0.0141536,-3.80626e-05,-0.00190459,0,0.000166335,0.00290791
0,0.0132705,6.80562e-05,-0.00190563,0,0.000154184,0.00269359
0,0.0112082,0.000167122,-0.00190454,0,0.000142922,0.00224766
0,0.00796239,0.000259347,-0.00190154,0,0.000132482,0.00157034
0,0.00366757,0.000345072,-0.00189658,0,0.000122805,0.000691885
0,-0.00135065,0.000424841,-0.00188998,0,0.000113835,-0.000318575
0,-0.00677132,0.000499173,-0.00188168,0,0.00010552,-0.00139833
0,-0.0122063,0.000568657,-0.00187189,0,9.78131e-05,-0.00246948
0,-0.0173396,0.000633804,-0.00186076,0,9.0669e-05,-0.00347216
0,-0.0219163,0.000695054,-0.00184831,0,8.4047e-05,-0.0043582
0,-0.0257199,0.000752807,-0.00183462,0,7.79087e-05,-0.00508632
0,-0.0260584,0.000808966,-0.00181971,0,-4.75089e-05,-0.00563688
0,-0.0261288,0.000862734,-0.00180373,0,-0.000327031,-0.00593305
0,-0.0250778,0.000913876,-0.00178666,0,-0.000648265,-0.00599461
0,-0.0230597,0.00096238,-0.00176856,0,-0.00098297,-0.00587229
0,-0.0201662,0.00100829,-0.00174948,0,-0.00132437,-0.00557691
-2.61265e-05,-0.0164386,0.00105171,-0.00172948,0,-0.00166906,-0.00511002
-0.00037448,-0.0118075,0.00109284,-0.0017086,0,-0.00200805,-0.00445083
-0.000722834,-0.00505918,0.00113308,-0.00168688,0,-0.00233243,-0.0033274
-0.00107119,0.00607762,0.00117494,-0.00166432,0,-0.00263976,-0.00126417
-0.00141954,0.0162563,0.00121285,-0.00164097,0,-0.00292923,0.000477017
-0.0017679,0.0231794,0.00124448,-0.00161681,0,-0.00320036,0.00153267
-0.00211625,0.0267344,0.00126983,-0.00159203,0,-0.00345272,0.00194308
-0.0024646,0.0274676,0.00128964,-0.00156672,0,-0.00368576,0.00183476
0.00241235,0.00722474,0.00127902,-0.001541,0,0.00132643,0.00157411
0.002064,0.00539176,0.00129161,-0.00151538,0,0.001134,0.00174957
0.00171564,0.00479693,0.00130332,-0.00148959,0,0.000963089,0.00155703
0.00136729,0.00333755,0.00131204,-0.00146356,0,0.00081466,0.00115691
0.00101894,0.00229058,0.00131921,-0.00143734,0,0.000689756,0.000893603
0.000670581,0.0012759,0.00132453,-0.00141098,0,0.000589382,0.000643319
0.000322227,0.000105008,0.0013279,-0.00138451,0,0.00051405,0.000370423
0,-0.000613557,0.00133006,-0.00135796,0,0.000461989,0.000211631
0,-0.000498872,0.00133148,-0.00133136,0,0.000424437,0.000231162
0,-0.00039281,0.00133137,-0.00130474,0,0.000392431,0.000227732
0,-0.000359587,0.00132974,-0.00127811,0,0.000363499,0.000210114
0,-0.000245502,0.00132683,-0.00125151,0,0.000336874,0.000214324
0,0.000212723,0.00132299,-0.00122496,0,0.000312245,0.000294887
0,0.00117853,0.00131847,-0.00119849,0,0.000289428,0.000480891
0,0.0026889,0.00131338,-0.00117211,0,0.000268283,0.000775912
0,0.00465607,0.00130769,-0.00114583,0,0.000248684,0.00115914
0,0.00690567,0.00130127,-0.00111967,0,0.000230517,0.00159389
0,0.00924654,0.00129399,-0.00109362,0,0.000213678,0.00204214
0,0.0113361,0.00128554,-0.00106772,0,0.000198069,0.00243245
0,0.0130215,0.00127582,-0.00104199,0,0.0001836,0.00274012
0,0.0139397,0.0012645,-0.00101644,0,0.000170189,0.00288807
0,0.0138046,0.00125134,-0.000991123,0,0.000157758,0.00282234
0,0.0125402,0.00123631,-0.000966063,0,0.000146235,0.00253388
0,0.0101103,0.00121945,-0.000941307,0,0.000135554,0.00201674
0,0.00655494,0.00120084,-0.000916884,0,0.000125654,0.0012808
0,0.00206445,0.00118074,-0.000892802,0,0.000116476,0.000367586
0,-0.00304654,0.00115953,-0.000869137,0,0.000107969,-0.000657811
0,-0.0084061,0.00113765,-0.000845904,0,0.000100084,-0.00172094
0,-0.0136773,0.0011155,-0.000823075,0,9.27748e-05,-0.00275682
0,-0.0185787,0.00109342,-0.000800709,0,8.59995e-05,-0.00371189
0,-0.0229589,0.0010716,-0.000778763,0,7.97191e-05,-0.00456018
0,-0.0266116,0.0010503,-0.000757277,0,7.38975e-05,-0.0052598
0,-0.0267039,0.00103305,-0.000736218,0,-4.70918e-05,-0.00574102
0,-0.0266082,0.00101544,-0.000715522,0,-0.00031685,-0.00599521
0,-0.025237,0.000999031,-0.000695169,0,-0.000626782,-0.0059756
0,-0.0227665,0.000983657,-0.000675156,0,-0.000949318,-0.00574381
0,-0.019371,0.000969156,-0.000655429,0,-0.00127675,-0.00532835
-0.000232235,-0.0150806,0.000955516,-0.00063601,0,-0.00160138,-0.00472678
-0.00055256,-0.00961665,0.000943047,-0.000616865,0,-0.00191444,-0.00387344
-0.000872885,1.08756e-05,0.000934918,-0.000597961,0,-0.00221183,-0.00210502
-0.00119321,0.0112037,0.000928381,-0.000579242,0,-0.00249236,-8.77235e-05
-0.00151353,0.0202747,0.000919534,-0.000560652,0,-0.00275556,0.00142586
-0.00183386,0.0259282,0.000907025,-0.00054223,0,-0.00300106,0.00224995
-0.00215418,0.0281711,0.000890891,-0.000524046,0,-0.00322844,0.00242335
0.00233036,0.00970356,0.000848189,-0.000506171,0,0.00136768,0.00216101
0.00201004,0.0065092,0.000826473,-0.000489058,0,0.00117817,0.00196887
0.00168971,0.00556974,0.000807229,-0.000472474,0,0.00100859,0.0017354
0.00136939,0.00445708,0.000787903,-0.000456282,0,0.000859778,0.0014193
0.00104906,0.00347258,0.00076883,-0.000440485,0,0.000732629,0.00115591
0.000728738,0.00253696,0.000749939,-0.000425061,0,0.000628072,0.000917039
0.000408414,0.00141836,0.000730999,-0.000410024,0,0.000546778,0.000649628
8.80893e-05,0.000358854,0.000712279,-0.000395366,0,0.000488083,0.000410064
0,0.000303599,0.000694788,-0.000381083,0,0.000445856,0.00039929
0,0.000405467,0.000677637,-0.000367117,0,0.000411558,0.000398411
0,0.000344277,0.000660497,-0.000353505,0,0.000381036,0.000358646
0,0.000260896,0.000643526,-0.000340235,0,0.000353077,0.000320265
0,0.000421069,0.000627014,-0.000327305,0,0.000327248,0.00033868
0,0.00109958,0.000611257,-0.000314707,0,0.000303329,0.000467853
0,0.00237321,0.00059634,-0.000302419,0,0.000281165,0.000717134
0,0.00413014,0.000582149,-0.00029044,0,0.000260622,0.00105919
0,0.00633947,0.000568654,-0.000278761,0,0.000241581,0.00149017
0,0.00864563,0.000555481,-0.000267361,0,0.000223932,0.00193116
0,0.0108156,0.000542387,-0.000256219,0,0.000207572,0.00233987
0,0.012708,0.000529224,-0.000245338,0,0.000192408,0.00269117
0,0.0139329,0.000515584,-0.000234708,0,0.000178352,0.00290151
0,0.0141358,0.000501097,-0.000224348,0,0.000165323,0.0029024
0,0.0132375,0.000485686,-0.000214275,0,0.000153246,0.00268606
0,0.0111541,0.000469269,-0.000204508,0,0.000142052,0.00223585
0,0.00788723,0.000451858,-0.000195065,0,0.000131676,0.00155444
0,0.0035758,0.000433608,-0.000185967,0,0.000122057,0.000672875
0,-0.00157399,0.000414746,-0.000177258,0,0.000113142,-0.000366582
0,-0.00685627,0.000396024,-0.000168897,0,0.000104878,-0.00141159
0,-0.0122589,0.000377461,-0.00016093,0,9.72176e-05,-0.00247936
0,-0.0172591,0.000359614,-0.000153334,0,9.01171e-05,-0.00345311
0,-0.0218656,0.000342476,-0.000146106,0,8.35353e-05,-0.00434958
0,-0.0255109,0.000326649,-0.000139223,0,7.74343e-05,-0.00504135
0,-0.0257664,0.000315118,-0.000132658,0,-4.66767e-05,-0.00557178
0,-0.0258236,0.000303807,-0.000126327,0,-0.000323251,-0.00586414
0,-0.0248033,0.000293914,-0.000120211,0,-0.000641084,-0.00592951
0,-0.0228192,0.000285312,-0.000114298,0,-0.000972211,-0.00581023
0,-0.0199555,0.000277905,-0.00010857,0,-0.00130983,-0.00551662
-4.29168e-05,-0.0162663,0.000271625,-0.000102986,0,-0.00165021,-0.00505342
-0.000386251,-0.0116565,0.000266565,-9.75319e-05,0,-0.00198445,-0.0043939
-0.000729585,-0.00470992,0.000264207,-9.21829e-05,0,-0.0023041,-0.00322153
-0.00107292,0.00671779,0.000266801,-8.68928e-05,0,-0.00260685,-0.00109495
-0.00141625,0.0165478,0.000267895,-8.15659e-05,0,-0.00289191,0.000563466
-0.00175959,0.0232902,0.00026591,-7.62118e-05,0,-0.00315885,0.00159182
-0.00210292,0.0267176,0.000260604,-7.08867e-05,0,-0.00340719,0.00198197
-0.00244626,0.0273723,0.000252558,-6.56613e-05,0,-0.00363644,0.00186269
0.00236042,0.00742027,0.000217691,-6.0582e-05,0,0.00130406,0.00160815
0.00201709,0.00533812,0.000207235,-5.61062e-05,0,0.00111499,0.00172002
0.00167375,0.00434917,0.000198159,-5.19353e-05,0,0.000947219,0.00144848
0.00133042,0.00279335,0.000188703,-4.79495e-05,0,0.000801689,0.00103984
0.000987085,0.00176784,0.000180025,-4.41423e-05,0,0.000679424,0.000785662
0.000643751,0.000807095,0.000171631,-4.05244e-05,0,0.000581395,0.000548028
0.000300417,-0.000300993,0.000163293,-3.7075e-05,0,0.000508013,0.00028843
0,-0.000868352,0.000155736,-3.378e-05,0,0.00045716,0.000162194
0,-0.000648883,0.000149214,-3.06388e-05,0,0.000420161,0.00020124
0,-0.000478052,0.00014284,-2.76382e-05,0,0.000388521,0.000209617
0,-0.000384243,0.000136579,-2.47591e-05,0,0.000359888,0.000203971
0,-0.000212275,0.000130593,-2.20056e-05,0,0.00033353,0.000219648
0,0.000301248,0.000125156,-1.93788e-05,0,0.000309146,0.00031116
0,0.0013184,0.000120433,-1.68621e-05,0,0.000286556,0.000507286
0,0.0028671,0.000116448,-1.4444e-05,0,0.00026562,0.00080961
0,0.00485194,0.000113094,-1.21011e-05,0,0.000246215,0.00119587
0,0.0071226,0.000110204,-9.82745e-06,0,0.000228229,0.00163497
0,0.00946435,0.000107547,-7.61325e-06,0,0.000211556,0.00208296
0,0.0115204,0.000104739,-5.45567e-06,0,0.000196102,0.00246586
0,0.0131615,0.000101639,-3.35107e-06,0,0.000181778,0.00276466
0,0.0140303,9.7867e-05,-1.31055e-06,0,0.0001685,0.00290288
0,0.0138421,9.3121e-05,6.59996e-07,0,0.000156192,0.00282674
0,0.0125216,8.73215e-05,2.53903e-06,0,0.000144783,0.00252732
0,0.00996694,8.03633e-05,4.29996e-06,0,0.000134208,0.00198386
0,0.00641709,7.25018e-05,5.93158e-06,0,0.000124406,0.00125276
0,0.00188868,6.37583e-05,7.40127e-06,0,0.000115319,0.000330958
0,-0.0032218,5.45561e-05,8.69392e-06,0,0.000106897,-0.000693186
0,-0.00856009,4.5272e-05,9.81725e-06,0,9.909e-05,-0.0017515
0,-0.013931,3.61151e-05,1.07459e-05,0,9.18533e-05,-0.00281025
0,-0.0188013,2.76495e-05,1.15002e-05,0,8.51452e-05,-0.00375549
0,-0.023207,1.98369e-05,1.20702e-05,0,7.89272e-05,-0.00461034
0,-0.0267258,1.31215e-05,1.24943e-05,0,7.31634e-05,-0.00527915
0,-0.0267056,1.0506e-05,1.27802e-05,0,-4.84846e-05,-0.00574237
0,-0.0264675,8.20765e-06,1.29995e-05,0,-0.000319825,-0.00596946
0,-0.025017,7.32575e-06,1.31694e-05,0,-0.000631591,-0.0059378
0,-0.0225068,7.68898e-06,1.33181e-05,0,-0.000956045,-0.00570102
0,-0.0191044,9.1095e-06,1.34709e-05,0,-0.00128543,-0.00528679
-0.000233666,-0.0148281,1.15574e-05,1.36482e-05,0,-0.001612,-0.00469016
-0.000555964,-0.00936966,1.53469e-05,1.38707e-05,0,-0.00192694,-0.00383914
-0.000878262,0.00023596,2.35965e-05,1.41644e-05,0,-0.0022261,-0.00207689
-0.00120056,0.0113887,3.35342e-05,1.46157e-05,0,-0.00250832,-6.92658e-05
-0.00152286,0.0204306,4.12785e-05,1.52616e-05,0,-0.0027731,0.00143771
-0.00184516,0.0258785,4.52582e-05,1.60678e-05,0,-0.00302007,0.00221541
-0.00216745,0.0280833,4.58473e-05,1.6965e-05,0,-0.00324881,0.00238506
0.00234472,0.00944005,1.93837e-05,1.78799e-05,0,0.00137567,0.00210873
0.00202242,0.00627756,1.44812e-05,1.83602e-05,0,0.00118501,0.00192872
0.00170012,0.00549887,1.21763e-05,1.8662e-05,0,0.00101443,0.00172972
0.00137782,0.0043717,9.5742e-06,1.89102e-05,0,0.000864721,0.00140529
0.00105553,0.00342821,7.23649e-06,1.91082e-05,0,0.000736814,0.00115106
0.000733228,0.00249475,4.9777e-06,1.92576e-05,0,0.000631637,0.000911192
0.00041093,0.00137236,2.58611e-06,1.93628e-05,0,0.000549865,0.000642625
8.8632e-05,0.000308299,3.22223e-07,1.94205e-05,0,0.000490829,0.00040196
0,0.000251499,-8.13118e-07,1.94326e-05,0,0.00044836,0.000390811
0,0.000361983,-1.7123e-06,1.94203e-05,0,0.000413869,0.000391767
0,0.000301839,-2.73496e-06,1.93892e-05,0,0.000383175,0.000351867
0,0.000222668,-3.72246e-06,1.93381e-05,0,0.000355059,0.000314284
0,0.000393588,-4.3924e-06,1.92661e-05,0,0.000329085,0.000334881
0,0.00106826,-4.47984e-06,1.91806e-05,0,0.000305032,0.000462789
0,0.00236107,-3.86801e-06,1.90913e-05,0,0.000282744,0.000716384
0,0.00410933,-2.73366e-06,1.90118e-05,0,0.000262085,0.00105587
0,0.00630599,-1.08909e-06,1.89543e-05,0,0.000242937,0.00148418
0,0.00860728,6.97537e-07,1.89292e-05,0,0.000225189,0.00192436
0,0.0107738,2.36955e-06,1.89369e-05,0,0.000208737,0.00233238
0,0.0126713,3.78207e-06,1.8981e-05,0,0.000193488,0.00268482
0,0.0138964,4.50718e-06,1.90517e-05,0,0.000179353,0.00289503
0,0.0141155,4.19218e-06,1.91393e-05,0,0.000166251,0.00289949
0,0.0132108,2.71476e-06,1.92242e-05,0,0.000154107,0.00268122
0,0.011132,2.50788e-08,1.92837e-05,0,0.000142849,0.00223217
0,0.0078726,-3.87907e-06,1.92936e-05,0,0.000132415,0.00155226
0,0.00357404,-8.84219e-06,1.92258e-05,0,0.000122742,0.000673329
0,-0.00143023,-1.45058e-05,1.90613e-05,0,0.000113777,-0.000333912
0,-0.00680018,-2.05048e-05,1.87854e-05,0,0.000105467,-0.0014027
0,-0.0123105,-2.65968e-05,1.83963e-05,0,9.77633e-05,-0.00249218
0,-0.0173436,-3.21251e-05,1.78857e-05,0,9.06229e-05,-0.0034703
0,-0.0219094,-3.70985e-05,1.7257e-05,0,8.40041e-05,-0.00435673
0,-0.0256492,-4.11372e-05,1.6525e-05,0,7.78689e-05,-0.00507085
0,-0.0258472,-4.12154e-05,1.57103e-05,0,-4.64282e-05,-0.00558651
0,-0.0258828,-4.10701e-05,1.48862e-05,0,-0.000323386,-0.00587603
0,-0.0248484,-3.975e-05,1.40644e-05,0,-0.000641654,-0.00593926
0,-0.0228503,-3.73747e-05,1.32661e-05,0,-0.000973231,-0.00581763
0,-0.019976,-3.40444e-05,1.25139e-05,0,-0.00131131,-0.00552244
-4.29727e-05,-0.0162788,-2.98234e-05,1.18213e-05,0,-0.00165215,-0.00505809
-0.000386754,-0.0116665,-2.46234e-05,1.12143e-05,0,-0.00198684,-0.00439861
-0.000730535,-0.00472612,-1.69611e-05,1.07036e-05,0,-0.00230692,-0.00322805
-0.00107432,0.00647691,-4.80966e-06,1.03453e-05,0,-0.00261007,-0.00115197
-0.0014181,0.0166392,6.2054e-06,1.02065e-05,0,-0.00289553,0.000586948
-0.00176188,0.0232881,1.34651e-05,1.02921e-05,0,-0.00316282,0.00158471
-0.00210566,0.0267197,1.72859e-05,1.0536e-05,0,-0.0034115,0.00197819
-0.00244944,0.0273364,1.80992e-05,1.08683e-05,0,-0.00364105,0.00185005
0.0023635,0.0074176,-8.25379e-06,1.12275e-05,0,0.00130587,0.00160954
0.00201972,0.00537394,-1.02016e-05,1.11546e-05,0,0.00111655,0.00172911
0.00167593,0.00447244,-1.09347e-05,1.09555e-05,0,0.000948552,0.00147594
0.00133215,0.00287405,-1.23987e-05,1.07382e-05,0,0.000802825,0.00105518
0.000988371,0.00184177,-1.3257e-05,1.04954e-05,0,0.000680394,0.000800592
0.00064459,0.000863708,-1.40516e-05,1.02324e-05,0,0.000582232,0.000559197
0.000300809,-0.000259497,-1.49929e-05,9.95334e-06,0,0.000508748,0.000296646
0,-0.00084673,-1.53608e-05,9.65584e-06,0,0.000457824,0.00016634
0,-0.000642195,-1.48866e-05,9.34936e-06,0,0.000420772,0.000202563
0,-0.000474329,-1.44485e-05,9.05044e-06,0,0.000389085,0.000210664
0,-0.000384198,-1.40904e-05,8.75994e-06,0,0.000360411,0.000204247
0,-0.000210698,-1.36425e-05,8.47723e-06,0,0.000334014,0.000220343
0,0.00029997,-1.28377e-05,8.20349e-06,0,0.000309595,0.000311145
0,0.00130463,-1.15123e-05,7.94512e-06,0,0.000286972,0.000504528
0,0.00284224,-9.62798e-06,7.71223e-06,0,0.000266006,0.000804698
0,0.00482513,-7.28081e-06,7.5159e-06,0,0.000246573,0.00119081
0,0.00708799,-4.64876e-06,7.36442e-06,0,0.00022856,0.00162821
0,0.00945515,-1.92039e-06,7.26223e-06,0,0.000211864,0.00208209
0,0.0114826,4.32822e-07,7.21427e-06,0,0.000196387,0.00245783
0,0.0131538,2.39265e-06,7.21469e-06,0,0.000182042,0.00276418
0,0.0140455,3.51172e-06,7.25765e-06,0,0.000168744,0.00290667
0,0.0138609,3.47856e-06,7.32396e-06,0,0.000156419,0.00283067
0,0.0125414,2.23515e-06,7.39365e-06,0,0.000144994,0.00253137
0,0.00998242,-3.23918e-07,7.4427e-06,0,0.000134403,0.0019869
0,0.00641878,-3.94403e-06,7.44646e-06,0,0.000124586,0.00125282
0,0.00187124,-8.59614e-06,7.37482e-06,0,0.000115487,0.000327115
0,-0.00324408,-1.38333e-05,7.21453e-06,0,0.000107052,-0.000697584
0,-0.00858745,-1.929e-05,6.94834e-06,0,9.9234e-05,-0.00175691
0,-0.0138099,-2.45927e-05,6.58164e-06,0,9.19867e-05,-0.00278226
0,-0.0187669,-2.95846e-05,6.10834e-06,0,8.52689e-05,-0.00375112
0,-0.0232108,-3.4001e-05,5.53412e-06,0,7.90419e-05,-0.00461208
0,-0.0268106,-3.7491e-05,4.86956e-06,0,7.32697e-05,-0.00529798
0,-0.0268486,-3.70406e-05,4.13021e-06,0,-4.88838e-05,-0.00577438
0,-0.0266123,-3.62668e-05,3.38782e-06,0,-0.000321371,-0.00600141
0,-0.0251321,-3.41593e-05,2.65978e-06,0,-0.000634459,-0.00596424
0,-0.0225834,-3.09107e-05,1.97132e-06,0,-0.000960289,-0.0057209
0,-0.0191959,-2.67713e-05,1.34499e-06,0,-0.00129108,-0.00531227
-0.000234666,-0.0148337,-2.16054e-05,8.01284e-07,0,-0.00161903,-0.00469711
-0.000558344,-0.00937084,-1.52887e-05,3.58845e-07,0,-0.00193531,-0.00384858
-0.000882021,0.000193524,-4.66223e-06,4.0437e-08,0,-0.00223574,-0.0020967
-0.0012057,0.0112893,7.53724e-06,-7.93738e-08,0,-0.00251916,-0.000101619
-0.00152938,0.0203087,1.74841e-05,2.86729e-08,0,-0.00278506,0.00140105
-0.00185305,0.0258796,2.37268e-05,3.43541e-07,0,-0.00303308,0.00220615
-0.00217673,0.0281408,2.64177e-05,7.96227e-07,0,-0.00326279,0.00238424
0.00235475,0.00949457,1.84552e-06,1.31516e-06,0,0.00138148,0.00212262
0.00203108,0.00639956,-1.11396e-06,1.43808e-06,0,0.00119001,0.00195784
0.0017074,0.00565103,-1.59897e-06,1.42615e-06,0,0.0010187,0.00176322
0.00138372,0.00454914,-2.46726e-06,1.39539e-06,0,0.000868361,0.0014432
0.00106004,0.00359767,-3.18469e-06,1.34821e-06,0,0.000739911,0.00118616
0.000736366,0.00265482,-3.90062e-06,1.28595e-06,0,0.000634288,0.000944166
0.000412689,0.00151385,-4.83256e-06,1.20973e-06,0,0.000552169,0.000671518
8.90113e-05,0.000404891,-5.73572e-06,1.11494e-06,0,0.000492884,0.000421172
0,0.000320335,-5.56101e-06,1.00339e-06,0,0.000450237,0.00040495
0,0.000388844,-5.23164e-06,8.91559e-07,0,0.000415601,0.000397175
0,0.00029064,-5.08581e-06,7.85774e-07,0,0.000384779,0.000349832
0,0.000195395,-4.94368e-06,6.83547e-07,0,0.000356545,0.000309629
0,0.000354229,-4.53989e-06,5.84389e-07,0,0.000330462,0.000327887
0,0.0010338,-3.59368e-06,4.92582e-07,0,0.000306309,0.000457158
0,0.00227025,-2.06898e-06,4.17397e-07,0,0.000283927,0.000697912
0,0.00404898,1.59379e-08,3.72205e-07,0,0.000263182,0.00104575
0,0.00630798,2.59231e-06,3.68354e-07,0,0.000243954,0.00148711
0,0.0085795,5.16303e-06,4.09895e-07,0,0.000226131,0.0019188
0,0.0108057,7.66493e-06,5.06729e-07,0,0.000209611,0.00234099
0,0.0126371,9.7274e-06,6.53773e-07,0,0.000194298,0.00267689
0,0.0138842,1.11504e-05,8.41102e-07,0,0.000180104,0.00289383
0,0.0141118,1.14757e-05,1.05913e-06,0,0.000166947,0.00289956
0,0.0132147,1.05957e-05,1.28783e-06,0,0.000154751,0.00268269
0,0.0111388,8.45834e-06,1.5015e-06,0,0.000143447,0.00223404
0,0.00780353,4.98501e-06,1.67495e-06,0,0.000132969,0.00153701
0,0.00360145,5.97742e-07,1.7868e-06,0,0.000123256,0.000681818
0,-0.00140127,-4.62644e-06,1.81411e-06,0,0.000114253,-0.000327825
0,-0.00680144,-1.02539e-05,1.73464e-06,0,0.000105908,-0.00140346
0,-0.0121023,-1.57539e-05,1.54645e-06,0,9.81725e-05,-0.00244517
0,-0.0174378,-2.12628e-05,1.24237e-06,0,9.10022e-05,-0.00349698
0,-0.0218861,-2.58031e-05,8.36397e-07,0,8.43557e-05,-0.00434859
0,-0.0256267,-2.95635e-05,3.36226e-07,0,7.81948e-05,-0.00506621
0,-0.0259265,-2.95031e-05,-2.41882e-07,0,-4.62572e-05,-0.00560531
0,-0.0260012,-2.91739e-05,-8.32155e-07,0,-0.000323537,-0.00590105
0,-0.0249943,-2.76826e-05,-1.41629e-06,0,-0.000642172,-0.00596969
0,-0.0229801,-2.51136e-05,-1.97292e-06,0,-0.00097413,-0.00584399
0,-0.0200263,-2.15455e-05,-2.48419e-06,0,-0.00131259,-0.00553179
-4.30202e-05,-0.016318,-1.71807e-05,-2.92759e-06,0,-0.00165382,-0.00506752
-0.000387182,-0.0116738,-1.18358e-05,-3.28211e-06,0,-0.00198889,-0.00440151
-0.000731343,-0.00471864,-4.06651e-06,-3.53754e-06,0,-0.00230934,-0.00322882
-0.0010755,0.00672344,8.41035e-06,-3.64606e-06,0,-0.00261284,-0.00109985
-0.00141967,0.0165742,1.91501e-05,-3.52152e-06,0,-0.00289861,0.000562239
-0.00176383,0.0233438,2.65745e-05,-3.17611e-06,0,-0.00316621,0.00159562
-0.00210799,0.0267902,3.04313e-05,-2.6706e-06,0,-0.00341517,0.00198879
-0.00245215,0.0274523,3.1297e-05,-2.07162e-06,0,-0.00364499,0.00187023
0.00236611,0.00746876,4.85981e-06,-1.44871e-06,0,0.0013074,0.00161859
0.00202195,0.00540457,2.86726e-06,-1.25898e-06,0,0.00111786,0.00173541
0.00167779,0.00450109,2.09604e-06,-1.19666e-06,0,0.000949672,0.00148225
0.00133363,0.00290722,5.88436e-07,-1.15319e-06,0,0.000803779,0.00106245
0.000989464,0.00186791,-3.37163e-07,-1.13765e-06,0,0.000681208,0.000806083
0.000645303,0.000849556,-1.24506e-06,-1.14255e-06,0,0.000582932,0.000555796
0.000301141,-0.000282936,-2.27711e-06,-1.16427e-06,0,0.000509363,0.000292254
0,-0.000839455,-2.70302e-06,-1.2062e-06,0,0.000458379,0.000169058
0,-0.000630539,-2.32383e-06,-1.25877e-06,0,0.000421282,0.000205365
0,-0.000468916,-2.00034e-06,-1.30676e-06,0,0.000389557,0.000211914
0,-0.000378793,-1.7581e-06,-1.3479e-06,0,0.000360848,0.000205645
0,-0.000211442,-1.43984e-06,-1.38391e-06,0,0.00033442,0.000220338
0,0.000282674,-7.82359e-07,-1.4135e-06,0,0.00030997,0.000307581
0,0.00129153,4.11525e-07,-1.43145e-06,0,0.00028732,0.00050235
0,0.00283742,2.16294e-06,-1.4274e-06,0,0.000266329,0.000804236
0,0.00483464,4.37844e-06,-1.39027e-06,0,0.000246872,0.00119331
0,0.00710381,6.86538e-06,-1.30824e-06,0,0.000228838,0.0016317
0,0.00944338,9.40835e-06,-1.17964e-06,0,0.000212121,0.00207921
0,0.011498,1.16299e-05,-9.97829e-07,0,0.000196626,0.00246181
0,0.0131485,1.34037e-05,-7.73006e-07,0,0.000182263,0.00276273
0,0.0140373,1.43524e-05,-5.11141e-07,0,0.000168949,0.00290515
0,0.0138572,1.41538e-05,-2.27414e-07,0,0.000156609,0.00283023
0,0.0125498,1.27505e-05,5.61598e-08,0,0.00014517,0.0025335
0,0.0100693,1.00994e-05,3.14677e-07,0,0.000134566,0.00200627
0,0.0064591,6.25313e-06,5.23292e-07,0,0.000124738,0.00125953
0,0.00193335,1.44561e-06,6.56047e-07,0,0.000115627,0.000340009
0,-0.00316526,-3.95367e-06,6.94575e-07,0,0.000107182,-0.000681567
0,-0.00849321,-9.57523e-06,6.29e-07,0,9.93544e-05,-0.00173791
0,-0.0137131,-1.50569e-05,4.48738e-07,0,9.20984e-05,-0.00276314
0,-0.0186537,-2.02139e-05,1.66786e-07,0,8.53724e-05,-0.0037284
0,-0.023162,-2.48814e-05,-2.19442e-07,0,7.91378e-05,-0.00460425
0,-0.0266727,-2.84603e-05,-7.00733e-07,0,7.33586e-05,-0.00526838
0,-0.0267166,-2.81966e-05,-1.26099e-06,0,-4.80918e-05,-0.00574518
0,-0.0265124,-2.76412e-05,-1.82558e-06,0,-0.00031896,-0.00597756
0,-0.0250356,-2.57212e-05,-2.38035e-06,0,-0.00063018,-0.00593853
0,-0.0225364,-2.27081e-05,-2.9015e-06,0,-0.000954061,-0.00570447
0,-0.0191241,-1.87244e-05,-3.3662e-06,0,-0.00128287,-0.0052872
-0.000233241,-0.0148243,-1.38053e-05,-3.75264e-06,0,-0.00160886,-0.00468512
-0.000554952,-0.00935975,-7.66641e-06,-4.04105e-06,0,-0.00192323,-0.00383295
-0.000876663,0.000221993,2.80067e-06,-4.21279e-06,0,-0.00222187,-0.0020758
-0.00119837,0.0111337,1.4629e-05,-4.17771e-06,0,-0.00250358,-0.000121128
-0.00152009,0.0201638,2.44114e-05,-3.90879e-06,0,-0.00276789,0.00139035
-0.0018418,0.0256998,3.04426e-05,-3.44013e-06,0,-0.00301442,0.00218848
-0.00216351,0.0279337,3.29314e-05,-2.84334e-06,0,-0.00324276,0.00236247
0.00234045,0.00940578,8.3476e-06,-2.18969e-06,0,0.00137328,0.00210393
0.00201874,0.0062645,5.17172e-06,-1.97357e-06,0,0.00118297,0.00192541
0.00169703,0.00557443,4.58339e-06,-1.86378e-06,0,0.00101268,0.00174588
0.00137532,0.00460516,3.69204e-06,-1.77094e-06,0,0.000863244,0.0014545
0.0010536,0.00373409,2.89801e-06,-1.69531e-06,0,0.000735563,0.00121218
0.000731893,0.00278104,2.01157e-06,-1.63576e-06,0,0.000630571,0.000965975
0.000410182,0.00165861,9.4162e-07,-1.59376e-06,0,0.000548941,0.000698026
8.84706e-05,0.000542774,-1.24296e-07,-1.57279e-06,0,0.000490007,0.000445817
0,0.000438832,-1.23279e-07,-1.57314e-06,0,0.000447611,0.000425611
0,0.000492335,3.93336e-08,-1.57561e-06,0,0.000413177,0.000415168
0,0.000383055,2.48919e-08,-1.57515e-06,0,0.000382535,0.000365902
0,0.000250411,-1.86537e-08,-1.5746e-06,0,0.000354465,0.000317756
0,0.000376552,2.06987e-07,-1.57489e-06,0,0.000328535,0.000329858
0,0.00101782,9.71718e-07,-1.5712e-06,0,0.000304523,0.000451574
0,0.00223135,2.33378e-06,-1.55329e-06,0,0.000282271,0.000688371
0,0.00401648,4.28965e-06,-1.50934e-06,0,0.000261647,0.00103839
0,0.00622265,6.67702e-06,-1.42746e-06,0,0.000242531,0.00146781
0,0.00854555,9.17134e-06,-1.29869e-06,0,0.000224812,0.00191259
0,0.0107549,1.15272e-05,-1.12026e-06,0,0.000208388,0.00232963
0,0.0126588,1.35405e-05,-8.94424e-07,0,0.000193165,0.0026823
0,0.0139289,1.48644e-05,-6.27641e-07,0,0.000179053,0.00290244
0,0.0141523,1.50641e-05,-3.33e-07,0,0.000165973,0.00290661
0,0.0132442,1.4054e-05,-3.21169e-08,0,0.000153849,0.00268747
0,0.0111638,1.1796e-05,2.50983e-07,0,0.000142611,0.00223817
0,0.00791069,8.29611e-06,4.91419e-07,0,0.000132193,0.00155973
0,0.00362364,3.70828e-06,6.64341e-07,0,0.000122537,0.000683216
0,-0.00137844,-1.6229e-06,7.47683e-07,0,0.000113587,-0.000323847
0,-0.00676288,-7.3388e-06,7.25887e-07,0,0.00010529,-0.00139593
0,-0.0121728,-1.30563e-05,5.90543e-07,0,9.76e-05,-0.0024625
0,-0.0172901,-1.84343e-05,3.40852e-07,0,9.04715e-05,-0.00346231
0,-0.0218254,-2.31638e-05,-1.7077e-08,0,8.38638e-05,-0.00433951
0,-0.02557,-2.70229e-05,-4.70894e-07,0,7.77388e-05,-0.00505557
0,-0.0258083,-2.69873e-05,-1.00363e-06,0,-4.67858e-05,-0.00558126
0,-0.0258912,-2.67566e-05,-1.54345e-06,0,-0.000324278,-0.0058808
0,-0.0248892,-2.53581e-05,-2.07904e-06,0,-0.000643164,-0.00595054
0,-0.0229163,-2.29182e-05,-2.589e-06,0,-0.000975387,-0.0058342
0,-0.020024,-1.94984e-05,-3.05225e-06,0,-0.00131412,-0.00553486
-4.30586e-05,-0.0163822,-1.52851e-05,-3.44905e-06,0,-0.00165563,-0.00508399
-0.000387527,-0.0118064,-1.00912e-05,-3.76318e-06,0,-0.00199097,-0.00443165
-0.000731995,-0.00480027,-2.34488e-06,-3.97539e-06,0,-0.00231168,-0.00324583
-0.00107646,0.00616424,9.5523e-06,-4.03778e-06,0,-0.00261544,-0.00122553
-0.00142093,0.0161972,2.04124e-05,-3.87053e-06,0,-0.00290145,0.000490689
-0.0017654,0.0229709,2.77701e-05,-3.484e-06,0,-0.00316926,0.00151968
-0.00210987,0.0264182,3.15586e-05,-2.94332e-06,0,-0.00341843,0.00191278
-0.00245434,0.0270733,3.235e-05,-2.31972e-06,0,-0.00364843,0.00179247
0.00236822,0.00706196,5.81562e-06,-1.67431e-06,0,0.00130838,0.00153861
0.00202375,0.00515361,3.92783e-06,-1.50493e-06,0,0.00111869,0.00169116
0.00167928,0.00451534,3.37855e-06,-1.42259e-06,0,0.000950363,0.00149296
0.00133482,0.00315731,2.06282e-06,-1.35392e-06,0,0.000804351,0.00111847
0.000990347,0.00221155,1.17961e-06,-1.31004e-06,0,0.000681681,0.000876363
0.000645878,0.00123684,2.62515e-07,-1.28468e-06,0,0.000583328,0.000633182
0.00030141,7.99252e-05,-8.49374e-07,-1.27759e-06,0,0.000509702,0.000362907
0,-0.00056806,-1.42443e-06,-1.29236e-06,0,0.000458681,0.000219879
0,-0.000426173,-1.16688e-06,-1.31912e-06,0,0.000421559,0.000243726
0,-0.000321559,-9.52838e-07,-1.34297e-06,0,0.000389813,0.000239372
0,-0.000278996,-8.08433e-07,-1.36246e-06,0,0.000361085,0.000224038
0,-0.000157452,-5.84528e-07,-1.37891e-06,0,0.000334639,0.000229792
0,0.000307307,-2.36774e-09,-1.39105e-06,0,0.000310174,0.000311736
0,0.00129027,1.12141e-06,-1.39226e-06,0,0.000287509,0.000501518
0,0.00282602,2.82086e-06,-1.37208e-06,0,0.000266504,0.000801852
0,0.00481021,4.9827e-06,-1.31907e-06,0,0.000247034,0.00118828
0,0.00709964,7.45261e-06,-1.22374e-06,0,0.000228988,0.00163157
0,0.00942334,9.94154e-06,-1.07962e-06,0,0.00021226,0.00207494
0,0.0115263,1.21782e-05,-8.8577e-07,0,0.000196755,0.00246881
0,0.013155,1.38942e-05,-6.46678e-07,0,0.000182382,0.00276348
0,0.0140191,1.47832e-05,-3.72227e-07,0,0.00016906,0.00290096
0,0.0138252,1.45377e-05,-7.83418e-08,0,0.000156711,0.00282364
0,0.0125022,1.30869e-05,2.12903e-07,0,0.000145265,0.00252379
0,0.00994827,1.03287e-05,4.77542e-07,0,0.000134654,0.00198055
0,0.00640365,6.52381e-06,6.89632e-07,0,0.000124819,0.00125058
0,0.00178036,1.58635e-06,8.27718e-07,0,0.000115703,0.000307342
0,-0.00322732,-3.74226e-06,8.6932e-07,0,0.000107253,-0.000691108
0,-0.0085569,-9.38988e-06,8.05132e-07,0,9.94196e-05,-0.00175039
0,-0.0138988,-1.50236e-05,6.2863e-07,0,9.21587e-05,-0.00280292
0,-0.0187629,-2.0121e-05,3.39425e-07,0,8.54284e-05,-0.00374759
0,-0.0231463,-2.46767e-05,-5.28008e-08,0,7.91897e-05,-0.00459763
0,-0.0266714,-2.82899e-05,-5.37223e-07,0,7.34067e-05,-0.00526851
0,-0.0266799,-2.80074e-05,-1.0958e-06,0,-4.7638e-05,-0.00573509
0,-0.0264596,-2.74535e-05,-1.65651e-06,0,-0.000317571,-0.00596379
0,-0.0250281,-2.55993e-05,-2.20669e-06,0,-0.000627703,-0.0059341
0,-0.0225418,-2.26168e-05,-2.72238e-06,0,-0.000950422,-0.00570017
0,-0.0191489,-1.86704e-05,-3.18068e-06,0,-0.00127793,-0.00528521
-0.000247541,-0.0148668,-1.37858e-05,-3.56198e-06,0,-0.0016022,-0.00468468
-0.00056695,-0.00927032,-7.52286e-06,-3.84747e-06,0,-0.00191445,-0.00380055
-0.000886358,0.000287091,2.90314e-06,-4.01045e-06,0,-0.00221089,-0.00205071
-0.00120577,0.0116146,1.51559e-05,-3.97324e-06,0,-0.00249045,-3.44027e-07
-0.00152517,0.0204061,2.46707e-05,-3.69463e-06,0,-0.00275265,0.0014477
-0.00184458,0.0257923,3.05291e-05,-3.22024e-06,0,-0.00299714,0.00222068
-0.00216399,0.0278876,3.28581e-05,-2.62138e-06,0,-0.00322349,0.00236949
0.00230773,0.00938715,8.32786e-06,-1.96887e-06,0,0.00135992,0.00209322
0.00198832,0.0061754,5.06574e-06,-1.75325e-06,0,0.00117145,0.0018987
0.00166891,0.00528771,4.25779e-06,-1.64542e-06,0,0.00100294,0.00167832
0.0013495,0.0042168,3.24967e-06,-1.55864e-06,0,0.000855204,0.00137107
0.00103009,0.00329781,2.39688e-06,-1.49163e-06,0,0.000729144,0.00112205
0.000710684,0.00238378,1.54461e-06,-1.44199e-06,0,0.000625685,0.000886906
0.000391275,0.00126441,4.7159e-07,-1.40939e-06,0,0.000545476,0.000619236
7.18669e-05,-0.000427011,-1.20766e-06,-1.39835e-06,0,0.000487768,0.000238347
0,-0.000978629,-1.68174e-06,-1.41915e-06,0,0.000446102,0.00013424
0,-0.00113408,-1.73897e-06,-1.45183e-06,0,0.000411927,8.96963e-05
0,-0.00114528,-1.64649e-06,-1.4865e-06,0,0.000381414,6.83814e-05
0,-0.000925505,-1.31313e-06,-1.51961e-06,0,0.000353437,9.65208e-05
0,-0.000273303,-5.27052e-07,-1.54654e-06,0,0.000327584,0.000216646
0,0.00097432,8.81935e-07,-1.55866e-06,0,0.000303642,0.000459479
0,0.00277651,2.86769e-06,-1.54384e-06,0,0.000281455,0.000811156
0,0.00506732,5.35722e-06,-1.49045e-06,0,0.00026089,0.00125795
0,0.0075239,8.00603e-06,-1.38829e-06,0,0.00024183,0.00172927
0,0.00987626,1.05264e-05,-1.23346e-06,0,0.000224162,0.00217363
0,0.0118894,1.26687e-05,-1.02798e-06,0,0.000207785,0.0025459
0,0.0133539,1.42113e-05,-7.78888e-07,0,0.000192606,0.00280569
0,0.0139733,1.48422e-05,-4.97747e-07,0,0.000178535,0.00289237
0,0.0134799,1.42812e-05,-2.02165e-07,0,0.000165493,0.00275428
0,0.0119129,1.25748e-05,8.45814e-08,0,0.000153403,0.00240771
0,0.00930847,9.7665e-06,3.39491e-07,0,0.000142197,0.00185957
0,0.00574263,5.94301e-06,5.40437e-07,0,0.00013181,0.00112584
0,0.00146984,1.38005e-06,6.66944e-07,0,0.000122182,0.000261371
0,-0.00316546,-3.55197e-06,7.03671e-07,0,0.000113258,-0.000663869
0,-0.00786492,-8.53225e-06,6.42496e-07,0,0.000104985,-0.00159276
0,-0.0123545,-1.32668e-05,4.81811e-07,0,9.7317e-05,-0.00247235
0,-0.0164068,-1.75122e-05,2.25944e-07,0,9.02091e-05,-0.0032594
0,-0.0198438,-2.10785e-05,-1.15809e-07,0,8.36205e-05,-0.00392049
0,-0.0225237,-2.38154e-05,-5.30246e-07,0,7.75133e-05,-0.00442888
0,-0.0243558,-2.56281e-05,-1.00108e-06,0,7.18522e-05,-0.00476826
0,-0.0252858,-2.64611e-05,-1.51002e-06,0,6.66047e-05,-0.00492906
0,-0.0252414,-2.62413e-05,-2.03757e-06,0,6.17406e-05,-0.00489663
0,-0.0242669,-2.50197e-05,-2.56284e-06,0,5.72318e-05,-0.00468292
0,-0.0223376,-2.27755e-05,-3.06568e-06,0,5.30524e-05,-0.00428121
0,-0.0194672,-1.95289e-05,-3.52568e-06,0,4.91782e-05,-0.00369526
0,-0.0155476,-1.51727e-05,-3.92275e-06,0,4.55871e-05,-0.00290051
0,-0.00948124,-8.55534e-06,-4.23491e-06,0,4.22583e-05,-0.00165398
0,0.000145254,1.80256e-06,-4.41925e-06,0,3.91726e-05,0.000330108
0,0.00927512,1.15959e-05,-4.40392e-06,0,3.63123e-05,0.00210264
0,0.0167508,1.9595e-05,-4.19159e-06,0,3.36609e-05,0.00351858
0,0.0216346,2.4808e-05,-3.81569e-06,0,3.12032e-05,0.00440044
0,0.0235533,2.68452e-05,-3.32995e-06,0,2.8925e-05,0.00469095
0,0.0234243,2.66843e-05,-2.79712e-06,0,2.68131e-05,0.00460629
0,0.0219623,2.50882e-05,-2.26311e-06,0,2.48555e-05,0.00428076
0,0.019608,2.25294e-05,-1.75816e-06,0,2.30409e-05,0.00379294
0,0.0166679,1.93379e-05,-1.30245e-06,0,2.13588e-05,0.00319909
0,0.0135655,1.59671e-05,-9.09309e-07,0,1.97995e-05,0.00258549
0,0.0103253,1.24473e-05,-5.83225e-07,0,1.83541e-05,0.00194565
0,0.00718418,9.03334e-06,-3.27238e-07,0,1.70143e-05,0.00133201
0,0.00436495,5.96351e-06,-1.3633e-07,0,1.57723e-05,0.00078779
0,0.00191499,3.29023e-06,-9.38479e-09,0,1.46209e-05,0.000317321
0,-3.35879e-05,1.15455e-06,6.31031e-08,0,1.35537e-05,-5.11244e-05
0,-0.00161485,-5.84621e-07,9.04655e-08,0,1.25644e-05,-0.000351328
0,-0.00270802,-1.79934e-06,8.22514e-08,0,1.16473e-05,-0.000552439
0,-0.00339175,-2.57325e-06,4.86941e-08,0,1.07972e-05,-0.000675502
0,-0.00372233,-2.96658e-06,-1.22297e-09,0,1.00091e-05,-0.000730913
0,-0.00377867,-3.06368e-06,-5.97679e-08,0,9.27859e-06,-0.000734778
0,-0.00363025,-2.93898e-06,-1.20847e-07,0,8.60141e-06,-0.000700444
0,-0.00334119,-2.66123e-06,-1.79876e-07,0,7.97366e-06,-0.000640327
0,-0.00296929,-2.29241e-06,-2.33656e-07,0,7.39175e-06,-0.000565574
0,-0.00254883,-1.86959e-06,-2.80242e-07,0,6.85231e-06,-0.000482243
0,-0.00209799,-1.41269e-06,-3.1848e-07,0,6.35226e-06,-0.00039344
0,-0.00161753,-9.23236e-07,-3.47647e-07,0,5.8887e-06,-0.000298829
0,-0.00110639,-4.00779e-07,-3.67091e-07,0,5.45899e-06,-0.00019815
0,-0.000585265,1.32115e-07,-3.76152e-07,0,5.06065e-06,-9.60759e-05
0,-7.66398e-05,6.51102e-07,-3.74575e-07,0,4.69138e-06,2.93841e-06
0,0.000397159,1.1321e-06,-3.62591e-07,0,4.34906e-06,9.45202e-05
0,0.000810233,1.54741e-06,-3.40911e-07,0,4.03173e-06,0.000173493
