0.0100014,-0.0127914,-2.41906e-05,0,0,0.00999768,0.00162499
0.0100014,-0.0124242,-2.36853e-05,-2.29811e-07,0,0.00998917,0.00211324
0.0100014,-0.0127421,-2.38955e-05,-7.06044e-07,0,0.00997935,0.00197282
0.0100014,-0.013056,-2.40869e-05,-1.1829e-06,0,0.00996908,0.00184417
0.0100014,-0.013676,-2.45892e-05,-1.66368e-06,0,0.00995856,0.00159288
0.0100014,-0.0140468,-2.48114e-05,-2.15296e-06,0,0.00994778,0.00144543
0.0100014,-0.013642,-2.4196e-05,-2.64807e-06,0,0.00993671,0.00160344
0.0100014,-0.0125356,-2.28257e-05,-3.13507e-06,0,0.00992528,0.0020292
0.0100014,-0.0117008,-2.17377e-05,-3.59843e-06,0,0.00991344,0.00233524
0.0100014,-0.00995197,-1.96729e-05,-4.03863e-06,0,0.00990112,0.00300982
0.0100014,-0.00820213,-1.76061e-05,-4.44241e-06,0,0.00988825,0.00367016
0.0100014,-0.00707171,-1.61972e-05,-4.80487e-06,0,0.00987475,0.00408247
0.0100014,-0.00574479,-1.45783e-05,-5.13585e-06,0,0.00986056,0.00458195
0.0100014,-0.00374259,-1.22429e-05,-5.43551e-06,0,0.00984559,0.0053472
0.0100014,-0.00164669,-9.81265e-06,-5.69205e-06,0,0.00982976,0.00613861
0.0100014,0.000792784,-7.02412e-06,-5.90045e-06,0,0.00981299,0.00706474
0.0100014,0.00373879,-3.70723e-06,-6.05488e-06,0,0.00979517,0.00818676
0.0100014,0.00681064,-2.70071e-07,-6.14561e-06,0,0.00977621,0.00935007
0.0100014,0.00893939,2.15018e-06,-6.16819e-06,0,0.00975601,0.0101336
0.0100014,0.0121338,5.68917e-06,-6.13729e-06,0,0.00973445,0.0113556
0.0100014,0.014531,8.36278e-06,-6.0412e-06,0,0.00971142,0.0122414
0.0100014,0.0163497,1.04055e-05,-5.88732e-06,0,0.00968677,0.0129067
0.0100014,0.0185606,1.28496e-05,-5.68942e-06,0,0.00966039,0.0137355
0.0100014,0.0193812,1.38e-05,-5.44465e-06,0,0.00963211,0.0140012
0.0100014,0.0211478,1.5743e-05,-5.1734e-06,0,0.00960179,0.0146636
0.0100014,0.0223408,1.70604e-05,-4.86825e-06,0,0.00956926,0.01508
0.0100014,0.0224643,1.72281e-05,-4.53363e-06,0,0.00953433,0.0150755
0.0100014,0.0223082,1.70895e-05,-4.18991e-06,0,0.00949681,0.0149727
0.0100014,0.0220343,1.6818e-05,-3.84743e-06,0,0.00945649,0.0148239
0.0100014,0.0214997,1.62632e-05,-3.50971e-06,0,0.00941315,0.0145693
0.0100014,0.020771,1.54975e-05,-3.18167e-06,0,0.00936655,0.0142374
0.0100014,0.0195291,1.41836e-05,-2.86789e-06,0,0.00931642,0.0136994
0.0100014,0.0187804,1.33933e-05,-2.57765e-06,0,0.0092625,0.0133618
0.0100014,0.0176992,1.22486e-05,-2.30583e-06,0,0.00920447,0.0128791
0.0100014,0.0164298,1.0905e-05,-2.05514e-06,0,0.00914202,0.0123213
0.0100014,0.0156982,1.01351e-05,-1.83032e-06,0,0.0090748,0.0119759
0.0100014,0.0147634,9.15045e-06,-1.62377e-06,0,0.00900244,0.0115356
0.0100014,0.0138426,8.18315e-06,-1.43584e-06,0,0.00892453,0.0110983
0.0100014,0.0127937,7.08297e-06,-1.26734e-06,0,0.00884064,0.0106037
0.0100014,0.0111886,5.3967e-06,-1.12018e-06,0,0.00875031,0.00988323
0.0100014,0.00994888,4.10608e-06,-1.00381e-06,0,0.00865303,0.0093113
0.0100014,0.00886487,2.98771e-06,-9.15237e-07,0,0.00854827,0.00879028
0.0100014,0.00827677,2.4027e-06,-8.49891e-07,0,0.00843543,0.00845948
0.0100014,0.00784532,1.98899e-06,-7.98912e-07,0,0.00831389,0.00817861
0.0100014,0.00786472,2.05842e-06,-7.57064e-07,0,0.00818299,0.00807087
0.0100014,0.00741211,1.62914e-06,-7.16242e-07,0,0.00804199,0.00776391
0.0100014,0.00706569,1.31715e-06,-6.81513e-07,0,0.00789014,0.00750345
0.0100014,0.00633945,6.06064e-07,-6.5361e-07,0,0.0077267,0.00708737
0.0100014,0.00556478,-1.50419e-07,-6.37934e-07,0,0.00755115,0.00665621
0.0100014,0.00520142,-4.63748e-07,-6.37159e-07,0,0.00736405,0.0063892
0.00980637,0.00462565,-9.97897e-07,-6.44868e-07,0,0.00717014,0.00603094
0.00960635,0.00480413,-7.25572e-07,-6.62155e-07,0,0.00697474,0.00597737
0.00940632,0.00566796,2.76509e-07,-6.78028e-07,0,0.00677934,0.00618633
0.00920629,0.00640372,1.14106e-06,-6.77508e-07,0,0.00658437,0.00633414
0.00900626,0.00676488,1.60626e-06,-6.5901e-07,0,0.00638996,0.00633489
0.00880623,0.00633162,1.22757e-06,-6.29211e-07,0,0.00619615,0.00602474
0.00860621,0.00613063,1.0985e-06,-6.02766e-07,0,0.00600299,0.00582011
0.00840618,0.00565278,6.77434e-07,-5.80151e-07,0,0.00581053,0.00550201
0.00820615,0.00569509,8.11841e-07,-5.64497e-07,0,0.00561879,0.00539652
0.00800612,0.00587687,1.09509e-06,-5.48932e-07,0,0.00542784,0.00533948
0.00780609,0.00619201,1.51978e-06,-5.28446e-07,0,0.00523771,0.00533433
0.00760607,0.00636097,1.78819e-06,-5.00174e-07,0,0.00504846,0.0052696
0.00740604,0.00624166,1.74983e-06,-4.65752e-07,0,0.00486015,0.00509291
0.00720601,0.00560819,1.166e-06,-4.30564e-07,0,0.00467285,0.00471632
0.00700598,0.00478707,3.85746e-07,-4.04325e-07,0,0.00448662,0.00427371
0.00680595,0.00481195,5.07594e-07,-3.92708e-07,0,0.00430155,0.00417288
0.00660593,0.00484928,6.42745e-07,-3.83166e-07,0,0.00411771,0.00406527
0.0064059,0.00457915,4.51267e-07,-3.70987e-07,0,0.0039352,0.00383602
0.00620587,0.00459889,5.68652e-07,-3.61004e-07,0,0.00375411,0.00372864
0.00600584,0.00443667,4.92515e-07,-3.50218e-07,0,0.00357455,0.00354571
0.00580581,0.00424605,3.86582e-07,-3.39987e-07,0,0.00339662,0.0033559
0.00560579,0.00353502,-2.71454e-07,-3.31726e-07,0,0.00322046,0.00296057
0.00540576,0.00249161,-1.27951e-06,-3.33864e-07,0,0.00304619,0.00244249
0.00520573,0.00183841,-1.86858e-06,-3.54414e-07,0,0.00287397,0.00208748
0.0050057,0.00102472,-2.62484e-06,-3.88841e-07,0,0.00270393,0.00166479
0.00480567,0.00110191,-2.43113e-06,-4.37556e-07,0,0.00253625,0.00160286
0.00460565,0.00132582,-2.0816e-06,-4.87147e-07,0,0.00237112,0.00158868
0.00440562,0.00139358,-1.89882e-06,-5.30527e-07,0,0.00220871,0.00151299
0.00420559,0.00110402,-2.09591e-06,-5.69417e-07,0,0.00204925,0.00130039
0.00400556,0.000670881,-2.44449e-06,-6.1035e-07,0,0.00189295,0.00103957
0.00380553,3.01714e-05,-3.01183e-06,-6.57497e-07,0,0.00174006,0.000702012
0.0036055,-0.00060576,-3.57143e-06,-7.14897e-07,0,0.00159084,0.000373792
0.00340548,-0.00178903,-4.70934e-06,-7.83527e-07,0,0.00144557,-0.000168476
0.00320545,-0.00256508,-5.40932e-06,-8.72025e-07,0,0.00130456,-0.000534898
0.00300542,-0.00321431,-5.97063e-06,-9.76711e-07,0,0.00116813,-0.000851761
0.00280539,-0.00365008,-6.30168e-06,-1.09332e-06,0,0.00103664,-0.0010799
0.00260536,-0.00318471,-5.67329e-06,-1.2177e-06,0,0.000910472,-0.000945828
0.00240534,-0.00300814,-5.35322e-06,-1.3343e-06,0,0.000790031,-0.000935
0.00220531,-0.00317806,-5.40181e-06,-1.44297e-06,0,0.000675761,-0.00105208
0.00200528,-0.00399893,-6.14093e-06,-1.55076e-06,0,0.000568139,-0.0014177
0.00180525,-0.00486231,-6.92155e-06,-1.66988e-06,0,0.000467678,-0.0017843
0.00160522,-0.00562253,-7.58856e-06,-1.80441e-06,0,0.000374932,-0.00210316
0.0014052,-0.00656931,-8.44977e-06,-1.95285e-06,0,0.000290498,-0.00249247
0.00120517,-0.00691383,-8.66656e-06,-2.11754e-06,0,0.000215017,-0.0026332
0.00100514,-0.00690109,-8.50164e-06,-2.28979e-06,0,0.000149181,-0.00263577
0.000805113,-0.00646331,-7.8848e-06,-2.46064e-06,0,9.37288e-05,-0.00246996
0.000605085,-0.00651999,-7.79454e-06,-2.62142e-06,0,4.94368e-05,-0.00250466
0.000405057,-0.00715413,-8.31696e-06,-2.77777e-06,0,1.70677e-05,-0.00275967
0.000205029,-0.00812967,-9.19874e-06,-2.94149e-06,0,-2.84371e-06,-0.00314025
5.0007e-06,-0.00914038,-1.01129e-05,-3.12106e-06,0,-1.08137e-05,-0.00352844
0,-0.00992283,-1.07791e-05,-3.31875e-06,0,-1.15723e-05,-0.00382441
0,-0.0105536,-1.12794e-05,-3.531e-06,0,-1.03968e-05,-0.00406318
0,-0.0109943,-1.15735e-05,-3.75408e-06,0,-8.76187e-06,-0.00422838
0,-0.0112951,-1.17154e-05,-3.98408e-06,0,-7.0458e-06,-0.00434061
0,-0.0118913,-1.21678e-05,-4.21768e-06,0,-5.3399e-06,-0.00457293
0,-0.012663,-1.2802e-05,-4.45877e-06,0,-3.66059e-06,-0.00487078
0,-0.0136526,-1.3662e-05,-4.71164e-06,0,-2.00501e-06,-0.0052529
0,-0.0168304,-1.68384e-05,-4.98058e-06,0,-3.65365e-07,-0.00650537
0,-0.0171486,-1.69611e-05,-5.30147e-06,0,1.26732e-06,-0.00658256
0,-0.0167881,-1.63577e-05,-5.64008e-06,0,2.90232e-06,-0.00643248
0,-0.0171253,-1.64931e-05,-5.97025e-06,0,4.54898e-06,-0.00657135
0,-0.0158251,-1.48851e-05,-6.29943e-06,0,6.21673e-06,-0.00604572
0,-0.0132946,-1.19739e-05,-6.60517e-06,0,7.91509e-06,-0.00505383
0,-0.0106159,-8.9156e-06,-6.85921e-06,0,9.65373e-06,-0.0040216
0,-0.00633651,-4.17016e-06,-7.05281e-06,0,1.14426e-05,-0.00235241
0,-0.0020475,5.63678e-07,-7.15994e-06,0,1.32917e-05,-0.000703807
0,0.000979912,3.93375e-06,-7.17234e-06,0,1.52117e-05,0.000441046
0,0.00170758,4.8413e-06,-7.1004e-06,0,1.72134e-05,0.000687136
0,0.00200571,5.28188e-06,-7.00811e-06,0,1.93079e-05,0.000797094
0,0.00274883,6.18581e-06,-6.90468e-06,0,2.15069e-05,0.00109145
0,0.000201488,3.58503e-06,-6.78548e-06,0,2.38226e-05,6.53765e-05
0,-0.00247637,8.50229e-07,-6.70078e-06,0,2.62679e-05,-0.000962227
0,-0.00589607,-2.66542e-06,-6.6701e-06,0,2.88567e-05,-0.00228385
0,-0.00966923,-6.54434e-06,-6.70583e-06,0,3.16035e-05,-0.00373504
0,-0.0144244,-1.14502e-05,-6.81732e-06,0,3.45238e-05,-0.0055727
0,-0.0202481,-1.74679e-05,-7.0218e-06,0,3.7634e-05,-0.00782176
0,-0.0265115,-2.39222e-05,-7.34107e-06,0,4.09515e-05,-0.0102298
0,-0.0319337,-2.9448e-05,-7.78724e-06,0,4.44951e-05,-0.0122951
0,-0.0351727,-3.26214e-05,-8.34857e-06,0,4.82844e-05,-0.0135015
0,-0.0366417,-3.38891e-05,-8.98513e-06,0,5.23408e-05,-0.0140344
0,-0.0378126,-3.48213e-05,-9.65657e-06,0,5.66869e-05,-0.0144753
0,-0.0369944,-3.36237e-05,-1.03483e-05,0,6.13469e-05,-0.0141265
0,-0.0378526,-3.41979e-05,-1.10268e-05,0,6.63467e-05,-0.0144776
0,-0.0396918,-3.57983e-05,-1.17079e-05,0,7.17132e-05,-0.0151947
0,-0.0401279,-3.58891e-05,-1.24159e-05,0,7.74728e-05,-0.0153366
0,-0.0412111,-3.66535e-05,-1.31332e-05,0,8.36444e-05,-0.0157585
0,-0.0396238,-3.45664e-05,-1.38624e-05,0,9.02111e-05,-0.0151045
5.13634e-06,-0.0342027,-2.84058e-05,-1.45642e-05,0,9.70139e-05,-0.0129609
1.59497e-05,-0.0334477,-2.72159e-05,-1.51631e-05,0,0.000103759,-0.0127394
2.67631e-05,-0.0328921,-2.62357e-05,-1.57134e-05,0,0.000110238,-0.0125264
3.75764e-05,-0.0339498,-2.6966e-05,-1.6243e-05,0,0.000116378,-0.0129548
4.83898e-05,-0.0295386,-2.18806e-05,-1.67787e-05,0,0.000122141,-0.0111753
5.92031e-05,-0.0229072,-1.4455e-05,-1.72417e-05,0,0.000127496,-0.00859343
7.00165e-05,-0.0152956,-6.01944e-06,-1.75679e-05,0,0.000132411,-0.00565463
8.08298e-05,-0.0150061,-5.39697e-06,-1.77305e-05,0,0.000136853,-0.00565463
0,-0.0299274,-2.0612e-05,-1.78509e-05,0,8.34007e-06,-0.0117104
0,-0.030111,-2.04316e-05,-1.84787e-05,0,7.90794e-06,-0.0115601
0,-0.0315391,-2.15767e-05,-1.87044e-05,0,7.37895e-06,-0.0121278
0,-0.0338919,-2.36993e-05,-1.90223e-05,0,6.85482e-06,-0.0130456
0,-0.0339351,-2.33568e-05,-1.94857e-05,0,6.35998e-06,-0.013027
0,-0.0315858,-2.04712e-05,-1.99545e-05,0,5.89881e-06,-0.0120886
0,-0.0298715,-1.82687e-05,-2.03784e-05,0,5.47054e-06,-0.0114403
0,-0.0312529,-1.93608e-05,-2.07548e-05,0,5.07324e-06,-0.0120183
0,-0.0257866,-1.31764e-05,-2.11365e-05,0,4.70478e-06,-0.00981476
0,-0.0205442,-7.25631e-06,-2.1431e-05,0,4.36307e-06,-0.00780553
0,-0.0183151,-4.5642e-06,-2.16057e-05,0,4.04619e-06,-0.00699598
0,-0.0149965,-7.32606e-07,-2.17104e-05,0,3.75234e-06,-0.00570529
0,-0.0130145,1.65643e-06,-2.17443e-05,0,3.47984e-06,-0.00496489
0,-0.00980145,5.3335e-06,-2.17231e-05,0,3.22713e-06,-0.0037125
0,-0.00801342,7.47173e-06,-2.16348e-05,0,2.99279e-06,-0.00304793
0,-0.00519183,1.06868e-05,-2.1496e-05,0,2.77547e-06,-0.00194885
0,-0.00402633,1.21172e-05,-2.12984e-05,0,2.57394e-06,-0.00152682
0,-0.00525328,1.09881e-05,-2.10632e-05,0,2.38705e-06,-0.00203465
0,-0.00851433,7.69115e-06,-2.08378e-05,0,2.21373e-06,-0.00331798
0,-0.0118044,4.36613e-06,-2.06675e-05,0,2.05301e-06,-0.00458172
0,-0.0153985,7.23398e-07,-2.05635e-05,0,1.90396e-06,-0.00596638
0,-0.0165578,-3.25892e-07,-2.05308e-05,0,1.76573e-06,-0.00637429
0,-0.016838,-4.42867e-07,-2.05321e-05,0,1.63755e-06,-0.00646847
0,-0.0187311,-2.27686e-06,-2.05404e-05,0,1.51867e-06,-0.00722008
0,-0.0207439,-4.23452e-06,-2.05768e-05,0,1.40843e-06,-0.00799478
0,-0.022811,-6.24469e-06,-2.06517e-05,0,1.3062e-06,-0.00878933
0,-0.0250824,-8.46523e-06,-2.07665e-05,0,1.21139e-06,-0.00966463
0,-0.0276099,-1.09489e-05,-2.09247e-05,0,1.12346e-06,-0.010639
0,-0.0290787,-1.22975e-05,-2.11313e-05,0,1.04192e-06,-0.0111868
0,-0.0276465,-1.05588e-05,-2.13705e-05,0,9.66305e-07,-0.0105925
0,-0.0262483,-8.86229e-06,-2.15903e-05,0,8.96176e-07,-0.0100562
0,-0.0251164,-7.45551e-06,-2.17761e-05,0,8.3114e-07,-0.00962569
0,-0.0251098,-7.25004e-06,-2.19322e-05,0,7.70826e-07,-0.00964043
0,-0.0244621,-6.36579e-06,-2.20782e-05,0,7.1489e-07,-0.00938197
0,-0.0263328,-8.16023e-06,-2.221e-05,0,6.63016e-07,-0.0101388
0,-0.0280751,-9.8116e-06,-2.23642e-05,0,6.14907e-07,-0.0108058
0,-0.0315361,-1.32806e-05,-2.25522e-05,0,5.70291e-07,-0.012161
0,-0.0312042,-1.27062e-05,-2.28004e-05,0,5.28914e-07,-0.0119755
0,-0.0278586,-8.93249e-06,-2.30574e-05,0,4.90541e-07,-0.0106448
0,-0.0262884,-7.05901e-06,-2.3255e-05,0,4.54952e-07,-0.0100691
0,-0.0275402,-8.19031e-06,-2.34055e-05,0,4.21947e-07,-0.010593
0,-0.0218665,-1.96483e-06,-2.35637e-05,0,3.91338e-07,-0.00830852
0,-0.0149891,5.50966e-06,-2.36341e-05,0,3.6295e-07,-0.00564951
0,-0.00992576,1.10201e-05,-2.35613e-05,0,3.36622e-07,-0.00373326
0,-0.00973145,1.13282e-05,-2.33684e-05,0,3.12205e-07,-0.00373326
0.000749115,-0.033578,-1.54923e-05,-2.3148e-05,0,0.00166544,-0.0125206
0.000582645,-0.0412737,-2.34256e-05,-2.34647e-05,0,0.00154075,-0.0152606
0.000519501,-0.0442195,-2.6282e-05,-2.36827e-05,0,0.0014086,-0.0163792
0.000404694,-0.0484654,-3.04968e-05,-2.41941e-05,0,0.00128411,-0.0180801
0.000289887,-0.0483248,-3.00248e-05,-2.4783e-05,0,0.00117174,-0.0180046
0.00017508,-0.0464773,-2.77308e-05,-2.53858e-05,0,0.00107254,-0.0173105
6.02736e-05,-0.0443422,-2.51307e-05,-2.59519e-05,0,0.00098635,-0.0165238
0,-0.0444826,-2.49487e-05,-2.64675e-05,0,0.000911319,-0.016647
0,-0.0399135,-1.97595e-05,-2.69674e-05,0,0.000844156,-0.0148521
0,-0.0340756,-1.32395e-05,-2.73885e-05,0,0.000782511,-0.0126206
0,-0.0287324,-7.27014e-06,-2.76859e-05,0,0.000725519,-0.0106038
0,-0.0222251,-9.14046e-08,-2.78612e-05,0,0.000672718,-0.00811264
0,-0.0179719,4.65871e-06,-2.78989e-05,0,0.000623771,-0.00653752
0,-0.0140356,9.04434e-06,-2.78295e-05,0,0.00057839,-0.00505265
0,-0.0119622,1.14231e-05,-2.76705e-05,0,0.000536313,-0.00430522
0,-0.0114265,1.21476e-05,-2.74539e-05,0,0.000497298,-0.00414171
0,-0.0123598,1.12972e-05,-2.72146e-05,0,0.000461123,-0.0045398
0,-0.0135449,1.01714e-05,-2.69844e-05,0,0.000427581,-0.00501465
0,-0.0178821,5.69279e-06,-2.67754e-05,0,0.000396479,-0.00674309
0,-0.0218362,1.63128e-06,-2.66391e-05,0,0.00036764,-0.00826913
0,-0.0250553,-1.63893e-06,-2.65862e-05,0,0.000340901,-0.0095066
0,-0.026575,-3.0952e-06,-2.66026e-05,0,0.000316106,-0.0100759
0,-0.0261467,-2.47981e-06,-2.66572e-05,0,0.000293116,-0.00989256
0,-0.0259165,-2.08011e-06,-2.67099e-05,0,0.000271799,-0.0098174
0,-0.0254598,-1.44446e-06,-2.67535e-05,0,0.000252033,-0.00964802
0,-0.0247139,-5.07536e-07,-2.67856e-05,0,0.000233704,-0.00936595
0,-0.0254694,-1.17204e-06,-2.68004e-05,0,0.00021671,-0.00968712
0,-0.0256865,-1.26548e-06,-2.68205e-05,0,0.000200951,-0.00976975
0,-0.026267,-1.74745e-06,-2.68454e-05,0,0.000186339,-0.0100052
0,-0.0265306,-1.89376e-06,-2.68779e-05,0,0.00017279,-0.010108
0,-0.0271682,-2.43905e-06,-2.69151e-05,0,0.000160227,-0.0103645
0,-0.0278338,-3.01414e-06,-2.69611e-05,0,0.000148577,-0.0106261
0,-0.0280579,-3.06811e-06,-2.70185e-05,0,8.17697e-05,-0.0112933
0,-0.0313848,-6.41703e-06,-2.70796e-05,0,-5.6553e-05,-0.0127189
0,-0.0343053,-9.32031e-06,-2.71912e-05,0,-0.000213854,-0.0139322
0,-0.038306,-1.33565e-05,-2.73631e-05,0,-0.000376872,-0.0155788
0,-0.0407466,-1.5716e-05,-2.761e-05,0,-0.000542121,-0.0165807
-7.54794e-05,-0.0383412,-1.29158e-05,-2.79126e-05,0,-0.000706699,-0.0156659
-0.000234383,-0.0291894,-2.96078e-06,-2.81849e-05,0,-0.000866403,-0.0121253
-0.000393288,-0.0237197,3.0425e-06,-2.82939e-05,0,-0.00101845,-0.0101517
-0.000552192,-0.0203639,6.77138e-06,-2.8263e-05,0,-0.00116209,-0.0089591
-0.000711096,-0.0164597,1.10597e-05,-2.81463e-05,0,-0.00129705,-0.00750865
-0.00087,-0.013852,1.3944e-05,-2.79465e-05,0,-0.00142316,-0.00657785
-0.0010289,-0.013372,1.45461e-05,-2.7682e-05,0,-0.00154022,-0.00647053
-0.00118781,-0.0132575,1.47461e-05,-2.73941e-05,0,-0.001648,-0.00647053
0.00103685,-0.043048,-1.92302e-05,-2.71032e-05,0,0.000736492,-0.0167373
0.000818356,-0.0476077,-2.38608e-05,-2.74632e-05,0,0.000641302,-0.0180921
0.000719041,-0.0491418,-2.52567e-05,-2.7736e-05,0,0.000557194,-0.0186659
0.000560137,-0.050212,-2.6144e-05,-2.82341e-05,0,0.000483712,-0.0190917
0.000401233,-0.0484185,-2.39769e-05,-2.87526e-05,0,0.000421691,-0.0183776
0.000242329,-0.0450565,-2.01441e-05,-2.92429e-05,0,0.000371579,-0.0170783
8.34246e-05,-0.0419592,-1.66012e-05,-2.9665e-05,0,0.000333252,-0.0159064
0,-0.041887,-1.628e-05,-3.00147e-05,0,0.000304509,-0.0159368
0,-0.0357237,-9.48913e-06,-3.03419e-05,0,0.000281195,-0.0134877
0,-0.0282625,-1.34749e-06,-3.05657e-05,0,0.000260451,-0.0106128
0,-0.0216868,5.81681e-06,-3.06333e-05,0,0.000241443,-0.00811066
0,-0.0155731,1.24535e-05,-3.05528e-05,0,0.000223878,-0.00577874
0,-0.010904,1.7518e-05,-3.03369e-05,0,0.000207605,-0.00401594
0,-0.00847197,2.01728e-05,-3.00119e-05,0,0.000192519,-0.00312364
0,-0.0076786,2.10618e-05,-2.96217e-05,0,0.000178531,-0.00285081
0,-0.00788794,2.08673e-05,-2.92049e-05,0,0.00016556,-0.00295273
0,-0.00982023,1.88295e-05,-2.87866e-05,0,0.000153531,-0.00372677
0,-0.0120283,1.64939e-05,-2.83998e-05,0,0.000142378,-0.00458411
0,-0.015451,1.28665e-05,-2.80582e-05,0,0.000132034,-0.00592181
0,-0.0175481,1.0652e-05,-2.77828e-05,0,0.000122443,-0.00671124
0,-0.0204682,7.56479e-06,-2.75587e-05,0,0.000113548,-0.00784926
0,-0.0198824,8.20643e-06,-2.73919e-05,0,0.0001053,-0.00757458
0,-0.0171474,1.11212e-05,-2.7231e-05,0,9.76519e-05,-0.00649523
0,-0.0155263,1.28344e-05,-2.70232e-05,0,9.05591e-05,-0.00589324
0,-0.0137531,1.4694e-05,-2.6775e-05,0,8.39818e-05,-0.00521322
0,-0.0127742,1.56939e-05,-2.64905e-05,0,7.78824e-05,-0.00485247
0,-0.0135269,1.48421e-05,-2.61816e-05,0,7.22261e-05,-0.00517068
0,-0.013234,1.50953e-05,-2.58805e-05,0,6.69809e-05,-0.0050447
0,-0.0130058,1.52702e-05,-2.55798e-05,0,6.21167e-05,-0.00496043
0,-0.0123845,1.58538e-05,-2.52753e-05,0,5.7606e-05,-0.004718
0,-0.0139605,1.40937e-05,-2.49612e-05,0,5.34229e-05,-0.00535877
0,-0.0152416,1.26468e-05,-2.46705e-05,0,4.95438e-05,-0.00584796
0,-0.0162595,1.15167e-05,-2.44103e-05,0,5.42102e-06,-0.00665876
0,-0.0206973,6.75555e-06,-2.41743e-05,0,-9.07582e-05,-0.00848627
0,-0.0241418,3.06597e-06,-2.40154e-05,0,-0.000200958,-0.00986314
0,-0.0278293,-8.66673e-07,-2.39356e-05,0,-0.000315569,-0.0113493
0,-0.0293088,-2.43734e-06,-2.39333e-05,0,-0.000432082,-0.0119465
-4.90508e-05,-0.0281674,-1.21637e-06,-2.39742e-05,0,-0.000548496,-0.0115271
-0.000164464,-0.0190254,8.49578e-06,-2.40046e-05,0,-0.000661757,-0.00794887
-0.000279878,-0.0149642,1.27709e-05,-2.38833e-05,0,-0.000769718,-0.00651723
-0.000395292,-0.0163013,1.12914e-05,-2.36492e-05,0,-0.000871783,-0.00715845
-0.000510705,-0.0153982,1.21911e-05,-2.3416e-05,0,-0.000967738,-0.00681787
-0.000626119,-0.0135584,1.40761e-05,-2.31767e-05,0,-0.00105744,-0.006133
-0.000741532,-0.0117399,1.59241e-05,-2.29046e-05,0,-0.00114074,-0.0054666
-0.000856946,-0.0089702,1.87672e-05,-2.25954e-05,0,-0.00121747,-0.00441578
0.000758844,-0.0333076,-6.17337e-06,-2.22769e-05,0,0.0004438,-0.0129844
0.000611692,-0.0347014,-7.74792e-06,-2.23238e-05,0,0.00038121,-0.0132004
0.000528017,-0.0346338,-7.75768e-06,-2.24283e-05,0,0.000326009,-0.0131708
0.000412604,-0.0374553,-1.08268e-05,-2.25834e-05,0,0.000278131,-0.0143117
0.00029719,-0.0389393,-1.24542e-05,-2.27846e-05,0,0.000238153,-0.0148718
0.000181776,-0.0402505,-1.38815e-05,-2.30255e-05,0,0.000206421,-0.0153816
6.63628e-05,-0.0405642,-1.42338e-05,-2.3296e-05,0,0.000182899,-0.0154942
0,-0.0414585,-1.51906e-05,-2.35789e-05,0,0.00016614,-0.0158529
0,-0.0365549,-9.97741e-06,-2.3878e-05,0,0.000153162,-0.0138871
0,-0.0284357,-1.36394e-06,-2.41036e-05,0,0.000141798,-0.0107258
0,-0.0213422,6.12814e-06,-2.41739e-05,0,0.000131436,-0.00802292
0,-0.0134227,1.44652e-05,-2.40888e-05,0,0.000121873,-0.00497411
0,-0.0098668,1.81292e-05,-2.38412e-05,0,0.000113017,-0.00367991
0,-0.00705669,2.09784e-05,-2.34969e-05,0,0.000104807,-0.00261631
0,-0.00549346,2.24826e-05,-2.30916e-05,0,9.71953e-05,-0.00203885
0,-0.00715656,2.0545e-05,-2.26495e-05,0,9.01365e-05,-0.00273019
0,-0.0100532,1.72966e-05,-2.22289e-05,0,8.35907e-05,-0.00386439
0,-0.0136796,1.32797e-05,-2.18667e-05,0,7.75205e-05,-0.00527083
0,-0.017137,9.45407e-06,-2.1581e-05,0,7.18913e-05,-0.00659837
0,-0.0207336,5.49377e-06,-2.13728e-05,0,6.6671e-05,-0.00798391
0,-0.022876,3.09341e-06,-2.12431e-05,0,6.183e-05,-0.00878652
0,-0.0226557,3.21254e-06,-2.11693e-05,0,5.73407e-05,-0.0086679
0,-0.0221789,3.60494e-06,-2.11056e-05,0,5.31775e-05,-0.00848287
0,-0.0213756,4.34335e-06,-2.10355e-05,0,4.93167e-05,-0.0081713
0,-0.0202814,5.3883e-06,-2.09523e-05,0,4.57363e-05,-0.00774844
0,-0.0186126,7.03912e-06,-2.08498e-05,0,4.2416e-05,-0.00710048
0,-0.0178452,7.72537e-06,-2.07172e-05,0,3.93369e-05,-0.00682112
0,-0.0178537,7.58379e-06,-2.05662e-05,0,3.64813e-05,-0.00683764
0,-0.0184562,6.81099e-06,-2.04138e-05,0,3.38332e-05,-0.00707934
0,-0.0198565,5.19357e-06,-2.02737e-05,0,3.13774e-05,-0.00763038
0,-0.0214965,3.3285e-06,-2.01617e-05,0,2.90999e-05,-0.00826479
0,-0.0235045,1.08131e-06,-2.00858e-05,0,2.69878e-05,-0.00904243
0,-0.0244455,2.40662e-08,-2.0053e-05,0,-2.37603e-05,-0.00989745
0,-0.0274572,-3.22371e-06,-2.00472e-05,0,-0.000137353,-0.0111704
0,-0.0295195,-5.44532e-06,-2.00954e-05,0,-0.000267989,-0.0120307
0,-0.0332543,-9.42751e-06,-2.01932e-05,0,-0.000404098,-0.0135699
0,-0.0355854,-1.18953e-05,-2.03619e-05,0,-0.000542683,-0.0145188
-5.23015e-05,-0.0354782,-1.17554e-05,-2.05875e-05,0,-0.000681473,-0.0145108
-0.000191772,-0.0311066,-7.07988e-06,-2.08233e-05,0,-0.000816781,-0.0128322
-0.000331243,-0.0231438,1.39508e-06,-2.09882e-05,0,-0.000945869,-0.00977951
-0.000470713,-0.0196513,5.0904e-06,-2.10027e-05,0,-0.00106797,-0.00856113
-0.000610184,-0.0165932,8.30814e-06,-2.09194e-05,0,-0.00118282,-0.0074421
-0.000749654,-0.0115651,1.3601e-05,-2.07693e-05,0,-0.00129023,-0.00552437
-0.000889125,-0.00792683,1.73905e-05,-2.05237e-05,0,-0.00139001,-0.00418643
-0.0010286,-0.00610611,1.92266e-05,-2.01949e-05,0,-0.00148195,-0.00354774
0.000923992,-0.0225309,1.33001e-06,-1.98471e-05,0,0.000526278,-0.0087174
0.000728734,-0.0245243,-8.82421e-07,-1.97295e-05,0,0.000451394,-0.00927547
0.000645051,-0.0257221,-2.23779e-06,-1.97291e-05,0,0.000385384,-0.00974701
0.000505581,-0.028903,-5.68903e-06,-1.9767e-05,0,0.000327958,-0.0110145
0.00036611,-0.0310544,-8.02745e-06,-1.98636e-05,0,0.00027995,-0.0118377
0.00022664,-0.0302403,-7.20097e-06,-2.00124e-05,0,0.000241825,-0.0114902
8.71691e-05,-0.0284742,-5.36077e-06,-2.01606e-05,0,0.000213591,-0.0108063
0,-0.0313922,-8.49598e-06,-2.0277e-05,0,0.000193652,-0.012006
0,-0.0320017,-9.16094e-06,-2.04312e-05,0,0.000178427,-0.0122114
0,-0.0326625,-9.87094e-06,-2.06111e-05,0,0.000165162,-0.0124721
0,-0.034047,-1.13395e-05,-2.0805e-05,0,0.000153086,-0.0130205
0,-0.0335515,-1.07986e-05,-2.10244e-05,0,0.000141945,-0.0128068
0,-0.0328297,-1.00125e-05,-2.12431e-05,0,0.00013163,-0.0125311
0,-0.0348962,-1.21835e-05,-2.14473e-05,0,0.000122068,-0.0133718
0,-0.0372845,-1.468e-05,-2.16801e-05,0,0.000113202,-0.0142979
0,-0.0385052,-1.59184e-05,-2.19612e-05,0,0.000104981,-0.0147527
0,-0.0455118,-2.32856e-05,-2.22734e-05,0,9.73568e-05,-0.0175351
0,-0.0563752,-3.47052e-05,-2.27023e-05,0,9.02868e-05,-0.0217686
0,-0.0737285,-5.29503e-05,-2.33393e-05,0,8.37304e-05,-0.0285339
0,-0.09,-0.000252641,-2.43071e-05,0,7.76503e-05,-0.0374851
0,-0.09,-0.00151002,-2.83614e-05,0,7.2012e-05,-0.0477116
0,-0.09,-0.0052632,-4.53594e-05,0,6.67832e-05,-0.0580216
0,-0.09,-0.0163229,-0.000111215,0,6.19343e-05,-0.0696159
0,-0.09,-0.049396,-0.000316016,0,5.74377e-05,-0.080389
0,-0.09,-0.128379,-0.000940132,-0.043984,5.32676e-05,-0.0899453
0,-0.09,-0.232302,-0.00259941,-0.107337,4.94005e-05,-0.098014
0,-0.09,-0.390552,-0.00605034,-0.127586,4.58142e-05,-0.108908
0,-0.09,-0.731341,-0.0112503,-0.144069,4.24884e-05,-0.125128
0,-0.09,-2.98245,-0.021106,-0.126669,3.94041e-05,-0.13774
0,-0.09,-10,-0.0402351,-0.106818,3.65439e-05,-0.149411
0,-0.09,-9.8697,-0.161551,-0.0498132,-0.00383967,-0.165072
0,-0.09,-9.57125,-0.586486,-0.0388872,-0.013078,-0.179596
0,-0.09,-9.28135,-0.7622,-0.0252052,-0.0241017,-0.185774
0,-0.09,-8.99584,-0.950726,-0.0142702,-0.0356055,-0.191414
-0.00416021,-0.0941602,-8.70209,-1.13364,-0.0073701,-0.0471684,-0.193854
-0.0152541,-0.105254,-8.39126,-1.31077,-0.00870101,-0.0584367,-0.190987
-0.026348,-0.116348,-8.06934,-1.48201,-0.0160531,-0.0691787,-0.184976
-0.0374419,-0.127442,-7.74732,-1.6471,-0.00404653,-0.0793321,-0.180737
-0.0485358,-0.138536,-7.42685,-1.80527,4.6624e-09,-0.0888763,-0.172779
-0.0596296,-0.14963,-7.11061,-1.95717,-4.1359e-25,-0.0977991,-0.171024
-0.0707235,-0.160724,-6.79928,-2.1027,9.18355e-41,-0.106088,-0.168211
-0.0818174,-0.171817,-6.49331,-2.24196,-2.03916e-56,-0.113727,-0.168923
0.073497,-0.016503,-6.49448,-2.37794,4.52784e-72,0.0457106,-0.00929768
0.0624031,-0.0275969,-6.19108,-2.51088,-1.00538e-87,0.0394306,-0.0195541
0.0513092,-0.0386908,-5.89399,-2.63789,2.2324e-103,0.0338676,-0.0283087
0.0402153,-0.0497847,-5.60279,-2.75874,-4.95692e-119,0.0290512,-0.0321813
0.0291215,-0.0608785,-5.31712,-2.8737,9.63075e-135,0.0250128,-0.0319093
0.0180276,-0.0719724,-5.03686,-2.98305,-1.22197e-150,0.0217793,-0.028783
0.00693368,-0.0830663,-4.76194,-3.08659,2.71333e-166,0.019348,-0.0252533
0,-0.0802989,-4.49297,-3.18457,-3.0124e-182,0.0175902,-0.0242819
0,-0.0836013,-4.22997,-3.27712,6.68887e-198,0.0162199,-0.0261484
0,-0.088836,-3.97303,-3.36304,-1.48523e-213,0.0150172,-0.0286461
0,-0.0865453,-3.72211,-3.44378,3.29787e-229,0.0139197,-0.0280696
0,-0.0853179,-3.47713,-3.51948,-7.32274e-245,0.0129067,-0.0279973
0,-0.0832877,-3.23805,-3.59025,1.62597e-260,0.0119685,-0.0275553
0,-0.079627,-3.00483,-3.6562,-3.61039e-276,0.0110988,-0.0264444
0,-0.0763205,-2.77742,-3.71747,8.01667e-292,0.0102925,-0.0254722
0,-0.0705297,-2.55577,-3.77415,-1.78006e-307,0.00954475,-0.023477
0,-0.0636927,-2.33983,-3.82638,2.37152e-322,0.00885138,-0.0210786
0,-0.0555487,-2.12956,-3.87425,2.37152e-322,0.00820839,-0.0181526
0,-0.0509637,-1.92493,-3.9179,2.37152e-322,0.00761214,-0.0166477
0,-0.0511171,-1.7259,-3.95742,2.37152e-322,0.00705922,-0.0169617
0,-0.0539558,-1.53243,-3.99293,2.37152e-322,0.00654648,-0.0182584
0,-0.0536166,-1.34444,-4.02455,2.37152e-322,0.006071,-0.0182295
0,-0.0509363,-1.16188,-4.05237,2.37152e-322,0.00563007,-0.0173004
0,-0.0468868,-0.984697,-4.07653,2.37152e-322,0.00522117,-0.0158474
0,-0.0443578,-0.812826,-4.09711,2.37152e-322,0.00484199,-0.0150104
0,-0.0438735,-0.646206,-4.11422,2.37152e-322,0.00449036,-0.0149555
0,-0.0437602,-0.48477,-4.12798,2.37152e-322,0.00416428,-0.0150074
0,-0.0398164,-0.32845,-4.13848,2.37152e-322,0.00386189,-0.0135149
0,-0.0333581,-0.177178,-4.14583,2.37152e-322,0.00358146,-0.0110687
0,-0.0268071,-0.0308894,-4.15013,2.37152e-322,0.00332141,-0.00861639
0,-0.0243906,0.11048,-4.15148,2.37152e-322,0.00308025,-0.00780927
0,-0.027326,0.247,-4.14998,2.37152e-322,0.00285661,-0.00906926
0,-0.029009,0.378749,-4.14572,2.37152e-322,0.00259817,-0.0102741
0,-0.0287793,0.505798,-4.1388,2.37152e-322,0.00228888,-0.0102845
0,-0.0218778,0.628226,-4.12932,2.37152e-322,0.0019756,-0.00765357
0,-0.0143277,0.746101,-4.11737,2.37152e-322,0.00166941,-0.00485804
0,0.00142719,0.859503,-4.10304,2.37152e-322,0.00137253,0.00121173
-5.47234e-05,0.0112495,0.968492,-4.08642,2.37152e-322,0.00108647,0.00479566
-0.000200652,0.0160691,1.07314,-4.06759,2.37152e-322,0.000814273,0.00648168
-0.000346581,0.0188834,1.17354,-4.04665,2.37152e-322,0.000558074,0.00745229
-0.000492511,0.012243,1.26974,-4.02368,2.37152e-322,0.000317978,0.00468697
-0.00063844,0.00353789,1.36184,-3.99877,2.37152e-322,9.3635e-05,0.00125016
-0.000784369,-0.00312133,1.44991,-3.97199,2.37152e-322,-0.000115359,-0.00133044
-0.000930298,-0.00829714,1.53403,-3.94343,2.37152e-322,-0.000309361,-0.00334278
-0.00107623,-0.00614038,1.61429,-3.91317,2.37152e-322,-0.00048865,-0.00244328
0.00096678,-0.0231088,1.69076,-3.88249,2.37152e-322,0.00153551,-0.00777125
0.000766127,-0.016401,1.76313,-3.83678,2.37152e-322,0.00138565,-0.00485627
0.000674922,-0.0119905,1.8323,-3.8151,2.37152e-322,0.00125027,-0.00322607
0.000528993,-0.00928817,1.8979,-3.7788,2.37152e-322,0.00112871,-0.00223377
0.000383064,-0.00924822,1.96,-3.74117,2.37152e-322,0.00102148,-0.00227455
0.000237135,-0.0109489,2.01868,-3.70228,2.37152e-322,0.000928727,-0.00296652
9.12057e-05,-0.0170995,2.07401,-3.6622,2.37152e-322,0.000850162,-0.0054062
0,-0.0243402,2.12607,-3.621,2.37152e-322,0.000783836,-0.00821133
0,-0.0250969,2.17494,-3.57874,2.37152e-322,0.000725741,-0.00840978
0,-0.0231144,2.2207,-3.53548,2.37152e-322,0.000672758,-0.00761312
0,-0.0212332,2.26341,-3.4913,2.37152e-322,0.000623856,-0.00689827
0,-0.0145031,2.30316,-3.44624,2.37152e-322,0.000578566,-0.00424533
0,-0.0114166,2.34,-3.40038,2.37152e-322,0.00053658,-0.00312111
0,-0.00936212,2.37402,-3.35376,2.37152e-322,0.000497646,-0.00235281
0,-0.00785222,2.40529,-3.30645,2.37152e-322,0.00046154,-0.00178591
0,-0.00686492,2.43387,-3.2585,2.37152e-322,0.000428054,-0.00141918
0,-0.00974267,2.45984,-3.20997,2.37152e-322,0.000397,-0.00258754
0,-0.0127839,2.48327,-3.1609,2.37152e-322,0.000368199,-0.00376192
0,-0.0131657,2.50424,-3.11135,2.37152e-322,0.000341489,-0.00387199
0,-0.0117305,2.5228,-3.06137,2.37152e-322,0.000316717,-0.0032974
0,-0.00834453,2.53904,-3.01101,2.37152e-322,0.000293743,-0.00197182
0,-0.00680855,2.55301,-2.96031,2.37152e-322,0.000272437,-0.00141491
0,-0.00786629,2.56478,-2.90932,2.37152e-322,0.000252677,-0.00186542
0,-0.00853181,2.57442,-2.85808,2.37152e-322,0.00023435,-0.00211978
0,-0.00687952,2.582,-2.80664,2.37152e-322,0.000217354,-0.00145493
0,-0.00431398,2.58758,-2.75504,2.37152e-322,0.000201591,-0.000461179
0,-0.00166884,2.59122,-2.70332,2.37152e-322,0.000186971,0.000550117
0,-0.00222985,2.59298,-2.65151,2.37152e-322,0.000173413,0.000279811
0,-0.00371196,2.59293,-2.59966,2.37152e-322,0.000160838,-0.000309413
0,-0.00247247,2.59113,-2.5478,2.37152e-322,0.000149175,0.000201847
0,-0.00407344,2.58763,-2.49597,2.37152e-322,0.000138358,-0.000462986
0,-0.00795082,2.58251,-2.4442,2.37152e-322,0.000128327,-0.0019935
0,-0.0135816,2.57581,-2.39253,2.37152e-322,6.68981e-05,-0.00473345
0,-0.0198623,2.56759,-2.34098,2.37152e-322,-6.11481e-05,-0.00725218
0,-0.0254489,2.55791,-2.28958,2.37152e-322,-0.000206917,-0.00948218
0,-0.0314706,2.54683,-2.23838,2.37152e-322,-0.000358083,-0.0118932
0,-0.0385928,2.5344,-2.18738,2.37152e-322,-0.000511478,-0.0147328
-5.58766e-05,-0.0436903,2.52068,-2.13663,2.37152e-322,-0.000664704,-0.0167423
-0.000204881,-0.043612,2.50573,-2.08615,2.37152e-322,-0.000813852,-0.016711
-0.000353885,-0.0393804,2.48959,-2.03596,2.37152e-322,-0.000956022,-0.015095
-0.000502889,-0.0353401,2.47231,-1.98609,2.37152e-322,-0.00109042,-0.0136134
-0.000651893,-0.0294808,2.45394,-1.93656,2.37152e-322,-0.00121678,-0.011397
-0.000800897,-0.020829,2.43454,-1.88739,2.37152e-322,-0.00133493,-0.00808784
-0.000949901,-0.0142604,2.41414,-1.8386,2.37152e-322,-0.00144468,-0.00564786
-0.00109891,-0.0111959,2.3928,-1.79021,2.37152e-322,-0.00154583,-0.00456982
0.000987152,-0.0407389,2.37052,-1.74193,2.37152e-322,0.00059696,-0.0148927
0.000838148,-0.04705,2.3474,-1.6943,2.37152e-322,0.000513863,-0.0170082
0.000689144,-0.0509596,2.32348,-1.64724,2.37152e-322,0.000440304,-0.018504
0.00054014,-0.0550086,2.2988,-1.60065,2.37152e-322,0.000376688,-0.0200887
0.000391136,-0.0549193,2.27339,-1.55455,2.37152e-322,0.000323442,-0.0200161
0.000242132,-0.051107,2.24732,-1.50896,2.37152e-322,0.000280934,-0.0185181
9.31276e-05,-0.0483453,2.2206,-1.46388,2.37152e-322,0.000249131,-0.017495
0,-0.0477236,2.19328,-1.41933,2.37152e-322,0.000226313,-0.0173091
0,-0.0458811,2.1654,-1.37533,2.37152e-322,0.00020864,-0.0166022
0,-0.0418089,2.137,-1.33188,2.37152e-322,0.000193164,-0.0150235
0,-0.0377822,2.10811,-1.289,2.37152e-322,0.000179052,-0.0134966
0,-0.0322947,2.07878,-1.2467,2.37152e-322,0.000166028,-0.0113856
0,-0.0283552,2.04902,-1.20497,2.37152e-322,0.000153967,-0.00991464
0,-0.0240901,2.01889,-1.16384,2.37152e-322,0.000142786,-0.00828975
0,-0.0221659,1.98841,-1.12332,2.37152e-322,0.000132418,-0.00760425
0,-0.0212809,1.95761,-1.0834,2.37152e-322,0.000122804,-0.0072976
0,-0.0213958,1.92652,-1.04409,2.37152e-322,0.000113888,-0.00737401
0,-0.0217378,1.89518,-1.0054,2.37152e-322,0.00010562,-0.00752557
0,-0.02459,1.86362,-0.967343,2.37152e-322,9.79527e-05,-0.00867571
0,-0.0243276,1.83186,-0.929913,2.37152e-322,9.0842e-05,-0.00854367
0,-0.0239554,1.79993,-0.893117,2.37152e-322,8.42478e-05,-0.0084153
0,-0.0214185,1.76787,-0.856959,2.37152e-322,7.81324e-05,-0.00742416
0,-0.0199084,1.73569,-0.821441,2.37152e-322,7.24612e-05,-0.00687597
0,-0.0185327,1.70343,-0.786566,2.37152e-322,6.72018e-05,-0.00636554
0,-0.0187843,1.6711,-0.752336,2.37152e-322,6.23243e-05,-0.00650263
0,-0.0189734,1.63873,-0.718753,2.37152e-322,5.7801e-05,-0.0065897
0,-0.0210138,1.60635,-0.685816,2.37152e-322,5.36062e-05,-0.00741673
0,-0.0230507,1.57397,-0.653527,2.37152e-322,4.97159e-05,-0.00821385
0,-0.0240535,1.54162,-0.621886,2.37152e-322,4.61081e-05,-0.00859803
0,-0.0240705,1.50932,-0.590892,2.37152e-322,4.27622e-05,-0.00860428
0,-0.0258956,1.47709,-0.560544,2.37152e-322,3.96593e-05,-0.0093474
0,-0.0275806,1.44495,-0.530841,2.37152e-322,3.67816e-05,-0.0100067
0,-0.029922,1.41291,-0.501781,2.37152e-322,-3.1061e-05,-0.0116103
0,-0.0333995,1.381,-0.473363,2.37152e-322,-0.000182849,-0.0130894
0,-0.0368088,1.34923,-0.445583,2.37152e-322,-0.000357399,-0.0145213
0,-0.039745,1.31762,-0.41844,2.37152e-322,-0.000539258,-0.0157607
0,-0.0428086,1.28619,-0.391929,2.37152e-322,-0.000724423,-0.0170524
-6.98653e-05,-0.0426551,1.25495,-0.366049,2.37152e-322,-0.000909856,-0.0170512
-0.000256173,-0.0378904,1.22392,-0.340793,2.37152e-322,-0.00109064,-0.015251
-0.00044248,-0.037096,1.19311,-0.31616,2.37152e-322,-0.00126311,-0.0150991
-0.000628788,-0.03942,1.16253,-0.292143,2.37152e-322,-0.00142625,-0.0161239
-0.000815095,-0.0381019,1.13219,-0.26874,2.37152e-322,-0.00157968,-0.0156392
-0.0010014,-0.0344586,1.10212,-0.245945,2.37152e-322,-0.00172319,-0.0142745
-0.00118771,-0.0295715,1.07232,-0.223752,2.37152e-322,-0.0018565,-0.0124416
-0.00137402,-0.023388,1.0428,-0.202156,2.37152e-322,-0.00197933,-0.0101032
0.00123429,-0.0471655,1.01353,-0.18071,2.37152e-322,0.00070327,-0.0177543
0.000982772,-0.0488087,0.984331,-0.153051,2.37152e-322,0.00060313,-0.0181349
0.000861672,-0.0501412,0.955689,-0.140109,2.37152e-322,0.000514825,-0.0186845
0.000675364,-0.0536703,0.927364,-0.120852,2.37152e-322,0.000438083,-0.0201059
0.000489057,-0.0532436,0.899372,-0.102163,2.37152e-322,0.000373946,-0.0199101
0.00030275,-0.0510927,0.871719,-0.0840353,2.37152e-322,0.000323017,-0.0190832
0.000116442,-0.0490615,0.844409,-0.0664627,2.37152e-322,0.000285302,-0.0183281
0,-0.0482681,0.817449,-0.0494379,2.37152e-322,0.000258669,-0.0180636
0,-0.0424033,0.79085,-0.0329542,2.37152e-322,0.000238332,-0.015754
0,-0.0330879,0.764619,-0.0170042,2.37152e-322,0.000220614,-0.0121435
0,-0.0252301,0.738754,-0.00158063,2.37152e-322,0.000204483,-0.00916706
0,-0.0161935,0.713264,0.0133238,2.37152e-322,0.000189603,-0.00569691
0,-0.00943202,0.68815,0.0277165,2.37152e-322,0.000175824,-0.00315255
0,-0.00613996,0.663414,0.0416051,2.37152e-322,0.000163052,-0.00195794
0,-0.00198454,0.639065,0.054997,2.37152e-322,0.00015121,-0.000364852
0,-0.00012014,0.615104,0.0679001,2.37152e-322,0.000140228,0.000300837
0,0.000293533,0.591533,0.080322,2.37152e-322,0.000130044,0.000422936
0,-0.00150357,0.568356,0.0922705,2.37152e-322,0.000120601,-0.000314923
0,-0.00512368,0.545574,0.103753,2.37152e-322,0.000111843,-0.00174629
0,-0.00819075,0.523193,0.114779,2.37152e-322,0.000103722,-0.00292846
0,-0.0127462,0.501211,0.125355,2.37152e-322,9.61903e-05,-0.00471293
0,-0.0150027,0.479635,0.135489,2.37152e-322,8.92061e-05,-0.00555622
0,-0.0152492,0.458464,0.145189,2.37152e-322,8.27292e-05,-0.00563186
0,-0.015489,0.437697,0.154464,2.37152e-322,7.67228e-05,-0.00573517
0,-0.0141981,0.417337,0.163322,2.37152e-322,7.11527e-05,-0.00522706
0,-0.0132881,0.397381,0.171771,2.37152e-322,6.59872e-05,-0.00489415
0,-0.0124662,0.37783,0.179818,2.37152e-322,6.11968e-05,-0.00459022
0,-0.0122627,0.358683,0.187473,2.37152e-322,5.67544e-05,-0.00453149
0,-0.0117629,0.339939,0.194742,2.37152e-322,5.26346e-05,-0.00434472
0,-0.00970134,0.321599,0.201634,2.37152e-322,4.8814e-05,-0.00353856
0,-0.0104156,0.303658,0.208158,2.37152e-322,4.52709e-05,-0.00386435
0,-0.0121784,0.286116,0.214321,2.37152e-322,4.19851e-05,-0.004566
0,-0.0143726,0.268972,0.220131,2.37152e-322,-1.04988e-06,-0.00584142
0,-0.0169493,0.252223,0.225596,2.37152e-322,-9.54883e-05,-0.00691389
0,-0.020231,0.235869,0.230724,2.37152e-322,-0.0002038,-0.00826025
0,-0.021967,0.219908,0.235524,2.37152e-322,-0.00031652,-0.00897566
0,-0.0232318,0.204338,0.240002,2.37152e-322,-0.000431227,-0.00952298
-3.72908e-05,-0.0237193,0.189156,0.244166,2.37152e-322,-0.000546185,-0.00976301
-0.000152032,-0.0230889,0.174359,0.248025,2.37152e-322,-0.00065838,-0.00956405
-0.000266773,-0.0236494,0.159942,0.251586,2.37152e-322,-0.000765453,-0.00985299
-0.000381513,-0.0252202,0.145902,0.254857,2.37152e-322,-0.000866752,-0.0105223
-0.000496254,-0.0250732,0.132239,0.257845,2.37152e-322,-0.000962046,-0.0104855
-0.000610995,-0.0217798,0.118951,0.260559,2.37152e-322,-0.00105119,-0.00921403
-0.000725736,-0.0172475,0.106033,0.263004,2.37152e-322,-0.00113404,-0.00749158
-0.000840477,-0.0121161,0.0934792,0.265189,2.37152e-322,-0.00121041,-0.00554452
0.000765895,-0.0158769,0.0812737,0.26731,2.37152e-322,0.000441019,-0.0059093
0.000599521,-0.0120453,0.0694026,0.269791,2.37152e-322,0.000378765,-0.00439356
0.000536414,-0.0108648,0.0579035,0.270613,2.37152e-322,0.000323833,-0.00400599
0.000421673,-0.00988677,0.046753,0.271829,2.37152e-322,0.000275912,-0.00365141
0.000306932,-0.0106372,0.0359453,0.27282,2.37152e-322,0.000235729,-0.00398126
0.000192191,-0.0133383,0.0254759,0.273593,2.37152e-322,0.000203683,-0.0050614
7.74501e-05,-0.017318,0.0153409,0.274155,2.37152e-322,0.000179812,-0.00662054
0,-0.0230333,0.00553562,0.274512,2.37152e-322,0.000162927,-0.00885192
0,-0.0223602,-0.00393604,0.274672,2.37152e-322,0.000150091,-0.00850515
0,-0.0169838,-0.0130805,0.274641,2.37152e-322,0.000138926,-0.0063778
0,-0.0144324,-0.0219104,0.274425,2.37152e-322,0.000128767,-0.00544986
0,-0.008862,-0.0304243,0.274031,2.37152e-322,0.000119396,-0.00327282
0,-0.00653,-0.0386337,0.273465,2.37152e-322,0.00011072,-0.00243456
0,-0.00588527,-0.0465417,0.272733,2.37152e-322,0.000102677,-0.00221994
0,-0.00473865,-0.0541509,0.271842,2.37152e-322,9.52201e-05,-0.00177867
0,-0.00609419,-0.0614694,0.270797,2.37152e-322,8.8305e-05,-0.00234376
0,-0.00848015,-0.0685006,0.269604,2.37152e-322,8.18923e-05,-0.00328157
0,-0.0106404,-0.0752481,0.268269,2.37152e-322,7.59456e-05,-0.00411314
0,-0.0134358,-0.0817178,0.266798,2.37152e-322,7.0431e-05,-0.00520143
0,-0.0153506,-0.0879131,0.265196,2.37152e-322,6.53169e-05,-0.0059281
0,-0.0175964,-0.0938405,0.263469,2.37152e-322,6.05744e-05,-0.00680013
0,-0.0195561,-0.0995042,0.261621,2.37152e-322,5.61763e-05,-0.00755259
0,-0.0222516,-0.10491,0.25966,2.37152e-322,5.20978e-05,-0.00860295
0,-0.0261063,-0.110065,0.257589,2.37152e-322,4.83155e-05,-0.0101046
0,-0.031337,-0.114972,0.255413,2.37152e-322,4.48079e-05,-0.0121377
0,-0.0364888,-0.119636,0.253138,2.37152e-322,4.15551e-05,-0.014118
0,-0.0423447,-0.124063,0.250769,2.37152e-322,3.85385e-05,-0.0163804
0,-0.0455921,-0.128254,0.24831,2.37152e-322,3.5741e-05,-0.0175904
0,-0.0481799,-0.132217,0.245765,2.37152e-322,3.31467e-05,-0.0185767
0,-0.0495883,-0.135955,0.243141,2.37152e-322,3.07408e-05,-0.019102
0,-0.0510382,-0.139475,0.24044,2.37152e-322,2.85096e-05,-0.0196619
0,-0.0509778,-0.142781,0.237669,2.37152e-322,2.64404e-05,-0.0196179
0,-0.0497895,-0.145877,0.234829,2.37152e-322,-6.25164e-05,-0.0200561
0,-0.0499124,-0.148772,0.231927,2.37152e-322,-0.000263701,-0.0202758
0,-0.0503962,-0.151469,0.228966,2.37152e-322,-0.000495401,-0.0206161
0,-0.050227,-0.153972,0.225951,2.37152e-322,-0.000736988,-0.0206841
0,-0.0504992,-0.156286,0.222884,2.37152e-322,-0.000983175,-0.0209308
-8.11677e-05,-0.04947,-0.158416,0.219769,2.37152e-322,-0.00123016,-0.0206425
-0.000330914,-0.0425686,-0.16036,0.216612,2.37152e-322,-0.00147137,-0.01802
-0.000580661,-0.0379075,-0.162133,0.213414,2.37152e-322,-0.00170164,-0.016372
-0.000830408,-0.0379614,-0.163741,0.210181,2.37152e-322,-0.00191955,-0.0165622
-0.00108015,-0.0340761,-0.165179,0.206914,2.37152e-322,-0.00212458,-0.0150974
-0.0013299,-0.0275874,-0.166455,0.203617,2.37152e-322,-0.00231639,-0.0126437
-0.00157965,-0.0214292,-0.167575,0.200295,2.37152e-322,-0.00249466,-0.0103521
-0.0018294,-0.0144116,-0.168544,0.196949,2.37152e-322,-0.00265898,-0.00770317
0.00166706,-0.0321661,-0.169388,0.193597,2.37152e-322,0.000937306,-0.0123063
0.00134863,-0.0324142,-0.170044,0.189287,2.37152e-322,0.000803019,-0.0122188
0.00116757,-0.0339595,-0.170596,0.186825,2.37152e-322,0.000684459,-0.0128723
0.000917819,-0.0361115,-0.171015,0.183415,2.37152e-322,0.000581489,-0.0137362
0.000668073,-0.036307,-0.171301,0.179997,2.37152e-322,0.000495373,-0.0138044
0.000418326,-0.0358896,-0.171462,0.176573,2.37152e-322,0.000426896,-0.0136535
0.000168579,-0.0348882,-0.171501,0.173144,2.37152e-322,0.000376129,-0.0132756
0,-0.0361909,-0.171425,0.169714,2.37152e-322,0.000340482,-0.0138244
0,-0.033595,-0.171231,0.166285,2.37152e-322,0.000313568,-0.0127798
0,-0.0270228,-0.170924,0.16286,2.37152e-322,0.000290219,-0.0102062
0,-0.0223819,-0.170514,0.15944,2.37152e-322,0.000268988,-0.00846382
0,-0.0155318,-0.169999,0.156028,2.37152e-322,0.000249411,-0.00580903
0,-0.00995949,-0.169389,0.152625,2.37152e-322,0.000231285,-0.0036975
0,-0.00638862,-0.168686,0.149234,2.37152e-322,0.000214484,-0.00236485
0,-0.000365007,-0.16789,0.145857,2.37152e-322,0.000198905,-2.16211e-05
0,0.00180267,-0.167012,0.142495,2.37152e-322,0.00018446,0.000745051
0,0.00274596,-0.166051,0.13915,2.37152e-322,0.000171064,0.00108247
0,0.000370809,-0.165014,0.135825,2.37152e-322,0.000158641,0.000114186
0,-0.00336297,-0.163902,0.132519,2.37152e-322,0.000147121,-0.00134526
0,-0.00794233,-0.162718,0.129236,2.37152e-322,0.000136437,-0.00312107
0,-0.0137778,-0.161466,0.125975,2.37152e-322,0.00012653,-0.00538505
0,-0.0167225,-0.160143,0.12274,2.37152e-322,0.000117343,-0.00647523
0,-0.0178115,-0.158755,0.11953,2.37152e-322,0.000108823,-0.00686843
0,-0.0184355,-0.157306,0.116348,2.37152e-322,0.000100922,-0.00710406
0,-0.0166417,-0.155797,0.113195,2.37152e-322,9.35949e-05,-0.00638115
0,-0.0157999,-0.154235,0.110071,2.37152e-322,8.68e-05,-0.00607516
0,-0.0140382,-0.15262,0.106979,2.37152e-322,8.04986e-05,-0.005387
0,-0.0142144,-0.150958,0.103918,2.37152e-322,7.46549e-05,-0.00548645
0,-0.0146037,-0.14925,0.100891,2.37152e-322,6.92357e-05,-0.00564107
0,-0.0161484,-0.147501,0.0978974,2.37152e-322,6.421e-05,-0.00625356
0,-0.0211822,-0.145714,0.0949386,2.37152e-322,5.95492e-05,-0.00824122
0,-0.0265237,-0.14389,0.0920154,2.37152e-322,5.5227e-05,-0.0102981
0,-0.0302407,-0.142029,0.0891284,2.37152e-322,-3.05969e-05,-0.0125577
0,-0.034692,-0.140135,0.0862786,2.37152e-322,-0.000221756,-0.0144208
0,-0.0380265,-0.138209,0.0834664,2.37152e-322,-0.000441456,-0.0158236
0,-0.0396471,-0.136253,0.0806926,2.37152e-322,-0.000670335,-0.0165536
0,-0.0404804,-0.13427,0.0779577,2.37152e-322,-0.000903498,-0.0169884
-6.48037e-05,-0.0396165,-0.132262,0.0752624,2.37152e-322,-0.00113762,-0.0167495
-0.000300454,-0.0376443,-0.130231,0.0726071,2.37152e-322,-0.00136654,-0.0160852
-0.000536103,-0.0331796,-0.128177,0.0699924,2.37152e-322,-0.00158517,-0.0144334
-0.000771753,-0.0297154,-0.126107,0.0674185,2.37152e-322,-0.0017921,-0.0132098
-0.0010074,-0.0268884,-0.124022,0.0648861,2.37152e-322,-0.00198684,-0.0122159
-0.00124305,-0.0237796,-0.121924,0.0623952,2.37152e-322,-0.00216908,-0.0110904
-0.0014787,-0.0201761,-0.119813,0.0599462,2.37152e-322,-0.00233851,-0.00976275
-0.00171435,-0.0166963,-0.117692,0.0575394,2.37152e-322,-0.00249477,-0.0084833
0.00158475,-0.0311793,-0.115581,0.0551432,2.37152e-322,0.000897338,-0.01192
0.0013491,-0.0322792,-0.113449,0.0528104,2.37152e-322,0.000768817,-0.0121754
0.00111345,-0.030927,-0.11131,0.0505307,2.37152e-322,0.000655001,-0.0116507
0.000877796,-0.0300916,-0.109169,0.0482938,2.37152e-322,0.000556546,-0.011364
0.000642146,-0.0270502,-0.107023,0.0460997,2.37152e-322,0.000474151,-0.0101836
0.000406496,-0.023762,-0.104877,0.0439486,2.37152e-322,0.000408443,-0.00893438
0.000170846,-0.021546,-0.102734,0.0418403,2.37152e-322,0.000359513,-0.00811397
0,-0.0242164,-0.100598,0.0397749,2.37152e-322,0.000325161,-0.00922602
0,-0.0262377,-0.0984663,0.0377523,2.37152e-322,0.000299384,-0.0100026
0,-0.0240784,-0.0963353,0.0357723,2.37152e-322,0.000277073,-0.00911904
0,-0.0240607,-0.0942133,0.0338349,2.37152e-322,0.0002568,-0.00915379
0,-0.0206504,-0.0920956,0.03194,2.37152e-322,0.000238109,-0.00780047
0,-0.0192141,-0.0899891,0.0300875,2.37152e-322,0.000220805,-0.00728662
0,-0.0179505,-0.0878929,0.0282772,2.37152e-322,0.000204766,-0.00681092
0,-0.0159914,-0.0858073,0.0265089,2.37152e-322,0.000189894,-0.00605432
0,-0.0152676,-0.0837352,0.0247823,2.37152e-322,0.000176103,-0.00580106
0,-0.0140074,-0.0816759,0.0230972,2.37152e-322,0.000163315,-0.00531425
0,-0.0133901,-0.0796315,0.0214534,2.37152e-322,0.000151455,-0.00509191
0,-0.0138035,-0.0776033,0.0198506,2.37152e-322,0.000140458,-0.00527085
0,-0.0145726,-0.0755915,0.0182884,2.37152e-322,0.000130259,-0.00557565
0,-0.0158466,-0.073597,0.0167665,2.37152e-322,0.000120801,-0.00607621
0,-0.0161929,-0.071619,0.0152846,2.37152e-322,0.00011203,-0.00619836
0,-0.0163097,-0.0696592,0.0138423,2.37152e-322,0.000103896,-0.00624277
0,-0.017361,-0.0677194,0.0124393,2.37152e-322,9.63533e-05,-0.00666355
0,-0.01967,-0.0658006,0.0110752,2.37152e-322,8.93582e-05,-0.00757191
0,-0.0223983,-0.0639026,0.00974962,2.37152e-322,8.28712e-05,-0.00862819
0,-0.0265778,-0.0620271,0.00846208,2.37152e-322,7.68554e-05,-0.0102573
0,-0.0306726,-0.0601729,0.00721216,2.37152e-322,7.12765e-05,-0.01183
0,-0.0342224,-0.0583402,0.00599943,2.37152e-322,6.61027e-05,-0.0131864
0,-0.0383354,-0.0565306,0.00482346,2.37152e-322,6.13047e-05,-0.0147757
0,-0.0431562,-0.0547447,0.0036838,2.37152e-322,5.68551e-05,-0.0166389
0,-0.0461702,-0.0529803,0.00257998,2.37152e-322,5.27286e-05,-0.0177697
0,-0.0467494,-0.051237,0.00151155,2.37152e-322,-4.13265e-05,-0.0189002
0,-0.0483636,-0.049519,0.000478095,2.37152e-322,-0.000251591,-0.0196931
0,-0.0494385,-0.047825,-0.000520875,2.37152e-322,-0.000493371,-0.0202515
0,-0.0505939,-0.0461559,-0.00148584,2.37152e-322,-0.000745312,-0.0208441
0,-0.0505766,-0.0445107,-0.00241731,2.37152e-322,-0.00100201,-0.0209594
-7.14672e-05,-0.0504542,-0.0428908,-0.00331575,2.37152e-322,-0.0012598,-0.0210419
-0.000331348,-0.0455604,-0.0412915,-0.00418166,2.37152e-322,-0.00151188,-0.0192112
-0.000591229,-0.0364471,-0.0397136,-0.00501549,2.37152e-322,-0.00175264,-0.0157585
-0.000851109,-0.0327854,-0.0381675,-0.00581765,2.37152e-322,-0.00198053,-0.0145368
-0.00111099,-0.0280763,-0.0366466,-0.00658873,2.37152e-322,-0.00219499,-0.0128031
-0.00137087,-0.0219785,-0.0351507,-0.00732927,2.37152e-322,-0.00239569,-0.0105207
-0.00163075,-0.0175923,-0.033683,-0.00803976,2.37152e-322,-0.00258228,-0.00893298
-0.00189063,-0.014126,-0.0322429,-0.00872076,2.37152e-322,-0.00275436,-0.00767682
0.0017477,-0.0292183,-0.0308491,-0.00939442,2.37152e-322,0.000986761,-0.0111158
0.00148132,-0.0294765,-0.0294649,-0.010041,2.37152e-322,0.000845294,-0.0110237
0.00122794,-0.0300143,-0.0281084,-0.0106225,2.37152e-322,0.000720042,-0.0112707
0.000968056,-0.0315448,-0.0267796,-0.0111914,2.37152e-322,0.000611653,-0.0119028
0.000708175,-0.0315693,-0.025476,-0.0117337,2.37152e-322,0.000520945,-0.0119127
0.000448294,-0.0309381,-0.0241985,-0.0122497,2.37152e-322,0.000448624,-0.0116795
0.000188414,-0.0303378,-0.0229478,-0.0127401,2.37152e-322,0.000394795,-0.0114654
0,-0.0308803,-0.0217249,-0.0132053,2.37152e-322,0.000357033,-0.0117046
0,-0.0270725,-0.020524,-0.0136459,2.37152e-322,0.00032872,-0.010188
0,-0.0204421,-0.0193466,-0.0140624,2.37152e-322,0.000304219,-0.00760993
0,-0.0162187,-0.0181982,-0.0144552,2.37152e-322,0.000281959,-0.00603531
0,-0.0106592,-0.0170747,-0.0148249,2.37152e-322,0.000261436,-0.00388956
0,-0.00674637,-0.0159791,-0.015172,2.37152e-322,0.000242437,-0.0024211
0,-0.00526181,-0.0149122,-0.0154971,2.37152e-322,0.000224826,-0.00189627
0,-0.00425146,-0.0138716,-0.0158006,2.37152e-322,0.000208498,-0.00152298
0,-0.00555209,-0.0128592,-0.0160833,2.37152e-322,0.000193356,-0.00206457
0,-0.00667985,-0.0118721,-0.0163455,2.37152e-322,0.000179314,-0.00250123
0,-0.0106822,-0.0109133,-0.0165879,2.37152e-322,0.000166293,-0.00408778
0,-0.014241,-0.00997918,-0.016811,2.37152e-322,0.000154218,-0.00545279
0,-0.0158764,-0.0090679,-0.0170152,2.37152e-322,0.00014302,-0.00605619
0,-0.0176545,-0.00818143,-0.0172011,2.37152e-322,0.000132635,-0.00674567
0,-0.0200175,-0.00732001,-0.0173692,2.37152e-322,0.000123005,-0.00766615
0,-0.0191989,-0.00647941,-0.0175199,2.37152e-322,0.000114074,-0.00730705
0,-0.0196714,-0.00566413,-0.0176537,2.37152e-322,0.000105792,-0.00751187
0,-0.0174365,-0.00486967,-0.017771,2.37152e-322,9.81119e-05,-0.00661563
0,-0.0144228,-0.00409782,-0.0178724,2.37152e-322,9.09894e-05,-0.00544966
0,-0.0124365,-0.00335023,-0.0179582,2.37152e-322,8.43842e-05,-0.00470562
0,-0.0112055,-0.00262635,-0.018029,2.37152e-322,7.82587e-05,-0.0042472
0,-0.00922042,-0.00192427,-0.0180851,2.37152e-322,7.25781e-05,-0.00347588
0,-0.00760142,-0.0012449,-0.0181271,2.37152e-322,6.731e-05,-0.00286212
0,-0.00804773,-0.000589746,-0.0181554,2.37152e-322,6.24245e-05,-0.00306718
0,-0.00951281,4.26042e-05,-0.0181705,2.37152e-322,5.78938e-05,-0.00364721
0,-0.0112731,0.000653268,-0.0181728,2.37152e-322,1.55717e-05,-0.00472885
0,-0.0145687,0.0012412,-0.0181628,2.37152e-322,-7.56602e-05,-0.00608559
0,-0.0180686,0.00180814,-0.0181409,2.37152e-322,-0.000180036,-0.0074989
0,-0.0207696,0.00235547,-0.0181076,2.37152e-322,-0.000288553,-0.00858738
0,-0.0224505,0.00288375,-0.0180632,2.37152e-322,-0.000398972,-0.00927751
-2.4798e-05,-0.0229186,0.00339348,-0.0180082,2.37152e-322,-0.000509869,-0.00949525
-0.000135011,-0.0216279,0.00388558,-0.0179428,2.37152e-322,-0.000618381,-0.00902514
-0.000245225,-0.0200798,0.00435876,-0.0178676,2.37152e-322,-0.000722033,-0.00847483
-0.000355438,-0.0170373,0.00481467,-0.0177828,2.37152e-322,-0.000820145,-0.00732732
-0.000465652,-0.0145261,0.00525148,-0.0176888,2.37152e-322,-0.000912486,-0.00641044
-0.000575865,-0.0124483,0.00566962,-0.0175859,2.37152e-322,-0.000998917,-0.00565406
-0.000686078,-0.00919335,0.00607114,-0.0174746,2.37152e-322,-0.0010793,-0.00441681
-0.000796292,-0.00676337,0.00645423,-0.0173552,2.37152e-322,-0.00115347,-0.00352287
0.000746696,-0.0241825,0.00679729,-0.017228,2.37152e-322,0.000431974,-0.00941861
0.000636482,-0.0257619,0.00714215,-0.0170938,2.37152e-322,0.000370858,-0.00977602
0.000526269,-0.0248403,0.00747314,-0.0169527,2.37152e-322,0.000316654,-0.00939957
0.000416056,-0.0237063,0.00778818,-0.0168049,2.37152e-322,0.000269663,-0.00897384
0.000305842,-0.0222946,0.00808765,-0.0166507,2.37152e-322,0.000230208,-0.00843804
0.000195629,-0.019224,0.00837336,-0.0164904,2.37152e-322,0.000198585,-0.00724228
8.54154e-05,-0.0162649,0.00864374,-0.0163244,2.37152e-322,0.000174865,-0.00611497
0,-0.0174522,0.00889486,-0.0161529,2.37152e-322,0.000158133,-0.00664043
0,-0.0184226,0.00913168,-0.0159762,2.37152e-322,0.000145592,-0.00701512
0,-0.0169178,0.00935694,-0.0157948,2.37152e-322,0.000134741,-0.00640443
0,-0.0182129,0.00956534,-0.0156088,2.37152e-322,0.000124882,-0.00694913
0,-0.0155429,0.00976442,-0.0154185,2.37152e-322,0.000115794,-0.00586749
0,-0.014669,0.00994836,-0.0152242,2.37152e-322,0.000107379,-0.00556344
0,-0.0136227,0.0101196,-0.0150262,2.37152e-322,9.958e-05,-0.00516271
0,-0.0122807,0.0102785,-0.0148246,2.37152e-322,9.23483e-05,-0.00464632
0,-0.0116603,0.0104244,-0.0146199,2.37152e-322,8.56423e-05,-0.00442229
0,-0.0107308,0.0105587,-0.0144121,2.37152e-322,7.94235e-05,-0.00406361
0,-0.0105737,0.0106806,-0.0142016,2.37152e-322,7.36565e-05,-0.0040178
0,-0.0114903,0.0107899,-0.0139886,2.37152e-322,6.83084e-05,-0.00438869
0,-0.0111744,0.0108896,-0.0137733,2.37152e-322,6.33489e-05,-0.00425084
0,-0.0123577,0.010977,-0.013556,2.37152e-322,5.87496e-05,-0.00473033
0,-0.0121374,0.0110554,-0.0133369,2.37152e-322,5.44844e-05,-0.00462625
0,-0.0122128,0.0111234,-0.0131162,2.37152e-322,5.0529e-05,-0.00466158
0,-0.0121691,0.0111817,-0.0128941,2.37152e-322,4.68608e-05,-0.00464469
0,-0.0134404,0.0112291,-0.0126708,2.37152e-322,4.34591e-05,-0.00515458
0,-0.0159304,0.011266,-0.0124464,2.37152e-322,4.03045e-05,-0.00613076
0,-0.019002,0.0112934,-0.0122213,2.37152e-322,3.73789e-05,-0.00732039
0,-0.0221264,0.011312,-0.0119955,2.37152e-322,3.46658e-05,-0.0085221
0,-0.0251086,0.0113224,-0.0117694,2.37152e-322,3.21497e-05,-0.00966613
0,-0.0281432,0.0113246,-0.011543,2.37152e-322,2.98164e-05,-0.0108332
0,-0.0313296,0.0113188,-0.0113165,2.37152e-322,2.76524e-05,-0.01206
0,-0.0335786,0.0113065,-0.0110901,2.37152e-322,2.56456e-05,-0.0129101
0,-0.0344775,0.0112884,-0.0108639,2.37152e-322,-5.0058e-05,-0.0140093
0,-0.0364319,0.0112621,-0.0106381,2.37152e-322,-0.00022096,-0.014905
0,-0.0383785,0.0112291,-0.0104127,2.37152e-322,-0.000417746,-0.0157788
0,-0.0396076,0.0111903,-0.0101879,2.37152e-322,-0.000622946,-0.0163611
0,-0.0404524,0.0111456,-0.00996394,2.37152e-322,-0.000832193,-0.0167948
-4.8036e-05,-0.038444,0.0110978,-0.0097408,2.37152e-322,-0.0010427,-0.0160879
-0.000261529,-0.031287,0.0110497,-0.00951861,2.37152e-322,-0.00124891,-0.0133611
-0.000475023,-0.0197882,0.0110006,-0.00929737,2.37152e-322,-0.00144599,-0.00897128
-0.000688516,-0.0143227,0.0109397,-0.00907712,2.37152e-322,-0.0016326,-0.00704836
-0.000902009,-0.0093596,0.0108731,-0.00885802,2.37152e-322,-0.00180829,-0.00522514
-0.0011155,-0.00567597,0.0108002,-0.00864022,2.37152e-322,-0.00197276,-0.00389672
-0.001329,-0.00409227,0.0107203,-0.00842385,2.37152e-322,-0.00212573,-0.00337897
-0.00154249,-0.00476118,0.0106335,-0.00820905,2.37152e-322,-0.00226686,-0.0037206
0.00144642,-0.0234193,0.01052,-0.00799594,2.37152e-322,0.000806641,-0.00903537
0.00123292,-0.0262287,0.0104227,-0.00778498,2.37152e-322,0.000690441,-0.00985814
0.00101943,-0.0291617,0.0103214,-0.00757604,2.37152e-322,0.000587469,-0.011016
0.000805937,-0.0321834,0.0102164,-0.0073691,2.37152e-322,0.000498323,-0.0122019
0.000592444,-0.0337657,0.0101094,-0.00716425,2.37152e-322,0.000423639,-0.0128072
0.000378951,-0.0343591,0.0100003,-0.00696152,2.37152e-322,0.000364,-0.013036
0.000165457,-0.0343034,0.00988869,-0.00676097,2.37152e-322,0.000319552,-0.013018
0,-0.0364375,0.00977186,-0.00656264,2.37152e-322,0.000288532,-0.0138823
0,-0.0353814,0.00965569,-0.00636662,2.37152e-322,0.000265528,-0.0134381
0,-0.0311225,0.00954034,-0.00617292,2.37152e-322,0.000245705,-0.0117631
0,-0.0266918,0.00942276,-0.00598154,2.37152e-322,0.000227717,-0.0100679
0,-0.0215777,0.00930363,-0.0057925,2.37152e-322,0.000211141,-0.00810179
0,-0.0163797,0.00918249,-0.00560583,2.37152e-322,0.000195796,-0.00611209
0,-0.0122886,0.00905822,-0.00542157,2.37152e-322,0.000181573,-0.00456515
0,-0.0106233,0.00892957,-0.00523979,2.37152e-322,0.000168385,-0.00396926
0,-0.0100371,0.00879813,-0.00506055,2.37152e-322,0.000156156,-0.00376661
0,-0.00975471,0.00866488,-0.00488393,2.37152e-322,0.000144816,-0.0036683
0,-0.011968,0.00852762,-0.00470997,2.37152e-322,0.0001343,-0.0045614
0,-0.0155462,0.00838771,-0.00453873,2.37152e-322,0.000124548,-0.00596086
0,-0.0189546,0.00824692,-0.00437028,2.37152e-322,0.000115504,-0.00727129
0,-0.0223687,0.00810518,-0.00420464,2.37152e-322,0.000107117,-0.00858629
0,-0.0229717,0.00796563,-0.00404182,2.37152e-322,9.93399e-05,-0.00877851
0,-0.0227699,0.00782624,-0.00388181,2.37152e-322,9.21273e-05,-0.00869223
0,-0.0222556,0.00768659,-0.00372459,2.37152e-322,8.54387e-05,-0.00849319
0,-0.018717,0.00754969,-0.00357016,2.37152e-322,7.9236e-05,-0.00709124
0,-0.0156837,0.00741188,-0.00341848,2.37152e-322,7.34837e-05,-0.00593717
0,-0.0135221,0.00727288,-0.00326956,2.37152e-322,6.81493e-05,-0.00512317
0,-0.0119593,0.00713308,-0.0031234,2.37152e-322,6.32022e-05,-0.00453474
0,-0.011647,0.0069919,-0.00298004,2.37152e-322,5.86145e-05,-0.00443623
0,-0.0116212,0.00685047,-0.0028395,2.37152e-322,5.43599e-05,-0.0044328
0,-0.0152601,0.00670528,-0.00270178,2.37152e-322,5.04143e-05,-0.00588805
0,-0.0180933,0.0065612,-0.00256695,2.37152e-322,4.67552e-05,-0.00696531
0,-0.0208733,0.00641757,-0.00243501,2.37152e-322,-1.99358e-05,-0.00869791
0,-0.024915,0.00627303,-0.00230594,2.37152e-322,-0.000168101,-0.0103809
0,-0.0295537,0.00612836,-0.00217975,2.37152e-322,-0.000338337,-0.0122806
0,-0.0329466,0.0059856,-0.00205646,2.37152e-322,-0.000515692,-0.0136695
0,-0.0355878,0.00584431,-0.00193604,2.37152e-322,-0.00069648,-0.0147719
-3.21482e-05,-0.0374276,0.00570461,-0.00181844,2.37152e-322,-0.000878514,-0.0155596
-0.000215852,-0.0360417,0.00556913,-0.00170365,2.37152e-322,-0.00105703,-0.0150649
-0.000399556,-0.0309926,0.00543839,-0.00159159,2.37152e-322,-0.00122771,-0.0131498
-0.00058326,-0.0264833,0.00530797,-0.00148217,2.37152e-322,-0.00138936,-0.0114989
-0.000766964,-0.0231519,0.00517726,-0.00137536,2.37152e-322,-0.00154158,-0.0103028
-0.000950668,-0.0196867,0.00504771,-0.00127116,2.37152e-322,-0.00168411,-0.00902794
-0.00113437,-0.0167429,0.00491867,-0.00116956,2.37152e-322,-0.00181673,-0.00795629
-0.00131808,-0.0142966,0.00479023,-0.00107054,2.37152e-322,-0.00193914,-0.00706847
0.00125378,-0.0304728,0.00464026,-0.000974094,2.37152e-322,0.000704552,-0.011737
0.00107008,-0.0322863,0.0045098,-0.000880539,2.37152e-322,0.000603616,-0.0122025
0.000886371,-0.0320041,0.00438285,-0.000789691,2.37152e-322,0.000514065,-0.0120881
0.000702667,-0.0308632,0.00425814,-0.000701399,2.37152e-322,0.000436408,-0.0116582
0.000518964,-0.0279249,0.00413671,-0.000615613,2.37152e-322,0.000371194,-0.0105199
0.00033526,-0.0243516,0.00401735,-0.000532271,2.37152e-322,0.00031893,-0.00915237
0.000151556,-0.0230966,0.00389695,-0.000451328,2.37152e-322,0.000279789,-0.00871775
0,-0.0252098,0.00377444,-0.000372787,2.37152e-322,0.00025245,-0.0095907
0,-0.0269407,0.00365385,-0.000296685,2.37152e-322,0.000232276,-0.0102583
0,-0.0237215,0.00354006,-0.000223006,2.37152e-322,0.000214923,-0.00895456
0,-0.0232294,0.00342492,-0.000151635,2.37152e-322,0.000199186,-0.00881492
0,-0.0192637,0.00331506,-8.25613e-05,2.37152e-322,0.000184686,-0.00724601
0,-0.0172585,0.0032047,-1.57108e-05,2.37152e-322,0.000171264,-0.00651261
0,-0.016159,0.00309501,4.89351e-05,2.37152e-322,0.000158824,-0.00611029
0,-0.0151554,0.00298686,0.000111384,2.37152e-322,0.000147289,-0.00573197
0,-0.015715,0.0028787,0.000171662,2.37152e-322,0.000136593,-0.00597593
0,-0.0151818,0.0027734,0.000229776,2.37152e-322,0.000126674,-0.00575925
0,-0.0155135,0.00266887,0.000285771,2.37152e-322,0.000117476,-0.00590432
0,-0.0162068,0.00256567,0.000339671,2.37152e-322,0.000108945,-0.00618015
0,-0.0168181,0.00246428,0.0003915,2.37152e-322,0.000101035,-0.00641744
0,-0.0184182,0.00236358,0.000441293,2.37152e-322,9.36992e-05,-0.00705047
0,-0.0189633,0.00226574,0.000489068,2.37152e-322,8.68962e-05,-0.00724688
0,-0.0187651,0.00217045,0.000534872,2.37152e-322,8.05875e-05,-0.00716247
0,-0.0187585,0.00207671,0.000578757,2.37152e-322,7.47369e-05,-0.00716567
0,-0.0204533,0.00198292,0.00062076,2.37152e-322,6.93113e-05,-0.00784509
0,-0.0227411,0.00189027,0.000660887,2.37152e-322,6.42798e-05,-0.00873503
0,-0.0260327,0.00179833,0.000699156,2.37152e-322,5.96137e-05,-0.0100165
0,-0.0298976,0.00170756,0.000735582,2.37152e-322,5.52865e-05,-0.0115113
0,-0.032998,0.00161939,0.000770187,2.37152e-322,5.12735e-05,-0.0126919
0,-0.0363601,0.00153273,0.000803016,2.37152e-322,4.7552e-05,-0.0139886
0,-0.0395343,0.00144804,0.000834104,2.37152e-322,4.41007e-05,-0.0152061
0,-0.0423914,0.00136547,0.000863488,2.37152e-322,4.09e-05,-0.0162999
0,-0.0441826,0.00128581,0.00089121,2.37152e-322,3.79317e-05,-0.0169727
0,-0.042742,0.00121145,0.000917325,2.37152e-322,-9.04131e-05,-0.0176624
0,-0.0437391,0.00113624,0.000941925,2.37152e-322,-0.00038068,-0.0182937
0,-0.0434029,0.00106419,0.000965026,2.37152e-322,-0.000714877,-0.0183497
0,-0.0438604,0.000993022,0.00098667,2.37152e-322,-0.00106295,-0.0187333
0,-0.0431222,0.000924845,0.00100689,2.37152e-322,-0.00141613,-0.0186158
-0.000318919,-0.0389397,0.000862026,0.00102572,2.37152e-322,-0.00176466,-0.0171285
-0.000663697,-0.0305713,0.000805324,0.00104328,2.37152e-322,-0.00209896,-0.0140087
-0.00100848,-0.0283509,0.000743732,0.00105967,2.37152e-322,-0.00241596,-0.0133937
-0.00135325,-0.0265134,0.000683381,0.00107485,2.37152e-322,-0.00271473,-0.0128233
-0.00169803,-0.0227534,0.000626706,0.00108882,2.37152e-322,-0.00299482,-0.0114656
-0.00204281,-0.0199032,0.000570674,0.00110164,2.37152e-322,-0.00325583,-0.0104869
-0.00238759,-0.0163893,0.000516944,0.00111333,2.37152e-322,-0.00349729,-0.00921616
0.0024393,-0.031797,0.00043921,0.00112394,2.37152e-322,0.00145302,-0.0119975
0.00197385,-0.0324557,0.000384197,0.00113619,2.37152e-322,0.00125356,-0.0119983
0.00174975,-0.0338478,0.000330073,0.00114146,2.37152e-322,0.00107591,-0.0126078
0.00140497,-0.0360307,0.000276669,0.00114833,2.37152e-322,0.000919577,-0.0135025
0.00106019,-0.0379087,0.000225135,0.00115413,2.37152e-322,0.000786418,-0.0142555
0.000715414,-0.0396725,0.00017525,0.00115889,2.37152e-322,0.000677654,-0.0149609
0.000370636,-0.0402031,0.000128183,0.00116264,2.37152e-322,0.000593989,-0.0151707
2.58583e-05,-0.0420595,8.11939e-05,0.00116544,2.37152e-322,0.000534363,-0.0159249
0,-0.0428386,3.68206e-05,0.0011673,2.37152e-322,0.000490743,-0.0162263
0,-0.0388845,-1.07961e-06,0.00116826,2.37152e-322,0.000453833,-0.0146526
0,-0.0383709,-4.12276e-05,0.00116843,2.37152e-322,0.000420533,-0.0145239
0,-0.0352795,-7.72398e-05,0.0011678,2.37152e-322,0.000389896,-0.0133121
0,-0.0349936,-0.000114865,0.00116644,2.37152e-322,0.000361549,-0.0132588
0,-0.037659,-0.000154267,0.00116433,2.37152e-322,0.000335279,-0.01434
0,-0.0428528,-0.000195004,0.00116144,2.37152e-322,0.000310922,-0.0163845
0,-0.0523389,-0.000238957,0.00115775,2.37152e-322,0.000288337,-0.0201033
0,-0.0654553,-0.000285419,0.00115319,2.37152e-322,0.000267394,-0.0252049
0,-0.085938,-0.000338348,0.00114771,2.37152e-322,0.000247972,-0.0331914
0,-0.09,-0.00101595,0.00114121,2.37152e-322,0.000229962,-0.0427695
0,-0.09,-0.00346394,0.00112462,2.37152e-322,0.00021326,-0.0535162
0,-0.09,-0.0108228,0.00108104,2.37152e-322,0.000197773,-0.0651782
0,-0.09,-0.0326126,0.000945532,2.37152e-322,0.00018341,-0.0765046
0,-0.09,-0.0970707,0.000532967,-0.0125381,0.000170091,-0.0862739
0,-0.09,-0.202016,-0.00066718,-0.0679156,0.000157739,-0.0934268
0,-0.09,-0.330704,-0.00365805,-0.117599,0.000146285,-0.100233
0,-0.09,-0.523275,-0.00853485,-0.131094,0.000135663,-0.109979
0,-0.09,-0.940075,-0.0164006,-0.138025,0.000125813,-0.123416
0,-0.09,-2.16784,-0.0293669,-0.122281,0.000116678,-0.134538
0,-0.09,-10,-0.0574151,-0.102499,0.000108207,-0.146229
0,-0.09,-10,-0.201961,-0.0733156,0.000100351,-0.156607
0,-0.09,-10,-0.361961,-0.0612707,9.30657e-05,-0.161489
0,-0.09,-9.99811,-0.531961,-0.0552602,-0.00231327,-0.162891
0,-0.09,-9.74418,-0.97695,-0.0530742,-0.00805975,-0.164709
0,-0.09,-9.44369,-1.16988,-0.0606405,-0.0149486,-0.163099
0,-0.09,-9.12001,-1.34332,-0.0688515,-0.0221221,-0.159705
-0.0043765,-0.0943765,-8.7849,-1.51577,-0.065957,-0.0292401,-0.153796
-0.0109412,-0.100941,-8.44547,-1.69109,-0.0331423,-0.0360965,-0.144564
-0.0176743,-0.107674,-8.10522,-1.86374,-0.0126726,-0.0426062,-0.136323
-0.0244074,-0.114407,-7.76753,-2.02941,-0.00742327,-0.0487469,-0.133756
-0.0311405,-0.12114,-7.43438,-2.18814,-0.00840929,-0.0545104,-0.13464
-0.0378735,-0.127874,-7.10677,-2.34016,-0.0169034,-0.0598901,-0.139418
-0.0446066,-0.134607,-6.78527,-2.48557,-0.0339782,-0.0648784,-0.149976
0.0496564,-0.0403436,-6.78876,-2.62465,2.1684e-18,0.0315302,-0.0664079
0.0382102,-0.0517898,-6.49366,-2.85542,0,0.0273947,-0.071434
0.0326554,-0.0573446,-6.20039,-2.96552,0,0.0237313,-0.0708045
0.0272689,-0.0627311,-5.91021,-3.06766,0,0.0205052,-0.0710724
0.0217142,-0.0682858,-5.62746,-3.16822,0,0.0177124,-0.0736936
0.015991,-0.074009,-5.35556,-3.26686,0,0.0153622,-0.077208
0.00925797,-0.080742,-5.09455,-3.37669,0,0.0134802,-0.0801458
0.0025249,-0.0874751,-4.85546,-3.48119,0,0.0120757,-0.085363
0,-0.09,-4.64222,-3.58081,0,0.0110397,-0.088463
0,-0.09,-4.44643,-3.676,0,0.0101959,-0.0895198
0,-0.09,-4.27659,-3.76689,-0.000114317,0.00944413,-0.0913161
0,-0.09,-4.13715,-3.8542,-0.023249,0.00875502,-0.0936993
0,-0.09,-4.02153,-3.93834,-0.0260255,0.00811811,-0.0944293
0,-0.09,-3.91105,-4.02004,-0.0271649,0.00752805,-0.0944235
0,-0.09,-3.81852,-4.09937,-0.0576108,0.00698102,-0.0967759
0,-0.09,-3.72143,-4.17676,-0.0497332,0.0064738,-0.0959126
0,-0.09,-3.62115,-4.25216,-0.0468957,0.00600346,-0.095537
0,-0.09,-3.54004,-4.32558,-0.0836731,0.00556731,-0.0988484
0,-0.09,-3.45785,-4.39723,-0.07933,0.00516286,-0.0983527
0,-0.09,-3.40347,-4.46721,-0.109959,0.0047878,-0.101449
0,-0.09,-3.43249,-4.53588,-0.131889,0.00444001,-0.111442
0,-0.09,-3.54692,-4.60411,-0.161571,0.00411749,-0.12126
0,-0.09,-3.81496,-4.67379,-0.196445,0.0038184,-0.135113
0,-0.09,-6.66122,-4.74593,-0.173449,0.00354106,-0.148685
0,-0.09,-10,-4.82747,-0.148165,0.00328386,-0.161383
0,-0.09,-10,-5.03397,-0.105175,0.00304536,-0.176793
