-0.104097,-0.0723973,3.38048e-05,0,-0.01561,-0.104095,-0.0993398
-0.104097,-0.0706061,3.55557e-05,-2.87341e-07,-0.0156094,-0.104089,-0.0991057
-0.104097,-0.0699064,3.61218e-05,-9.79195e-07,-0.0156093,-0.104083,-0.0988489
-0.104097,-0.0696085,3.624e-05,-1.6954e-06,-0.0156092,-0.104077,-0.0987356
-0.104097,-0.0693163,3.63331e-05,-2.4189e-06,-0.0156091,-0.10407,-0.0986183
-0.104097,-0.0691851,3.62369e-05,-3.14454e-06,-0.015609,-0.104064,-0.0985648
-0.104097,-0.0693448,3.58148e-05,-3.87034e-06,-0.0155881,-0.104057,-0.0986248
-0.104097,-0.0696074,3.52684e-05,-4.59128e-06,-0.0156028,-0.10405,-0.0987211
-0.104097,-0.0701271,3.44351e-05,-5.30266e-06,-0.0155977,-0.104042,-0.0989181
-0.104097,-0.071053,3.3159e-05,-6.00053e-06,-0.0156081,-0.104035,-0.099273
-0.104097,-0.0721559,3.16858e-05,-6.67774e-06,-0.0156229,-0.104027,-0.099692
-0.104097,-0.0732946,3.01679e-05,-7.32766e-06,-0.0156176,-0.104018,-0.100122
-0.104097,-0.0746212,2.8445e-05,-7.94772e-06,-0.0156122,-0.104009,-0.100626
-0.104097,-0.0760257,2.66358e-05,-8.53557e-06,-0.0156274,-0.104,-0.101159
-0.104097,-0.0774628,2.47903e-05,-9.08819e-06,-0.0156525,-0.103991,-0.101703
-0.104097,-0.0791549,2.26737e-05,-9.60429e-06,-0.0156724,-0.103981,-0.10235
-0.104097,-0.0811845,2.02009e-05,-1.00811e-05,-0.0156773,-0.103971,-0.103126
-0.104097,-0.083344,1.75952e-05,-1.05123e-05,-0.0156405,-0.103961,-0.103948
-0.104097,-0.085307,1.52051e-05,-1.08928e-05,-0.0156399,-0.103951,-0.10469
-0.104097,-0.0880791,1.1964e-05,-1.12232e-05,-0.0156134,-0.10394,-0.105756
-0.104097,-0.0905822,9.02122e-06,-1.14982e-05,-0.0156075,-0.103928,-0.106702
-0.104097,-0.093027,6.1538e-06,-1.1711e-05,-0.0155809,-0.103916,-0.107628
-0.104097,-0.0958411,2.90904e-06,-1.18656e-05,-0.0155135,-0.103903,-0.108702
-0.104097,-0.0981688,1.98424e-07,-1.19594e-05,-0.0154662,-0.103889,-0.109575
-0.104097,-0.10105,-3.08239e-06,-1.19932e-05,-0.0154543,-0.103874,-0.110674
-0.104097,-0.103801,-6.20465e-06,-1.19677e-05,-0.0154225,-0.103858,-0.111713
-0.104097,-0.106335,-9.07424e-06,-1.18779e-05,-0.0152523,-0.103841,-0.112665
-0.104097,-0.108676,-1.1717e-05,-1.1728e-05,-0.0151385,-0.103822,-0.113542
-0.104097,-0.110465,-1.3752e-05,-1.15227e-05,-0.0154991,-0.103802,-0.114199
-0.104097,-0.113085,-1.66502e-05,-1.12701e-05,-0.0151704,-0.10378,-0.115193
-0.104097,-0.114589,-1.83416e-05,-1.0969e-05,-0.0153172,-0.103755,-0.115726
-0.104097,-0.115731,-1.96297e-05,-1.06207e-05,-0.0152492,-0.103728,-0.11613
-0.104097,-0.116229,-2.02193e-05,-1.02423e-05,-0.0151163,-0.103699,-0.11628
-0.104097,-0.115557,-1.95552e-05,-9.8444e-06,-0.0154272,-0.103666,-0.11597
-0.104097,-0.114332,-1.82999e-05,-9.44599e-06,-0.0153962,-0.103631,-0.115455
-0.104097,-0.112119,-1.59974e-05,-9.06619e-06,-0.0155442,-0.103593,-0.114551
-0.104097,-0.109851,-1.36429e-05,-8.72091e-06,-0.0154066,-0.103551,-0.113637
-0.104097,-0.10691,-1.05848e-05,-8.42216e-06,-0.0154114,-0.103506,-0.112452
-0.104097,-0.104135,-7.72039e-06,-8.17682e-06,-0.0153447,-0.103458,-0.111341
-0.104097,-0.100488,-3.94863e-06,-7.9909e-06,-0.0154462,-0.103406,-0.109875
-0.104097,-0.0972677,-6.54848e-07,-7.87044e-06,-0.0155225,-0.10335,-0.108588
-0.104097,-0.0947489,1.86697e-06,-7.82111e-06,-0.015538,-0.103289,-0.107572
-0.104097,-0.0926487,3.91803e-06,-7.83071e-06,-0.015553,-0.103224,-0.106707
-0.104097,-0.0907966,5.67928e-06,-7.88651e-06,-0.0155469,-0.103154,-0.105929
-0.104097,-0.0894776,6.84732e-06,-7.98072e-06,-0.0155205,-0.103079,-0.105356
-0.104097,-0.0892376,6.84333e-06,-8.10482e-06,-0.0155089,-0.102998,-0.105199
-0.104097,-0.089868,5.89266e-06,-8.24173e-06,-0.0154581,-0.102911,-0.105368
-0.104097,-0.0908933,4.50374e-06,-8.37004e-06,-0.0154323,-0.102817,-0.105673
-0.104097,-0.0925829,2.39209e-06,-8.4754e-06,-0.0152686,-0.102717,-0.106231
-0.104097,-0.0947335,-2.22939e-07,-8.54647e-06,-0.0151058,-0.102608,-0.106956
-0.104097,-0.0966814,-2.63398e-06,-8.57077e-06,-0.0152021,-0.102491,-0.107584
-0.104097,-0.0991801,-5.64071e-06,-8.54461e-06,-0.0151919,-0.102366,-0.108426
-0.104097,-0.101857,-8.84451e-06,-8.46487e-06,-0.0151926,-0.10223,-0.109321
-0.104097,-0.104237,-1.17378e-05,-8.32323e-06,-0.0151726,-0.102085,-0.110085
-0.104097,-0.106163,-1.41551e-05,-8.1203e-06,-0.0151272,-0.101928,-0.110662
-0.104097,-0.107567,-1.6026e-05,-7.86378e-06,-0.0151225,-0.101759,-0.111025
-0.104097,-0.108214,-1.71016e-05,-7.56384e-06,-0.0151176,-0.101578,-0.111082
-0.104097,-0.108288,-1.75807e-05,-7.23364e-06,-0.0151431,-0.101382,-0.110908
-0.104097,-0.107932,-1.7617e-05,-6.8873e-06,-0.0151535,-0.101172,-0.110556
-0.104097,-0.107414,-1.74969e-05,-6.53536e-06,-0.0151691,-0.100944,-0.110129
-0.104097,-0.106813,-1.73066e-05,-6.1841e-06,-0.0151647,-0.100699,-0.109654
-0.104097,-0.106003,-1.69143e-05,-5.83588e-06,-0.0151957,-0.100435,-0.109079
-0.104097,-0.10492,-1.62523e-05,-5.49328e-06,-0.0152164,-0.100149,-0.108378
-0.104097,-0.103947,-1.57305e-05,-5.16095e-06,-0.0152368,-0.0998414,-0.107704
-0.104097,-0.102737,-1.49776e-05,-4.8406e-06,-0.0152724,-0.0995097,-0.10691
-0.104097,-0.101604,-1.43316e-05,-4.53277e-06,-0.0153386,-0.0991523,-0.106126
-0.104097,-0.100736,-1.39889e-05,-4.23903e-06,-0.0153641,-0.0987672,-0.105418
-0.104097,-0.100361,-1.41908e-05,-3.95548e-06,-0.0152117,-0.0983523,-0.104872
-0.104097,-0.0998792,-1.42989e-05,-3.67389e-06,-0.0155529,-0.0979055,-0.104242
-0.104097,-0.100701,-1.58083e-05,-3.3891e-06,-0.0153555,-0.0974243,-0.104098
-0.104097,-0.101083,-1.68616e-05,-3.08954e-06,-0.0153256,-0.0969059,-0.103716
-0.104097,-0.101621,-1.80915e-05,-2.76389e-06,-0.0154131,-0.0963477,-0.103359
-0.104097,-0.10281,-2.00185e-05,-2.41559e-06,-0.0154696,-0.0957465,-0.103208
-0.104097,-0.104228,-2.21918e-05,-2.03642e-06,-0.0151247,-0.095099,-0.103085
-0.104097,-0.104387,-2.30271e-05,-1.61649e-06,-0.0153794,-0.0944021,-0.102395
-0.104097,-0.105245,-2.46044e-05,-1.16513e-06,-0.0152428,-0.0936519,-0.101937
-0.104097,-0.106259,-2.63436e-05,-6.90396e-07,-0.0152033,-0.0928445,-0.101456
-0.104097,-0.106986,-2.77696e-05,-1.82655e-07,-0.0154178,-0.0919752,-0.100777
-0.104097,-0.108796,-3.03346e-05,3.57051e-07,-0.0151446,-0.0910391,-0.100447
-0.104097,-0.110107,-3.23515e-05,9.35528e-07,-0.0152727,-0.0900311,-0.0998055
-0.104097,-0.11133,-3.42547e-05,1.56037e-06,-0.0153705,-0.0889454,-0.0990339
-0.104097,-0.113295,-3.69243e-05,2.22453e-06,-0.0150975,-0.0877759,-0.0984517
-0.104097,-0.114323,-3.85708e-05,2.93365e-06,-0.0152508,-0.0865161,-0.09737
-0.104097,-0.115387,-4.02283e-05,3.68695e-06,-0.0151406,-0.0851589,-0.0961989
-0.104097,-0.116203,-4.15913e-05,4.47329e-06,-0.0152132,-0.0836967,-0.0948077
-0.104097,-0.117439,-4.33693e-05,5.29012e-06,-0.0152502,-0.0821214,-0.0934681
-0.104097,-0.119225,-4.56955e-05,6.13795e-06,-0.0151653,-0.0804241,-0.0922251
-0.104097,-0.12054,-4.74791e-05,7.02627e-06,-0.0152071,-0.0785954,-0.0906753
-0.104097,-0.122088,-4.94676e-05,7.95623e-06,-0.0152184,-0.0766251,-0.0891272
-0.104097,-0.123145,-5.08889e-05,8.92371e-06,-0.0152756,-0.0745021,-0.0872972
-0.104097,-0.12385,-5.18875e-05,9.92585e-06,-0.015241,-0.0722147,-0.085273
-0.104097,-0.123682,-5.19095e-05,1.09526e-05,-0.0152423,-0.06975,-0.0828724
-0.104097,-0.122851,-5.11785e-05,1.19906e-05,-0.0152697,-0.0670944,-0.0802209
-0.104097,-0.121817,-5.01815e-05,1.30222e-05,-0.01517,-0.0642331,-0.0775377
-0.104097,-0.119988,-4.82844e-05,1.40368e-05,-0.015228,-0.0611502,-0.074624
-0.104097,-0.117932,-4.60867e-05,1.50233e-05,-0.0151733,-0.057829,-0.0717634
-0.104097,-0.115024,-4.29227e-05,1.59692e-05,-0.0151834,-0.0542526,-0.0687467
-0.104097,-0.111598,-3.91511e-05,1.68625e-05,-0.0151227,-0.0504073,-0.0657654
-0.104097,-0.107047,-3.41254e-05,1.7687e-05,-0.0150518,-0.0462951,-0.0626135
-0.104097,-0.100925,-2.73767e-05,1.84248e-05,-0.0150026,-0.0419835,-0.0591558
-0.0905645,-0.0934195,-1.21521e-05,1.90466e-05,-0.0149334,-0.0377928,-0.0554964
-0.0766849,-0.0846824,2.42892e-05,1.94647e-05,-0.0149815,-0.0340787,-0.0516938
-0.0628053,-0.0743065,8.12166e-05,1.93798e-05,-0.0149642,-0.0309744,-0.0475597
-0.0489257,-0.0637328,9.02305e-05,1.83816e-05,-0.0146986,-0.0285508,-0.0436418
-0.035046,-0.0521479,0.000100394,1.66807e-05,-0.0144914,-0.0268629,-0.0395554
-0.0211664,-0.0398127,0.000111339,1.47846e-05,-0.0144401,-0.0259545,-0.0353746
-0.0072868,-0.028277,0.000121406,1.26782e-05,-0.01368,-0.0258306,-0.0316745
0,-0.0224281,0.000125461,1.03608e-05,-0.00898779,-0.0263419,-0.0303475
0,-0.0156755,0.000130537,7.89622e-06,-0.00961749,-0.0271925,-0.0286615
0,-0.0104532,0.000134047,5.34132e-06,-0.00971847,-0.0281831,-0.0276805
0,-0.00633163,0.000136449,2.69898e-06,-0.00910805,-0.029266,-0.0271992
0,-0.00193265,0.000139208,-3.57528e-09,-0.00956156,-0.0304329,-0.0266813
0,0.00120973,0.00014069,-2.75738e-06,-0.00933621,-0.0316868,-0.0267695
0,0.00427919,0.000142156,-5.55488e-06,-0.0102397,-0.0330336,-0.0269777
0,0.00532207,0.000141528,-8.38187e-06,-0.0109849,-0.0344805,-0.0281149
0,0.00448672,0.00013897,-1.12193e-05,-0.0114039,-0.0360354,-0.0301037
0,0.0034127,0.00013623,-1.40269e-05,-0.011712,-0.0377069,-0.0323038
0,0.00217887,0.000133392,-1.67638e-05,-0.0115231,-0.0395044,-0.0347217
0,-0.000663878,0.000128916,-1.94629e-05,-0.0107957,-0.0414376,-0.037949
0,-0.00395438,0.000124041,-2.20904e-05,-0.00999753,-0.0435171,-0.0415122
0,-0.00591687,0.000120653,-2.46249e-05,-0.009002,-0.0457541,-0.0447333
0,-0.00545132,0.000119913,-2.70752e-05,-0.00797415,-0.0481612,-0.0472117
0,-0.00370522,0.00012059,-2.94816e-05,-0.00689503,-0.0507516,-0.0494323
0,-0.00184097,0.000121439,-3.1886e-05,-0.0058241,-0.0535399,-0.0518486
0,0.00205522,0.000124487,-3.43054e-05,-0.00487751,-0.0565417,-0.0536829
0,0.00815779,0.000129906,-3.67617e-05,-0.00392634,-0.0597738,-0.0548948
0,0.0147587,0.000135865,-3.93002e-05,-0.00328377,-0.0632541,-0.0561639
0,0.0215981,0.000142078,-4.19519e-05,-0.0028246,-0.0670022,-0.0575567
0,0.0283008,0.000148138,-4.47251e-05,-0.00275376,-0.0710388,-0.0592013
0,0.0354182,0.000154623,-4.76212e-05,-0.00319947,-0.0753867,-0.0608462
0,0.0407336,0.000159169,-5.06424e-05,-0.00336732,-0.0800698,-0.0633512
0,0.0430279,0.000160479,-5.37757e-05,-0.00439599,-0.0851144,-0.0671268
0,0.0432404,0.000159557,-5.69709e-05,-0.00531955,-0.0905482,-0.0717289
0,0.0422311,0.000157318,-6.01722e-05,-0.00641063,-0.0964007,-0.0767711
0,0.0387225,0.000152405,-6.33432e-05,-0.00764664,-0.102701,-0.0827137
0,0.0330238,0.00014515,-6.64453e-05,-0.00815955,-0.109469,-0.0893479
0,0.0234539,0.000133773,-6.94281e-05,-0.00618184,-0.11669,-0.0972848
-0.00680833,0.0156123,0.000124231,-7.22287e-05,-0.00514552,-0.124199,-0.104201
-0.0211417,0.0152884,0.000122663,-7.48183e-05,-0.00826,-0.131689,-0.107819
-0.035475,0.0184216,0.00012475,-7.72888e-05,-0.0105994,-0.138946,-0.109811
-0.0498083,0.0154942,0.000802207,-7.97609e-05,-0.0088398,-0.145894,-0.112059
-0.0641416,0.00585835,0.00885488,-8.73368e-05,-0.0118339,-0.152498,-0.112428
-0.078475,-0.00847498,0.029314,-0.00015975,-0.0120599,-0.158724,-0.114595
-0.0928083,-0.0228083,0.0721461,-0.000490291,-0.012936,-0.164541,-0.118043
-0.107142,-0.0371416,0.630624,-0.00139781,-0.0137714,-0.169902,-0.118043
0.093525,0.138419,0.630397,-0.00284073,0.0150402,0.0452057,0.0753371
0.0691583,0.0956295,0.609537,-0.0052937,0.0186455,0.0407891,0.0599083
0.061275,0.084573,0.588311,-0.0119489,0.0190615,0.0371984,0.0552991
0.050525,0.0691586,0.567475,-0.0210175,0.0200373,0.0342889,0.0490075
0.0361917,0.0483282,0.547093,-0.0325962,0.0204533,0.032144,0.0412137
0.0218583,0.0267729,0.527076,-0.0437725,0.0204712,0.0308735,0.0334355
0.007525,0.00452653,0.50742,-0.0545542,0.0192565,0.030498,0.0255714
0,-0.0241912,0.497931,-0.0649286,0.0124691,0.0313723,0.0207412
0,-0.029534,0.486763,-0.0749916,0.0122001,0.0328231,0.015853
0,-0.0378693,0.467378,-0.0848497,0.0129024,0.0339104,0.0128953
0,-0.0416913,0.448331,-0.0944105,0.00987196,0.0349019,0.0126294
0,-0.045508,0.42962,-0.103587,0.00990114,0.0359548,0.0123159
0,-0.0440483,0.411252,-0.112385,0.00888088,0.037123,0.0144206
0,-0.0397782,0.393224,-0.120812,0.00832222,0.0384377,0.017662
0,-0.0342235,0.375536,-0.128875,0.00792767,0.0398972,0.0214512
0,-0.0296776,0.358187,-0.13658,0.00648099,0.041499,0.0249788
0,-0.0257434,0.341176,-0.143935,0.00472717,0.0432489,0.0284517
0,-0.0223331,0.324505,-0.150945,0.00296981,0.0451506,0.0318483
0,-0.0202349,0.308172,-0.157619,0.0013317,0.0472126,0.0349805
0,-0.0169354,0.29218,-0.163962,0,0.0494576,0.0389033
0,-0.0149987,0.276525,-0.169981,0,0.0518942,0.0423456
0,-0.0159792,0.261208,-0.175606,0,0.054521,0.0448614
0,-0.0195124,0.246227,-0.180922,0,0.0573476,0.0466281
0,-0.0241847,0.231584,-0.185936,0,0.0603959,0.0483159
0,-0.0292708,0.217276,-0.190656,0,0.0636925,0.0501149
0,-0.0345325,0.203304,-0.195087,0,0.0672485,0.0519897
0,-0.0407093,0.189664,-0.199237,0,0.0710814,0.0538519
0,-0.0474684,0.176354,-0.203112,0,0.0752224,0.055732
0,-0.0532158,0.163375,-0.206719,0,0.079697,0.0582391
0,-0.0567183,0.150725,-0.210065,0,0.0845308,0.0618102
0,-0.060506,0.1384,-0.213155,0,0.0897508,0.0653759
0,-0.0626404,0.126399,-0.215997,0,0.0953862,0.0696989
0,-0.0601976,0.114724,-0.218597,0,0.101485,0.0759616
0,-0.0538472,0.103367,-0.220961,0,0.108084,0.0835823
0,-0.0444079,0.0923244,-0.223097,0,0.1152,0.0922663
0,-0.0330932,0.0815937,-0.22501,0,0.122852,0.101466
0,-0.0213721,0.0711703,-0.226706,0,0.131017,0.110542
0.00744167,-0.0090445,0.0610513,-0.228192,0,0.139492,0.119527
0.0231083,-0.002495,0.0512624,-0.229474,0,0.147905,0.125814
0.038775,0.000826358,0.0419018,-0.230558,0,0.155992,0.130484
0.0544417,0.0021752,0.0329976,-0.231452,0,0.163662,0.133983
0.0701083,0.00523166,0.0236958,-0.232165,-0.00439698,0.170864,0.135345
0.085775,0.015775,0.0109548,-0.232709,-0.00526693,0.177558,0.13866
0.101442,0.0314417,-0.00493401,-0.233094,-0.00461531,0.183705,0.142877
0.117108,0.0471083,-0.0380066,-0.233178,-0.00364447,0.189263,0.142877
-0.102137,-0.115785,-0.0378861,-0.233079,0.00279577,-0.0456533,-0.0665139
-0.0794397,-0.074714,-0.0438691,-0.232936,-0.00110498,-0.0411065,-0.0515822
-0.0708305,-0.0635666,-0.0498817,-0.232536,-0.00111247,-0.0373637,-0.0468715
-0.0551773,-0.0413653,-0.055636,-0.231607,-0.00218002,-0.0343626,-0.0382489
-0.0395242,-0.0178634,-0.0611936,-0.230558,-0.00332681,-0.0322118,-0.0295524
-0.023871,0.00389101,-0.0665654,-0.229398,-0.00270135,-0.0309726,-0.0218029
-0.0082179,0.0265457,-0.0719013,-0.228125,-0.00102061,-0.0306531,-0.0138503
0,0.0423044,-0.0770809,-0.226746,2.1684e-19,-0.0310813,-0.00880709
0,0.056156,-0.082056,-0.225264,-4.81482e-35,-0.0319165,-0.00453214
0,0.064774,-0.0868176,-0.223653,1.06911e-50,-0.032929,-0.00241978
0,0.0679025,-0.091361,-0.221945,-2.37389e-66,-0.0340631,-0.0025253
0,0.07,-0.095633,-0.220145,5.2711e-82,-0.0353089,-0.00225769
0,0.07,-0.0997131,-0.218258,-1.17042e-97,-0.0366691,-0.0040153
0,0.0689956,-0.103628,-0.216309,1.94914e-113,-0.03815,-0.00656849
0,0.0670633,-0.107343,-0.214279,-2.88531e-129,-0.0397597,-0.0090738
0,0.0659737,-0.110862,-0.212155,6.40667e-145,-0.0415068,-0.0113916
0,0.0656196,-0.114187,-0.209958,-1.42257e-160,-0.0434011,-0.0136061
0,0.0652468,-0.117324,-0.207695,3.15873e-176,-0.045453,-0.0160315
0,0.0646138,-0.120275,-0.205367,-7.01379e-192,-0.0476738,-0.0187667
0,0.0629087,-0.123048,-0.202979,1.55737e-207,-0.0500757,-0.0221463
0,0.0604756,-0.125646,-0.200535,-3.45807e-223,-0.0526716,-0.0260353
0,0.0571738,-0.128074,-0.198038,7.67845e-239,-0.055476,-0.0305083
0,0.0542456,-0.130334,-0.195491,-1.70496e-254,-0.0585045,-0.0350774
0,0.0518449,-0.132431,-0.192898,3.78577e-270,-0.0617741,-0.0397078
0,0.0501221,-0.134367,-0.190262,-8.40609e-286,-0.065303,-0.0443451
0,0.048759,-0.136146,-0.187586,1.86653e-301,-0.0691108,-0.0491172
0,0.0483267,-0.137772,-0.184874,-4.14452e-317,-0.0732189,-0.0537832
0,0.0488608,-0.139249,-0.182128,1.86263e-321,-0.0776502,-0.0583226
0,0.0505784,-0.140581,-0.179352,1.86263e-321,-0.0824293,-0.0626256
0,0.053551,-0.141772,-0.176548,1.86263e-321,-0.0875829,-0.0666343
0,0.0562448,-0.142827,-0.17372,1.86263e-321,-0.0931397,-0.0709193
0,0.0580755,-0.143749,-0.17087,1.86263e-321,-0.0991305,-0.0756377
0,0.0578016,-0.144545,-0.168,1.86263e-321,-0.105586,-0.0811877
0,0.0556413,-0.145219,-0.165114,1.86263e-321,-0.11254,-0.0874409
0,0.0522823,-0.145774,-0.162214,1.86263e-321,-0.120029,-0.0940281
0,0.0474268,-0.146213,-0.159302,1.86263e-321,-0.128078,-0.101
0,0.0404077,-0.146534,-0.15638,1.86263e-321,-0.136664,-0.108543
-0.00775494,0.0274491,-0.146728,-0.153451,1.86263e-321,-0.145575,-0.118083
-0.0240811,0.0221918,-0.146789,-0.150518,1.86263e-321,-0.154422,-0.124057
-0.0404073,0.0188296,-0.146594,-0.147582,1.86263e-321,-0.162928,-0.128674
-0.0567335,0.00815486,-0.145509,-0.144649,0.00129968,-0.170996,-0.134177
-0.0730597,-0.00394389,-0.143343,-0.141726,0.0196701,-0.178576,-0.136498
-0.0893859,-0.0193859,-0.138394,-0.138833,0.019013,-0.185624,-0.141517
-0.105712,-0.0357121,-0.131255,-0.135998,0.0179105,-0.1921,-0.146654
-0.122038,-0.0520383,-0.115189,-0.133288,0.0166151,-0.19796,-0.146654
0.106528,0.137468,-0.115227,-0.130663,-0.00447562,0.0470497,0.0752147
0.0840799,0.0989746,-0.115573,-0.127053,-0.00669037,0.0422156,0.0610739
0.073876,0.0866022,-0.115874,-0.125604,-0.00800324,0.038218,0.0558625
0.0575498,0.066919,-0.116098,-0.12329,-0.00279755,0.0350111,0.0482212
0.0412236,0.0440116,-0.116258,-0.120971,1.01879e-11,0.0326984,0.0396925
0.0248974,0.0209756,-0.116342,-0.118647,-1.61559e-27,0.0313412,0.0313992
0.00857125,4.14098e-05,-0.116349,-0.116321,3.58732e-43,0.030947,0.0241365
0,-0.011876,-0.116271,-0.113994,-7.96546e-59,0.0313347,0.0205878
0,-0.0281871,-0.116124,-0.111668,1.76869e-74,0.0321465,0.015261
0,-0.0420809,-0.115901,-0.109345,-3.92727e-90,0.0331411,0.01107
0,-0.0507648,-0.115603,-0.107025,8.7203e-106,0.0342595,0.00902923
0,-0.0608195,-0.115238,-0.104712,-1.9363e-121,0.035491,0.00647668
0,-0.0631862,-0.114798,-0.102405,4.29944e-137,0.036838,0.00714065
0,-0.0627458,-0.114293,-0.100106,-9.54668e-153,0.0383067,0.00894506
0,-0.0610101,-0.113726,-0.0978172,2.11979e-168,0.039905,0.0113738
0,-0.058951,-0.113101,-0.0955392,-4.70687e-184,0.0416416,0.0140755
0,-0.0582558,-0.112423,-0.0932735,1.04514e-199,0.0435261,0.0164056
0,-0.0571785,-0.111692,-0.0910209,-2.32067e-215,0.045569,0.0191018
0,-0.0557407,-0.11091,-0.0887827,5.15292e-231,0.0477814,0.0221426
0,-0.0549742,-0.11008,-0.0865598,-1.14418e-246,0.0501755,0.0251306
0,-0.0535831,-0.109203,-0.0843532,2.54059e-262,0.0527642,0.0286138
0,-0.0508632,-0.108281,-0.0821639,-5.64123e-278,0.0555619,0.0328666
0,-0.0489031,-0.107318,-0.0799928,1.25261e-293,0.0585842,0.0370546
0,-0.0482755,-0.106316,-0.0778406,-2.78134e-309,0.061848,0.0409887
0,-0.0482094,-0.105276,-0.0757083,-1.47726e-321,0.0653716,0.0449888
0,-0.0486447,-0.104201,-0.0735965,-1.47726e-321,0.0691745,0.0490655
0,-0.0497273,-0.103093,-0.071506,-1.47726e-321,0.073278,0.0531518
0,-0.0518116,-0.101954,-0.0694375,-1.47726e-321,0.0777049,0.0570933
0,-0.0555073,-0.100785,-0.0673916,-1.47726e-321,0.0824801,0.0606283
0,-0.060455,-0.0995899,-0.0653689,-1.47726e-321,0.08763,0.0638769
0,-0.0652982,-0.098367,-0.0633699,-1.47726e-321,0.0931834,0.0673324
0,-0.0679256,-0.0971159,-0.0613953,-1.47726e-321,0.0991711,0.0717643
0,-0.0671358,-0.0958374,-0.0594454,-1.47726e-321,0.105587,0.0772221
0,-0.0645786,-0.0945358,-0.057521,-1.47726e-321,0.112454,0.0835861
0,-0.0586964,-0.0932111,-0.0556225,-1.47726e-321,0.119844,0.09114
0,-0.0526798,-0.0918683,-0.0537503,-1.47726e-321,0.127791,0.0985084
0,-0.0438943,-0.0905018,-0.0519049,-1.47726e-321,0.136279,0.106716
0.00691616,-0.033346,-0.0891121,-0.0500867,-1.47726e-321,0.145112,0.11525
0.0231895,-0.0262071,-0.087711,-0.0482961,-1.47726e-321,0.153903,0.122001
0.0394628,-0.0195116,-0.0863622,-0.0465335,-1.47726e-321,0.162364,0.128011
0.0557361,-0.0087689,-0.0856962,-0.0447974,-0.000444186,0.170395,0.133719
0.0720095,0.00371569,-0.0859326,-0.0430755,-0.0159758,0.177942,0.136799
0.0882828,0.0182828,-0.0878953,-0.0413596,-0.0172828,0.184964,0.142484
0.104556,0.0345561,-0.0919238,-0.0396272,-0.0156525,0.19142,0.148193
0.120829,0.0508294,-0.0953934,-0.0378351,-0.0151229,0.197265,0.155669
-0.106997,-0.129982,-0.0953086,-0.0359966,0.00498148,-0.0416466,-0.0698688
-0.0862486,-0.0923594,-0.0932794,-0.0336525,0.00704498,-0.0372142,-0.0560241
-0.0744505,-0.0739697,-0.0912772,-0.0322793,0.00844851,-0.0335538,-0.0487101
-0.0581771,-0.0465365,-0.08929,-0.0304318,0.00398607,-0.0306627,-0.0382192
-0.0419038,-0.0190041,-0.0873139,-0.0286241,2.09491e-11,-0.0286376,-0.028105
-0.0256305,0.00831449,-0.0853306,-0.0268561,-3.23117e-27,-0.0275399,-0.0183058
-0.00935716,0.0345117,-0.0832901,-0.0251376,7.17465e-43,-0.0273819,-0.00913177
0,0.0521872,-0.081246,-0.0234595,-1.59309e-58,-0.0280001,-0.00348117
0,0.07,-0.0791891,-0.0218224,3.0952e-74,-0.029041,0.00253042
0,0.07,-0.0768593,-0.0202262,-3.19091e-90,-0.0302516,0.00556078
0,0.07,-0.0743676,-0.0186623,8.7203e-106,-0.0315707,0.00621264
0,0.07,-0.0715643,-0.0171475,-1.9363e-121,-0.0329879,0.00788226
0,0.07,-0.0687009,-0.015684,4.29944e-137,-0.0345064,0.00714163
0,0.07,-0.0659196,-0.0142785,-9.54668e-153,-0.0361333,0.00521819
0,0.07,-0.0631498,-0.0129295,2.11979e-168,-0.0378774,0.00367993
0,0.07,-0.0603797,-0.011636,-4.70687e-184,-0.0397483,0.00208295
0,0.07,-0.0575882,-0.0103979,1.04514e-199,-0.0417563,0.00048701
0,0.07,-0.0547785,-0.00921548,-2.32067e-215,-0.0439126,-0.00145342
0,0.07,-0.0519764,-0.008089,5.15292e-231,-0.046229,-0.00372881
0,0.07,-0.0491973,-0.00701865,-1.14418e-246,-0.0487182,-0.00629419
0,0.07,-0.0465059,-0.00600413,2.54059e-262,-0.0513937,-0.0094432
0,0.07,-0.0437382,-0.00504306,-5.64123e-278,-0.0542704,-0.0119022
0,0.07,-0.0409265,-0.00413785,1.25261e-293,-0.0573645,-0.0147573
0,0.07,-0.0380546,-0.0032884,-2.78134e-309,-0.060693,-0.0177413
0,0.07,-0.0351183,-0.00249571,-2.91499e-321,-0.0642747,-0.0209572
0,0.07,-0.0320991,-0.00175958,2.08496e-321,-0.0681295,-0.0243713
0,0.07,-0.0289968,-0.00108438,2.08496e-321,-0.072279,-0.0279492
0,0.07,-0.0257605,-0.000470323,2.08496e-321,-0.0767463,-0.0314429
0,0.07,-0.0223532,8.04865e-05,2.08496e-321,-0.0815564,-0.0348687
0,0.07,-0.0187767,0.000565031,2.08496e-321,-0.0867359,-0.0383436
0,0.07,-0.0149902,0.000979906,2.08496e-321,-0.0923139,-0.0416283
0,0.07,-0.0111837,0.00132136,2.08496e-321,-0.0983212,-0.045646
0,0.07,-0.00731144,0.00158691,2.08496e-321,-0.104716,-0.0503607
0,0.07,-0.00193726,0.00177767,2.08496e-321,-0.111511,-0.0550421
0,0.07,0.00530346,0.0018809,0.00165557,-0.118811,-0.0609712
0,0.07,0.0149025,0.0018581,0.0191663,-0.126662,-0.0660214
0,0.07,0.02969,0.00167524,0.0213922,-0.135052,-0.0728858
-0.00606374,0.0639363,0.0516296,0.00127368,0.0203535,-0.143803,-0.0803107
-0.0222337,0.0477663,0.0775621,0.000493393,0.0200627,-0.152534,-0.089121
-0.0384037,0.0315963,0.110854,-0.000759626,0.018208,-0.160944,-0.0976406
-0.0545736,0.0154264,0.140936,-0.0025772,0.019002,-0.16893,-0.106752
-0.0707436,-0.000743614,0.181138,-0.00506502,0.0171767,-0.176438,-0.114296
-0.0869136,-0.0169136,0.217762,-0.00822545,0.0164125,-0.183427,-0.12294
-0.103084,-0.0330836,0.247262,-0.0121778,0.0154286,-0.189856,-0.131727
-0.119254,-0.0492535,0.273479,-0.0167838,0.0131754,-0.195682,-0.140278
0.107126,0.164156,0.273914,-0.0217291,-0.00507286,0.0416921,0.0819831
0.0844881,0.123391,0.264425,-0.0286524,-0.00729446,0.0372859,0.067419
0.0747861,0.109488,0.254803,-0.0319261,-0.00786667,0.0336481,0.0624591
0.0586161,0.0863941,0.245429,-0.0371328,-0.0047828,0.0307485,0.0536381
0.0424462,0.0628656,0.236218,-0.0421492,-1.00452e-11,0.0287002,0.0450431
0.0262762,0.0371079,0.227092,-0.0469748,1.61559e-27,0.0275693,0.0357939
0.0101062,0.0123422,0.217801,-0.0515714,-3.58732e-43,0.0273731,0.027157
0,-0.00535078,0.208555,-0.0559832,7.96546e-59,0.0279649,0.0214686
0,-0.0198909,0.199446,-0.0602098,-1.76869e-74,0.0289953,0.0170379
0,-0.0307928,0.1905,-0.0642533,3.92727e-90,0.0301994,0.0141064
0,-0.0361513,0.18173,-0.068117,-8.7203e-106,0.0315128,0.0134311
0,-0.0414397,0.173131,-0.0718042,1.9363e-121,0.0329243,0.0128062
0,-0.041298,0.16471,-0.0753184,-4.29944e-137,0.0344368,0.0144664
0,-0.0425159,0.156461,-0.0786632,9.54668e-153,0.0360574,0.0156308
0,-0.0432174,0.148384,-0.0818419,-2.11979e-168,0.0377948,0.0171653
0,-0.0424972,0.14048,-0.084858,4.70687e-184,0.0396584,0.0194166
0,-0.0436848,0.132746,-0.0877151,-1.04514e-199,0.0416587,0.0210561
0,-0.0447367,0.125182,-0.0904164,2.32067e-215,0.0438067,0.0229656
0,-0.0464239,0.117788,-0.0929654,-5.15292e-231,0.0461143,0.0248204
0,-0.0487839,0.110563,-0.0953655,1.14418e-246,0.048594,0.0266315
0,-0.0498103,0.103507,-0.0976201,-2.54059e-262,0.0512594,0.0292162
0,-0.0494684,0.0966199,-0.0997714,5.64123e-278,0.0541253,0.0325707
0,-0.0497116,0.089897,-0.101783,-1.25261e-293,0.0572076,0.0359257
0,-0.0510414,0.0833374,-0.103662,2.78134e-309,0.0605236,0.0391187
0,-0.0550215,0.0769382,-0.105407,1.47726e-321,0.0640918,0.0415374
0,-0.0566179,0.0707039,-0.107023,1.47726e-321,0.0679321,0.0452147
0,-0.0565166,0.0646325,-0.108515,1.47726e-321,0.0720659,0.0497925
0,-0.0576319,0.0587183,-0.109914,1.47726e-321,0.0765164,0.0541036
0,-0.0582096,0.0529626,-0.111174,1.47726e-321,0.0813083,0.0588705
0,-0.0591204,0.0473623,-0.112339,1.47726e-321,0.0864684,0.0636869
0,-0.0525824,0.0425729,-0.114431,1.47726e-321,0.0925984,0.0757495
0,-0.0490141,0.0372875,-0.116447,1.47726e-321,0.100338,0.0847464
0,-0.053267,0.0320851,-0.117187,1.47726e-321,0.109253,0.0884897
0,-0.0544235,0.0271043,-0.117886,1.47726e-321,0.118754,0.0934019
0.00602996,-0.048181,0.022326,-0.118485,1.47726e-321,0.128565,0.100854
0.0221098,-0.0386632,0.0173002,-0.118987,1.47726e-321,0.138282,0.108526
0.0381897,-0.0277303,0.0114597,-0.119395,-0.00383282,0.147607,0.115031
0.0542696,-0.0116062,0.0059232,-0.119736,-0.00873477,0.15644,0.124387
0.0703495,0.00282746,0.000106132,-0.119951,-0.0172696,0.164733,0.130941
0.0864294,0.0202101,-0.00509862,-0.120046,-0.018662,0.172449,0.140147
0.102509,0.0366837,-0.010133,-0.120038,-0.0189424,0.179552,0.148315
0.118589,0.0485892,-0.0147112,-0.119923,-0.0191128,0.186003,0.155943
-0.106529,-0.136268,-0.0146614,-0.119721,0.00428558,-0.0494394,-0.076039
-0.0904494,-0.11787,-0.0179904,-0.119507,0.00603036,-0.0444237,-0.0689398
-0.0743695,-0.101888,-0.0211769,-0.119202,0.00782045,-0.0401987,-0.0625684
-0.0582896,-0.0840586,-0.0242459,-0.118832,0.00415113,-0.0368181,-0.0556401
-0.0422097,-0.0644895,-0.0272035,-0.118398,3.84098e-11,-0.0343376,-0.0483403
-0.0261298,-0.045257,-0.0300849,-0.117903,-6.46235e-27,-0.0328064,-0.0414455
-0.0100499,-0.0233143,-0.0329525,-0.117333,1.43493e-42,-0.0322356,-0.0336592
0,-0.0130561,-0.0357521,-0.116705,-3.18618e-58,-0.0324763,-0.0307323
0,-0.00609452,-0.0384476,-0.116021,7.07475e-74,-0.0331792,-0.0290618
0,-0.00127822,-0.0410313,-0.115268,-1.57091e-89,-0.0340791,-0.0283035
0,-0.00368872,-0.0435082,-0.114463,3.48812e-105,-0.0351103,-0.0305068
0,4.59469e-05,-0.0458658,-0.113608,-7.74518e-121,-0.0362601,-0.0302629
0,0.00446612,-0.0481119,-0.112705,1.71978e-136,-0.0375299,-0.0299665
0,0.00859573,-0.0502498,-0.111756,-3.81867e-152,-0.0389255,-0.0299351
0,0.0090908,-0.0522853,-0.110764,8.47915e-168,-0.0404542,-0.0315013
0,0.00875798,-0.0542176,-0.10973,-1.88275e-183,-0.0421244,-0.0335065
0,0.00811269,-0.0560483,-0.108657,4.18054e-199,-0.0439453,-0.035802
0,0.00771685,-0.0577791,-0.107548,-9.28267e-215,-0.045927,-0.0381858
0,0.00608397,-0.0594137,-0.106402,2.06117e-230,-0.0480803,-0.0412742
0,0.00459865,-0.0609528,-0.105224,-4.57671e-246,-0.0504171,-0.0445052
0,0.00398143,-0.0623979,-0.104014,1.01623e-261,-0.0529499,-0.0476274
0,0.00448556,-0.0637507,-0.102775,-2.25649e-277,-0.0556928,-0.0505636
0,0.00680686,-0.0650129,-0.101508,5.01042e-293,-0.0586611,-0.0530507
0,0.0109864,-0.0661863,-0.100215,-1.11254e-308,-0.0618714,-0.0550905
0,0.0189751,-0.0672712,-0.0988985,-1.2154e-321,-0.0653416,-0.0559087
0,0.0265825,-0.0682741,-0.0975596,-1.2154e-321,-0.069091,-0.0572069
0,0.0332091,-0.0691977,-0.0962001,-1.2154e-321,-0.0731406,-0.0591532
0,0.0400343,-0.0700429,-0.0948217,-1.2154e-321,-0.0775129,-0.061253
0,0.0497286,-0.0708089,-0.0934259,-1.2154e-321,-0.0822324,-0.0624355
0,0.0599413,-0.0715003,-0.0920143,-1.2154e-321,-0.0873253,-0.0636481
0,0.0665067,-0.0721225,-0.0905885,-1.2154e-321,-0.09282,-0.0664763
0,0.07,-0.072637,-0.0891497,-1.2154e-321,-0.098747,-0.0699888
0,0.07,-0.073076,-0.0877001,-1.2154e-321,-0.105126,-0.0751699
0,0.07,-0.073496,-0.0862434,-1.2154e-321,-0.111989,-0.0812136
0,0.0666525,-0.0738623,-0.0847781,-1.2154e-321,-0.119381,-0.0879117
0,0.0605449,-0.0741669,-0.0833049,-1.2154e-321,-0.127332,-0.0953844
0,0.0485259,-0.0744065,-0.0818234,-1.2154e-321,-0.135826,-0.104914
-0.00611144,0.0369585,-0.0745814,-0.0803367,-1.2154e-321,-0.144684,-0.113839
-0.0224086,0.0320697,-0.074683,-0.0788461,-1.2154e-321,-0.15352,-0.119711
-0.0387058,0.026728,-0.0737143,-0.077353,-1.2154e-321,-0.16203,-0.122802
-0.055003,0.0143097,-0.0716715,-0.075872,0.0112216,-0.17011,-0.127654
-0.0713002,-0.00130018,-0.0651551,-0.074414,0.0187861,-0.177708,-0.129937
-0.0875974,-0.0175974,-0.0537613,-0.0730164,0.0172966,-0.184782,-0.134085
-0.103895,-0.0338945,-0.040742,-0.0718102,0.0159706,-0.191289,-0.140751
-0.120192,-0.0501917,-0.02776,-0.0708456,0.0146149,-0.197186,-0.14793
0.107969,0.150026,-0.0277324,-0.0700308,-0.0047441,0.0420303,0.077471
0.0855602,0.111083,-0.0290487,-0.0689104,-0.0069476,0.0375618,0.0633799
0.0753745,0.0991754,-0.0303182,-0.0685559,-0.00819266,0.0338679,0.0585038
0.0590773,0.0780496,-0.0315245,-0.0679635,-0.00449046,0.0309241,0.0504118
0.0427801,0.0563281,-0.0326787,-0.0673463,-9.27836e-12,0.0288405,0.042504
0.0264829,0.0327289,-0.033789,-0.0667054,1.61559e-27,0.0276831,0.0340866
0.0101857,0.00726457,-0.0348821,-0.0660363,-3.58732e-43,0.0274689,0.0251367
0,-0.00952463,-0.0359221,-0.0653452,7.96546e-59,0.0280497,0.0198197
0,-0.0277954,-0.0369096,-0.064633,-1.76869e-74,0.0290729,0.013886
0,-0.0417937,-0.0378364,-0.0639007,3.92727e-90,0.0302711,0.00977595
0,-0.0452464,-0.0386961,-0.0631496,-8.7203e-106,0.0315792,0.00990975
0,-0.0502794,-0.0395027,-0.0623808,1.9363e-121,0.0329859,0.0093585
0,-0.0511604,-0.0402512,-0.0615956,-4.29944e-137,0.0344939,0.0106075
0,-0.0510124,-0.0409463,-0.0607951,9.54668e-153,0.0361103,0.0123341
0,-0.050997,-0.0415906,-0.0599803,-2.11979e-168,0.0378438,0.0141351
0,-0.0497311,-0.0421839,-0.0591524,4.70687e-184,0.0397039,0.0165946
0,-0.0502546,-0.0427306,-0.0583122,-1.04514e-199,0.0417009,0.0184922
0,-0.0515345,-0.043231,-0.0574609,2.32067e-215,0.0438458,0.0203019
0,-0.0510714,-0.0436836,-0.0565993,-5.15292e-231,0.0461506,0.0230202
0,-0.0476619,-0.0440884,-0.0557283,1.14418e-246,0.0486277,0.0271036
0,-0.043474,-0.0444489,-0.054849,-2.54059e-262,0.0512906,0.0316833
0,-0.0419012,-0.04477,-0.0539622,5.64123e-278,0.0541542,0.035451
0,-0.0428714,-0.0450528,-0.0530687,-1.25261e-293,0.0572344,0.0384985
0,-0.0432654,-0.0452951,-0.0521693,2.78134e-309,0.0605485,0.042078
0,-0.0433495,-0.0454985,-0.0512649,1.47726e-321,0.0641148,0.0460396
0,-0.0436564,-0.0456645,-0.0503561,1.47726e-321,0.0679535,0.0501737
0,-0.0451466,-0.0457955,-0.0494439,1.47726e-321,0.0720858,0.054098
0,-0.0483878,-0.0458931,-0.0485287,1.47726e-321,0.0765348,0.0575863
0,-0.0522274,-0.0459573,-0.0476115,1.47726e-321,0.0813254,0.0610851
0,-0.0557852,-0.0459881,-0.0466927,1.47726e-321,0.0864842,0.0648963
0,-0.0590966,-0.0459866,-0.0457731,1.47726e-321,0.0920401,0.0689507
0,-0.0623993,-0.045954,-0.0448534,1.47726e-321,0.0980238,0.0731023
0,-0.0623173,-0.0458877,-0.0439341,1.47726e-321,0.104468,0.0786378
0,-0.0599921,-0.0457904,-0.0430159,1.47726e-321,0.111408,0.0849867
0,-0.0552556,-0.0456631,-0.0420996,1.47726e-321,0.118878,0.0921549
0,-0.0511132,-0.04551,-0.0411855,1.47726e-321,0.126904,0.0988616
0,-0.0436957,-0.0453251,-0.0402744,1.47726e-321,0.135472,0.106621
0.00612463,-0.0343693,-0.0451075,-0.0393668,1.47726e-321,0.1444,0.114757
0.022457,-0.0237982,-0.0448594,-0.0384633,1.47726e-321,0.153303,0.122964
0.0387893,-0.0142575,-0.044585,-0.0375647,1.47726e-321,0.161876,0.130307
0.0551217,0.00221079,-0.044279,-0.0366713,1.47726e-321,0.170016,0.139977
0.071454,0.0113409,-0.0442261,-0.0357839,-0.000452697,0.17767,0.145632
0.0877864,0.0245092,-0.0443987,-0.034899,-0.0076546,0.184795,0.1514
0.104119,0.0409481,-0.0444172,-0.034013,-0.0141529,0.19135,0.158247
0.120451,0.050451,-0.0442711,-0.033125,-0.0159376,0.197291,0.165007
-0.108202,-0.109904,-0.0441707,-0.0322366,0.00482417,-0.0424121,-0.0621739
-0.0918694,-0.0826224,-0.0437209,-0.0313502,0.00653245,-0.0378406,-0.0521754
-0.0755371,-0.0574206,-0.0432626,-0.0304709,0.00829298,-0.0340334,-0.042355
-0.0592048,-0.0304319,-0.0427902,-0.0296006,0.00459558,-0.0310479,-0.032119
-0.0428724,-0.00640279,-0.0423088,-0.0287396,4.14526e-12,-0.0289435,-0.023375
-0.0265401,0.0174134,-0.0418124,-0.0278879,-8.07794e-28,-0.0277726,-0.0149028
-0.0102077,0.0425103,-0.041287,-0.0270486,1.79366e-43,-0.0275488,-0.00609994
0,0.0563366,-0.0407567,-0.0262197,-3.98273e-59,-0.0281226,-0.00195773
0,0.07,-0.0402068,-0.0254014,4.97443e-75,-0.0291402,0.00230105
0,0.07,-0.0393864,-0.024594,-9.81819e-91,-0.0303334,0.00497415
0,0.07,-0.0385031,-0.0237972,1.63506e-106,-0.031637,0.00450741
0,0.07,-0.0374693,-0.023017,-2.42037e-122,-0.0330395,0.0047123
0,0.07,-0.0364911,-0.0222563,5.3743e-138,-0.0345436,0.00269654
0,0.07,-0.0355793,-0.0215157,-1.19333e-153,-0.0361565,0.000429101
0,0.07,-0.0347196,-0.0207941,2.64973e-169,-0.0378866,-0.0018499
0,0.07,-0.0338842,-0.0200902,-5.88359e-185,-0.0397436,-0.00400736
0,0.07,-0.0330316,-0.0194033,1.30642e-200,-0.0417377,-0.00590693
0,0.07,-0.032235,-0.0187333,-2.17563e-216,-0.04388,-0.00879047
0,0.07,-0.0314961,-0.0180795,3.22057e-232,-0.0461823,-0.0120882
0,0.07,-0.0308627,-0.0174414,-7.15111e-248,-0.0486571,-0.0163329
0,0.07,-0.0303188,-0.0168172,1.58787e-263,-0.0513179,-0.0206126
0,0.069819,-0.029831,-0.0162048,-4.18685e-279,-0.0541795,-0.0247533
0,0.0677553,-0.0293415,-0.0156029,7.82878e-295,-0.0572579,-0.0290324
0,0.0656472,-0.0288488,-0.0150131,-1.73834e-310,-0.0605702,-0.0335636
0,0.0639689,-0.0283528,-0.0144332,8.34971e-322,-0.064135,-0.0381896
0,0.0627917,-0.0278539,-0.0138631,8.34971e-322,-0.0679722,-0.0428885
0,0.0627339,-0.0273518,-0.0133031,8.34971e-322,-0.0721032,-0.0474073
0,0.0635333,-0.0268472,-0.012753,8.34971e-322,-0.0765509,-0.0518461
0,0.0646989,-0.0263408,-0.012213,8.34971e-322,-0.0813404,-0.0563744
0,0.0677836,-0.0258316,-0.0116832,8.34971e-322,-0.0864981,-0.0603328
0,0.07,-0.0252932,-0.0111635,8.34971e-322,-0.092053,-0.0643781
0,0.07,-0.0247034,-0.0106544,8.34971e-322,-0.0980357,-0.0690192
0,0.07,-0.0241506,-0.0101538,8.34971e-322,-0.104475,-0.0749353
0,0.0690015,-0.0236512,-0.00966475,8.34971e-322,-0.111405,-0.0814937
0,0.063266,-0.0231576,-0.00918624,8.34971e-322,-0.118864,-0.089074
0,0.0564544,-0.0226663,-0.00872012,8.34971e-322,-0.126879,-0.0968243
0,0.0460641,-0.0221796,-0.00826385,8.34971e-322,-0.135435,-0.105723
-0.0061205,0.0348585,-0.0216948,-0.00781734,8.34971e-322,-0.144353,-0.114558
-0.0224418,0.0301399,-0.0212058,-0.00738053,8.34971e-322,-0.153244,-0.120394
-0.0387632,0.0253901,-0.0200645,-0.00695348,8.34971e-322,-0.161807,-0.12421
-0.0550845,0.0127229,-0.0179636,-0.0065442,0.00723396,-0.169937,-0.129516
-0.0714058,-0.00140584,-0.0134042,-0.00615972,0.0200049,-0.177581,-0.132007
-0.0877272,-0.0177272,-0.00471474,-0.00582781,0.0188608,-0.184697,-0.136304
-0.104049,-0.0340485,0.00640743,-0.00563358,0.0179367,-0.191244,-0.141487
-0.12037,-0.0503698,0.0195761,-0.00563383,0.0161041,-0.197178,-0.147403
0.108129,0.157135,0.019741,-0.00576198,-0.00477405,0.0423671,0.0798743
0.086095,0.11843,0.0189615,-0.00593498,-0.00694387,0.0378633,0.0660367
0.0754862,0.102014,0.0181322,-0.00618416,-0.00822625,0.0341362,0.0596651
0.0591648,0.0771473,0.0173167,-0.00655634,-0.00452811,0.0311663,0.0501392
0.0428435,0.0529353,0.016517,-0.00691165,3.35335e-11,0.0290605,0.0412857
0.0265222,0.027075,0.0157247,-0.00725078,-6.46235e-27,0.0278839,0.031996
0.0102008,0.000676356,0.0149202,-0.00757003,1.43493e-42,0.0276533,0.0227008
0,-0.016586,0.0141311,-0.00787326,-3.18618e-58,0.0282199,0.0172029
0,-0.0333555,0.0133561,-0.00816062,7.07475e-74,0.0292305,0.01187
0,-0.0477787,0.012599,-0.00843239,-1.57091e-89,0.0304172,0.00756191
0,-0.0536958,0.0118672,-0.00868891,3.48812e-105,0.0317147,0.00671323
0,-0.0610395,0.0111501,-0.00893065,-7.74518e-121,0.0331115,0.00527251
0,-0.0637023,0.0104544,-0.00915795,1.71978e-136,0.0346104,0.00584118
0,-0.0634018,0.00977818,-0.00937122,-3.81867e-152,0.0362184,0.00765181
0,-0.0629658,0.00911812,-0.00957084,8.47915e-168,0.037944,0.00961476
0,-0.0624539,0.0084741,-0.00975716,-1.88275e-183,0.0397968,0.0117632
0,-0.0635983,0.00784418,-0.00993051,4.18054e-199,0.0417871,0.0134212
0,-0.0648841,0.00722993,-0.0100912,-9.28267e-215,0.0439258,0.015235
0,-0.0658938,0.00663167,-0.0102395,2.06117e-230,0.0462247,0.0173626
0,-0.0654915,0.00605049,-0.0103757,-4.57671e-246,0.0486964,0.0202652
0,-0.0651365,0.00548464,-0.0105002,1.01623e-261,0.0513544,0.0233581
0,-0.0665759,0.00493212,-0.0106133,-2.25649e-277,0.0542133,0.0259796
0,-0.0675758,0.00439527,-0.0107152,5.01042e-293,0.0572893,0.0290592
0,-0.0698348,0.0038721,-0.0108063,-1.11254e-308,0.0605993,0.0318925
0,-0.07,0.00328155,-0.0108869,-2.26776e-321,0.064162,0.0345908
0,-0.07,0.00259526,-0.0109561,-2.26776e-321,0.0679972,0.0371571
0,-0.07,0.00180606,-0.0110156,-2.26776e-321,0.0721263,0.0398589
0,-0.07,0.00086178,-0.0110608,-2.26776e-321,0.0765724,0.0426894
0,-0.07,-0.000221345,-0.0110884,-2.26776e-321,0.0813603,0.0458364
0,-0.07,-0.00145626,-0.0110959,-2.26776e-321,0.0865166,0.0491984
0,-0.07,-0.00286191,-0.0110809,-2.26776e-321,0.0920701,0.0526574
0,-0.07,-0.00439491,-0.0110392,-2.26776e-321,0.0980516,0.0564392
0,-0.07,-0.00589516,-0.0109681,-2.26776e-321,0.104424,0.0606841
0,-0.07,-0.00737028,-0.0108667,-2.26776e-321,0.111203,0.0653681
0,-0.07,-0.00900398,-0.0107355,-2.26776e-321,0.118487,0.0702919
0,-0.07,-0.01157,-0.0105743,-2.26776e-321,0.126322,0.0759485
0,-0.07,-0.0159986,-0.0103724,-0.00183103,0.134699,0.0819867
0.00526004,-0.06474,-0.0216893,-0.0101055,-0.0161982,0.143457,0.0888294
0.0214448,-0.0485552,-0.0330056,-0.00973719,-0.0193098,0.152214,0.0955127
0.0376295,-0.0323705,-0.0554933,-0.00922419,-0.0153668,0.160656,0.101546
0.0538143,-0.0161857,-0.0744375,-0.00838418,-0.0169612,0.168676,0.111075
0.069999,-9.62621e-07,-0.0993863,-0.00711329,-0.013931,0.176221,0.119172
0.0861838,0.0161838,-0.121659,-0.00542495,-0.012706,0.183247,0.128481
0.102369,0.0323685,-0.139484,-0.00323676,-0.0105241,0.189715,0.138412
0.118553,0.0485533,-0.153702,-0.000652074,-0.00801402,0.195581,0.148007
-0.108033,-0.125297,-0.153611,0.0021376,0.00487299,-0.0419727,-0.0680425
-0.0845653,-0.0781495,-0.148382,0.00618262,0.00125669,-0.0375316,-0.0507429
-0.0756637,-0.0666034,-0.143167,0.00786528,0.00106441,-0.0338588,-0.0460228
-0.059479,-0.0460576,-0.138105,0.0107912,0.000297125,-0.030913,-0.0381481
-0.0432942,-0.0235045,-0.133211,0.013609,-0.00131095,-0.0288142,-0.0298905
-0.0271095,0.00214604,-0.128381,0.0163295,-0.00178619,-0.0276313,-0.0206595
-0.0109247,0.0254866,-0.12346,0.0189503,2.1684e-19,-0.0273857,-0.0125828
0,0.0433899,-0.118555,0.021476,-4.81482e-35,-0.0279459,-0.00678343
0,0.0589085,-0.113716,0.0238766,1.06911e-50,-0.0289637,-0.00196136
0,0.0692954,-0.108963,0.0261799,-2.37389e-66,-0.03016,0.000753516
0,0.07,-0.104296,0.0283877,3.95332e-82,-0.0314668,-0.000282381
0,0.07,-0.0996786,0.0305016,-5.8521e-98,-0.0328717,-0.00113467
0,0.07,-0.0951715,0.032546,1.29943e-113,-0.0343774,-0.00298917
0,0.07,-0.0907744,0.034499,-2.88531e-129,-0.0359909,-0.00498377
0,0.0684415,-0.0864655,0.0363628,6.40667e-145,-0.0377208,-0.00740318
0,0.0669593,-0.0822422,0.0381395,-1.42257e-160,-0.0395766,-0.00991676
0,0.0679439,-0.0781029,0.0398097,3.15873e-176,-0.0415686,-0.0116174
0,0.0696165,-0.0740496,0.0413966,-7.01379e-192,-0.0437078,-0.0132671
0,0.07,-0.0700378,0.0429019,1.55737e-207,-0.0460061,-0.0149505
0,0.07,-0.0660957,0.0443268,-3.45807e-223,-0.0484759,-0.0173924
0,0.07,-0.0622568,0.045692,7.67845e-239,-0.0511307,-0.0205718
0,0.07,-0.0585063,0.0469794,-1.70496e-254,-0.0539853,-0.0237917
0,0.07,-0.0548384,0.0481908,3.78577e-270,-0.0570556,-0.0271832
0,0.07,-0.0512869,0.0493279,-8.40609e-286,-0.0603586,-0.0313464
0,0.0682794,-0.0478422,0.0503927,9.33264e-302,-0.063913,-0.0363184
0,0.0651117,-0.0444817,0.0513874,-2.07226e-317,-0.0677385,-0.0417982
0,0.0627206,-0.0412028,0.0522972,-1.49208e-321,-0.0718564,-0.0472056
0,0.0622966,-0.0380039,0.053141,-1.49208e-321,-0.0762898,-0.0520854
0,0.0621749,-0.0348867,0.0539202,-1.49208e-321,-0.0810634,-0.0570986
0,0.0612762,-0.0318516,0.0546367,-1.49208e-321,-0.0862038,-0.0626192
0,0.060087,-0.0288974,0.0552919,-1.49208e-321,-0.0917396,-0.0683955
0,0.0602904,-0.0260214,0.0558876,-1.49208e-321,-0.0977016,-0.0737117
0,0.059847,-0.0232255,0.0564253,-1.49208e-321,-0.104135,-0.0794792
0,0.0571905,-0.0205102,0.0569066,-1.49208e-321,-0.11108,-0.0859805
0,0.0540001,-0.017873,0.0573331,-1.49208e-321,-0.118557,-0.0925553
0,0.0488726,-0.0153144,0.0577063,-1.49208e-321,-0.126591,-0.099711
0,0.0425725,-0.0128356,0.058028,-1.49208e-321,-0.135171,-0.107044
-0.00532013,0.0351981,-0.0104441,0.0582996,-1.49208e-321,-0.14413,-0.114454
-0.0216897,0.0307098,-0.00814316,0.0585228,-1.49208e-321,-0.153083,-0.1203
-0.0380594,0.0262721,-0.005236,0.0586995,-1.49208e-321,-0.161712,-0.123865
-0.054429,0.0136536,-0.00144578,0.0588245,0.00811211,-0.169908,-0.129118
-0.0707986,-0.000798616,0.00433583,0.0589008,0.0228764,-0.177618,-0.13137
-0.0871682,-0.0171682,0.0139517,0.0588951,0.0216906,-0.184799,-0.135912
-0.103538,-0.0335379,0.0245485,0.0587362,0.0211061,-0.191411,-0.141716
-0.119907,-0.0499075,0.0360508,0.0583671,0.019312,-0.197409,-0.147882
0.109267,0.167071,0.036594,0.0578761,-0.00469474,0.0427963,0.0830693
0.088396,0.130444,0.0374493,0.0572502,-0.00677471,0.0382158,0.069949
0.076528,0.110983,0.0380755,0.0567234,-0.00813856,0.0344094,0.0629318
0.0601584,0.0853305,0.0386004,0.0559688,-0.00520456,0.031374,0.0532919
0.0437887,0.0605801,0.03909,0.0552028,-7.48827e-12,0.0292066,0.0442199
0.0274191,0.0344784,0.0395452,0.0544267,0,0.0279704,0.0348298
0.0110495,0.00715379,0.0399752,0.0536385,0,0.0276854,0.0251592
0,-0.0111054,0.0403804,0.0528416,0,0.0282176,0.0192704
0,-0.0283845,0.0407474,0.0520364,0,0.029214,0.0137435
0,-0.0433629,0.041077,0.0512236,0,0.0303917,0.00921577
0,-0.0514496,0.0413746,0.0504041,0,0.0316816,0.00750323
0,-0.0609093,0.0416324,0.0495784,0,0.0330708,0.00524437
0,-0.0658737,0.0418571,0.0487473,0,0.0345621,0.00491947
0,-0.0670501,0.0420489,0.0479115,0,0.0361622,0.00616809
0,-0.0666993,0.042207,0.0470717,0,0.0378796,0.00811139
0,-0.0659545,0.0423316,0.0462285,0,0.0397239,0.0103453
0,-0.0665064,0.0424221,0.0453826,0,0.0417052,0.0122267
0,-0.0668973,0.0424808,0.0445347,0,0.0438345,0.0143784
0,-0.0668397,0.0425092,0.0436854,0,0.0461236,0.0169075
0,-0.0669563,0.0425075,0.0428354,0,0.0485848,0.0195748
0,-0.0664622,0.0424778,0.0419852,0,0.0512318,0.0227189
0,-0.0659952,0.0424202,0.0411355,0,0.054079,0.0260864
0,-0.0651764,0.0423364,0.0402868,0,0.0571425,0.0298495
0,-0.0643131,0.0422268,0.0394395,0,0.0604392,0.033888
0,-0.0652374,0.0420906,0.0385943,0,0.0639877,0.0374793
0,-0.06656,0.0419299,0.0377517,0,0.0678078,0.0412055
0,-0.0697912,0.0417439,0.0369121,0,0.0719207,0.0444357
0,-0.07,0.0414361,0.0360762,0,0.0763494,0.0476251
0,-0.07,0.0410152,0.0352456,0,0.0811187,0.0511792
0,-0.07,0.0405101,0.0344206,0,0.086255,0.055299
0,-0.07,0.0399014,0.0336049,0,0.0917871,0.0592288
0,-0.07,0.0391497,0.0328002,0,0.0977457,0.0630727
0,-0.07,0.0383478,0.0320085,0,0.104109,0.0673657
0,-0.07,0.0375405,0.0312328,0,0.110895,0.0724968
0,-0.07,0.0368023,0.0304731,0,0.118191,0.0784181
0,-0.07,0.0361042,0.0297289,0,0.126037,0.0841695
0,-0.07,0.0351127,0.0289991,0,0.134431,0.0910058
0.00446243,-0.0627913,0.0334816,0.028285,0,0.143224,0.0987074
0.0206895,-0.0493105,0.0309642,0.0275958,-0.00118341,0.152036,0.106762
0.0369165,-0.0330835,0.0275395,0.0269475,-0.0141818,0.160537,0.113219
0.0531435,-0.0168565,0.0244937,0.0263574,-0.0188518,0.168616,0.122168
0.0693705,-0.000629476,0.0183768,0.0258309,-0.0168165,0.176221,0.129207
0.0855975,0.0155975,0.0123331,0.0253839,-0.0158147,0.183307,0.137987
0.101825,0.0318246,0.00852721,0.0250677,-0.0150712,0.189834,0.148668
0.118052,0.0480516,0.00539981,0.0248515,-0.0129811,0.19576,0.157741
-0.109127,-0.113941,0.00550395,0.024681,0.0046176,-0.0423687,-0.0635146
-0.0928997,-0.0784429,0.00614779,0.0245165,0.00634685,-0.0377897,-0.0502729
-0.0766727,-0.0548044,0.00676122,0.0244006,0.00775404,-0.033962,-0.0411866
-0.0604457,-0.0293584,0.00734775,0.0242724,0.00588772,-0.0309426,-0.0315283
-0.0442186,-0.00610777,0.00790756,0.0241322,3.03106e-11,-0.0287905,-0.0230597
-0.0279916,0.0171363,0.0084466,0.0239802,-6.46235e-27,-0.0275599,-0.0147951
-0.0117646,0.0406503,0.00898141,0.0238145,1.43493e-42,-0.0272718,-0.00660963
0,0.0549316,0.00949161,0.0236381,-3.18618e-58,-0.0278084,-0.00225838
0,0.0638461,0.00997539,0.0234513,7.07475e-74,-0.0288219,-1.78168e-05
0,0.07,0.0105101,0.0232547,-7.85455e-90,-0.0300184,0.00224281
0,0.07,0.0110313,0.0230477,1.74406e-105,-0.0313259,0.0011289
0,0.07,0.0116086,0.0228331,-3.87259e-121,-0.0327312,0.000934337
0,0.07,0.0121735,0.0226073,8.59888e-137,-0.0342365,-0.000359791
0,0.07,0.0127301,0.02237,-1.90934e-152,-0.0358489,-0.00172312
0,0.07,0.0132848,0.0221215,4.23958e-168,-0.0375768,-0.0031339
0,0.07,0.0138368,0.021862,-9.41375e-184,-0.0394299,-0.00470439
0,0.07,0.0144168,0.0215913,2.15559e-199,-0.0414183,-0.00599338
0,0.07,0.0150355,0.0213096,0,-0.0435531,-0.0075862
0,0.07,0.0156615,0.0210157,0,-0.0458461,-0.00968921
0,0.07,0.0162645,0.0207094,0,-0.0483098,-0.0123178
0,0.07,0.0168431,0.0203907,0,-0.0509575,-0.0151937
0,0.07,0.0173808,0.0200602,0,-0.0538041,-0.0184869
0,0.07,0.0178458,0.0197185,0,-0.0568653,-0.0223775
0,0.07,0.0182026,0.0193667,0,-0.0601582,-0.0269247
0,0.07,0.0184285,0.0190066,0,-0.0637013,-0.0324787
0,0.07,0.0185308,0.0186405,0,-0.0675143,-0.0382577
0,0.07,0.0185812,0.018271,0,-0.0716186,-0.0432889
0,0.07,0.0185915,0.0178999,0,-0.076037,-0.0484146
0,0.07,0.0185938,0.0175282,0,-0.0807941,-0.0533084
0,0.07,0.0186245,0.0171564,0,-0.0859166,-0.057855
0,0.07,0.0186795,0.0167842,0,-0.0914329,-0.0626047
0,0.07,0.0187498,0.0164112,0,-0.0973736,-0.0675784
0,0.07,0.0188214,0.016037,0,-0.103767,-0.0727448
0,0.07,0.018867,0.0156614,0,-0.110647,-0.0783307
0,0.07,0.0188479,0.0152845,0,-0.118052,-0.0844053
0,0.07,0.0187649,0.0149074,0,-0.126011,-0.0902972
0,0.0653665,0.0186184,0.0145312,0,-0.134518,-0.0977215
-0.00448802,0.0557409,0.0185676,0.0141572,0,-0.143423,-0.105629
-0.0208081,0.0422902,0.0187651,0.0137855,0,-0.152343,-0.114379
-0.0371282,0.0307038,0.0202417,0.0134124,0.00188947,-0.160948,-0.119421
-0.0534483,0.0151215,0.0218171,0.0130253,0.00888773,-0.169125,-0.127684
-0.0697683,0.00023167,0.0237419,0.012607,0.023093,-0.17682,-0.132596
-0.0860884,-0.0160884,0.0279454,0.0121572,0.021705,-0.183992,-0.138548
-0.102408,-0.0324085,0.0325604,0.0116551,0.0211437,-0.190599,-0.145798
-0.118729,-0.0487286,0.0373267,0.0110592,0.0190527,-0.196597,-0.152804
0.109753,0.146978,0.037257,0.010408,-0.00461576,0.0428597,0.0769026
0.0930244,0.11716,0.0363349,0.00974053,-0.00637653,0.0382243,0.0654568
0.0771124,0.0940218,0.0354285,0.00902374,-0.00805933,0.0343478,0.0564288
0.0607923,0.0706029,0.0345309,0.0083052,-0.00588485,0.0312817,0.047557
0.0444722,0.0458885,0.0336409,0.00760471,-5.09988e-11,0.0290889,0.0384599
0.0281521,0.0217274,0.032755,0.0069221,6.46235e-27,0.0278243,0.0298405
0.0118321,-0.00413822,0.031845,0.00626169,-1.43493e-42,0.0275094,0.0207206
0,-0.0217917,0.0309388,0.00561933,3.18618e-58,0.0280254,0.0150504
0,-0.036388,0.0300412,0.00499511,-7.07475e-74,0.0290224,0.0105852
0,-0.0496255,0.0291533,0.0043889,1.57091e-89,0.0302041,0.00671082
0,-0.0544809,0.0282836,0.00380051,-3.48812e-105,0.031498,0.00626045
0,-0.0616663,0.0274212,0.00322962,7.74518e-121,0.0328907,0.00485797
0,-0.0641481,0.0265739,0.00267602,-1.71978e-136,0.0343845,0.00548642
0,-0.0657595,0.025738,0.00213946,3.81867e-152,0.0359861,0.00651946
0,-0.0683292,0.0249116,0.00161968,-8.47915e-168,0.0377041,0.00729854
0,-0.07,0.0240876,0.00111649,1.64741e-183,0.0395479,0.0084678
0,-0.07,0.0232159,0.000629798,-2.09027e-199,0.0415277,0.00969475
0,-0.07,0.0223047,0.000155891,4.64134e-215,0.0436546,0.0111995
0,-0.07,0.0213982,-0.000300227,-1.03058e-230,0.0459402,0.013532
0,-0.07,0.020513,-0.000738163,2.28836e-246,0.048397,0.0163183
0,-0.07,0.0196633,-0.00115816,-5.08117e-262,0.0510385,0.0195476
0,-0.07,0.0188638,-0.00156077,1.12825e-277,0.0538791,0.0232477
0,-0.07,0.0181059,-0.00194684,-2.50521e-293,0.0569349,0.0270901
0,-0.07,0.0173674,-0.0023173,5.56268e-309,0.0602228,0.0308789
0,-0.07,0.016656,-0.00267277,-1.89227e-321,0.0637612,0.0350522
0,-0.07,0.0159701,-0.00301372,-1.89227e-321,0.0675698,0.0394732
0,-0.07,0.0152965,-0.00334066,-1.89227e-321,0.0716701,0.0439641
0,-0.07,0.0146131,-0.003654,-1.89227e-321,0.0760847,0.0483742
0,-0.07,0.0138631,-0.00395378,-1.89227e-321,0.0808384,0.0521509
0,-0.07,0.013015,-0.00423929,-1.89227e-321,0.0859576,0.0556137
0,-0.07,0.0120416,-0.00450892,-1.89227e-321,0.0914709,0.0587875
0,-0.07,0.0109387,-0.00476095,-1.89227e-321,0.0974089,0.0624776
0,-0.07,0.00980482,-0.00499185,-1.89227e-321,0.10375,0.066659
0,-0.07,0.0086726,-0.00520042,-1.89227e-321,0.110514,0.0715534
0,-0.07,0.00764939,-0.00538633,-1.89227e-321,0.117786,0.0774324
0,-0.07,0.0067197,-0.00555057,-1.89227e-321,0.125608,0.0832908
0,-0.07,0.0054386,-0.00569519,-1.89227e-321,0.13398,0.0899575
0.00365155,-0.0636808,0.00366196,-0.00581934,-1.89227e-321,0.14277,0.0980706
0.0198807,-0.0501193,0.000913113,-0.0059139,-0.00167995,0.151599,0.105848
0.0361098,-0.0338902,-0.00318686,-0.00596377,-0.0159397,0.160124,0.111392
0.0523389,-0.0176611,-0.00666713,-0.00594923,-0.0196196,0.16823,0.120792
0.068568,-0.00143204,-0.0128114,-0.00586288,-0.0172802,0.175862,0.128534
0.0847971,0.0147971,-0.0188352,-0.00568345,-0.016169,0.182979,0.137392
0.101026,0.0310262,-0.0225183,-0.00537602,-0.0158728,0.189538,0.148011
0.117255,0.0472553,-0.0252384,-0.00496801,-0.0133603,0.195497,0.157755
-0.109952,-0.11445,-0.025134,-0.00451764,0.00456105,-0.0426262,-0.0637592
-0.0937231,-0.0797623,-0.0244165,-0.00405943,0.0062982,-0.0380084,-0.0508258
-0.077494,-0.0543625,-0.0237173,-0.00356321,0.00799356,-0.0341394,-0.041006
-0.0612649,-0.0299471,-0.0230274,-0.00308117,0.00658137,-0.0310759,-0.0317706
-0.0450358,-0.00456911,-0.0223447,-0.00261304,6.7489e-11,-0.028877,-0.0224239
-0.0288067,0.0197764,-0.0216687,-0.00215863,-1.29247e-26,-0.0275976,-0.0137417
-0.0125776,0.0437267,-0.0209787,-0.0017212,2.86986e-42,-0.0272627,-0.00539067
0,0.0582417,-0.0202961,-0.00129749,-6.37237e-58,-0.0277695,-0.000946676
0,0.0673182,-0.0196251,-0.00088747,1.41495e-73,-0.028772,0.00136011
0,0.07,-0.0187413,-0.000490943,-3.14182e-89,-0.0299621,0.00448647
0,0.07,-0.0178509,-0.000110815,6.97624e-105,-0.0312642,0.00354791
0,0.07,-0.0168575,0.000255998,-7.74518e-121,-0.032664,0.00371009
0,0.07,-0.0158506,0.000604571,1.71978e-136,-0.0341636,0.00256742
0,0.07,-0.0147859,0.000932659,-3.81867e-152,-0.0357698,0.00177318
0,0.07,-0.0136464,0.00124009,8.47915e-168,-0.0374913,0.00104184
0,0.07,-0.0124659,0.00152555,-2.19899e-183,-0.0393373,-0.000166377
0,0.07,-0.0112491,0.00178844,4.18054e-199,-0.0413182,-0.00177471
0,0.07,-0.0100696,0.00202681,-9.28267e-215,-0.043445,-0.00411184
0,0.07,-0.00890607,0.00224118,2.06117e-230,-0.0457293,-0.00648978
0,0.07,-0.00785054,0.0024321,-4.57671e-246,-0.0481837,-0.00977809
0,0.07,-0.00688076,0.00260072,1.01623e-261,-0.0508214,-0.0132355
0,0.07,-0.00599859,0.00274997,-2.25649e-277,-0.0536572,-0.0170376
0,0.07,-0.00523604,0.00287965,5.01042e-293,-0.0567069,-0.0214503
0,0.07,-0.00461598,0.00299276,-1.11254e-308,-0.0599874,-0.0263973
0,0.07,-0.00412859,0.0030919,-2.44562e-321,-0.0635171,-0.0319208
0,0.07,-0.00378128,0.00317983,-2.44562e-321,-0.0673157,-0.0380224
0,0.07,-0.0035312,0.00325928,-2.44562e-321,-0.0714044,-0.0438138
0,0.0696683,-0.00329192,0.00333265,-2.44562e-321,-0.075806,-0.0487403
0,0.07,-0.0030423,0.00340112,-2.44562e-321,-0.0805452,-0.0533272
0,0.07,-0.00274916,0.00346346,-2.44562e-321,-0.0856482,-0.0577352
0,0.07,-0.00242032,0.00352167,-2.44562e-321,-0.0911436,-0.0623918
0,0.07,-0.00205873,0.0035737,-2.44562e-321,-0.0970618,-0.0671771
0,0.07,-0.00167042,0.00361885,-2.44562e-321,-0.103428,-0.072001
0,0.07,-0.00129967,0.00365653,-2.44562e-321,-0.110276,-0.0775084
0,0.07,-0.00097445,0.0036866,-2.44562e-321,-0.117646,-0.0833396
0,0.07,-0.00075047,0.00370967,-2.44562e-321,-0.125569,-0.0898356
0,0.0671403,-0.000595385,0.00372714,-2.44562e-321,-0.134043,-0.0967406
-0.00367021,0.0565961,-0.000345745,0.00374075,-2.44562e-321,-0.142934,-0.105056
-0.0199822,0.0435386,0.000193137,0.00374929,-2.44562e-321,-0.15186,-0.113561
-0.0362942,0.0320268,0.00211287,0.00375136,0.00247929,-0.160478,-0.118361
-0.0526063,0.0164069,0.00410361,0.00373309,0.00997479,-0.168671,-0.126615
-0.0689183,0.00108171,0.00626696,0.00367392,0.0224494,-0.176386,-0.132347
-0.0852303,-0.0152303,0.0104572,0.0035767,0.0213552,-0.183579,-0.138521
-0.101542,-0.0315423,0.0148959,0.00342622,0.0207553,-0.19021,-0.14615
-0.117854,-0.0478544,0.0196118,0.00317935,0.0185451,-0.196235,-0.153234
0.110514,0.143695,0.0195377,0.00288143,-0.00451259,0.0430715,0.0755969
0.0942019,0.11584,0.0189616,0.00258119,-0.00624809,0.038399,0.0649364
0.0778899,0.0903657,0.0183953,0.00219562,-0.00794546,0.0344811,0.0549663
0.0615779,0.0680056,0.0178392,0.00182149,-0.00653326,0.0313747,0.0465393
0.0452659,0.0431483,0.0172876,0.00145858,-3.59318e-11,0.0291392,0.0373577
0.0289538,0.0203268,0.0167429,0.00110676,6.46235e-27,0.0278295,0.0292664
0.0126418,-0.00504991,0.0161843,0.000768637,-1.43493e-42,0.0274707,0.0203143
0,-0.0219563,0.0156331,0.0004416,3.18618e-58,0.0279594,0.0149301
0,-0.0358797,0.0150901,0.000125631,-7.07475e-74,0.0289473,0.0107182
0,-0.0491347,0.0145546,-0.000179428,1.57091e-89,0.0301244,0.00682239
0,-0.051912,0.0140376,-0.000473732,-3.48812e-105,0.0314147,0.00719754
0,-0.0582174,0.0135245,-0.000757586,7.74518e-121,0.0328035,0.00610955
0,-0.0602661,0.0130237,-0.00103115,-1.71978e-136,0.034293,0.00689178
0,-0.059867,0.0125334,-0.00129463,3.81867e-152,0.0358898,0.00871461
0,-0.0606546,0.0120498,-0.00154824,-8.47915e-168,0.0376026,0.0101674
0,-0.0604713,0.0115753,-0.00179214,1.88275e-183,0.0394405,0.012181
0,-0.0614432,0.0111075,-0.00202649,-4.18054e-199,0.0414139,0.013888
0,-0.0614463,0.0106489,-0.00225145,9.28267e-215,0.0435337,0.0161841
0,-0.0605419,0.0101994,-0.00246718,-2.06117e-230,0.0458116,0.0190269
0,-0.0608649,0.00975676,-0.00267387,4.57671e-246,0.04826,0.0215785
0,-0.0607503,0.00932274,-0.00287166,-1.01623e-261,0.0508922,0.0245524
0,-0.0604209,0.00889715,-0.00306072,2.25649e-277,0.0537229,0.0278477
0,-0.0600233,0.00847985,-0.00324121,-5.01042e-293,0.0567677,0.0314205
0,-0.0588932,0.00807154,-0.00341331,1.11254e-308,0.0600438,0.035547
0,-0.0598114,0.00766926,-0.0035772,1.2154e-321,0.0635694,0.0391113
0,-0.0610482,0.00727489,-0.00373299,1.2154e-321,0.0673642,0.0428468
0,-0.0652816,0.00688557,-0.00388086,1.2154e-321,0.0714494,0.0456517
0,-0.0685132,0.00650562,-0.00402091,1.2154e-321,0.0758478,0.0491505
0,-0.07,0.00606156,-0.0041533,1.2154e-321,0.0805839,0.0524533
0,-0.07,0.00551761,-0.00427719,1.2154e-321,0.0856841,0.0559538
0,-0.07,0.00482488,-0.00439353,1.2154e-321,0.0911768,0.0588291
0,-0.07,0.00391448,-0.00449765,1.2154e-321,0.0970927,0.0615668
0,-0.07,0.00293424,-0.00458641,1.2154e-321,0.103406,0.0653199
0,-0.07,0.00193462,-0.00465587,1.2154e-321,0.110136,0.0699977
0,-0.07,0.0010128,-0.00470556,1.2154e-321,0.117371,0.0755514
0,-0.07,0.000227917,-0.00473596,1.2154e-321,0.125155,0.081555
0,-0.07,-0.00118339,-0.00474915,1.2154e-321,0.133491,0.0878629
0.00283813,-0.0666883,-0.00338118,-0.00474312,1.2154e-321,0.142264,0.0953699
0.019056,-0.050944,-0.00647688,-0.00470077,-0.00488761,0.151097,0.103607
0.0352739,-0.0347261,-0.010021,-0.00460838,-0.0158295,0.159632,0.111149
0.0514918,-0.0185082,-0.0127347,-0.00445227,-0.0180941,0.167751,0.12134
0.0677097,-0.00229028,-0.0169783,-0.00423149,-0.0169704,0.1754,0.129557
0.0839276,0.0139276,-0.0214582,-0.00394709,-0.0158792,0.182536,0.138453
0.100146,0.0301455,-0.0238127,-0.00357169,-0.0154617,0.189117,0.149289
0.116363,0.0463634,-0.0255911,-0.00312369,-0.0129057,0.195101,0.158909
-0.110687,-0.111065,-0.0254822,-0.00264744,0.0044775,-0.0428267,-0.0624169
-0.0944692,-0.0770656,-0.0246932,-0.00216367,0.00622232,-0.038178,-0.0498039
-0.0782513,-0.051362,-0.0239224,-0.00166113,0.00780585,-0.0342745,-0.0398366
-0.0620335,-0.0278963,-0.0231551,-0.00117381,0.00647184,-0.0311729,-0.0309712
-0.0458156,-0.00255858,-0.0224071,-0.000702271,3.24853e-11,-0.0289323,-0.0216144
-0.0295977,0.0212403,-0.0216692,-0.000245527,0,-0.0276083,-0.0131406
-0.0133798,0.0433994,-0.0209191,0.000192285,0,-0.0272296,-0.00548926
0,0.0589056,-0.0201738,0.000615168,0,-0.0277089,-0.000616757
0,0.0681885,-0.0194425,0.00102312,0,-0.0287021,0.00176151
0,0.07,-0.0184864,0.00141635,0,-0.0298872,0.00476946
0,0.07,-0.0175378,0.00179182,0,-0.0311852,0.00366419
0,0.07,-0.016503,0.00215301,0,-0.0325808,0.00366437
0,0.07,-0.0154543,0.00249497,0,-0.0340759,0.00255041
0,0.07,-0.0144237,0.00281559,0,-0.0356771,0.000983222
0,0.07,-0.0133693,0.0031154,0,-0.037393,-0.000284119
0,0.07,-0.0123076,0.00339439,0,-0.039233,-0.00186397
0,0.07,-0.0112215,0.00365222,0,-0.0412072,-0.00342326
0,0.07,-0.0101585,0.00388859,0,-0.0433267,-0.00564784
0,0.07,-0.00915539,0.00410346,0,-0.0456031,-0.00845928
0,0.07,-0.0081096,0.0042976,0,-0.0480488,-0.0104203
0,0.07,-0.00707995,0.00447129,0,-0.0506773,-0.0132019
0,0.07,-0.00614564,0.00462422,0,-0.0535029,-0.0170524
0,0.07,-0.00534377,0.00475741,0,-0.0565415,-0.0215697
0,0.07,-0.00469722,0.00487311,0,-0.0598101,-0.0266634
0,0.07,-0.00415829,0.00497416,0,-0.0633268,-0.0319291
0,0.07,-0.00370875,0.00506326,0,-0.0671114,-0.0372387
0,0.07,-0.00331973,0.00514238,0,-0.071185,-0.0424198
0,0.07,-0.00294929,0.00521305,0,-0.0755703,-0.0472521
0,0.07,-0.00255873,0.00527611,0,-0.0802917,-0.0517414
0,0.07,-0.00212243,0.00533158,0,-0.0853757,-0.0560338
0,0.07,-0.00160366,0.00537883,0,-0.0908504,-0.0599109
0,0.07,-0.000989455,0.00541687,0,-0.0967465,-0.0636576
0,0.07,-0.000368868,0.00544341,0,-0.103096,-0.0687242
0,0.07,4.49254e-05,0.00545762,0,-0.109639,-0.0743484
0,0.07,0.00034275,0.00546127,0,-0.116324,-0.0808559
0,0.07,0.00053402,0.00545769,0,-0.123463,-0.0871343
0,0.0622319,0.000698652,0.00544912,0,-0.131145,-0.0950313
0,0.0517874,0.000853705,0.00543695,0,-0.13933,-0.103434
-0.0145993,0.0391354,0.00099985,0.00542081,0,-0.147684,-0.112327
-0.0303824,0.0334687,0.00150626,0.00540169,0,-0.155817,-0.116859
-0.0461655,0.0197603,0.00254205,0.00537486,0.000321043,-0.163582,-0.123678
-0.0619485,0.00640581,0.00414349,0.00533593,0.0110813,-0.170916,-0.12849
-0.0777316,-0.00773159,0.00953074,0.00527147,0.0118602,-0.177774,-0.132236
-0.0935146,-0.0235146,0.016179,0.00515089,0.0117947,-0.184118,-0.138401
-0.109298,-0.0392977,0.0243282,0.00490044,0.00981672,-0.189903,-0.144589
0.111665,0.148643,0.0242762,0.0045076,-0.00409292,0.0416595,0.0769184
0.090358,0.114053,0.0235706,0.00385073,-0.0052634,0.0371828,0.0638322
0.080099,0.0947343,0.0228506,0.00353726,-0.00392563,0.0334195,0.0559175
0.064316,0.0715114,0.0221109,0.00307233,-0.00379084,0.0303533,0.047043
0.0485329,0.0488214,0.021459,0.00262197,-2.55179e-11,0.0280864,0.0387305
0.0327499,0.0252931,0.0208167,0.0021853,6.46235e-27,0.0266876,0.0303189
0.0169668,0.000290302,0.0201635,0.00176511,-1.43493e-42,0.0262027,0.0215268
0.00118373,-0.0207038,0.0195072,0.00135792,3.18618e-58,0.0266057,0.0145105
0,-0.0342873,0.0188629,0.000963838,-7.07475e-74,0.027591,0.0105058
0,-0.0527564,0.0182206,0.000582714,1.57091e-89,0.0288025,0.00452999
0,-0.0599409,0.0175983,0.000214449,-3.48812e-105,0.0301314,0.00322776
0,-0.0669844,0.0169848,-0.000141251,7.74518e-121,0.0315546,0.00190966
0,-0.07,0.0162938,-0.000484628,-1.71978e-136,0.0330723,0.000963291
0,-0.07,0.0156144,-0.00081465,3.81867e-152,0.0346907,0.00257152
0,-0.07,0.0149166,-0.00113441,-8.47915e-168,0.0364182,0.00387124
0,-0.07,0.0142269,-0.00144042,1.88275e-183,0.0382644,0.00569774
0,-0.07,0.0135623,-0.00173254,-4.18054e-199,0.0402393,0.00793722
0,-0.07,0.0129213,-0.0020111,9.28267e-215,0.042354,0.0103391
0,-0.07,0.0123221,-0.00227658,-2.06117e-230,0.0446203,0.0132111
0,-0.07,0.011789,-0.00252991,4.57671e-246,0.0470505,0.0166653
0,-0.0688397,0.0112905,-0.00277475,-1.01623e-261,0.0496577,0.0203509
0,-0.0685921,0.0107999,-0.00300929,2.25649e-277,0.0524565,0.0235372
0,-0.0694546,0.0103171,-0.00323117,-5.01042e-293,0.0554624,0.0265439
0,-0.0696296,0.00984413,-0.00344355,1.11254e-308,0.0586921,0.0301013
0,-0.0689643,0.00938109,-0.00364564,1.2154e-321,0.0621638,0.0342491
0,-0.07,0.00892062,-0.00383997,1.2154e-321,0.0658968,0.0379029
0,-0.07,0.00826756,-0.00402529,1.2154e-321,0.069912,0.0393104
0,-0.07,0.0072875,-0.0042037,1.2154e-321,0.0742317,0.0398976
0,-0.07,0.00602858,-0.00438559,1.2154e-321,0.0789057,0.0422218
0,-0.07,0.00490487,-0.00471402,1.2154e-321,0.0843377,0.0514604
0,-0.07,0.00350503,-0.0048111,1.2154e-321,0.0905716,0.0539481
0,-0.07,0.00183693,-0.00489365,1.2154e-321,0.097428,0.0576971
0,-0.07,-0.00152938,-0.00504962,1.2154e-321,0.105456,0.0665042
0,-0.07,-0.00605926,-0.00508628,-0.0061273,0.114644,0.0736244
0,-0.07,-0.0105128,-0.00506043,-0.0123536,0.124386,0.0820039
0.01055,-0.05945,-0.0142767,-0.0049506,-0.0155422,0.134258,0.0921108
0.0263751,-0.0436249,-0.0193399,-0.00474783,-0.0200836,0.143879,0.100372
0.0426059,-0.0273941,-0.0266701,-0.00446229,-0.0205989,0.153063,0.108713
0.0588367,-0.0111633,-0.0332224,-0.00406083,-0.0235551,0.16174,0.117342
0.0750675,0.00506748,-0.044842,-0.00350778,-0.0208048,0.16987,0.122698
0.0912983,0.0212983,-0.0563474,-0.00280847,-0.0215083,0.177417,0.129675
0.107529,0.0375291,-0.0677796,-0.00187136,-0.0202983,0.184342,0.136965
-0.119702,-0.181428,-0.0689878,-0.000710115,0.0029125,-0.0528566,-0.091909
-0.0921098,-0.127009,-0.0669048,0.00159439,0.00583175,-0.0474068,-0.0723476
-0.0787194,-0.102828,-0.0646587,0.00273269,0.0072943,-0.0428323,-0.06357
-0.0657348,-0.0862094,-0.0624316,0.00380421,0.00898335,-0.0390438,-0.0569019
-0.0523443,-0.0739919,-0.060253,0.0048722,5.64576e-11,-0.0360415,-0.052092
-0.0385482,-0.063134,-0.0581194,0.00593356,-6.46235e-27,-0.0338605,-0.048065
-0.0223174,-0.0524809,-0.0559881,0.00711942,1.43493e-42,-0.032578,-0.0445134
-0.00608655,-0.0485218,-0.0538313,0.00826262,-3.18618e-58,-0.0322379,-0.0438156
0,-0.0468416,-0.0516939,0.00936405,7.07475e-74,-0.0326268,-0.0440679
0,-0.0326644,-0.0495739,0.0104225,-1.57091e-89,-0.0333874,-0.0394097
0,-0.0242358,-0.0474958,0.0114373,3.48812e-105,-0.0343221,-0.0373445
0,-0.0167264,-0.0454556,0.0124111,-7.74518e-121,-0.0353833,-0.035669
0,-0.00982949,-0.0434532,0.0133427,1.71978e-136,-0.0365628,-0.0343436
0,-0.00680896,-0.0414924,0.0142358,-3.81867e-152,-0.0378637,-0.0346864
0,-0.00336903,-0.0395685,0.0150872,8.47915e-168,-0.039292,-0.0349438
0,-0.00121977,-0.0376836,0.0159016,-1.88275e-183,-0.0408555,-0.0358772
0,0.00152613,-0.0358356,0.0166751,4.18054e-199,-0.0425626,-0.0367203
0,0.00851291,-0.0340206,0.0174121,-9.28267e-215,-0.0444229,-0.0360611
0,0.0182045,-0.0322402,0.0181134,2.06117e-230,-0.0464466,-0.0345834
0,0.0217385,-0.0305039,0.0187769,-4.57671e-246,-0.0486448,-0.0358157
0,0.0310322,-0.0287988,0.0194078,1.01623e-261,-0.0510294,-0.0348784
0,0.0391797,-0.0271319,0.0200102,-2.25649e-277,-0.0536135,-0.0347261
0,0.0462893,-0.0255032,0.0205729,5.01042e-293,-0.0564114,-0.0352221
0,0.0545693,-0.02391,0.0211098,-1.11254e-308,-0.0594386,-0.0354963
0,0.0646509,-0.0223505,0.0216454,-1.2154e-321,-0.0627215,-0.0354513
0,0.07,-0.0203801,0.0223874,-1.2154e-321,-0.0663948,-0.0328808
