0.0001622,0,0.000165279,0,0,0.9
0.0001622,0,0.000165279,0,0,0.9
0.0001622,0,0.000165279,0,0,0.9
0.0001622,0,0.000165279,0,0,0.9
0.0001622,0,0.000165279,0,0,0.9
0.0001622,0,0.000165279,0,0,0.9
0.0001622,0,0.000165279,0,0,0.9
0.0001622,0,0.000165279,0,0,0.9
0.0001622,0,0.000165279,0,0,0.9
0.0001622,0,0.000165279,0,0,0.9
0.0001622,0,0.000165279,0,0,0.9
0.0001622,0,0.000165279,0,0,0.9
0.0001622,0,0.000165279,0,0,0.9
0.0001622,0,0.000165279,0,0,0.9
0.0001622,0,0.000165279,0,0,0.9
0.0001622,0,0.000165279,0,0,0.9
0.0001622,0,0.000165279,0,0,0.9
0.0001622,0,0.000165279,0,0,0.9
0.0001622,0,0.000165279,0,0,0.9
0.0001622,0,0.000165279,0,0,0.9
0.0001622,0,0.000165279,0,0,0.9
0.0001622,0,0.000165279,0,0,0.9
0.0001622,0,0.000165279,0,0,0.9
0.0001622,0,0.000165279,0,0,0.9
0.0001622,0,0.000165279,0,0,0.9
0.0001622,0,0.000165279,0,0,0.9
0.0001622,0,0.000165279,0,0,0.9
0.0001622,0,0.000165279,0,0,0.9
0.0001622,0,0.000165279,0,0,0.9
0.0001622,0,0.000165279,0,0,0.9
0.0001622,0,0.000165279,0,0,0.9
0.0001622,0,0.000165279,0,0,0.9
0.0001622,0,0.000165279,0,0,0.9
0.0001622,0,0.000165279,0,0,0.9
0.0001622,0,0.000165279,0,0,0.9
0.0001622,0,0.000165279,0,0,0.9
0.0001622,0,0.000165279,0,0,0.9
0.0001622,0,0.000165279,0,0,0.9
0.0001622,0,0.000165279,0,0,0.9
0.0001622,0,0.000165279,0,0,0.9
0.0001622,0,0.000165279,0,0,0.9
0.0001622,0,0.000165279,0,0,0.9
0.0001622,0,0.000165279,0,0,0.9
0.0001622,0,0.000165279,0,0,0.9
0.0001622,0,0.000165279,0,0,0.9
0.0001622,0,0.000165279,0,0,0.9
0.0001622,0,0.000165279,0,0,0.9
0.0001622,0,0.000165279,0,0,0.9
0.0001622,0,0.000165279,0,0,0.9
0.0001622,0,0.000165279,0,0,0.9
0.0001622,0,0.000165279,0,0,0.9
0.0001622,0,0.000165279,0,0,0.9
0.0001622,0,0.000165279,0,0,0.9
0.0001622,0,0.000165279,0,0,0.9
0.0001622,0,0.000165279,0,0,0.9
0.0001622,0,0.000165279,0,0,0.9
0.0001622,0,0.000165279,0,0,0.9
0.0001622,0,0.000165279,0,0,0.9
0.0001622,0,0.000165279,0,0,0.9
0.0001622,0,0.000165279,0,0,0.9
0.0001622,0,0.000165279,0,0,0.9
0.0001622,0,0.000165279,0,0,0.9
0.0001622,0,0.000165279,0,0,0.9
0.0001622,0,0.000165279,0,0,0.9
0.0001622,0,0.000165279,0,0,0.9
0.0001622,0,0.000165279,0,0,0.9
0.0001622,0,0.000165279,0,0,0.9
0.0001622,0,0.000165279,0,0,0.9
0.0001622,0,0.000165279,0,0,0.9
0.0001622,0,0.000165279,0,0,0.9
0.0001622,0,0.000165279,0,0,0.9
0.0001622,0,0.000165279,0,0,0.9
0.0001622,0,0.000165279,0,0,0.9
0.0001622,0,0.000165279,0,0,0.9
0.0001622,0,0.000165279,0,0,0.9
0.0001622,0,0.000165279,0,0,0.9
0.0001622,0,0.000165279,0,0,0.9
0.0001622,0,0.000165279,0,0,0.9
0.0001622,0,0.000165279,0,0,0.9
0.0001622,0,0.000165279,0,0,0.9
0.0001622,0,0.000165279,0,0,0.9
0.0001622,0,0.000165279,0,0,0.9
0.0001622,0,0.000165279,0,0,0.9
0.0001622,0,0.000165279,0,0,0.9
0.0001622,0,0.000165279,0,0,0.9
0.0001622,0,0.000165279,0,0,0.9
0.0001622,0,0.000165279,0,0,0.9
0.0001622,0,0.000165279,0,0,0.9
0.0001622,0,0.000165279,0,0,0.9
0.0001622,0,0.000165279,0,0,0.9
0.0001622,0,0.000165279,0,0,0.9
0.0001622,0,0.000165279,0,0,0.9
0.0001622,0,0.000165279,0,0,0.9
0.0001622,0,0.000165279,0,0,0.9
0.0001622,0,0.000165279,0,0,0.9
0.0001622,0,0.000165279,0,0,0.9
0.0001622,0,0.000165279,0,0,0.9
0.0001622,0,0.000165279,0,0,0.9
0.0001622,0,0.000165279,0,0,0.9
0.0001622,0,0.000165279,0,0,0.9
0.0001622,0,0.000165279,0,0,0.9
0.0001622,0,0.000165279,0,0,0.9
0.0001622,0,0.000165279,0,0,0.9
0.0001622,0,0.000165279,0,0,0.9
0.0001622,0,0.000165279,0,0,0.9
0.0001622,0,0.000165279,0,0,0.9
0.0001622,0,0.000165279,0,0,0.9
0.0001622,0,0.00016527,0,0,0.9
0.0001622,0,0.000165241,0,0,0.9
0.0001622,0,0.000165195,0,0,0.9
0.0001622,0,0.000165132,0,0,0.9
0.0001622,0,0.000165054,0,0,0.9
0.0001622,0,0.000164962,0,0,0.9
0.0001622,0,0.000164858,0,0,0.9
0.0001622,0,0.000164742,0,0,0.9
0.0001622,0,0.000164618,0,0,0.9
0.0001622,0,0.000164529,0,0,0.9
0.0001622,0,0.000164345,0,0,0.9
0.0001622,0,0.000164199,0,0,0.9
0.0001622,0,0.00016405,0,0,0.9
0.0001622,0,0.000163897,0,0,0.9
0.0001622,0,0.000163744,0,0,0.9
0.0001622,0,0.00016359,0,0,0.9
0.0001622,0,0.000163438,0,0,0.9
0.0001622,0,0.000163288,0,0,0.9
0.0001622,0,0.000163142,0,0,0.9
0.0001622,0,0.000163002,0,0,0.9
0.0001622,0,0.000162869,0,0,0.9
0.0001622,0,0.000162743,0,0,0.9
0.0001622,0,0.000162628,0,0,0.9
0.0001622,0,0.000162523,0,0,0.9
0.0001622,0,0.000162431,0,0,0.9
0.0001622,0,0.000162352,0,0,0.9
0.0001622,0,0.000162288,0,0,0.9
0.0001622,0,0.000162241,0,0,0.9
0.0001622,0,0.000162211,0,0,0.9
0.0001622,0,0.0001622,0,0,0.9
0.0001622,0,0.0001622,0,0,0.9
0.0001622,0,0.0001622,0,0,0.9
0.0001622,0,0.0001622,0,0,0.9
0.0001622,0,0.0001622,0,0,0.9
0.0001622,0,0.0001622,0,0,0.9
0.0001622,0,0.0001622,0,0,0.9
0.0001622,0,0.0001622,0,0,0.9
0,-0.010483,0,0,0,0.9
0,-0.010483,0,0,0,0.9
0,-0.010483,0,0,0,0.9
0,-0.010483,0,0,0,0.9
0,-0.010483,0,0,0,0.9
0,-0.010483,0,0,0,0.9
0,-0.010483,0,0,0,0.9
-0.0408542,-0.010483,0,0,0,0.721
-0.047122,-0.0106587,0,0,0,0.781
0.0202439,-0.0100843,0,-0.0140194,0,0.887
0.00873958,-0.00996177,0,-0.0104687,0,0.905
0.00407362,-0.0097928,0,-0.00832562,0,0.904
0.0041498,-0.0094192,0,-0.00754956,0,0.903
0.00343877,-0.00903734,0,-0.00623578,0,0.898
0.00416253,-0.00845154,0,-0.00550319,0,0.896
0.00323527,-0.00805411,0,-0.00417888,0,0.895
0.0044895,-0.00722673,0,-0.0034896,0,0.896
6.81499e-07,-0.00775327,0,-0.00227331,0,0.897
-0.00380291,-0.00843792,0,-0.00181812,0,0.897
-0.00616018,-0.00895405,0,-0.00247826,0,0.897
-0.00626568,-0.00878002,0,-0.00414279,0,0.897
-0.00545218,-0.00827605,0,-0.00587846,0,0.898
-0.00237834,-0.00653213,0,-0.0078862,0,0.899
-0.00225062,-0.0060686,0,-0.00870398,0,0.9
-0.00379258,-0.00657246,0,-0.00914961,0,0.901
-0.00362168,-0.00613755,0,-0.0106066,0,0.901
-0.00381401,-0.00594169,0,-0.0122323,0,0.901
-0.00424727,-0.00595909,0,-0.0140428,0,0.902
-0.00408782,-0.00556252,0,-0.0161622,0,0.902
-0.00336703,-0.00471315,0,-0.01866,0,0.902
-0.00153539,-0.00288362,0,-0.0206175,0,0.902
-0.00165954,-0.00267926,0,-0.0205498,0,0.902
-0.00195914,-0.00267748,0,-0.0205264,0,0.902
-0.00202818,-0.0021982,0,-0.0206566,0,0.9
-0.00220335,-0.00200546,0,-0.0216981,0,0.9
-0.0029036,-0.00185842,0,-0.0221088,0,0.9
-0.00331709,-0.00176096,0,-0.0248239,0,0.9
-0.0036283,-0.001717,0,-0.0273784,0,0.9
-0.00190161,-0.0017148,0,-0.0315361,0,0.9
-0.00190161,-0.0017148,0,0,0,0.9
-0.00190161,-0.0017148,0,0,0,0.9
-0.00190161,-0.0017148,0,0,0,0.9
-0.00190161,-0.0017148,0,0,0,0.9
-0.00190161,-0.0017148,0,0,0,0.9
-0.00190161,-0.0017148,0,0,0,0.9
0,0,-0.00859872,0,0,0.899
0,0,-0.00859872,0,0,0.899
0,0,-0.00859872,0,0,0.899
0,0,-0.00859872,0,0,0.899
0,0,-0.00859872,0,0,0.899
0,0,-0.00859872,0,0,0.899
0,0,-0.00859872,0,0,0.899
0,0,-0.00859872,0,0,0.899
-0.05,0,-0.0088075,0,0,0.781
0.0152027,0,-0.00836641,-0.0194707,0,0.893
0.00778649,0,-0.00822736,-0.0156884,0,0.908
0.00785123,0,-0.00791183,-0.0134768,0,0.905
0.00971253,0,-0.00739427,-0.0114596,0,0.904
0.0065538,0,-0.00703976,-0.00888558,0,0.901
0.00527314,0,-0.00669782,-0.00571043,0,0.9
0.00136425,0,-0.00695711,-0.00571043,0,0.9
-0.00105819,0,-0.0070608,-0.00495468,0,0.901
-0.00288099,0,-0.00718979,-0.00485985,0,0.901
-0.0038309,0,-0.00721024,-0.0054375,0,0.901
-0.00726507,0,-0.00814805,-0.00614307,0,0.901
-0.00665078,0,-0.00784463,-0.00845861,0,0.9
-0.00621504,0,-0.00755847,-0.0106533,0,0.9
-0.00403946,0,-0.00637617,-0.0126146,0,0.899
-0.00243737,0,-0.0052868,-0.0138123,0,0.899
-0.00251043,0,-0.00502339,-0.0140529,0,0.899
-0.00212745,0,-0.00448182,-0.0144905,0,0.899
-0.00225711,0,-0.00427107,-0.014838,0,0.9
-0.00305982,0,-0.00456398,-0.0150489,0,0.9
-0.00253055,0,-0.00391197,-0.0162899,0,0.9
-0.00282267,0,-0.00390698,-0.0172366,0,0.901
-0.00266908,0,-0.00355431,-0.0185435,0,0.901
-0.00267135,0,-0.00334861,-0.0197045,0,0.901
-0.00300951,0,-0.00347384,-0.0212486,0,0.901
-0.00342183,0,-0.00268817,-0.022898,0,0.9
-0.00411889,0,-0.00255066,-0.0241092,0,0.9
-0.00398542,0,-0.00244576,-0.0283446,0,0.9
-0.00456304,0,-0.00237623,-0.0323015,0,0.9
-0.00393064,0,-0.00234486,-0.037351,0,0.9
-0.00224656,0,-0.0023433,-0.0407466,0,0.9
-0.00224656,0,-0.0023433,0,0,0.9
-0.00224656,0,-0.0023433,0,0,0.9
-0.00224656,0,-0.0023433,0,0,0.9
-0.00224656,0,-0.0023433,0,0,0.9
-0.00224656,0,-0.0023433,0,0,0.9
-0.00224656,0,-0.0023433,0,0,0.9
0,-0.00886463,0,0,0,0.9
0,-0.00886463,0,0,0,0.9
0,-0.00886463,0,0,0,0.9
0,-0.00886463,0,0,0,0.9
0,-0.00886463,0,0,0,0.9
0,-0.00886463,0,0,0,0.9
0,-0.00886463,0,0,0,0.9
0,-0.00886463,0,0,0,0.9
-0.0381852,-0.00897742,0,0,0,0.7
0.0236902,-0.00854582,0,-0.0194351,0,0.892
0.0137281,-0.00835094,0,-0.0143918,0,0.907
0.0117312,-0.00801003,0,-0.011325,0,0.907
0.00983374,-0.00764991,0,-0.00875786,0,0.908
0.00766623,-0.00730288,0,-0.00632212,0,0.903
0.00246429,-0.00741641,0,-0.00445808,0,0.901
-0.000155497,-0.00742961,0,-0.00352369,0,0.9
-0.00116312,-0.00728926,0,-0.00327242,0,0.9
-0.00465581,-0.00782453,0,-0.00345385,0,0.9
-0.00424813,-0.00751644,0,-0.00444817,0,0.9
-0.00590749,-0.0078626,0,-0.00559499,0,0.9
-0.00395677,-0.00696469,0,-0.00740685,0,0.9
-0.00531462,-0.00731539,0,-0.00862538,0,0.9
-0.00111316,-0.00508594,0,-0.0103913,0,0.899
0.000341614,-0.00391598,0,-0.0103615,0,0.899
-0.000234208,-0.00380832,0,-0.00920915,0,0.9
-0.000112477,-0.00330919,0,-0.00868237,0,0.9
-0.000962737,-0.00347221,0,-0.00800489,0,0.9
-0.00174732,-0.00368012,0,-0.00778348,0,0.9
-0.000964157,-0.00277434,0,-0.00867676,0,0.901
-0.00107328,-0.00253591,0,-0.00888493,0,0.901
-0.00110322,-0.00227271,0,-0.00918019,0,0.902
-0.00163238,-0.00246821,0,-0.00918841,0,0.902
-0.00216069,-0.00272567,0,-0.0109535,0,0.902
-0.00239971,-0.0021129,0,-0.0125645,0,0.901
-0.00350741,-0.00195437,0,-0.0139762,0,0.901
-0.00330917,-0.00183284,0,-0.018728,0,0.901
-0.00343507,-0.0017515,0,-0.0227507,0,0.901
-0.00287716,-0.00171349,0,-0.0271421,0,0.901
-0.00186376,-0.001711,0,-0.0293088,0,0.901
-0.00186376,-0.001711,0,0,0,0.901
-0.00186376,-0.001711,0,0,0,0.901
-0.00186376,-0.001711,0,0,0,0.901
-0.00186376,-0.001711,0,0,0,0.901
-0.00186376,-0.001711,0,0,0,0.901
-0.00186376,-0.001711,0,0,0,0.901
0,0,-0.0076193,0,0,0.9
0,0,-0.0076193,0,0,0.9
0,0,-0.0076193,0,0,0.9
0,0,-0.0076193,0,0,0.9
0,0,-0.0076193,0,0,0.9
0,0,-0.0076193,0,0,0.9
0,0,-0.0076193,0,0,0.9
0,0,-0.0076193,0,0,0.9
-0.05,0,-0.00770481,0,0,0.816
0.0141607,0,-0.00742573,-0.0175772,0,0.904
0.0187106,0,-0.0069258,-0.0146584,0,0.909
0.0176712,0,-0.00647419,-0.0113218,0,0.911
0.0148038,0,-0.00604884,-0.00855995,0,0.912
0.0075689,0,-0.00611335,-0.00537027,0,0.908
0.005561,0,-0.00587385,-0.00402512,0,0.907
-4.11e-05,0,-0.00632762,-0.00294909,0,0.904
-0.00479616,0,-0.00702533,-0.00233886,0,0.904
-0.0072455,0,-0.00752472,-0.00318997,0,0.904
-0.00748062,0,-0.00757798,-0.00642596,0,0.904
-0.00765641,0,-0.00763212,-0.00642596,0,0.903
-0.00720781,0,-0.00745727,-0.00824557,0,0.903
-0.00403269,0,-0.00602636,-0.0102514,0,0.903
-0.00211001,0,-0.00491254,-0.0116231,0,0.904
-0.00185807,0,-0.00449531,-0.0118461,0,0.903
-0.00130909,0,-0.00389499,-0.01201,0,0.904
-0.000896477,0,-0.00331753,-0.0120186,0,0.904
-0.000575285,0,-0.0027774,-0.0118727,0,0.903
-0.00145075,0,-0.00310703,-0.0113656,0,0.904
-0.00178043,0,-0.00309435,-0.0114293,0,0.904
-0.00225263,0,-0.0032406,-0.0120159,0,0.904
-0.00310934,0,-0.00376839,-0.013067,0,0.904
-0.00303531,0,-0.00354678,-0.0148045,0,0.904
-0.00332492,0,-0.00367221,-0.0168633,0,0.904
-0.00373558,0,-0.00233444,-0.0193878,0,0.901
-0.0038302,0,-0.00221476,-0.0210345,0,0.901
-0.00404312,0,-0.00212956,-0.0248097,0,0.901
-0.0041907,0,-0.00207266,-0.0277953,0,0.901
-0.00385411,0,-0.0020518,-0.0324294,0,0.901
-0.00385411,0,-0.00205179,-0.0355854,0,0.901
-0.00385411,0,-0.00205179,0,0,0.901
-0.00385411,0,-0.00205179,0,0,0.901
-0.00385411,0,-0.00205179,0,0,0.901
-0.00385411,0,-0.00205179,0,0,0.901
-0.00385411,0,-0.00205179,0,0,0.901
-0.00385411,0,-0.00205179,0,0,0.901
0,-0.00472481,0,0,0,0.902
0,-0.00472481,0,0,0,0.902
0,-0.00472481,0,0,0,0.902
0,-0.00472481,0,0,0,0.902
0,-0.00472481,0,0,0,0.902
0,-0.00472481,0,0,0,0.902
0,-0.00472481,0,0,0,0.902
0,-0.00472481,0,0,0,0.902
-0.0293927,-0.00479557,0,0,0,0.7
0.00380143,-0.00465078,0,-0.0146385,0,0.893
-0.00848841,-0.0048044,0,-0.0128905,0,0.907
-0.00812133,-0.00485987,0,-0.0133065,0,0.904
-0.00457086,-0.00471508,0,-0.0140544,0,0.904
-0.00388578,-0.00464738,0,-0.0140016,0,0.9
-0.00827762,-0.00516672,0,-0.013894,0,0.901
-0.0100031,-0.00557188,0,-0.0150568,0,0.901
-0.00884653,-0.00555097,0,-0.0163751,0,0.9
-0.0169105,-0.00768292,0,-0.0172146,0,0.9
-0.0227536,-0.00990723,0,-0.020886,0,0.9
-0.0312751,-0.0135952,0,-0.0265201,0,0.9
-0.0385975,-0.0177072,0,-0.0356342,0,0.899
-0.0490976,-0.0245777,0,-0.0480789,0,0.898
-0.05,-0.0272488,0,-0.06,0,0.898
-0.05,-0.0304356,0,-0.06,0,0.884
-0.05,-0.0336618,0,-0.06,0,0.87
-0.093984,-0.0659333,0,-0.06,0,0.873
-0.157337,-0.115993,0,-0.06,0,0.876
-0.177586,-0.143476,0,-0.06,0,0.865
-0.194069,-0.162871,0,-0.06,0,0.867
-0.173458,-0.151006,0,-0.06,0,0.877
-0.146044,-0.155171,0,-0.06,0,0.88
-0.0826058,-0.162892,0,-0.06,0,0.88
-0.062906,-0.164328,0,-0.06,0,0.88
-0.0418968,-0.165712,0,-0.06,0,0.88
-0.0262147,-0.166417,0,-0.06,0,0.88
-0.0253816,-0.166423,0,-0.06,0,0.88
-0.0253816,-0.166423,0,0,0,0.88
-0.0253816,-0.166423,0,0,0,0.88
-0.0253816,-0.166423,0,0,0,0.88
-0.0253816,-0.166423,0,0,0,0.88
-0.0253816,-0.166423,0,0,0,0.88
-0.0253816,-0.166423,0,0,0,0.88
0,0,0.164998,0,0,0.892
0,0,0.164998,0,0,0.892
0,0,0.164998,0,0,0.892
0,0,0.164998,0,0,0.892
0,0,0.164998,0,0,0.892
0,0,0.164998,0,0,0.892
0,0,0.164998,0,0,0.892
0,0,0.164998,0,0,0.892
0,0,0.164574,0,0,0.892
-0.0249606,0,0.163396,-0.0256242,0,0.902
-0.0273503,0,0.160837,-0.0278661,0,0.9
-0.00927105,0,0.157889,-0.0308523,0,0.896
-0.0138542,0,0.153627,-0.0306184,0,0.902
-0.00808477,0,0.149123,-0.0309632,0,0.902
-0.00664202,0,0.143648,-0.0309445,0,0.901
-0.00500678,0,0.137469,-0.0302127,0,0.898
-0.000675821,0,0.131594,-0.0296587,0,0.898
0.00194699,0,0.125072,-0.0279369,0,0.897
0.00338372,0,0.118146,-0.0257125,0,0.897
-0.0022842,0,0.1088,-0.0227929,0,0.898
-0.00641327,0,0.0991241,-0.0215476,0,0.898
-0.00922245,0,0.0894379,-0.0226096,0,0.898
-0.00518026,0,0.0826828,-0.0250746,0,0.898
-0.0021859,0,0.0759667,-0.0259342,0,0.899
-0.00216671,0,0.0678865,-0.0256237,0,0.9
-0.00273297,0,0.0595809,-0.0245562,0,0.901
-0.00386018,0,0.0508055,-0.0243672,0,0.901
-0.00387685,0,0.0429954,-0.0254242,0,0.901
-0.000818159,0,0.0378848,-0.0267629,0,0.901
0.000764857,0,0.0324926,-0.0255246,0,0.902
0.000763825,0,0.0261191,-0.0223705,0,0.902
-0.0014681,0,0.0183273,-0.0188143,0,0.902
-0.00340236,0,0.0112855,-0.0181358,0,0.902
-0.0042456,0,0.00651221,-0.021707,0,0.9
-0.00153171,0,0.00296514,-0.0241782,0,0.9
0.000723725,0,0.000299949,-0.0251556,0,0.9
0.00149642,0,-0.00107553,-0.0196812,0,0.9
0.00476528,0,-0.00201872,-0.0130546,0,0.9
0.0021893,0,-0.00209639,0.00234376,0,0.9
0.0021893,0,-0.00209639,0,0,0.9
0.0021893,0,-0.00209639,0,0,0.9
0.0021893,0,-0.00209639,0,0,0.9
0.0021893,0,-0.00209639,0,0,0.9
0.0021893,0,-0.00209639,0,0,0.9
0.0021893,0,-0.00209639,0,0,0.9
0,-0.00597369,0,0,0,0.899
0,-0.00597369,0,0,0,0.899
0,-0.00597369,0,0,0,0.899
0,-0.00597369,0,0,0,0.899
0,-0.00597369,0,0,0,0.899
0,-0.00597369,0,0,0,0.899
0,-0.00597369,0,0,0,0.899
0,-0.00597369,0,0,0,0.899
-0.0273133,-0.00603491,0,0,0,0.7
0.00373861,-0.00589047,0,-0.0100661,0,0.897
0.000649861,-0.00583451,0,-0.00888755,0,0.909
0.0024071,-0.00564253,0,-0.00804583,0,0.906
0.0117238,-0.00485561,0,-0.00745876,0,0.904
0.0044179,-0.00501766,0,-0.0046561,0,0.901
0.00340025,-0.00480417,0,-0.0034774,0,0.9
0.0013808,-0.00478989,0,-0.00266835,0,0.9
0.000136086,-0.00474543,0,-0.00206689,0,0.899
-0.00500035,-0.00573809,0,-0.00168019,0,0.901
-0.00448995,-0.00554838,0,-0.00310867,0,0.901
-0.00123335,-0.00438559,0,-0.0046125,0,0.899
0.000990051,-0.00329751,0,-0.00486867,0,0.898
0.00251652,-0.00229147,0,-0.00426903,0,0.898
0.000685434,-0.00276084,0,-0.00264962,0,0.899
-0.00175315,-0.0037316,0,-0.00197955,0,0.9
-0.000999828,-0.00307739,0,-0.00268959,0,0.899
0.00111935,-0.0014956,0,-0.00317081,0,0.899
0.00174991,-0.000727942,0,-0.00229159,0,0.899
0.00152242,-0.000547093,0,-0.000810892,0,0.9
-0.000427863,-0.00172231,0,0.000838064,0,0.901
-0.00041412,-0.00148011,0,0.00041279,0,0.901
0.000372707,-0.000598209,0,-0.000648947,0,0.901
-0.000756961,-0.00137043,0,0.000289863,0,0.901
-0.00251837,-0.00281556,0,-0.00102711,0,0.901
-0.00392587,-0.0023695,0,-0.00432976,0,0.9
-0.00396544,-0.00228354,0,-0.00933635,0,0.9
-0.00386091,-0.00221733,0,-0.0155026,0,0.9
-0.00431112,-0.00217258,0,-0.0214257,0,0.9
-0.00498409,-0.00215099,0,-0.0280554,0,0.9
-0.00321677,-0.00214922,0,-0.0358901,0,0.9
-0.00321677,-0.00214922,0,0,0,0.9
-0.00321677,-0.00214922,0,0,0,0.9
-0.00321677,-0.00214922,0,0,0,0.9
-0.00321677,-0.00214922,0,0,0,0.9
-0.00321677,-0.00214922,0,0,0,0.9
-0.00321677,-0.00214922,0,0,0,0.9
0,0,-0.00909925,0,0,0.9
0,0,-0.00909925,0,0,0.9
0,0,-0.00909925,0,0,0.9
0,0,-0.00909925,0,0,0.9
0,0,-0.00909925,0,0,0.9
0,0,-0.00909925,0,0,0.9
0,0,-0.00909925,0,0,0.9
0,0,-0.00909925,0,0,0.9
-0.05,0,-0.00917147,0,0,0.811
0.00319842,0,-0.00899525,-0.0191932,0,0.901
0.0047846,0,-0.00875241,-0.0175249,0,0.91
0.00655372,0,-0.0083947,-0.0158584,0,0.909
0.00707173,0,-0.0079885,-0.0143995,0,0.909
0.00415033,0,-0.00779407,-0.0122902,0,0.905
0.00486232,0,-0.00724127,-0.0109945,0,0.901
-0.000516815,0,-0.00763993,-0.00933675,0,0.901
-0.00140228,0,-0.0074864,-0.00871232,0,0.902
-0.00234489,0,-0.0073953,-0.00851949,0,0.902
-0.00459035,0,-0.00774989,-0.00878811,0,0.901
-0.00562796,0,-0.00789815,-0.00917443,0,0.9
-0.0022924,0,-0.00640704,-0.0108419,0,0.899
-0.00120907,0,-0.00558806,-0.010973,0,0.899
0.000405291,0,-0.00440638,-0.0111362,0,0.9
-0.000382545,0,-0.00446866,-0.0101523,0,0.9
-0.000758666,0,-0.00425394,-0.00974168,0,0.9
-0.00188437,0,-0.00455452,-0.00937034,0,0.9
-0.00208423,0,-0.00434502,-0.00996881,0,0.9
-0.00335193,0,-0.00493864,-0.0105505,0,0.9
-0.00322472,0,-0.00459589,-0.012423,0,0.901
-0.0023177,0,-0.00361799,-0.0144287,0,0.901
-0.0022198,0,-0.00327226,-0.0158712,0,0.901
-0.00334288,0,-0.0040274,-0.0167098,0,0.902
-0.00382167,0,-0.00424355,-0.0190769,0,0.902
-0.00477247,0,-0.00306269,-0.021467,0,0.9
-0.00484665,0,-0.00292462,-0.0244553,0,0.9
-0.00416917,0,-0.00284814,-0.0288371,0,0.9
-0.00409389,0,-0.00277368,-0.0333111,0,0.9
-0.0042027,0,-0.00273775,-0.0373778,0,0.9
-0.00252893,0,-0.00273479,-0.041437,0,0.9
-0.00252893,0,-0.00273479,0,0,0.9
-0.00252893,0,-0.00273479,0,0,0.9
-0.00252893,0,-0.00273479,0,0,0.9
-0.00252893,0,-0.00273479,0,0,0.9
-0.00252893,0,-0.00273479,0,0,0.9
-0.00252893,0,-0.00273479,0,0,0.9
0,-0.00785054,0,0,0,0.899
0,-0.00785054,0,0,0,0.899
0,-0.00785054,0,0,0,0.899
0,-0.00785054,0,0,0,0.899
0,-0.00785054,0,0,0,0.899
0,-0.00785054,0,0,0,0.899
0,-0.00785054,0,0,0,0.899
0,-0.00785054,0,0,0,0.899
-0.045648,-0.00795897,0,0,0,0.7
0.0248702,-0.00756457,0,-0.0220216,0,0.891
0.0164744,-0.00733776,0,-0.01663,0,0.908
0.0142539,-0.00697985,0,-0.0128193,0,0.907
0.015837,-0.00637255,0,-0.00978176,0,0.908
0.0110324,-0.00613458,0,-0.00615181,0,0.905
0.00625644,-0.00609051,0,-0.00349992,0,0.9
0.00656655,-0.00553685,0,-0.00221031,0,0.901
0.002764,-0.00572918,0,-0.000424791,0,0.901
-0.000482714,-0.00607224,0,0.000342891,0,0.902
-0.00318246,-0.00651246,0,0.000494571,0,0.901
-0.00557146,-0.0070912,0,-0.0003936,0,0.901
-0.00471781,-0.00665308,0,-0.00219137,0,0.9
-0.00648641,-0.007262,0,-0.00376943,0,0.9
-0.00327748,-0.0056553,0,-0.00624256,0,0.901
-0.00175429,-0.00461993,0,-0.0076014,0,0.901
-0.00135929,-0.00408844,0,-0.00798283,0,0.901
-0.000208929,-0.00305871,0,-0.00844483,0,0.902
-0.000581366,-0.00287079,0,-0.00802161,0,0.903
-0.000564328,-0.00251811,0,-0.00784586,0,0.903
-0.00122057,-0.00271682,0,-0.00770591,0,0.903
4.38369e-05,-0.00141376,0,-0.00797913,0,0.903
-0.000274715,-0.00137821,0,-0.00804126,0,0.903
-0.00135973,-0.00208618,0,-0.00690636,0,0.903
-0.0024516,-0.00288957,0,-0.00790745,0,0.903
-0.00295115,-0.0019907,0,-0.00980311,0,0.901
-0.00291553,-0.00185826,0,-0.0121215,0,0.901
-0.00308575,-0.00175617,0,-0.0150677,0,0.901
-0.00244841,-0.0016922,0,-0.018829,0,0.901
-0.00244919,-0.00166604,0,-0.0211863,0,0.901
-0.00147252,-0.00166572,0,-0.0230139,0,0.901
-0.00147252,-0.00166572,0,0,0,0.901
-0.00147252,-0.00166572,0,0,0,0.901
-0.00147252,-0.00166572,0,0,0,0.901
-0.00147252,-0.00166572,0,0,0,0.901
-0.00147252,-0.00166572,0,0,0,0.901
-0.00147252,-0.00166572,0,0,0,0.901
0,0,-0.00165241,0,0,0.901
0,0,-0.00165241,0,0,0.901
0,0,-0.00165241,0,0,0.901
0,0,-0.00165241,0,0,0.901
0,0,-0.00165241,0,0,0.901
0,0,-0.00165241,0,0,0.901
0,0,-0.00165241,0,0,0.901
0,0,-0.00165241,0,0,0.901
-0.0427469,0,-0.00170673,0,0,0.844
0.00340241,0,-0.00161286,-0.00955635,0,0.906
0.00921245,0,-0.00143246,-0.00897853,0,0.909
0.00344855,0,-0.00145676,-0.00673309,0,0.907
0.0104547,0,-0.000829168,-0.00581552,0,0.906
0.0028443,0,-0.00121507,-0.00353439,0,0.904
0.00145523,0,-0.00124432,-0.00270212,0,0.901
9.2129e-05,0,-0.00135826,-0.00250293,0,0.9
-0.00348518,0,-0.00201603,-0.00204092,0,0.9
-0.00475267,0,-0.00239398,-0.00273909,0,0.902
-0.00429606,0,-0.00240206,-0.0039131,0,0.902
-0.00481197,0,-0.00269477,-0.00501584,0,0.902
-0.00459761,0,-0.00280389,-0.00650127,0,0.901
-0.0047251,0,-0.0030051,-0.00761373,0,0.901
-0.00487278,0,-0.00323045,-0.00899708,0,0.901
-0.00581881,0,-0.00390183,-0.0103219,0,0.901
-0.00713945,0,-0.00489415,-0.0121774,0,0.9
-0.00817981,0,-0.00583657,-0.0148541,0,0.899
-0.00728531,0,-0.00546491,-0.0185801,0,0.899
-0.00760045,0,-0.00594486,-0.0225659,0,0.9
-0.006047,0,-0.00501829,-0.0274015,0,0.9
-0.00579016,0,-0.00499445,-0.0308717,0,0.9
-0.00507318,0,-0.00454827,-0.0342534,0,0.9
-0.00525005,0,-0.00482569,-0.0370475,0,0.9
-0.00444872,0,-0.00420407,-0.0401122,0,0.901
-0.00493955,0,-0.00355806,-0.0420915,0,0.9
-0.00453369,0,-0.00360408,-0.0429489,0,0.9
-0.00437812,0,-0.00363967,-0.0451629,0,0.9
-0.00418287,0,-0.00366395,-0.0475673,0,0.9
-0.00418901,0,-0.00367602,-0.0490995,0,0.9
-0.00285978,0,-0.00367723,-0.0506659,0,0.9
-0.00285978,0,-0.00367723,0,0,0.9
-0.00285978,0,-0.00367723,0,0,0.9
-0.00285978,0,-0.00367723,0,0,0.9
-0.00285978,0,-0.00367723,0,0,0.9
-0.00285978,0,-0.00367723,0,0,0.9
-0.00285978,0,-0.00367723,0,0,0.9
0,-0.00618457,0,0,0,0.9
0,-0.00618457,0,0,0,0.9
0,-0.00618457,0,0,0,0.9
0,-0.00618457,0,0,0,0.9
0,-0.00618457,0,0,0,0.9
0,-0.00618457,0,0,0,0.9
0,-0.00618457,0,0,0,0.9
0,-0.00618457,0,0,0,0.9
-0.0307152,-0.00624423,0,0,0,0.7
0.0149548,-0.00601253,0,-0.0168653,0,0.894
0.011058,-0.00583551,0,-0.0134925,0,0.909
0.00726493,-0.00567194,0,-0.010776,0,0.909
0.0117808,-0.00509317,0,-0.00903303,0,0.91
0.00935682,-0.00480403,0,-0.00627429,0,0.907
0.00704938,-0.00458071,0,-0.00404758,0,0.905
0.0091596,-0.00375104,0,-0.0026704,0,0.901
0.00352919,-0.0042574,0,-3.40346e-05,0,0.9
0.000577351,-0.00456249,0,0.000858505,0,0.901
-0.0034019,-0.00539328,0,0.00127704,0,0.901
-0.00583439,-0.00606841,0,0.000125849,0,0.9
-0.00646863,-0.00629246,0,-0.00169417,0,0.9
-0.0076498,-0.0068131,0,-0.00402029,0,0.9
-0.00410922,-0.00519098,0,-0.00713507,0,0.9
-0.00279892,-0.00439446,0,-0.00886087,0,0.9
-0.00177485,-0.00363372,0,-0.0097367,0,0.9
-0.00023612,-0.00245201,0,-0.0104616,0,0.9
-0.000843064,-0.00258489,0,-0.00979504,0,0.901
-0.000248486,-0.00190953,0,-0.00974027,0,0.901
-0.00154951,-0.00264819,0,-0.00904943,0,0.902
-0.0018619,-0.00266238,0,-0.0096618,0,0.902
-0.0032826,-0.00370922,0,-0.0104355,0,0.902
-0.00493081,-0.00507319,0,-0.0121542,0,0.903
-0.00549175,-0.00554845,0,-0.0168043,0,0.903
-0.00573485,-0.00359864,0,-0.0220617,0,0.901
-0.00509485,-0.00353944,0,-0.0261486,0,0.901
-0.00472095,-0.00349449,0,-0.0314629,0,0.901
-0.00404523,-0.00346502,0,-0.0359382,0,0.901
-0.00365334,-0.00345204,0,-0.0387803,0,0.901
-0.00223134,-0.00345177,0,-0.0406236,0,0.901
-0.00223134,-0.00345177,0,0,0,0.901
-0.00223134,-0.00345177,0,0,0,0.901
-0.00223134,-0.00345177,0,0,0,0.901
-0.00223134,-0.00345177,0,0,0,0.901
-0.00223134,-0.00345177,0,0,0,0.901
-0.00223134,-0.00345177,0,0,0,0.901
0,0,-0.00410581,0,0,0.9
0,0,-0.00410581,0,0,0.9
0,0,-0.00410581,0,0,0.9
0,0,-0.00410581,0,0,0.9
0,0,-0.00410581,0,0,0.9
0,0,-0.00410581,0,0,0.9
0,0,-0.00410581,0,0,0.9
0,0,-0.00410581,0,0,0.9
-0.047127,0,-0.00414788,0,0,0.878
-0.00684878,0,-0.00412582,-0.00974226,0,0.908
0.000274809,0,-0.00402098,-0.0104586,0,0.911
-0.00124109,0,-0.00398233,-0.00962849,0,0.907
0.00389748,0,-0.00357547,-0.00976889,0,0.908
-0.000721755,0,-0.00378388,-0.00842317,0,0.906
0.000635256,0,-0.00350253,-0.00797034,0,0.907
0.0005593,0,-0.00334194,-0.00755616,0,0.906
-0.00024449,0,-0.00332183,-0.0068225,0,0.906
-0.000459815,0,-0.00321087,-0.00665004,0,0.907
-0.00140342,0,-0.00332364,-0.00620831,0,0.906
-0.00274344,0,-0.00364848,-0.00607342,0,0.906
-0.00321456,0,-0.0037632,-0.00643124,0,0.905
-0.00352805,0,-0.0038555,-0.00697462,0,0.905
-0.00216493,0,-0.00316905,-0.00781052,0,0.905
-0.00274727,0,-0.00338102,-0.0082095,0,0.904
-0.00322671,0,-0.00358861,-0.00885139,0,0.9
-0.00441959,0,-0.00430619,-0.00981283,0,0.899
-0.00501815,0,-0.00473189,-0.01161,0,0.899
-0.00610174,0,-0.00556421,-0.0138115,0,0.9
-0.00583013,0,-0.00544127,-0.017178,0,0.9
-0.00603174,0,-0.00567404,-0.0207763,0,0.901
-0.00635476,0,-0.00602315,-0.0243278,0,0.901
-0.00656575,0,-0.00628553,-0.0286581,0,0.902
-0.0057347,0,-0.0055998,-0.0339339,0,0.902
-0.00579561,0,-0.00384986,-0.0381112,0,0.9
-0.00531075,0,-0.00384398,-0.0402553,0,0.9
-0.00485262,0,-0.00383952,-0.0436826,0,0.9
-0.00491396,0,-0.00383659,-0.0465639,0,0.9
-0.00435834,0,-0.00383532,-0.0493524,0,0.9
-0.00298564,0,-0.00383527,-0.0506241,0,0.9
-0.00298564,0,-0.00383527,0,0,0.9
-0.00298564,0,-0.00383527,0,0,0.9
-0.00298564,0,-0.00383527,0,0,0.9
-0.00298564,0,-0.00383527,0,0,0.9
-0.00298564,0,-0.00383527,0,0,0.9
-0.00298564,0,-0.00383527,0,0,0.9
0,-0.00448663,0,0,0,0.9
0,-0.00448663,0,0,0,0.9
0,-0.00448663,0,0,0,0.9
0,-0.00448663,0,0,0,0.9
0,-0.00448663,0,0,0,0.9
0,-0.00448663,0,0,0,0.9
0,-0.00448663,0,0,0,0.9
0,-0.00448663,0,0,0,0.9
-0.0237692,-0.0045258,0,0,0,0.7
0.0172077,-0.00431926,0,-0.0142849,0,0.891
0.0119983,-0.00416434,0,-0.0107574,0,0.908
0.00729274,-0.00404823,0,-0.00803617,0,0.908
0.00949948,-0.00365185,0,-0.00644296,0,0.909
0.00599148,-0.00356852,0,-0.00420328,0,0.906
0.00182296,-0.00373485,0,-0.00265288,0,0.906
0.00082901,-0.00366591,0,-0.00210934,0,0.906
-0.00263717,-0.00412981,0,-0.0023731,0,0.906
-0.00565397,-0.00477272,0,-0.0023731,0,0.906
-0.00761228,-0.00539131,0,-0.00292803,0,0.906
-0.00662797,-0.00520741,0,-0.00487897,0,0.905
-0.00432747,-0.00442529,0,-0.00665397,0,0.904
-0.00520744,-0.00480298,0,-0.00778744,0,0.9
-0.00384151,-0.00417133,0,-0.00893557,0,0.9
-0.00174829,-0.00301144,0,-0.0104883,0,0.9
-0.00129617,-0.00260957,0,-0.0103595,0,0.9
0.000708518,-0.00117645,0,-0.0110621,0,0.9
0.000670454,-0.00095524,0,-0.0101558,0,0.9
0.000205724,-0.001058,0,-0.00874668,0,0.9
-0.000111492,-0.00110461,0,-0.00791171,0,0.901
0.000892126,-0.000114629,0,-0.00749449,0,0.902
-0.000376414,-0.000988186,0,-0.00645839,0,0.902
-0.000823808,-0.0012428,0,-0.00560314,0,0.903
-0.00217313,-0.0023675,0,-0.00629633,0,0.903
-0.00237666,-0.00177632,0,-0.00784954,0,0.901
-0.00285688,-0.00171347,0,-0.00968252,0,0.901
-0.00318195,-0.00166553,0,-0.0131682,0,0.901
-0.00270372,-0.00163318,0,-0.0170297,0,0.901
-0.00242314,-0.00161918,0,-0.0202514,0,0.901
-0.0014606,-0.0016187,0,-0.0224474,0,0.901
-0.0014606,-0.0016187,0,0,0,0.901
-0.0014606,-0.0016187,0,0,0,0.901
-0.0014606,-0.0016187,0,0,0,0.901
-0.0014606,-0.0016187,0,0,0,0.901
-0.0014606,-0.0016187,0,0,0,0.901
-0.0014606,-0.0016187,0,0,0,0.901
0,0,-0.0055623,0,0,0.9
0,0,-0.0055623,0,0,0.9
0,0,-0.0055623,0,0,0.9
0,0,-0.0055623,0,0,0.9
0,0,-0.0055623,0,0,0.9
0,0,-0.0055623,0,0,0.9
0,0,-0.0055623,0,0,0.9
0,0,-0.0055623,0,0,0.9
-0.0379879,0,-0.00558734,0,0,0.889
-0.0038969,0,-0.005551,-0.00694255,0,0.91
-0.000641213,0,-0.00547122,-0.00733399,0,0.913
-0.00374793,0,-0.00548702,-0.00676123,0,0.907
0.00338412,0,-0.00497712,-0.00741473,0,0.909
-0.00113731,0,-0.00514935,-0.00633439,0,0.907
0.000392299,0,-0.00481703,-0.00608376,0,0.908
0.000254236,0,-0.00462642,-0.00572573,0,0.908
0.000142377,0,-0.00441321,-0.00523371,0,0.907
-0.000101696,0,-0.00423962,-0.00506714,0,0.907
-0.00187105,0,-0.00450229,-0.00474463,0,0.906
-0.00214143,0,-0.0044189,-0.00478909,0,0.905
-0.00192336,0,-0.00417226,-0.00535082,0,0.905
-0.00263742,0,-0.00429186,-0.00531385,0,0.904
-0.00150462,0,-0.00360903,-0.00607623,0,0.904
-0.0016334,0,-0.00347596,-0.00612324,0,0.904
-0.00169174,0,-0.00331056,-0.00637408,0,0.903
-0.00314139,0,-0.00401924,-0.00683569,0,0.899
-0.00396079,0,-0.0044647,-0.00789893,0,0.898
-0.00447796,0,-0.00477083,-0.00980627,0,0.899
-0.00443986,0,-0.00469538,-0.0122524,0,0.9
-0.00390472,0,-0.0042302,-0.0149584,0,0.9
-0.00448989,0,-0.00464999,-0.0178224,0,0.901
-0.0044894,0,-0.00461199,-0.0210019,0,0.901
-0.00440084,0,-0.00449872,-0.0245887,0,0.902
-0.00449499,0,-0.00328384,-0.0276777,0,0.9
-0.00430616,0,-0.00323084,-0.0296374,0,0.9
-0.0041215,0,-0.0031904,-0.0328638,0,0.9
-0.00405245,0,-0.00316359,-0.0361098,0,0.9
-0.00346473,0,-0.0031515,-0.0404405,0,0.9
-0.00209618,0,-0.0031509,-0.0404405,0,0.9
-0.00209618,0,-0.0031509,0,0,0.9
-0.00209618,0,-0.0031509,0,0,0.9
-0.00209618,0,-0.0031509,0,0,0.9
-0.00209618,0,-0.0031509,0,0,0.9
-0.00209618,0,-0.0031509,0,0,0.9
-0.00209618,0,-0.0031509,0,0,0.9
0,-0.00433923,0,0,0,0.9
0,-0.00433923,0,0,0,0.9
0,-0.00433923,0,0,0,0.9
0,-0.00433923,0,0,0,0.9
0,-0.00433923,0,0,0,0.9
0,-0.00433923,0,0,0,0.9
0,-0.00433923,0,0,0,0.9
0,-0.00433923,0,0,0,0.9
-0.0337362,-0.00438819,0,0,0,0.7
0.00922296,-0.0042409,0,-0.0169315,0,0.89
0.00525039,-0.00415946,0,-0.0141865,0,0.909
0.00542694,-0.00398333,0,-0.0124184,0,0.906
0.00810295,-0.00360978,0,-0.0107432,0,0.908
0.00767805,-0.00330074,0,-0.00874764,0,0.905
0.00446172,-0.003299,0,-0.00668572,0,0.904
0.00133079,-0.00346908,0,-0.005066,0,0.904
-0.000552513,-0.00361196,0,-0.00447463,0,0.904
-0.00182604,-0.00374722,0,-0.00440265,0,0.901
-0.00487933,-0.00449079,0,-0.00437788,0,0.9
-0.00635372,-0.00499796,0,-0.00556667,0,0.9
-0.00594252,-0.00494037,0,-0.00745486,0,0.9
-0.00625111,-0.00514989,0,-0.00934296,0,0.9
-0.0027021,-0.00356362,0,-0.0113646,0,0.9
-0.00182802,-0.00302076,0,-0.012004,0,0.899
-0.0014655,-0.00268719,0,-0.0123139,0,0.899
0.00119183,-0.00089544,0,-0.0125,0,0.9
0.000579293,-0.00104066,0,-0.0108802,0,0.9
0.000165503,-0.00111549,0,-0.0095199,0,0.901
-0.000190402,-0.00118564,0,-0.00860433,0,0.901
-0.00112751,-0.00176283,0,-0.00799344,0,0.901
-0.00176598,-0.00215372,0,-0.0082123,0,0.902
-0.00319547,-0.00332915,0,-0.00862905,0,0.903
-0.00352105,-0.00359038,0,-0.0120112,0,0.903
-0.00426688,-0.00277953,0,-0.0149391,0,0.901
-0.00417129,-0.00274291,0,-0.0179393,0,0.901
-0.00457067,-0.00271484,0,-0.0224985,0,0.901
-0.00399557,-0.00269605,0,-0.0278403,0,0.901
-0.00401518,-0.00268703,0,-0.0321168,0,0.901
-0.0025962,-0.00268669,0,-0.0355815,0,0.901
-0.0025962,-0.00268669,0,0,0,0.901
-0.0025962,-0.00268669,0,0,0,0.901
-0.0025962,-0.00268669,0,0,0,0.901
-0.0025962,-0.00268669,0,0,0,0.901
-0.0025962,-0.00268669,0,0,0,0.901
-0.0025962,-0.00268669,0,0,0,0.901
0,0,-0.00475898,0,0,0.9
0,0,-0.00475898,0,0,0.9
0,0,-0.00475898,0,0,0.9
0,0,-0.00475898,0,0,0.9
0,0,-0.00475898,0,0,0.9
0,0,-0.00475898,0,0,0.9
0,0,-0.00475898,0,0,0.9
0,0,-0.00475898,0,0,0.9
-0.05,0,-0.00478765,0,0,0.882
-0.00613137,0,-0.00476775,-0.0101259,0,0.908
0.00292374,0,-0.00462188,-0.0107249,0,0.912
-0.000384092,0,-0.00458208,-0.00945385,0,0.907
0.00630782,0,-0.0040472,-0.00940628,0,0.908
0.000947732,0,-0.00423341,-0.00782356,0,0.906
-0.000310425,0,-0.00420643,-0.00712293,0,0.906
-0.0013924,0,-0.0042204,-0.00677804,0,0.906
-0.00232568,0,-0.00427482,-0.00645798,0,0.906
-0.00189122,0,-0.00406854,-0.0068484,0,0.906
-0.00291582,0,-0.00423238,-0.00672529,0,0.905
-0.00330504,0,-0.00427643,-0.00703842,0,0.905
-0.00378866,0,-0.00439165,-0.00753608,0,0.906
-0.00407262,0,-0.004465,-0.00802273,0,0.905
-0.00277807,0,-0.00381033,-0.00905727,0,0.904
-0.00218828,0,-0.00339694,-0.00959187,0,0.903
-0.00274499,0,-0.00359227,-0.00979436,0,0.903
-0.00437631,0,-0.00451864,-0.0101509,0,0.903
-0.00490921,0,-0.00486049,-0.0115416,0,0.903
-0.00592798,0,-0.00560099,-0.0133828,0,0.904
-0.00622794,0,-0.00588174,-0.0160211,0,0.904
-0.0062288,0,-0.00594144,-0.0192683,0,0.905
-0.00626448,0,-0.00602854,-0.0222836,0,0.905
-0.00648681,0,-0.00627659,-0.025798,0,0.906
-0.0060437,0,-0.00592731,-0.0294889,0,0.906
-0.00604888,0,-0.0050672,-0.0332497,0,0.905
-0.00604669,0,-0.00507479,-0.0364054,0,0.905
-0.00520616,0,-0.00508073,-0.0366501,0,0.905
-0.00505916,0,-0.00508489,-0.0394107,0,0.905
-0.00495692,0,-0.00508712,-0.0427312,0,0.905
-0.00395106,0,-0.00508747,-0.0427312,0,0.905
-0.00395106,0,-0.00508747,-0.0431212,0,0.905
-0.00395106,0,-0.00508747,0,0,0.905
-0.00395106,0,-0.00508747,0,0,0.905
-0.00395106,0,-0.00508747,0,0,0.905
-0.00395106,0,-0.00508747,0,0,0.905
-0.00395106,0,-0.00508747,0,0,0.905
-0.00395106,0,-0.00508747,0,0,0.905
0,-0.00359751,0,0,0,0.904
0,-0.00359751,0,0,0,0.904
0,-0.00359751,0,0,0,0.904
0,-0.00359751,0,0,0,0.904
0,-0.00359751,0,0,0,0.904
0,-0.00359751,0,0,0,0.904
0,-0.00359751,0,0,0,0.904
-0.0405338,-0.00360595,0,0,0,0.7
-0.05,-0.00392975,0,0,0,0.773
0.0115311,-0.003369,0,-0.0189557,0,0.898
-0.0037624,-0.00360256,0,-0.015638,0,0.906
7.52189e-05,-0.00340931,0,-0.0155001,0,0.909
-0.0054936,-0.00374364,0,-0.0143745,0,0.908
-0.0156949,-0.00500718,0,-0.0145019,0,0.904
-0.0206542,-0.00618363,0,-0.0159061,0,0.904
-0.0280474,-0.00827173,0,-0.0184558,0,0.902
-0.0369398,-0.0113799,0,-0.0230304,0,0.901
-0.0478803,-0.0159583,0,-0.0294169,0,0.899
-0.05,-0.0188846,0,-0.0395387,0,0.896
-0.05,-0.0221009,0,-0.0521041,0,0.889
-0.05,-0.0250003,0,-0.06,0,0.88
-0.05,-0.0277241,0,-0.06,0,0.864
-0.0625381,-0.0380464,0,-0.06,0,0.857
-0.117916,-0.0744226,0,-0.06,0,0.866
-0.167599,-0.114994,0,-0.06,0,0.866
-0.181094,-0.134443,0,-0.06,0,0.861
-0.188025,-0.149872,0,-0.06,0,0.862
-0.172281,-0.142623,0,-0.06,0,0.873
-0.14278,-0.127798,0,-0.06,0,0.884
-0.107027,-0.0981273,0,-0.06,0,0.887
-0.0863347,-0.094853,0,-0.06,0,0.886
-0.0650748,-0.0994434,0,-0.06,0,0.886
-0.0577437,-0.100497,0,-0.06,0,0.886
-0.061891,-0.100943,0,-0.06,0,0.886
-0.0633395,-0.100974,0,-0.06,0,0.886
-0.0633395,-0.100974,0,-0.06,0,0.886
-0.0633395,-0.100974,0,0,0,0.886
-0.0633395,-0.100974,0,0,0,0.886
-0.0633395,-0.100974,0,0,0,0.886
-0.0633395,-0.100974,0,0,0,0.886
-0.0633395,-0.100974,0,0,0,0.886
-0.0633395,-0.100974,0,0,0,0.886
0,0,0.0894989,0,0,0.898
0,0,0.0894989,0,0,0.898
0,0,0.0894989,0,0,0.898
0,0,0.0894989,0,0,0.898
0,0,0.0894989,0,0,0.898
0,0,0.0894989,0,0,0.898
0,0,0.0894989,0,0,0.898
0,0,0.0894921,0,0,0.898
0,0,0.0891119,0,0,0.898
-0.05,0,0.0851091,-0.06,0,0.7
-0.0501143,0,0.0802,-0.06,0,0.7
-0.073249,0,0.0715852,-0.06,0,0.7
-0.0760255,0,0.0662355,-0.06,0,0.739
-0.0771649,0,0.0589302,-0.06,0,0.748
-0.107611,0,0.0435743,-0.06,0,0.758
-0.0997332,0,0.041293,-0.06,0,0.791
-0.0968957,0,0.0319772,-0.06,0,0.794
-0.133673,0,0.0108156,-0.06,0,0.807
-0.12933,0,0.00546267,-0.06,0,0.826
-0.159959,0,-0.0267981,-0.06,0,0.81
-0.181889,0,-0.0617587,-0.06,0,0.796
-0.211571,0,-0.0926289,-0.06,0,0.797
-0.246445,0,-0.137648,-0.06,0,0.797
-0.223449,0,-0.137075,-0.06,0,0.809
-0.223449,0,-0.155322,-0.06,0,0.821
-0.223449,0,-0.155322,-0.06,0,0.821
