0.000597703,0,0.000575201,0,0,0.9
0.000597703,0,0.000575201,0,0,0.9
0.000597703,0,0.000575201,0,0,0.9
0.000597703,0,0.000575201,0,0,0.9
0.000597703,0,0.000575201,0,0,0.9
0.000597703,0,0.000575201,0,0,0.9
0.000597703,0,0.000575201,0,0,0.9
0.000597703,0,0.000575201,0,0,0.9
0.000597703,0,0.000575201,0,0,0.9
0.000597703,0,0.000575201,0,0,0.9
0.000597703,0,0.000575201,0,0,0.9
0.000597703,0,0.000575201,0,0,0.9
0.000597703,0,0.000575201,0,0,0.9
0.000597703,0,0.000575201,0,0,0.9
0.000597703,0,0.000575201,0,0,0.9
0.000597703,0,0.000575201,0,0,0.9
0.000597703,0,0.000575201,0,0,0.9
0.000597703,0,0.000575201,0,0,0.9
0.000597703,0,0.000575201,0,0,0.9
0.000597703,0,0.000575201,0,0,0.9
0.000597703,0,0.000575201,0,0,0.9
0.000597703,0,0.000575201,0,0,0.9
0.000597703,0,0.000575201,0,0,0.9
0.000597703,0,0.000575201,0,0,0.9
0.000597703,0,0.000575201,0,0,0.9
0.000597703,0,0.000575201,0,0,0.9
0.000597703,0,0.000575201,0,0,0.9
0.000597703,0,0.000575201,0,0,0.9
0.000597703,0,0.000575201,0,0,0.9
0.000597703,0,0.000575201,0,0,0.9
0.000597703,0,0.000575201,0,0,0.9
0.000597703,0,0.000575201,0,0,0.9
0.000597703,0,0.000575201,0,0,0.9
0.000597703,0,0.000575201,0,0,0.9
0.000597703,0,0.000575201,0,0,0.9
0.000597703,0,0.000575201,0,0,0.9
0.000597703,0,0.000575201,0,0,0.9
0.000597703,0,0.000575201,0,0,0.9
0.000597703,0,0.000575201,0,0,0.9
0.000597703,0,0.000575201,0,0,0.9
0.000597703,0,0.000575201,0,0,0.9
0.000597703,0,0.000575201,0,0,0.9
0.000597703,0,0.000575201,0,0,0.9
0.000597703,0,0.000575201,0,0,0.9
0.000597703,0,0.000575201,0,0,0.9
0.000597703,0,0.000575201,0,0,0.9
0.000597703,0,0.000575201,0,0,0.9
0.000597703,0,0.000575201,0,0,0.9
0.000597703,0,0.000575201,0,0,0.9
0.000597703,0,0.000575201,0,0,0.9
0.000597703,0,0.000575201,0,0,0.9
0.000597703,0,0.000575201,0,0,0.9
0.000597703,0,0.000575201,0,0,0.9
0.000597703,0,0.000575201,0,0,0.9
0.000597703,0,0.000575201,0,0,0.9
0.000597703,0,0.000575201,0,0,0.9
0.000597703,0,0.000575201,0,0,0.9
0.000597703,0,0.000575201,0,0,0.9
0.000597703,0,0.000575201,0,0,0.9
0.000597703,0,0.000575201,0,0,0.9
0.000597703,0,0.000575201,0,0,0.9
0.000597703,0,0.000575201,0,0,0.9
0.000597703,0,0.000575201,0,0,0.9
0.000597703,0,0.000575201,0,0,0.9
0.000597703,0,0.000575201,0,0,0.9
0.000597703,0,0.000575201,0,0,0.9
0.000597703,0,0.000575201,0,0,0.9
0.000597703,0,0.000575201,0,0,0.9
0.000597703,0,0.000575201,0,0,0.9
0.000597703,0,0.000575201,0,0,0.9
0.000597703,0,0.000575201,0,0,0.9
0.000597703,0,0.000575201,0,0,0.9
0.000597703,0,0.000575201,0,0,0.9
0.000597703,0,0.000575201,0,0,0.9
0.000597703,0,0.000575201,0,0,0.9
0.000597703,0,0.000575201,0,0,0.9
0.000597703,0,0.000575201,0,0,0.9
0.000597703,0,0.000575201,0,0,0.9
0.000597703,0,0.000575201,0,0,0.9
0.000597703,0,0.000575201,0,0,0.9
0.000597703,0,0.000575201,0,0,0.9
0.000597703,0,0.000575201,0,0,0.9
0.000597703,0,0.000575201,0,0,0.9
0.000597703,0,0.000575201,0,0,0.9
0.000597703,0,0.000575201,0,0,0.9
0.000597703,0,0.000575201,0,0,0.9
0.000597703,0,0.000575201,0,0,0.9
0.000597703,0,0.000575201,0,0,0.9
0.000597703,0,0.000575201,0,0,0.9
0.000597703,0,0.000575201,0,0,0.9
0.000597703,0,0.000575201,0,0,0.9
0.000597703,0,0.000575201,0,0,0.9
0.000597703,0,0.000575201,0,0,0.9
0.000597703,0,0.000575201,0,0,0.9
0.000597703,0,0.000575201,0,0,0.9
0.000597703,0,0.000575201,0,0,0.9
0.000597703,0,0.000575201,0,0,0.9
0.000597703,0,0.000575201,0,0,0.9
0.000597703,0,0.000575201,0,0,0.9
0.000597703,0,0.000575201,0,0,0.9
0.000597703,0,0.000575201,0,0,0.9
0.000597703,0,0.000575201,0,0,0.9
0.000597703,0,0.000575201,0,0,0.9
0.000597703,0,0.000575201,0,0,0.9
0.000597703,0,0.000575201,0,0,0.9
0.000597703,0,0.000575201,0,0,0.9
0.000597703,0,0.000575201,0,0,0.9
0.000597703,0,0.000575271,0,0,0.9
0.000597703,0,0.000575481,0,0,0.9
0.000597703,0,0.000575821,0,0,0.9
0.000597703,0,0.000576269,0,0,0.9
0.000597703,0,0.000576868,0,0,0.9
0.000597703,0,0.000577524,0,0,0.9
0.000597703,0,0.000578285,0,0,0.9
0.000597703,0,0.000579126,0,0,0.9
0.000597703,0,0.000580038,0,0,0.9
0.000597703,0,0.00058101,0,0,0.9
0.000597703,0,0.000582032,0,0,0.9
0.000597703,0,0.000583095,0,0,0.9
0.000597703,0,0.000584188,0,0,0.9
0.000597703,0,0.000585301,0,0,0.9
0.000597703,0,0.000586424,0,0,0.9
0.000597703,0,0.000587548,0,0,0.9
0.000597703,0,0.000588661,0,0,0.9
0.000597703,0,0.000589755,0,0,0.9
0.000597703,0,0.00059082,0,0,0.9
0.000597703,0,0.000591844,0,0,0.9
0.000597703,0,0.000592819,0,0,0.9
0.000597703,0,0.000593734,0,0,0.9
0.000597703,0,0.000594579,0,0,0.9
0.000597703,0,0.000595345,0,0,0.9
0.000597703,0,0.000596021,0,0,0.9
0.000597703,0,0.000596597,0,0,0.9
0.000597703,0,0.000597063,0,0,0.9
0.000597703,0,0.000597409,0,0,0.9
0.000597703,0,0.000597626,0,0,0.9
0.000597703,0,0.000597703,0,0,0.9
0.000597703,0,0.000597703,0,0,0.9
0.000597703,0,0.000597703,0,0,0.9
0.000597703,0,0.000597703,0,0,0.9
0.000597703,0,0.000597703,0,0,0.9
0.000597703,0,0.000597703,0,0,0.9
0.000597703,0,0.000597703,0,0,0.9
0.000597703,0,0.000597703,0,0,0.9
0,-0.0104974,0,0,0,0.9
0,-0.0104974,0,0,0,0.9
0,-0.0104974,0,0,0,0.9
0,-0.0104974,0,0,0,0.9
0,-0.0104974,0,0,0,0.9
0,-0.0104974,0,0,0,0.9
0,-0.0104974,0,0,0,0.9
-0.0473416,-0.0104974,0,0,0,0.7
-0.0490935,-0.0107191,0,0,0,0.739
0.0215664,-0.0100642,0,-0.0178984,0,0.875
0.00723592,-0.0100166,0,-0.0135358,0,0.905
0.0011404,-0.00994734,0,-0.0113379,0,0.905
0.00291147,-0.0095226,0,-0.0108844,0,0.903
0.00333028,-0.00906153,0,-0.00963335,0,0.898
0.00603799,-0.00821078,0,-0.00883669,0,0.897
0.00712106,-0.0073873,0,-0.00718202,0,0.896
0.00749162,-0.00660797,0,-0.00543673,0,0.898
0.00103306,-0.00752081,0,-0.00290357,0,0.9
-0.00113458,-0.00765502,0,-0.00227649,0,0.9
-0.00367646,-0.0081046,0,-0.00228943,0,0.9
-0.00358733,-0.0077304,0,-0.00316348,0,0.899
-0.00283891,-0.00714649,0,-0.00399993,0,0.899
-0.000399004,-0.00558703,0,-0.00516086,0,0.9
0.000232716,-0.00474367,0,-0.00514477,0,0.9
0.000604728,-0.00399299,0,-0.00477787,0,0.9
0.000495673,-0.00353521,0,-0.00398292,0,0.901
-0.000417102,-0.00363313,0,-0.00329414,0,0.901
-0.00143626,-0.00391034,0,-0.00332086,0,0.901
-0.00232759,-0.00419949,0,-0.00421443,0,0.901
-0.00231222,-0.00384878,0,-0.00602383,0,0.901
-0.000909627,-0.00234098,0,-0.00793286,0,0.901
-0.00188319,-0.00286744,0,-0.00826665,0,0.901
-0.00223299,-0.00291956,0,-0.00922403,0,0.901
-0.00211261,-0.00190575,0,-0.0116184,0,0.9
-0.00273709,-0.00170587,0,-0.0142041,0,0.9
-0.00319532,-0.00155338,0,-0.0170399,0,0.9
-0.00387658,-0.00145232,0,-0.020918,0,0.9
-0.00332203,-0.00140672,0,-0.0268679,0,0.9
-0.00201335,-0.00140444,0,-0.0304629,0,0.9
-0.00201335,-0.00140444,0,0,0,0.9
-0.00201335,-0.00140444,0,0,0,0.9
-0.00201335,-0.00140444,0,0,0,0.9
-0.00201335,-0.00140444,0,0,0,0.9
-0.00201335,-0.00140444,0,0,0,0.9
-0.00201335,-0.00140444,0,0,0,0.9
0,0,-0.00767009,0,0,0.899
0,0,-0.00767009,0,0,0.899
0,0,-0.00767009,0,0,0.899
0,0,-0.00767009,0,0,0.899
0,0,-0.00767009,0,0,0.899
0,0,-0.00767009,0,0,0.899
0,0,-0.00767009,0,0,0.899
0,0,-0.00767009,0,0,0.899
-0.05,0,-0.00777482,0,0,0.8
0.0118636,0,-0.00748437,-0.0150646,0,0.901
0.00741485,0,-0.0073282,-0.0124762,0,0.908
0.00780831,0,-0.00694765,-0.010263,0,0.909
0.00908799,0,-0.00646684,-0.00900487,0,0.907
0.00449862,0,-0.00642578,-0.00693021,0,0.903
0.00311542,0,-0.00620546,-0.00587457,0,0.903
-0.00069011,0,-0.00645978,-0.00499162,0,0.902
-0.00304153,0,-0.00668096,-0.00475018,0,0.902
-0.00478041,0,-0.00692837,-0.00505118,0,0.902
-0.0069704,0,-0.00745886,-0.0058338,0,0.902
-0.00765607,0,-0.00766519,-0.0070174,0,0.901
-0.00660098,0,-0.00724313,-0.00910604,0,0.9
-0.00521795,0,-0.00657233,-0.0109019,0,0.901
-0.00349366,0,-0.0055923,-0.0124266,0,0.901
-0.00248808,0,-0.00483368,-0.0131749,0,0.901
-0.00175531,0,-0.00414839,-0.0136571,0,0.902
-0.00151368,0,-0.00369698,-0.0137562,0,0.901
-0.00154375,0,-0.00342681,-0.0137743,0,0.901
-0.00211404,0,-0.00357711,-0.0136172,0,0.902
-0.00228757,0,-0.00347167,-0.0140876,0,0.902
-0.0029333,0,-0.00378919,-0.0145116,0,0.903
-0.00323252,0,-0.00386684,-0.0158898,0,0.903
-0.00368929,0,-0.00412184,-0.017741,0,0.903
-0.00448462,0,-0.00473395,-0.0202248,0,0.903
-0.0049626,0,-0.00304046,-0.0235311,0,0.901
-0.00468151,0,-0.00293854,-0.0262221,0,0.901
-0.00432491,0,-0.00286238,-0.030593,0,0.901
-0.00413813,0,-0.00281413,-0.0337806,0,0.901
-0.00335535,0,-0.00279596,-0.0367603,0,0.901
-0.00187007,0,-0.00279587,-0.0384279,0,0.901
-0.00187007,0,-0.00279587,0,0,0.901
-0.00187007,0,-0.00279587,0,0,0.901
-0.00187007,0,-0.00279587,0,0,0.901
-0.00187007,0,-0.00279587,0,0,0.901
-0.00187007,0,-0.00279587,0,0,0.901
-0.00187007,0,-0.00279587,0,0,0.901
0,-0.00742454,0,0,0,0.9
0,-0.00742454,0,0,0,0.9
0,-0.00742454,0,0,0,0.9
0,-0.00742454,0,0,0,0.9
0,-0.00742454,0,0,0,0.9
0,-0.00742454,0,0,0,0.9
0,-0.00742454,0,0,0,0.9
0,-0.00742454,0,0,0,0.9
-0.0396961,-0.00751462,0,0,0,0.738
0.0187996,-0.00718292,0,-0.0171615,0,0.893
0.0125555,-0.00698905,0,-0.0129313,0,0.909
0.0109589,-0.00668353,0,-0.0101873,0,0.908
0.0107422,-0.00627137,0,-0.00775304,0,0.909
0.011502,-0.00568146,0,-0.005346,0,0.906
0.00666851,-0.00553563,0,-0.00266652,0,0.903
0.0061131,-0.00511025,0,-0.00120416,0,0.903
0.00239775,-0.00535199,0,3.78291e-05,0,0.903
-0.00226363,-0.00611869,0,0.000647829,0,0.904
-0.00652629,-0.00715619,0,0.00056146,0,0.903
-0.00795978,-0.00761,0,-0.00114528,0,0.902
-0.00689582,-0.00721579,0,-0.00352361,0,0.902
-0.00448254,-0.00611817,0,-0.00580593,0,0.902
-0.00104535,-0.00427468,0,-0.00728647,0,0.902
0.00107595,-0.00280405,0,-0.00781276,0,0.902
0.000785699,-0.00255624,0,-0.00652448,0,0.902
0.00113907,-0.00193073,0,-0.00581178,0,0.902
3.24783e-05,-0.00228785,0,-0.00471261,0,0.902
-0.00152499,-0.00308508,0,-0.00417517,0,0.902
-0.000970428,-0.00240387,0,-0.00478281,0,0.902
0.000306531,-0.00110562,0,-0.00559154,0,0.903
0.00038249,-0.0007476,0,-0.00520773,0,0.903
-6.6034e-06,-0.000824681,0,-0.00398734,0,0.903
-0.000825994,-0.00135962,0,-0.00391256,0,0.904
-0.00164917,-0.00110731,0,-0.00388636,0,0.901
-0.00264494,-0.000966386,0,-0.00484231,0,0.901
-0.00296823,-0.000860506,0,-0.00882193,0,0.901
-0.00297565,-0.00079143,0,-0.0126175,0,0.901
-0.00323936,-0.000765534,0,-0.0168491,0,0.901
-0.00183326,-0.000765314,0,-0.0210056,0,0.901
-0.00183326,-0.000765314,0,0,0,0.901
-0.00183326,-0.000765314,0,0,0,0.901
-0.00183326,-0.000765314,0,0,0,0.901
-0.00183326,-0.000765314,0,0,0,0.901
-0.00183326,-0.000765314,0,0,0,0.901
-0.00183326,-0.000765314,0,0,0,0.901
0,0,-0.0057734,0,0,0.901
0,0,-0.0057734,0,0,0.901
0,0,-0.0057734,0,0,0.901
0,0,-0.0057734,0,0,0.901
0,0,-0.0057734,0,0,0.901
0,0,-0.0057734,0,0,0.901
0,0,-0.0057734,0,0,0.901
0,0,-0.0057734,0,0,0.901
-0.0388638,0,-0.00582836,0,0,0.827
0.00209006,0,-0.00570733,-0.00954857,0,0.903
0.00456292,0,-0.0055555,-0.0088267,0,0.908
-0.000354849,0,-0.00556063,-0.00736322,0,0.908
0.00575737,0,-0.00504945,-0.00717772,0,0.906
0.00360338,0,-0.00484404,-0.00569606,0,0.903
0.0020199,0,-0.00474564,-0.00463455,0,0.904
0.00122771,0,-0.00459001,-0.00410124,0,0.903
-0.00177204,0,-0.00493981,-0.00357047,0,0.904
-0.00442923,0,-0.00543719,-0.00364468,0,0.905
-0.00569341,0,-0.00574975,-0.00444515,0,0.904
-0.00663569,0,-0.00606933,-0.00561413,0,0.903
-0.00599281,0,-0.00585949,-0.00726736,0,0.902
-0.00450621,0,-0.0052153,-0.00876507,0,0.903
-0.00196444,0,-0.00390214,-0.0101405,0,0.902
-0.000907298,0,-0.0031341,-0.0105321,0,0.901
-0.00033787,0,-0.00255622,-0.0104519,0,0.901
-0.00140367,0,-0.00297434,-0.00994617,0,0.901
-0.00179987,0,-0.00303971,-0.00988612,0,0.901
-0.00235493,0,-0.00326531,-0.0103823,0,0.901
-0.00296769,0,-0.00359677,-0.011267,0,0.902
-0.00333739,0,-0.00378366,-0.0127055,0,0.902
-0.00311445,0,-0.00350417,-0.0148423,0,0.903
-0.00360288,0,-0.0038458,-0.0165721,0,0.903
-0.00408433,0,-0.00422214,-0.0196157,0,0.904
-0.00467557,0,-0.00294133,-0.0223071,0,0.901
-0.00477692,0,-0.00287732,-0.0247249,0,0.901
-0.0045188,0,-0.00282898,-0.0294922,0,0.901
-0.00467201,0,-0.00279707,-0.0331211,0,0.901
-0.00404457,0,-0.00278449,-0.037953,0,0.901
-0.00244978,0,-0.00278427,-0.0404731,0,0.901
-0.00244978,0,-0.00278427,0,0,0.901
-0.00244978,0,-0.00278427,0,0,0.901
-0.00244978,0,-0.00278427,0,0,0.901
-0.00244978,0,-0.00278427,0,0,0.901
-0.00244978,0,-0.00278427,0,0,0.901
-0.00244978,0,-0.00278427,0,0,0.901
0,-0.00679309,0,0,0,0.901
0,-0.00679309,0,0,0,0.901
0,-0.00679309,0,0,0,0.901
0,-0.00679309,0,0,0,0.901
0,-0.00679309,0,0,0,0.901
0,-0.00679309,0,0,0,0.901
0,-0.00679309,0,0,0,0.901
0,-0.00679309,0,0,0,0.901
-0.0330981,-0.00685707,0,0,0,0.7
0.00832699,-0.00667085,0,-0.0165112,0,0.896
0.000460971,-0.00664717,0,-0.0141474,0,0.911
-0.00334557,-0.0066621,0,-0.0128864,0,0.91
-0.00189751,-0.00649476,0,-0.0127253,0,0.909
0.000489296,-0.00614221,0,-0.0120971,0,0.905
-0.00511492,-0.00659032,0,-0.0114999,0,0.906
-0.00912963,-0.00715926,0,-0.0116673,0,0.905
-0.0173397,-0.00887936,0,-0.0128552,0,0.901
-0.0265539,-0.0115471,0,-0.0166193,0,0.9
-0.0382745,-0.0158214,0,-0.0225983,0,0.898
-0.0439949,-0.0192022,0,-0.0331506,0,0.898
-0.05,-0.0239203,0,-0.0466654,0,0.897
-0.05,-0.0260165,0,-0.06,0,0.898
-0.05,-0.028783,0,-0.06,0,0.887
-0.05,-0.0317715,0,-0.06,0,0.874
-0.0556087,-0.0378575,0,-0.06,0,0.871
-0.115108,-0.0816966,0,-0.06,0,0.874
-0.164953,-0.125111,0,-0.06,0,0.872
-0.181921,-0.148472,0,-0.06,0,0.863
-0.189246,-0.160557,0,-0.06,0,0.868
-0.172055,-0.152333,0,-0.06,0,0.873
-0.141697,-0.153311,0,-0.06,0,0.882
-0.0967656,-0.160815,0,-0.06,0,0.882
-0.0465582,-0.162128,0,-0.06,0,0.882
-0.0316874,-0.162572,0,-0.06,0,0.882
-0.025209,-0.162723,0,-0.06,0,0.882
-0.025209,-0.162723,0,-0.06,0,0.882
-0.025209,-0.162723,0,0,0,0.882
-0.025209,-0.162723,0,0,0,0.882
-0.025209,-0.162723,0,0,0,0.882
-0.025209,-0.162723,0,0,0,0.882
-0.025209,-0.162723,0,0,0,0.882
-0.025209,-0.162723,0,0,0,0.882
0,0,0.162054,0,0,0.897
0,0,0.162054,0,0,0.897
0,0,0.162054,0,0,0.897
0,0,0.162054,0,0,0.897
0,0,0.162054,0,0,0.897
0,0,0.162054,0,0,0.897
0,0,0.162054,0,0,0.897
0,0,0.162054,0,0,0.897
0,0,0.161932,0,0,0.897
-0.00283717,0,0.160909,-0.0134831,0,0.903
-0.0146849,0,0.158666,-0.0127222,0,0.902
0.00311784,0,0.156075,-0.0144916,0,0.896
-0.000657761,0,0.152334,-0.0131814,0,0.902
-0.00028743,0,0.147851,-0.0123953,0,0.901
-0.00382418,0,0.142208,-0.0119308,0,0.9
-0.00897106,0,0.135331,-0.0123139,0,0.898
-0.0138938,0,0.127558,-0.0134196,0,0.897
-0.0128218,0,0.120381,-0.0162456,0,0.897
-0.00546223,0,0.114646,-0.0192358,0,0.897
-0.00353309,0,0.107608,-0.0199488,0,0.898
-0.00305083,0,0.0998144,-0.0200604,0,0.898
-0.00798345,0,0.0897667,-0.0198451,0,0.899
-0.0105256,0,0.0800843,-0.0215312,0,0.899
-0.00931911,0,0.0722988,-0.0253996,0,0.9
-0.00568928,0,0.0658512,-0.0292807,0,0.9
-0.00032421,0,0.0611827,-0.0308032,0,0.901
-0.000930384,0,0.0529871,-0.0288438,0,0.901
-0.00146973,0,0.0450308,-0.0274575,0,0.901
-0.00148419,0,0.0379875,-0.0267255,0,0.902
-0.00104387,0,0.0314564,-0.0258954,0,0.902
-0.000114376,0,0.0258332,-0.025119,0,0.902
-0.0011147,0,0.0179567,-0.0227709,0,0.903
-0.00123205,0,0.0125289,-0.0212674,0,0.902
-0.00251868,0,0.00798347,-0.0211614,0,0.9
-0.00234017,0,0.00439919,-0.0205962,0,0.9
-0.00105512,0,0.00166463,-0.0232671,0,0.9
-0.000668837,0,-0.000147739,-0.0217818,0,0.9
0.00129638,0,-0.000965434,-0.0199839,0,0.9
0.00148454,0,-0.00100629,-0.0145702,0,0.9
0.00148454,0,-0.00100629,0,0,0.9
0.00148454,0,-0.00100629,0,0,0.9
0.00148454,0,-0.00100629,0,0,0.9
0.00148454,0,-0.00100629,0,0,0.9
0.00148454,0,-0.00100629,0,0,0.9
0.00148454,0,-0.00100629,0,0,0.9
0,-0.00513719,0,0,0,0.899
0,-0.00513719,0,0,0,0.899
0,-0.00513719,0,0,0,0.899
0,-0.00513719,0,0,0,0.899
0,-0.00513719,0,0,0,0.899
0,-0.00513719,0,0,0,0.899
0,-0.00513719,0,0,0,0.899
0,-0.00513719,0,0,0,0.899
-0.0126891,-0.00514977,0,0,0,0.7
-0.00839952,-0.00516084,0,-0.00527191,0,0.89
0.00402227,-0.00496494,0,-0.00651263,0,0.908
-0.00148354,-0.0050032,0,-0.00519733,0,0.904
0.0112844,-0.00415313,0,-0.00547714,0,0.901
0.0046535,-0.00426989,0,-0.003134,0,0.897
0.00606288,-0.00378896,0,-0.00194598,0,0.898
0.00318035,-0.00384148,0,-0.000535947,0,0.899
0.00171871,-0.00379701,0,0.000369591,0,0.898
-0.00324441,-0.00469003,0,0.00102768,0,0.9
-0.00365126,-0.00472022,0,2.27316e-05,0,0.9
-0.00244656,-0.00425493,0,-0.00112951,0,0.899
-0.000706258,-0.00346686,0,-0.00212125,0,0.898
0.00150331,-0.00230672,0,-0.00237104,0,0.898
-1.50063e-05,-0.00269812,0,-0.00158111,0,0.898
-0.00250149,-0.00375336,0,-0.00130056,0,0.899
-0.00382874,-0.004385,0,-0.00229666,0,0.899
-0.00374452,-0.0042681,0,-0.00428111,0,0.899
-0.00267501,-0.00348236,0,-0.00678011,0,0.899
-0.00153806,-0.00255088,0,-0.00821176,0,0.899
-0.00160542,-0.00244742,0,-0.00884906,0,0.9
-0.00363693,-0.00393152,0,-0.00957265,0,0.9
-0.00383941,-0.00404523,0,-0.0119718,0,0.901
-0.00445402,-0.00453783,0,-0.015431,0,0.901
-0.00473387,-0.00477036,0,-0.0198047,0,0.901
-0.00483042,-0.00352363,0,-0.0249697,0,0.9
-0.00504132,-0.00348373,0,-0.0282556,0,0.9
-0.00492043,-0.00345259,0,-0.0341954,0,0.9
-0.00586837,-0.00343098,0,-0.0392223,0,0.9
-0.00534213,-0.00341966,0,-0.0469608,0,0.9
-0.00409097,-0.0034181,0,-0.0520941,0,0.9
-0.00409097,-0.0034181,0,0,0,0.9
-0.00409097,-0.0034181,0,0,0,0.9
-0.00409097,-0.0034181,0,0,0,0.9
-0.00409097,-0.0034181,0,0,0,0.9
-0.00409097,-0.0034181,0,0,0,0.9
-0.00409097,-0.0034181,0,0,0,0.9
0,0,-0.00814455,0,0,0.899
0,0,-0.00814455,0,0,0.899
0,0,-0.00814455,0,0,0.899
0,0,-0.00814455,0,0,0.899
0,0,-0.00814455,0,0,0.899
0,0,-0.00814455,0,0,0.899
0,0,-0.00814455,0,0,0.899
0,0,-0.00814455,0,0,0.899
-0.05,0,-0.00819095,0,0,0.791
0.00646342,0,-0.0080414,-0.0209729,0,0.898
0.0113171,0,-0.00778088,-0.0190602,0,0.91
0.0119705,0,-0.00731252,-0.0161282,0,0.908
0.0146448,0,-0.00666864,-0.0139852,0,0.909
0.00894325,0,-0.00654986,-0.0107784,0,0.907
0.00571565,0,-0.00639934,-0.00875811,0,0.906
-0.000879847,0,-0.00696871,-0.00691443,0,0.906
-0.00504847,0,-0.00752404,-0.00624664,0,0.907
-0.00688764,0,-0.00783922,-0.00685435,0,0.906
-0.00941794,0,-0.00851125,-0.00798719,0,0.905
-0.0101722,0,-0.00882228,-0.00965213,0,0.905
-0.00736268,0,-0.00784508,-0.0121657,0,0.904
-0.00654063,0,-0.00745182,-0.0137822,0,0.904
-0.00590896,0,-0.00706838,-0.0152738,0,0.904
-0.00551323,0,-0.00675064,-0.0163845,0,0.905
-0.00478842,0,-0.0062012,-0.0176395,0,0.905
-0.0044555,0,-0.00582389,-0.0186707,0,0.904
-0.00418648,0,-0.00546655,-0.0196254,0,0.904
-0.00437208,0,-0.00542435,-0.0202333,0,0.905
-0.00309006,0,-0.00427788,-0.0214527,0,0.905
-0.00241852,0,-0.00353475,-0.0220658,0,0.906
-0.00222488,0,-0.00315807,-0.0214075,0,0.907
-0.00276424,0,-0.00342141,-0.0211503,0,0.907
-0.00366199,0,-0.00406684,-0.0209683,0,0.907
-0.00461224,0,-0.00385407,-0.0225647,0,0.906
-0.00557201,0,-0.00374878,-0.0248847,0,0.906
-0.00551909,0,-0.00366631,-0.0272263,0,0.906
-0.00592728,0,-0.00360864,-0.0317944,0,0.906
-0.00562792,0,-0.00357775,-0.0367317,0,0.906
-0.00442153,0,-0.00357287,-0.0411972,0,0.906
-0.00442153,0,-0.00357287,-0.0436292,0,0.906
-0.00442153,0,-0.00357287,0,0,0.906
-0.00442153,0,-0.00357287,0,0,0.906
-0.00442153,0,-0.00357287,0,0,0.906
-0.00442153,0,-0.00357287,0,0,0.906
-0.00442153,0,-0.00357287,0,0,0.906
-0.00442153,0,-0.00357287,0,0,0.906
0,-0.00612567,0,0,0,0.904
0,-0.00612567,0,0,0,0.904
0,-0.00612567,0,0,0,0.904
0,-0.00612567,0,0,0,0.904
0,-0.00612567,0,0,0,0.904
0,-0.00612567,0,0,0,0.904
0,-0.00612567,0,0,0,0.904
-0.0421767,-0.0061326,0,0,0,0.736
-0.05,-0.00640293,0,0,0,0.804
0.0141632,-0.00582021,0,-0.0171033,0,0.899
0.00344547,-0.00583149,0,-0.0137181,0,0.905
0.00610319,-0.00549708,0,-0.0122671,0,0.908
0.00321085,-0.00540166,0,-0.0104427,0,0.906
0.00548449,-0.00476866,0,-0.0091689,0,0.903
0.00239813,-0.00483715,0,-0.00793163,0,0.905
-1.81961e-05,-0.00496491,0,-0.00660665,0,0.904
-0.00138393,-0.00502843,0,-0.00660043,0,0.904
-0.00297914,-0.00525969,0,-0.00611388,0,0.904
-0.00429303,-0.00553564,0,-0.0063917,0,0.903
-0.00437845,-0.0054783,0,-0.00732756,0,0.902
-0.00417651,-0.00530832,0,-0.00781328,0,0.902
-0.0012074,-0.00381963,0,-0.00894907,0,0.902
-0.000191155,-0.00305509,0,-0.00881781,0,0.903
-0.000118123,-0.00278572,0,-0.00821445,0,0.902
-0.000142972,-0.00250498,0,-0.00770695,0,0.902
-0.000360541,-0.0023582,0,-0.00711782,0,0.902
-0.000861776,-0.00244647,0,-0.00641466,0,0.903
-0.000939128,-0.00226662,0,-0.00640429,0,0.903
-0.000123235,-0.00134904,0,-0.00670214,0,0.904
0.000893338,-0.000262791,0,-0.00609302,0,0.904
-0.00028949,-0.00103886,0,-0.00508107,0,0.904
-0.00214401,-0.00253007,0,-0.00358299,0,0.905
-0.0027584,-0.00265419,0,-0.00568302,0,0.904
-0.00348306,-0.00256442,0,-0.00850614,0,0.904
-0.00381271,-0.00249301,0,-0.0109963,0,0.904
-0.00414587,-0.00244158,0,-0.0156062,0,0.904
-0.00364529,-0.00241175,0,-0.020539,0,0.904
-0.00282073,-0.00240453,0,-0.0247093,0,0.904
-0.00282073,-0.00240453,0,-0.0267227,0,0.904
-0.00282073,-0.00240453,0,0,0,0.904
-0.00282073,-0.00240453,0,0,0,0.904
-0.00282073,-0.00240453,0,0,0,0.904
-0.00282073,-0.00240453,0,0,0,0.904
-0.00282073,-0.00240453,0,0,0,0.904
-0.00282073,-0.00240453,0,0,0,0.904
0,0,-0.00529909,0,0,0.903
0,0,-0.00529909,0,0,0.903
0,0,-0.00529909,0,0,0.903
0,0,-0.00529909,0,0,0.903
0,0,-0.00529909,0,0,0.903
0,0,-0.00529909,0,0,0.903
0,0,-0.00529909,0,0,0.903
0,0,-0.00529909,0,0,0.903
-0.0415093,0,-0.0054273,0,0,0.861
0.012488,0,-0.00508153,-0.0096945,0,0.905
0.00839937,0,-0.00492767,-0.00738012,0,0.905
0.00644503,0,-0.00474749,-0.00542884,0,0.907
0.00533302,0,-0.00446223,-0.00408602,0,0.907
-0.00189658,0,-0.00492613,-0.00255486,0,0.905
-0.00310096,0,-0.0049828,-0.00256161,0,0.905
-0.00269204,0,-0.00482429,-0.00314897,0,0.904
-0.00311123,0,-0.00481137,-0.00350481,0,0.904
-0.00420755,0,-0.00500844,-0.00390431,0,0.904
-0.00523094,0,-0.00527784,-0.0047114,0,0.904
-0.00509237,0,-0.00522489,-0.00583458,0,0.904
-0.00475743,0,-0.00507845,-0.00714035,0,0.904
-0.0033645,0,-0.00441578,-0.00844207,0,0.904
-0.00330903,0,-0.00428921,-0.00927136,0,0.903
-0.00302763,0,-0.00403365,-0.0100444,0,0.903
-0.00345693,0,-0.00417973,-0.0107942,0,0.902
-0.00466361,0,-0.00488229,-0.0116136,0,0.902
-0.00464219,0,-0.00483843,-0.0134012,0,0.903
-0.00505136,0,-0.00511422,-0.0152556,0,0.903
-0.00452105,0,-0.00468635,-0.0178458,0,0.904
-0.00460598,0,-0.00472546,-0.0199926,0,0.904
-0.00493183,0,-0.00498205,-0.0223252,0,0.905
-0.00452119,0,-0.00460148,-0.0251338,0,0.905
-0.00519178,0,-0.00519968,-0.0279555,0,0.905
-0.00503785,0,-0.00519697,-0.0312207,0,0.905
-0.00495415,0,-0.00519479,-0.0326691,0,0.905
-0.00491631,0,-0.00519316,-0.0360474,0,0.905
-0.00497789,0,-0.00519212,-0.038602,0,0.905
-0.00451068,0,-0.00519178,-0.0419591,0,0.905
-0.00451068,0,-0.00519178,-0.0441266,0,0.905
-0.00451068,0,-0.00519178,0,0,0.905
-0.00451068,0,-0.00519178,0,0,0.905
-0.00451068,0,-0.00519178,0,0,0.905
-0.00451068,0,-0.00519178,0,0,0.905
-0.00451068,0,-0.00519178,0,0,0.905
-0.00451068,0,-0.00519178,0,0,0.905
0,-0.00370077,0,0,0,0.903
0,-0.00370077,0,0,0,0.903
0,-0.00370077,0,0,0,0.903
0,-0.00370077,0,0,0,0.903
0,-0.00370077,0,0,0,0.903
0,-0.00370077,0,0,0,0.903
0,-0.00370077,0,0,0,0.903
0,-0.00370077,0,0,0,0.903
-0.026557,-0.00378869,0,0,0,0.7
0.0134749,-0.00353477,0,-0.0149863,0,0.896
0.00733708,-0.00345139,0,-0.0117622,0,0.909
0.0103472,-0.00311787,0,-0.0099434,0,0.907
0.0127854,-0.00262309,0,-0.00782719,0,0.906
0.00816852,-0.00257596,0,-0.00484977,0,0.902
0.00143572,-0.00304812,0,-0.00244036,0,0.903
-0.000407981,-0.00316144,0,-0.00220746,0,0.902
-0.00377123,-0.00371505,0,-0.00203886,0,0.903
-0.00644227,-0.00437245,0,-0.00296644,0,0.903
-0.00709829,-0.00468741,0,-0.00441277,0,0.902
-0.00669983,-0.00471422,0,-0.00649439,0,0.901
-0.00412001,-0.00386307,0,-0.00875225,0,0.9
-0.0037422,-0.00371885,0,-0.00949301,0,0.9
-0.000707581,-0.00224165,0,-0.0107157,0,0.899
-0.000766666,-0.00212744,0,-0.0103643,0,0.9
-0.00102376,-0.00213239,0,-0.00988343,0,0.9
-0.00136687,-0.00221932,0,-0.00972626,0,0.9
-0.00148324,-0.00218748,0,-0.00987701,0,0.9
-0.00168833,-0.00223483,0,-0.0100161,0,0.9
-0.00118334,-0.00176283,0,-0.0107122,0,0.901
-0.000171132,-0.000833733,0,-0.0107412,0,0.901
-2.23496e-06,-0.000554386,0,-0.0103973,0,0.901
-0.00282791,-0.00292878,0,-0.00848216,0,0.902
-0.0024125,-0.00252107,0,-0.011335,0,0.902
-0.00271333,-0.00154688,0,-0.0138564,0,0.9
-0.00338214,-0.00149677,0,-0.0156235,0,0.9
-0.00368349,-0.00145854,0,-0.0197397,0,0.9
-0.00313722,-0.0014332,0,-0.0245253,0,0.9
-0.00263029,-0.00142177,0,-0.0276164,0,0.9
-0.00160966,-0.0014212,0,-0.0292136,0,0.9
-0.00160966,-0.0014212,0,0,0,0.9
-0.00160966,-0.0014212,0,0,0,0.9
-0.00160966,-0.0014212,0,0,0,0.9
-0.00160966,-0.0014212,0,0,0,0.9
-0.00160966,-0.0014212,0,0,0,0.9
-0.00160966,-0.0014212,0,0,0,0.9
0,0,-0.00800017,0,0,0.899
0,0,-0.00800017,0,0,0.899
0,0,-0.00800017,0,0,0.899
0,0,-0.00800017,0,0,0.899
0,0,-0.00800017,0,0,0.899
0,0,-0.00800017,0,0,0.899
0,0,-0.00800017,0,0,0.899
0,0,-0.00800017,0,0,0.899
-0.05,0,-0.00810246,0,0,0.804
0.0111536,0,-0.00781925,-0.0161712,0,0.903
0.0136974,0,-0.00750683,-0.0136554,0,0.907
0.0146495,0,-0.00692966,-0.0105539,0,0.905
0.0148633,0,-0.00634834,-0.00823663,0,0.905
0.00773942,0,-0.00638578,-0.00532335,0,0.902
0.00264127,0,-0.00655945,-0.0034424,0,0.904
-0.00209744,0,-0.00697665,-0.00267591,0,0.902
-0.00497488,0,-0.00735366,-0.00271626,0,0.902
-0.00740056,0,-0.00784626,-0.00354498,0,0.902
-0.00595263,0,-0.00738031,-0.0050292,0,0.901
-0.00624784,0,-0.00738545,-0.00647287,0,0.9
-0.00547918,0,-0.00699337,-0.00797901,0,0.9
-0.00382949,0,-0.00613307,-0.00953666,0,0.901
-0.0029561,0,-0.00549072,-0.0104986,0,0.901
-0.00262345,0,-0.00505006,-0.0111009,0,0.9
-0.0023028,0,-0.00466225,-0.0116732,0,0.9
-0.00332605,0,-0.00503993,-0.0121767,0,0.901
-0.00325488,0,-0.00476882,-0.0134528,0,0.901
-0.00334327,0,-0.0046148,-0.0147355,0,0.901
-0.00329421,0,-0.00437938,-0.0162763,0,0.902
-0.00316553,0,-0.00403216,-0.0179071,0,0.902
-0.00239558,0,-0.00319672,-0.0196734,0,0.903
-0.00245763,0,-0.00305987,-0.0201717,0,0.903
-0.00298098,0,-0.00337383,-0.0209901,0,0.903
-0.00406316,0,-0.00251551,-0.0220131,0,0.901
-0.00387957,0,-0.00239477,-0.0238101,0,0.901
-0.00404314,0,-0.00230455,-0.0272302,0,0.901
-0.00420407,0,-0.00224739,-0.0305378,0,0.901
-0.00345474,0,-0.00222776,-0.034015,0,0.901
-0.00201689,0,-0.00222575,-0.0364474,0,0.901
-0.00201689,0,-0.00222575,0,0,0.901
-0.00201689,0,-0.00222575,0,0,0.901
-0.00201689,0,-0.00222575,0,0,0.901
-0.00201689,0,-0.00222575,0,0,0.901
-0.00201689,0,-0.00222575,0,0,0.901
-0.00201689,0,-0.00222575,0,0,0.901
0,-0.00772302,0,0,0,0.9
0,-0.00772302,0,0,0,0.9
0,-0.00772302,0,0,0,0.9
0,-0.00772302,0,0,0,0.9
0,-0.00772302,0,0,0,0.9
0,-0.00772302,0,0,0,0.9
0,-0.00772302,0,0,0,0.9
0,-0.00772302,0,0,0,0.9
-0.05,-0.00783997,0,0,0,0.74
0.0139757,-0.00752243,0,-0.0206987,0,0.892
0.0128298,-0.00727361,0,-0.0170801,0,0.908
0.013146,-0.0068765,0,-0.0139127,0,0.906
0.0111265,-0.00650777,0,-0.010985,0,0.904
0.00292368,-0.00672729,0,-0.00811154,0,0.901
0.00408725,-0.00623369,0,-0.00687294,0,0.901
-0.000721741,-0.00658956,0,-0.00540362,0,0.902
-0.0019533,-0.00656491,0,-0.00513253,0,0.903
-0.00516052,-0.00710076,0,-0.00531467,0,0.903
-0.00603407,-0.00721704,0,-0.00647341,0,0.902
-0.00612214,-0.00716679,0,-0.00760622,0,0.901
-0.00666473,-0.00730297,0,-0.0093112,0,0.9
-0.004661,-0.00639434,0,-0.0111422,0,0.9
-0.00171239,-0.00481536,0,-0.0125989,0,0.9
0.000286146,-0.00344831,0,-0.0127188,0,0.9
0.00142895,-0.00238374,0,-0.0116951,0,0.9
0.000880831,-0.00228253,0,-0.00980922,0,0.9
0.00067571,-0.00201127,0,-0.00852398,0,0.9
-0.000427887,-0.00242543,0,-0.007258,0,0.9
-0.000406507,-0.00209855,0,-0.00683152,0,0.901
-0.00209428,-0.00316221,0,-0.00655345,0,0.901
-0.00107703,-0.00208146,0,-0.00802644,0,0.901
-0.00204637,-0.00270442,0,-0.00878042,0,0.901
-0.00291093,-0.00331773,0,-0.0104318,0,0.901
-0.00452298,-0.00266458,0,-0.0133293,0,0.9
-0.00442634,-0.00254542,0,-0.0176306,0,0.9
-0.00437541,-0.00245407,0,-0.0239243,0,0.9
-0.00450346,-0.00239291,0,-0.0293187,0,0.9
-0.00397527,-0.00236434,0,-0.034925,0,0.9
-0.00269992,-0.00236247,0,-0.0385158,0,0.9
-0.00269992,-0.00236247,0,0,0,0.9
-0.00269992,-0.00236247,0,0,0,0.9
-0.00269992,-0.00236247,0,0,0,0.9
-0.00269992,-0.00236247,0,0,0,0.9
-0.00269992,-0.00236247,0,0,0,0.9
-0.00269992,-0.00236247,0,0,0,0.9
0,0,-0.0082062,0,0,0.9
0,0,-0.0082062,0,0,0.9
0,0,-0.0082062,0,0,0.9
0,0,-0.0082062,0,0,0.9
0,0,-0.0082062,0,0,0.9
0,0,-0.0082062,0,0,0.9
0,0,-0.0082062,0,0,0.9
0,0,-0.0082062,0,0,0.9
-0.05,0,-0.0082985,0,0,0.793
0.013598,0,-0.00801052,-0.0183713,0,0.901
0.0125224,0,-0.00775439,-0.0152814,0,0.909
0.0166251,0,-0.00708188,-0.0122388,0,0.911
0.0182322,0,-0.00636074,-0.00968212,0,0.91
0.0114275,0,-0.00625947,-0.00603997,0,0.908
0.00854205,0,-0.0059949,-0.00384849,0,0.908
0.00147478,0,-0.00658027,-0.00186716,0,0.909
-0.00383346,0,-0.00729943,-0.00099577,0,0.909
-0.00604573,0,-0.00766724,-0.00170825,0,0.909
-0.00804374,0,-0.00815834,-0.00273704,0,0.908
-0.00897666,0,-0.00846885,-0.00452398,0,0.908
-0.00673517,0,-0.00762697,-0.00693009,0,0.903
-0.00468855,0,-0.00664422,-0.00902807,0,0.902
-0.00325465,0,-0.00576738,-0.0103421,0,0.903
-0.00326916,0,-0.00553558,-0.0111715,0,0.904
-0.00288706,0,-0.00506682,-0.012012,0,0.904
-0.0023236,0,-0.00444074,-0.0128723,0,0.903
-0.00261221,0,-0.00436102,-0.0133948,0,0.903
-0.00347342,0,-0.00473722,-0.0140535,0,0.903
-0.00298307,0,-0.00415844,-0.015455,0,0.904
-0.00250518,0,-0.00355471,-0.0170853,0,0.904
-0.00235748,0,-0.00321216,-0.0179212,0,0.904
-0.00272786,0,-0.00333465,-0.0185439,0,0.904
-0.00347331,0,-0.00385606,-0.0200823,0,0.904
-0.00891101,0,-0.00301901,0,0,0.902
-0.00457091,0,-0.00290036,-0.0242846,0,0.902
-0.00463791,0,-0.00281546,-0.0283914,0,0.902
-0.00461941,0,-0.00275906,-0.0325245,0,0.902
-0.00428584,0,-0.00273581,-0.0369809,0,0.902
-0.0026236,0,-0.00273571,-0.0397015,0,0.902
-0.0026236,0,-0.00273571,0,0,0.902
-0.0026236,0,-0.00273571,0,0,0.902
-0.0026236,0,-0.00273571,0,0,0.902
-0.0026236,0,-0.00273571,0,0,0.902
-0.0026236,0,-0.00273571,0,0,0.902
-0.0026236,0,-0.00273571,0,0,0.902
0,-0.00578078,0,0,0,0.901
0,-0.00578078,0,0,0,0.901
0,-0.00578078,0,0,0,0.901
0,-0.00578078,0,0,0,0.901
0,-0.00578078,0,0,0,0.901
0,-0.00578078,0,0,0,0.901
0,-0.00578078,0,0,0,0.901
0,-0.00578078,0,0,0,0.901
-0.0276793,-0.00583404,0,0,0,0.7
0.00556169,-0.00568907,0,-0.0143216,0,0.896
-0.000634576,-0.0056766,0,-0.0126706,0,0.909
-0.00266849,-0.0056614,0,-0.0117478,0,0.907
0.00337233,-0.00521777,0,-0.0116937,0,0.906
0.0045962,-0.00484758,0,-0.0103051,0,0.903
0.00825146,-0.00404887,0,-0.00905929,0,0.899
0.0113909,-0.0030328,0,-0.00662665,0,0.898
0.00914317,-0.00280243,0,-0.0028817,0,0.898
0.00554694,-0.00304772,0,-0.00053804,0,0.899
0.000499512,-0.00398984,0,0.00142337,0,0.9
-0.0047868,-0.00545196,0,0.00164187,0,0.901
-0.00558278,-0.00570578,0,-9.30627e-05,0,0.901
-0.00651592,-0.0060953,0,-0.00228994,0,0.901
-0.0036303,-0.00475642,0,-0.0051959,0,0.902
-0.00414013,-0.00491754,0,-0.00660532,0,0.902
-0.0032331,-0.00431398,0,-0.00820587,0,0.902
-0.00399361,-0.00466442,0,-0.00957955,0,0.902
-0.00396538,-0.00455788,0,-0.0116239,0,0.902
-0.00476649,-0.00504187,0,-0.0137409,0,0.903
-0.00433174,-0.00466183,0,-0.0163769,0,0.903
-0.00454047,-0.00477194,0,-0.0185234,0,0.903
-0.00212,-0.00266325,0,-0.0216097,0,0.903
-0.00188703,-0.00232922,0,-0.0221589,0,0.903
-0.00187886,-0.00219636,0,-0.0224987,0,0.902
-0.00184438,-0.00191175,0,-0.0224787,0,0.901
-0.00246195,-0.00182317,0,-0.0218197,0,0.901
-0.00321352,-0.00175593,0,-0.0221437,0,0.901
-0.00341048,-0.00171104,0,-0.0249565,0,0.901
-0.00304493,-0.00169254,0,-0.0281392,0,0.901
-0.00184792,-0.001692,0,-0.0302945,0,0.901
-0.00184792,-0.001692,0,0,0,0.901
-0.00184792,-0.001692,0,0,0,0.901
-0.00184792,-0.001692,0,0,0,0.901
-0.00184792,-0.001692,0,0,0,0.901
-0.00184792,-0.001692,0,0,0,0.901
-0.00184792,-0.001692,0,0,0,0.901
0,0,-0.00743866,0,0,0.9
0,0,-0.00743866,0,0,0.9
0,0,-0.00743866,0,0,0.9
0,0,-0.00743866,0,0,0.9
0,0,-0.00743866,0,0,0.9
0,0,-0.00743866,0,0,0.9
0,0,-0.00743866,0,0,0.9
0,0,-0.00743866,0,0,0.9
-0.0382784,0,-0.00747954,0,0,0.796
0.00641242,0,-0.00733459,-0.0113621,0,0.899
0.00991724,0,-0.00710043,-0.00996473,0,0.909
0.00695276,0,-0.00690135,-0.00769029,0,0.907
0.0116513,0,-0.00629925,-0.00617685,0,0.909
0.00641975,0,-0.00612432,-0.00372387,0,0.907
0.00362627,0,-0.00602645,-0.00234715,0,0.906
0.000151761,0,-0.0061958,-0.00186631,0,0.906
-0.00550063,0,-0.00704632,-0.00128518,0,0.907
-0.0074047,0,-0.00743037,-0.0021928,0,0.907
-0.00779952,0,-0.00754282,-0.00364657,0,0.907
-0.00882463,0,-0.00790391,-0.0053673,0,0.906
-0.00752506,0,-0.00747188,-0.00759503,0,0.905
-0.00473326,0,-0.00626659,-0.00967361,0,0.905
-0.00256081,0,-0.00508438,-0.0108149,0,0.905
-0.00185957,0,-0.00446941,-0.0110895,0,0.905
-0.0021509,0,-0.00435667,-0.0111488,0,0.904
-0.0039693,0,-0.0052281,-0.0115423,0,0.9
-0.00484866,0,-0.00566512,-0.0128526,0,0.9
-0.0057374,0,-0.00619558,-0.0148471,0,0.9
-0.00544981,0,-0.00590126,-0.0177578,0,0.901
-0.004113,0,-0.00473068,-0.0212993,0,0.901
-0.00356799,0,-0.00414411,-0.02371,0,0.902
-0.00300072,0,-0.00350625,-0.0253409,0,0.902
-0.00218633,0,-0.00262132,-0.0266903,0,0.902
-0.00368229,0,-0.00260486,-0.0272944,0,0.901
-0.00418765,0,-0.00249277,-0.0278716,0,0.901
-0.00447309,0,-0.00240726,-0.0308881,0,0.901
-0.0049543,0,-0.0023506,-0.0344304,0,0.901
-0.0046301,0,-0.00232481,-0.0393104,0,0.901
-0.00282089,0,-0.00232375,-0.0438271,0,0.901
-0.00282089,0,-0.00232375,0,0,0.901
-0.00282089,0,-0.00232375,0,0,0.901
-0.00282089,0,-0.00232375,0,0,0.901
-0.00282089,0,-0.00232375,0,0,0.901
-0.00282089,0,-0.00232375,0,0,0.901
-0.00282089,0,-0.00232375,0,0,0.901
0,-0.00698264,0,0,0,0.9
0,-0.00698264,0,0,0,0.9
0,-0.00698264,0,0,0,0.9
0,-0.00698264,0,0,0,0.9
0,-0.00698264,0,0,0,0.9
0,-0.00698264,0,0,0,0.9
0,-0.00698264,0,0,0,0.9
0,-0.00698264,0,0,0,0.9
-0.0387055,-0.00702905,0,0,0,0.727
0.0106151,-0.00685591,0,-0.0168003,0,0.892
0.0107863,-0.00664955,0,-0.0140575,0,0.909
0.00795014,-0.00644189,0,-0.0115194,0,0.908
0.00923855,-0.00603459,0,-0.00958995,0,0.909
0.00271395,-0.00614984,0,-0.00727447,0,0.907
0.00437437,-0.00555692,0,-0.00613025,0,0.907
-0.000324434,-0.00590816,0,-0.0052726,0,0.907
-0.00191847,-0.00596475,0,-0.00459266,0,0.906
-0.0048717,-0.00646986,0,-0.00497185,0,0.906
-0.00712506,-0.00702377,0,-0.00528775,0,0.904
-0.00848633,-0.007488,0,-0.00665537,0,0.903
-0.00756832,-0.00720756,0,-0.00882671,0,0.903
-0.00607664,-0.00658726,0,-0.011043,0,0.9
-0.00258843,-0.00484055,0,-0.0130527,0,0.899
-0.00108522,-0.00382032,0,-0.0136448,0,0.9
0.000180651,-0.00278589,0,-0.0133722,0,0.9
-0.000113453,-0.0027057,0,-0.0125248,0,0.9
-0.000618349,-0.00271448,0,-0.0117398,0,0.9
-0.0018013,-0.00326704,0,-0.0111113,0,0.9
-0.00153024,-0.00283013,0,-0.0116497,0,0.9
-0.00286962,-0.00368323,0,-0.0120223,0,0.901
-0.00150387,-0.00232942,0,-0.0140351,0,0.902
-0.00216507,-0.00272816,0,-0.0145384,0,0.903
-0.00269136,-0.00305301,0,-0.01536,0,0.902
-0.00320636,-0.00214894,0,-0.0174301,0,0.9
-0.00384658,-0.00203649,0,-0.0185835,0,0.9
-0.00442942,-0.0019507,0,-0.0227547,0,0.9
-0.00441534,-0.00189384,0,-0.0275981,0,0.9
-0.00426992,-0.00186796,0,-0.0326378,0,0.9
-0.00254242,-0.0018669,0,-0.0370376,0,0.9
-0.00254242,-0.0018669,0,0,0,0.9
-0.00254242,-0.0018669,0,0,0,0.9
-0.00254242,-0.0018669,0,0,0,0.9
-0.00254242,-0.0018669,0,0,0,0.9
-0.00254242,-0.0018669,0,0,0,0.9
-0.00254242,-0.0018669,0,0,0,0.9
0,0,-0.00883269,0,0,0.9
0,0,-0.00883269,0,0,0.9
0,0,-0.00883269,0,0,0.9
0,0,-0.00883269,0,0,0.9
0,0,-0.00883269,0,0,0.9
0,0,-0.00883269,0,0,0.9
0,0,-0.00883269,0,0,0.9
0,0,-0.00883269,0,0,0.9
-0.05,0,-0.00887356,0,0,0.819
0.00182178,0,-0.00875892,-0.0136566,0,0.904
0.00780711,0,-0.00852076,-0.0128005,0,0.909
0.00641851,0,-0.00827866,-0.0107105,0,0.907
0.017504,0,-0.00712705,-0.00922608,0,0.909
0.0078512,0,-0.0072757,-0.0060995,0,0.907
0.00336973,0,-0.00730544,-0.004124,0,0.908
-0.00175653,0,-0.00769413,-0.00316569,0,0.908
-0.00765133,0,-0.00859661,-0.00290832,0,0.908
-0.00842107,0,-0.00873327,-0.00430511,0,0.908
-0.00936671,0,-0.00898562,-0.00590745,0,0.907
-0.00941432,0,-0.00902604,-0.00778188,0,0.907
-0.00756789,0,-0.00835083,-0.0100353,0,0.906
-0.00467909,0,-0.00704804,-0.0121311,0,0.906
-0.0023268,0,-0.00571659,-0.0131512,0,0.906
-0.0022507,0,-0.00535442,-0.013299,0,0.906
-0.00252386,0,-0.00518815,-0.0131982,0,0.906
-0.00314891,0,-0.00526523,-0.0134989,0,0.905
-0.0037071,0,-0.00537219,-0.013897,0,0.905
-0.00414344,0,-0.0054583,-0.0150027,0,0.906
-0.00406695,0,-0.00520087,-0.0161484,0,0.907
-0.00390712,0,-0.00487441,-0.0177162,0,0.907
-0.00296909,0,-0.00389344,-0.0193155,0,0.907
-0.00403453,0,-0.0046206,-0.0199012,0,0.907
-0.00415424,0,-0.00457678,-0.0215056,0,0.907
-0.00472561,0,-0.00426618,-0.0235171,0,0.906
-0.00541255,0,-0.00415411,-0.0264171,0,0.906
-0.00518195,0,-0.00406634,-0.0275525,0,0.906
-0.00528202,0,-0.00400262,-0.0326507,0,0.906
-0.00502364,0,-0.00397164,-0.0352512,0,0.906
-0.00366741,0,-0.00396689,-0.0388015,0,0.906
-0.00366741,0,-0.00396689,-0.039324,0,0.906
-0.00366741,0,-0.00396689,0,0,0.906
-0.00366741,0,-0.00396689,0,0,0.906
-0.00366741,0,-0.00396689,0,0,0.906
-0.00366741,0,-0.00396689,0,0,0.906
-0.00366741,0,-0.00396689,0,0,0.906
-0.00366741,0,-0.00396689,0,0,0.906
0,-0.00445279,0,0,0,0.904
0,-0.00445279,0,0,0,0.904
0,-0.00445279,0,0,0,0.904
0,-0.00445279,0,0,0,0.904
0,-0.00445279,0,0,0,0.904
0,-0.00445279,0,0,0,0.904
0,-0.00445279,0,0,0,0.904
-0.0268562,-0.00445791,0,0,0,0.7
-0.0271414,-0.00466786,0,0,0,0.71
0.0112383,-0.00420868,0,-0.0149623,0,0.889
-0.00119567,-0.00435172,0,-0.0117564,0,0.902
0.00636344,-0.00389156,0,-0.0112872,0,0.905
0.00645439,-0.00360174,0,-0.00957815,0,0.904
0.00810901,-0.00308785,0,-0.00777557,0,0.903
0.0084668,-0.00261706,0,-0.00556164,0,0.905
-0.000924941,-0.0038191,0,-0.00285829,0,0.905
-0.00168504,-0.00384163,0,-0.00300972,0,0.904
-0.00848741,-0.00551514,0,-0.00285062,0,0.905
-0.0101424,-0.00621338,0,-0.00501236,0,0.904
-0.00970147,-0.00632414,0,-0.00794035,0,0.904
-0.00688937,-0.0054342,0,-0.0111893,0,0.906
-0.00337683,-0.0039534,0,-0.0131026,0,0.906
-0.00345757,-0.00394038,0,-0.0134771,0,0.905
-0.00230374,-0.00324007,0,-0.0141091,0,0.905
-0.00321468,-0.00369362,0,-0.0144131,0,0.905
-0.00324018,-0.00364946,0,-0.0148887,0,0.904
-0.00345968,-0.00374873,0,-0.0158231,0,0.904
-0.00205915,-0.00265264,0,-0.0165605,0,0.905
-0.001849,-0.00238453,0,-0.0168747,0,0.905
-0.00056,-0.00120669,0,-0.0166121,0,0.905
-0.000375615,-0.0009046,0,-0.0162277,0,0.905
-0.000524414,-0.000905309,0,-0.01426,0,0.905
-0.000636397,-0.000892267,0,-0.0133119,0,0.904
-0.0014341,-0.000800193,0,-0.0120332,0,0.904
-0.00188608,-0.000726951,0,-0.0112864,0,0.904
-0.00181667,-0.000674202,0,-0.0134521,0,0.904
-0.00160712,-0.00064361,0,-0.0144416,0,0.904
-0.00104216,-0.000636199,0,-0.0150176,0,0.904
-0.00104216,-0.000636199,0,-0.0144202,0,0.904
-0.00104216,-0.000636199,0,0,0,0.904
-0.00104216,-0.000636199,0,0,0,0.904
-0.00104216,-0.000636199,0,0,0,0.904
-0.00104216,-0.000636199,0,0,0,0.904
-0.00104216,-0.000636199,0,0,0,0.904
-0.00104216,-0.000636199,0,0,0,0.904
0,0,-0.00564051,0,0,0.903
0,0,-0.00564051,0,0,0.903
0,0,-0.00564051,0,0,0.903
0,0,-0.00564051,0,0,0.903
0,0,-0.00564051,0,0,0.903
0,0,-0.00564051,0,0,0.903
0,0,-0.00564051,0,0,0.903
0,0,-0.00564051,0,0,0.903
-0.0332176,0,-0.00573545,0,0,0.869
-1.51193e-05,0,-0.0055717,-0.00681819,0,0.905
-0.00708369,0,-0.00567976,-0.00642085,0,0.904
-0.00399908,0,-0.00556293,-0.00694901,0,0.905
-0.00036052,0,-0.00525904,-0.00747266,0,0.905
-0.00431947,0,-0.00550625,-0.00697981,0,0.905
-0.00124993,0,-0.00504786,-0.00742254,0,0.905
-0.000302532,0,-0.00466834,-0.00713581,0,0.904
0.000315127,0,-0.00431288,-0.00693047,0,0.904
-0.001331,0,-0.00448973,-0.00638386,0,0.903
-0.00284966,0,-0.00476803,-0.00630103,0,0.903
-0.00298685,0,-0.00468288,-0.00663019,0,0.902
-0.00388849,0,-0.00492306,-0.0071501,0,0.902
-0.00261785,0,-0.00425333,-0.00802232,0,0.902
-0.00198818,0,-0.00378249,-0.0087544,0,0.902
-0.00242701,0,-0.00384168,-0.0089886,0,0.901
-0.00297647,0,-0.00401802,-0.00947609,0,0.901
-0.0037389,0,-0.00441601,-0.010117,0,0.902
-0.00367108,0,-0.00427642,-0.011804,0,0.901
-0.00403874,0,-0.00446053,-0.0134649,0,0.902
-0.00418283,0,-0.00450351,-0.0157139,0,0.902
-0.00451046,0,-0.00471465,-0.0179968,0,0.903
-0.00465707,0,-0.00479765,-0.0209521,0,0.903
-0.00513583,0,-0.00518728,-0.0242118,0,0.904
-0.00532158,0,-0.00526683,-0.0279003,0,0.904
-0.00514396,0,-0.00525673,-0.0313569,0,0.904
-0.00510349,0,-0.00524859,-0.031745,0,0.904
-0.004373,0,-0.00524387,-0.0353466,0,0.904
-0.00443331,0,-0.00523956,-0.0384684,0,0.904
-0.00402524,0,-0.0052377,-0.0413904,0,0.904
-0.00259622,0,-0.00523763,-0.0431231,0,0.904
-0.00259622,0,-0.00523763,0,0,0.904
-0.00259622,0,-0.00523763,0,0,0.904
-0.00259622,0,-0.00523763,0,0,0.904
-0.00259622,0,-0.00523763,0,0,0.904
-0.00259622,0,-0.00523763,0,0,0.904
-0.00259622,0,-0.00523763,0,0,0.904
0,-0.00485757,0,0,0,0.901
0,-0.00485757,0,0,0,0.901
0,-0.00485757,0,0,0,0.901
0,-0.00485757,0,0,0,0.901
0,-0.00485757,0,0,0,0.901
0,-0.00485757,0,0,0,0.901
0,-0.00485757,0,0,0,0.901
0,-0.00485757,0,0,0,0.901
-0.0360437,-0.00497197,0,0,0,0.738
0.0182726,-0.00461881,0,-0.016235,0,0.893
0.0121299,-0.00445621,0,-0.0123355,0,0.906
0.0132118,-0.0040836,0,-0.00967925,0,0.905
0.0132924,-0.00365113,0,-0.00695534,0,0.907
0.0049157,-0.00391923,0,-0.00392186,0,0.903
0.00758362,-0.00314603,0,-0.00256195,0,0.903
0.00442566,-0.00322561,0,-0.000950854,0,0.903
0.00244281,-0.00328679,0,0.000422427,0,0.903
0.000293192,-0.00352409,0,0.00086705,0,0.902
-0.00277964,-0.0042237,0,0.00101179,0,0.901
-0.00616229,-0.00531715,0,0.000418296,0,0.901
-0.00647454,-0.00550558,0,-0.00148087,0,0.901
-0.00648573,-0.0055905,0,-0.00348073,0,0.901
-0.00221698,-0.00357346,0,-0.00609196,0,0.902
-0.00117084,-0.00283045,0,-0.00685252,0,0.901
-0.00124485,-0.00269267,0,-0.00676072,0,0.901
-0.000485605,-0.00203186,0,-0.00709116,0,0.902
-0.00120962,-0.00232778,0,-0.00682231,0,0.902
-0.00175636,-0.00257068,0,-0.00693042,0,0.903
-0.00248694,-0.00300694,0,-0.00764595,0,0.903
-0.00200938,-0.00251842,0,-0.00878021,0,0.903
-0.00221468,-0.00259133,0,-0.0103897,0,0.904
-0.0034638,-0.00361479,0,-0.01083,0,0.904
-0.00398062,-0.00404905,0,-0.0142445,0,0.904
-0.00431575,-0.00258097,0,-0.0174359,0,0.902
-0.00456289,-0.00253101,0,-0.0202317,0,0.902
-0.00452704,-0.00249369,0,-0.0249891,0,0.902
-0.00434511,-0.00246964,0,-0.0296723,0,0.902
-0.00390132,-0.00246111,0,-0.0336641,0,0.902
-0.00229389,-0.00246109,0,-0.0365443,0,0.902
-0.00229389,-0.00246109,0,0,0,0.902
-0.00229389,-0.00246109,0,0,0,0.902
-0.00229389,-0.00246109,0,0,0,0.902
-0.00229389,-0.00246109,0,0,0,0.902
-0.00229389,-0.00246109,0,0,0,0.902
-0.00229389,-0.00246109,0,0,0,0.902
0,0,-0.00507331,0,0,0.901
0,0,-0.00507331,0,0,0.901
0,0,-0.00507331,0,0,0.901
0,0,-0.00507331,0,0,0.901
0,0,-0.00507331,0,0,0.901
0,0,-0.00507331,0,0,0.901
0,0,-0.00507331,0,0,0.901
0,0,-0.00507331,0,0,0.901
-0.05,0,-0.00515376,0,0,0.848
0.00192489,0,-0.00501111,-0.013268,0,0.904
0.00586929,0,-0.00483404,-0.0126195,0,0.908
0.00377035,0,-0.00471458,-0.0107058,0,0.906
0.0120051,0,-0.00385885,-0.00985605,0,0.904
0.00234971,0,-0.00432597,-0.00692663,0,0.903
0.00258801,0,-0.00404954,-0.00605317,0,0.904
-0.00302442,0,-0.00472305,-0.00530666,0,0.903
-0.00601886,0,-0.00527225,-0.00510963,0,0.904
-0.00439995,0,-0.00490293,-0.00639767,0,0.904
-0.00572178,0,-0.00526758,-0.00714263,0,0.902
-0.00753892,0,-0.00592766,-0.00812665,0,0.902
-0.00634765,0,-0.00557798,-0.0101409,0,0.902
-0.00574779,0,-0.0053728,-0.0116818,0,0.902
-0.00356377,0,-0.00432608,-0.0133879,0,0.901
-0.00372063,0,-0.00433627,-0.0142247,0,0.901
-0.00393438,0,-0.0043964,-0.014913,0,0.901
-0.00426682,0,-0.00455477,-0.0159687,0,0.901
-0.00471231,0,-0.00482411,-0.0173662,0,0.901
-0.00484408,0,-0.00490461,-0.0188595,0,0.901
-0.004655,0,-0.0047479,-0.0210373,0,0.902
-0.00442747,0,-0.00454451,-0.0232276,0,0.902
-0.00370573,0,-0.00390369,-0.0256263,0,0.903
-0.00361577,0,-0.00377651,-0.0271684,0,0.903
-0.00397765,0,-0.00406496,-0.0290138,0,0.903
-0.0045723,0,-0.00296328,-0.0311728,0,0.901
-0.00557109,0,-0.0029162,-0.0322546,0,0.901
-0.00563819,0,-0.00288084,-0.0365626,0,0.901
-0.00560488,0,-0.00285816,-0.0416714,0,0.901
-0.00527391,0,-0.00284912,-0.0463219,0,0.901
-0.00301206,0,-0.00284904,-0.0505491,0,0.901
-0.00301206,0,-0.00284904,0,0,0.901
-0.00301206,0,-0.00284904,0,0,0.901
-0.00301206,0,-0.00284904,0,0,0.901
-0.00301206,0,-0.00284904,0,0,0.901
-0.00301206,0,-0.00284904,0,0,0.901
-0.00301206,0,-0.00284904,0,0,0.901
0,-0.00663127,0,0,0,0.901
0,-0.00663127,0,0,0,0.901
0,-0.00663127,0,0,0,0.901
0,-0.00663127,0,0,0,0.901
0,-0.00663127,0,0,0,0.901
0,-0.00663127,0,0,0,0.901
0,-0.00663127,0,0,0,0.901
0,-0.00663127,0,0,0,0.901
0,-0.00662278,0,0,0,0.901
0,-0.00657519,0,-0.0212857,0,0.901
0,-0.0064883,0,-0.021579,0,0.901
0,-0.00636505,0,-0.020978,0,0.901
0,-0.00620837,0,-0.0215073,0,0.901
0,-0.00602119,0,-0.0222971,0,0.901
0,-0.00580644,0,-0.0259294,0,0.901
0,-0.00556706,0,-0.029857,0,0.901
0,-0.00530598,0,-0.0358388,0,0.901
0,-0.00495358,0,-0.0428409,0,0.901
0,-0.00464675,0,-0.06,0,0.901
0,-0.00433513,0,-0.06,0,0.901
0,-0.00401434,0,-0.06,0,0.901
0,-0.00368733,0,-0.06,0,0.901
0,-0.00335701,0,-0.06,0,0.901
0,-0.00302633,0,-0.06,0,0.901
0,-0.00270636,0,-0.06,0,0.901
0,-0.00237559,0,-0.06,0,0.901
0,-0.00206913,0,-0.06,0,0.901
0,-0.00176599,0,-0.06,0,0.901
0,-0.00147707,0,-0.06,0,0.901
0,-0.0012053,0,-0.06,0,0.901
0,-0.000953622,0,-0.06,0,0.901
0,-0.000730377,0,-0.06,0,0.901
0,-0.00052226,0,-0.06,0,0.901
0,-0.000348441,0,-0.06,0,0.901
0,-0.000203323,0,-0.06,0,0.901
0,-9.04894e-05,0,-0.06,0,0.901
0,-2.96233e-05,0,-0.06,0,0.901
0,-6.72072e-07,0,-0.06,0,0.901
0,0,0,-0.06,0,0.901
0,0,0,0,0,0.901
0,0,0,0,0,0.901
0,0,0,0,0,0.901
0,0,0,0,0,0.901
0,0,0,0,0,0.901
0,0,0,0,0,0.901
0,0,0,0,0,0.901
0,0,0,0,0,0.901
0,0,0,0,0,0.901
0,0,0,0,0,0.901
0,0,0,0,0,0.901
0,0,0,0,0,0.901
0,0,0,0,0,0.901
0,0,0,0,0,0.901
0,0,0,0,0,0.901
0,0,0,0,0,0.901
0,0,0,0,0,0.901
0,0,0,0,0,0.901
0,0,0,0,0,0.901
0,0,0,0,0,0.901
0,0,0,0,0,0.901
0,0,0,0,0,0.901
0,0,0,0,0,0.901
0,0,0,0,0,0.901
0,0,0,0,0,0.901
0,0,0,0,0,0.901
0,0,0,0,0,0.901
0,0,0,0,0,0.901
0,0,0,0,0,0.901
0,0,0,0,0,0.901
0,0,0,0,0,0.901
0,0,0,0,0,0.901
