0.00900953,-0.00698803,-1.6977e-05,0,0,0.00900619,0.00327443
0.00900953,-0.00670465,-1.65929e-05,-1.6977e-07,0,0.00899852,0.00362586
0.00900953,-0.00674092,-1.65399e-05,-5.03549e-07,0,0.00898967,0.00359994
0.00900953,-0.00637533,-1.60508e-05,-8.34612e-07,0,0.00898042,0.00373908
0.00900953,-0.00693489,-1.65367e-05,-1.15807e-06,0,0.00897094,0.00350239
0.00900953,-0.00728634,-1.67905e-05,-1.48638e-06,0,0.00896123,0.00336262
0.00900953,-0.00700343,-1.63605e-05,-1.82092e-06,0,0.00895126,0.00347257
0.00900953,-0.0062292,-1.54019e-05,-2.15028e-06,0,0.00894097,0.00376854
0.00900953,-0.00466342,-1.35987e-05,-2.46311e-06,0,0.0089303,0.00437257
0.00900953,-0.0034548,-1.2175e-05,-2.7441e-06,0,0.0089192,0.00482134
0.00900953,-0.00205516,-1.05483e-05,-2.99472e-06,0,0.00890761,0.00535127
0.00900953,-0.000928909,-9.21337e-06,-3.21382e-06,0,0.00889545,0.0057685
0.00900953,0.000415299,-7.64819e-06,-3.40476e-06,0,0.00888266,0.00627624
0.00900953,0.00158909,-6.26694e-06,-3.56555e-06,0,0.00886918,0.00671185
0.00900953,0.00310122,-4.52948e-06,-3.6978e-06,0,0.00885492,0.00728433
0.00900953,0.00509507,-2.28598e-06,-3.79707e-06,0,0.00883981,0.00804306
0.00900953,0.00758421,4.74746e-07,-3.85401e-06,0,0.00882377,0.00899118
0.00900953,0.0100729,3.22286e-06,-3.85832e-06,0,0.00880669,0.00993045
0.00900953,0.0126004,5.99864e-06,-3.8076e-06,0,0.0087885,0.010884
0.00900953,0.0146795,8.2835e-06,-3.70151e-06,0,0.00876909,0.0116567
0.00900953,0.0162052,9.96666e-06,-3.54726e-06,0,0.00874834,0.0122138
0.00900953,0.0180222,1.19469e-05,-3.35634e-06,0,0.00872615,0.0128942
0.00900953,0.0192307,1.32667e-05,-3.12731e-06,0,0.00870239,0.0133255
0.00900953,0.0201218,1.42375e-05,-2.86857e-06,0,0.00867693,0.0136374
0.00900953,0.0210044,1.51884e-05,-2.58868e-06,0,0.00864963,0.0139489
0.00900953,0.0210674,1.5258e-05,-2.28966e-06,0,0.00862033,0.0139309
0.00900953,0.0214426,1.56519e-05,-1.98485e-06,0,0.00858888,0.0140477
0.00900953,0.0214674,1.56654e-05,-1.67378e-06,0,0.00855509,0.0140171
0.00900953,0.0208807,1.5023e-05,-1.36054e-06,0,0.00851879,0.0137448
0.00900953,0.0197511,1.3801e-05,-1.05687e-06,0,0.00847976,0.0132619
0.00900953,0.0186576,1.26175e-05,-7.74741e-07,0,0.00843779,0.0127984
0.00900953,0.0180856,1.19884e-05,-5.16473e-07,0,0.00839264,0.0125388
0.00900953,0.0174818,1.13246e-05,-2.7356e-07,0,0.00834408,0.0122544
0.00900953,0.0170637,1.08578e-05,-4.37493e-08,0,0.00829181,0.0120405
0.00900953,0.0164837,1.02187e-05,1.75741e-07,0,0.00823557,0.0117545
0.00900953,0.0159521,9.63166e-06,3.8331e-07,0,0.00817503,0.0114856
0.00900953,0.0151863,8.797e-06,5.78878e-07,0,0.00810985,0.0111175
0.00900953,0.0147127,8.27507e-06,7.58991e-07,0,0.00803968,0.0108645
0.00900953,0.0137322,7.21664e-06,9.27102e-07,0,0.00796412,0.0103993
0.00900953,0.0127271,6.13676e-06,1.07673e-06,0,0.00788276,0.00992684
0.00900953,0.011758,5.10023e-06,1.20486e-06,0,0.00779514,0.00946383
0.00900953,0.0112787,4.58956e-06,1.31205e-06,0,0.00770078,0.00919077
0.00900953,0.011081,4.38167e-06,1.40639e-06,0,0.00759915,0.00901776
0.00900953,0.0105951,3.87053e-06,1.49507e-06,0,0.00748968,0.00872084
0.00900953,0.0103413,3.60999e-06,1.57503e-06,0,0.00737178,0.00851697
0.00900953,0.00976258,3.00787e-06,1.64854e-06,0,0.00724478,0.00817637
0.00900953,0.00935349,2.59073e-06,1.7117e-06,0,0.00710801,0.00790564
0.00900953,0.00855606,1.7656e-06,1.7656e-06,0,0.00696081,0.00747515
0.00900953,0.0084216,1.65062e-06,1.80504e-06,0,0.0068027,0.00731391
0.00900953,0.00772559,9.42821e-07,1.83863e-06,0,0.00663418,0.00691758
0.00883385,0.0078157,1.07561e-06,1.86102e-06,0,0.00645953,0.00684359
0.00865366,0.00698391,2.31993e-07,1.88187e-06,0,0.00628354,0.00638974
0.00847347,0.00702082,3.17275e-07,1.89073e-06,0,0.00610756,0.00629725
0.00829328,0.00654279,-1.41498e-07,1.89665e-06,0,0.00593196,0.00598631
0.00811309,0.00622927,-4.20699e-07,1.89611e-06,0,0.00575687,0.00574941
0.0079329,0.00663267,6.5436e-08,1.8891e-06,0,0.00558233,0.00579676
0.0077527,0.00663564,1.27101e-07,1.88797e-06,0,0.00540837,0.00567379
0.00757251,0.00642964,-3.09486e-08,1.89021e-06,0,0.00523505,0.00547409
0.00739232,0.00676346,3.87122e-07,1.89038e-06,0,0.00506238,0.00549375
0.00721213,0.00608997,-2.64009e-07,1.89603e-06,0,0.00489042,0.0051036
0.00703194,0.00581042,-4.92129e-07,1.89401e-06,0,0.00471921,0.00488688
0.00685175,0.00512529,-1.14779e-06,1.8853e-06,0,0.0045488,0.00450294
0.00667156,0.00517671,-1.0165e-06,1.86563e-06,0,0.00437924,0.00442012
0.00649137,0.00544299,-6.5554e-07,1.84464e-06,0,0.00421059,0.00441267
0.00631118,0.00600716,2.1969e-08,1.82972e-06,0,0.00404291,0.00452181
0.00613099,0.006314,4.2474e-07,1.82678e-06,0,0.00387628,0.00452466
0.0059508,0.0051272,-7.59066e-07,1.83326e-06,0,0.00371077,0.00393617
0.00577061,0.00415367,-1.71033e-06,1.82399e-06,0,0.00354646,0.00345691
0.00559042,0.00301371,-2.83273e-06,1.79454e-06,0,0.00338344,0.00290922
0.00541023,0.00288283,-2.87709e-06,1.7435e-06,0,0.0032218,0.00276838
0.00523003,0.00330297,-2.33421e-06,1.68618e-06,0,0.00306165,0.0028336
0.00504984,0.0034794,-2.05069e-06,1.63678e-06,0,0.00290309,0.00279473
0.00486965,0.00369258,-1.72807e-06,1.59435e-06,0,0.00274626,0.00277607
0.00468946,0.00349161,-1.84554e-06,1.55818e-06,0,0.00259127,0.00259347
0.00450927,0.00294419,-2.32955e-06,1.52185e-06,0,0.00243827,0.00228104
0.00432908,0.00243951,-2.76529e-06,1.47768e-06,0,0.00228741,0.00199333
0.00414889,0.00244993,-2.65139e-06,1.42456e-06,0,0.00213886,0.00191319
0.0039687,0.00171804,-3.32526e-06,1.37096e-06,0,0.00199278,0.00153158
0.00378851,0.00143282,-3.52118e-06,1.30782e-06,0,0.00184937,0.00134271
0.00360832,0.00113401,-3.72977e-06,1.23838e-06,0,0.00170884,0.00114488
0.00342813,0.00102836,-3.73154e-06,1.16483e-06,0,0.00157139,0.00102795
0.00324794,0.000863278,-3.79564e-06,1.0902e-06,0,0.00143727,0.000888181
0.00306775,0.000960189,-3.58071e-06,1.01461e-06,0,0.00130674,0.000858059
0.00288756,0.000792344,-3.64737e-06,9.41923e-07,0,0.00118007,0.000722625
0.00270737,0.000541761,-3.80137e-06,8.69309e-07,0,0.00105755,0.000562892
0.00252717,0.000262718,-3.98479e-06,7.94052e-07,0,0.000939517,0.000397993
0.00234698,-0.000528169,-4.71074e-06,7.15273e-07,0,0.000826303,3.43119e-05
0.00216679,-0.00114738,-5.25108e-06,6.24688e-07,0,0.000718283,-0.000247657
0.0019866,-0.00197222,-6.007e-06,5.22368e-07,0,0.000615859,-0.000608912
0.00180641,-0.00269849,-6.65437e-06,4.06008e-07,0,0.000519463,-0.000922162
0.00162622,-0.00277815,-6.61156e-06,2.76157e-07,0,0.000429561,-0.000973277
0.00144603,-0.00301475,-6.73464e-06,1.43712e-07,0,0.000346654,-0.00109161
0.00126584,-0.00325175,-6.8568e-06,9.63458e-09,0,0.000271284,-0.00120258
0.00108565,-0.00358675,-7.08172e-06,-1.26891e-07,0,0.000204033,-0.00134789
0.000905458,-0.00408356,-7.47672e-06,-2.67401e-07,0,0.000145527,-0.00155197
0.000725268,-0.00440668,-7.68478e-06,-4.1496e-07,0,9.64362e-05,-0.00168044
0.000545077,-0.00508556,-8.26873e-06,-5.67615e-07,0,5.74655e-05,-0.00195045
0.000364886,-0.00570236,-8.78322e-06,-7.3007e-07,0,2.93067e-05,-0.00218776
0.000184695,-0.00630585,-9.28006e-06,-9.03162e-07,0,1.24472e-05,-0.0024189
4.50477e-06,-0.00687458,-9.73636e-06,-1.08628e-06,0,6.4278e-06,-0.00263522
0,-0.00749763,-1.02466e-05,-1.27872e-06,0,6.99407e-06,-0.00287318
0,-0.00819314,-1.08297e-05,-1.48111e-06,0,9.39911e-06,-0.00313903
0,-0.00885797,-1.13756e-05,-1.69479e-06,0,1.2322e-05,-0.00339139
0,-0.00936074,-1.17447e-05,-1.91957e-06,0,1.54301e-05,-0.0035794
0,-0.00981286,-1.20558e-05,-2.15262e-06,0,1.86507e-05,-0.00374954
0,-0.0103738,-1.24785e-05,-2.39218e-06,0,2.19788e-05,-0.00396377
0,-0.0114149,-1.34063e-05,-2.63964e-06,0,2.5427e-05,-0.00436786
0,-0.0148353,-1.68533e-05,-2.90312e-06,0,2.90132e-05,-0.00571444
0,-0.0160192,-1.79067e-05,-3.22295e-06,0,3.27569e-05,-0.00613138
0,-0.0164344,-1.81342e-05,-3.57582e-06,0,3.6679e-05,-0.00627543
0,-0.0168608,-1.83671e-05,-3.93737e-06,0,4.08013e-05,-0.0064355
0,-0.0146272,-1.57695e-05,-4.30354e-06,0,4.51468e-05,-0.00553301
0,-0.0127137,-1.35183e-05,-4.63192e-06,0,4.97397e-05,-0.00479879
0,-0.00914369,-9.51497e-06,-4.91355e-06,0,5.46057e-05,-0.0033979
0,-0.00595618,-5.9336e-06,-5.12386e-06,0,5.97718e-05,-0.00217472
0,-0.00276959,-2.36941e-06,-5.26044e-06,0,6.5267e-05,-0.000945635
0,-0.00100631,-3.34381e-07,-5.32565e-06,0,7.11218e-05,-0.000284345
0,-4.36806e-05,8.37668e-07,-5.34251e-06,0,7.73688e-05,7.958e-05
0,0.00027795,1.31922e-06,-5.33162e-06,0,8.40427e-05,0.000200391
0,-0.000277176,8.62629e-07,-5.30764e-06,0,9.11796e-05,-1.84505e-05
0,-0.000685691,5.58598e-07,-5.28811e-06,0,9.88188e-05,-0.000164687
0,-0.00174749,-4.42418e-07,-5.27541e-06,0,0.000107003,-0.000573336
0,-0.00441749,-3.15073e-06,-5.27926e-06,0,0.000115777,-0.00161338
0,-0.00826203,-7.09745e-06,-5.32873e-06,0,0.000125191,-0.00309703
0,-0.012749,-1.17103e-05,-5.45095e-06,0,0.000135297,-0.00481844
0,-0.0185467,-1.76937e-05,-5.66209e-06,0,0.000146152,-0.00705262
0,-0.0225873,-2.17818e-05,-5.98605e-06,0,0.000157817,-0.00856446
0,-0.0261266,-2.53132e-05,-6.40124e-06,0,0.000170356,-0.0099024
0,-0.0291977,-2.83237e-05,-6.88985e-06,0,0.00018384,-0.0110605
0,-0.0310879,-3.00572e-05,-7.44127e-06,0,0.000198344,-0.0117537
0,-0.0328966,-3.16855e-05,-8.03375e-06,0,0.000213949,-0.0124321
0,-0.03386,-3.23975e-05,-8.65932e-06,0,0.000230741,-0.0127739
0,-0.0356758,-3.39993e-05,-9.3037e-06,0,0.000248813,-0.0134691
0,-0.0375324,-3.5625e-05,-9.97568e-06,0,0.000268264,-0.0141675
0,-0.0378942,-3.56437e-05,-1.06801e-05,0,0.000289187,-0.0142688
0,-0.0396217,-3.70992e-05,-1.13928e-05,0,0.000311651,-0.0149389
0,-0.0379824,-3.49609e-05,-1.21275e-05,0,0.000335592,-0.0142445
1.89273e-05,-0.0325451,-2.87868e-05,-1.28375e-05,0,0.000360422,-0.0120863
5.87741e-05,-0.0335294,-2.94471e-05,-1.34441e-05,0,0.000385057,-0.0125513
9.8621e-05,-0.0348221,-3.04237e-05,-1.40297e-05,0,0.000408728,-0.0130422
0.000138468,-0.0369731,-3.2299e-05,-1.46333e-05,0,0.000431166,-0.0138725
0.000178315,-0.0325518,-2.71795e-05,-1.52699e-05,0,0.000452229,-0.0120667
0.000218162,-0.0256176,-1.94062e-05,-1.58391e-05,0,0.0004718,-0.00935963
0.000258009,-0.0183909,-1.13515e-05,-1.62661e-05,0,0.000489762,-0.00657554
0.000297855,-0.0181226,-1.07197e-05,-1.65334e-05,0,0.000505994,-0.00657554
0,-0.0328102,-2.56164e-05,-1.67604e-05,0,3.24283e-05,-0.0128016
0,-0.0362521,-2.88508e-05,-1.74832e-05,0,3.07085e-05,-0.013957
0,-0.0387797,-3.11038e-05,-1.77828e-05,0,2.86414e-05,-0.0149146
0,-0.0422484,-3.43411e-05,-1.83302e-05,0,2.6601e-05,-0.0162618
0,-0.0425298,-3.41719e-05,-1.90009e-05,0,2.46767e-05,-0.0163219
0,-0.0406712,-3.17222e-05,-1.96852e-05,0,2.28841e-05,-0.0155764
0,-0.0379678,-2.83778e-05,-2.03318e-05,0,2.12197e-05,-0.0145263
0,-0.0382836,-2.82469e-05,-2.09161e-05,0,1.96759e-05,-0.0146945
0,-0.0329058,-2.20664e-05,-2.14817e-05,0,1.82443e-05,-0.0125432
0,-0.0279048,-1.63092e-05,-2.19539e-05,0,1.69169e-05,-0.0106294
0,-0.0263507,-1.42363e-05,-2.23089e-05,0,1.56861e-05,-0.0100861
0,-0.0231026,-1.0376e-05,-2.2604e-05,0,1.45449e-05,-0.00881358
0,-0.0208691,-7.61318e-06,-2.28308e-05,0,1.34867e-05,-0.00797208
0,-0.0167953,-2.91381e-06,-2.29969e-05,0,1.25056e-05,-0.0063802
0,-0.012551,1.93901e-06,-2.30787e-05,0,1.15959e-05,-0.00474842
0,-0.00672803,8.43734e-06,-2.30642e-05,0,1.07523e-05,-0.0024889
0,-0.00505722,1.04869e-05,-2.29279e-05,0,9.97018e-06,-0.00191137
0,-0.00491154,1.08939e-05,-2.27284e-05,0,9.24496e-06,-0.00187915
0,-0.00654295,9.39769e-06,-2.25126e-05,0,8.57251e-06,-0.00253308
0,-0.00806705,8.00788e-06,-2.23171e-05,0,7.949e-06,-0.00311691
0,-0.0100957,6.07564e-06,-2.215e-05,0,7.37085e-06,-0.0039038
0,-0.00982955,6.57651e-06,-2.20189e-05,0,6.83477e-06,-0.00376673
0,-0.00884134,7.83113e-06,-2.18898e-05,0,6.3377e-06,-0.00337648
0,-0.00713033,9.83683e-06,-2.17395e-05,0,5.8768e-06,-0.00270868
0,-0.00566515,1.15614e-05,-2.15528e-05,0,5.44942e-06,-0.00215009
0,-0.00542428,1.19666e-05,-2.13302e-05,0,5.05314e-06,-0.00207656
0,-0.00652529,1.0933e-05,-2.10929e-05,0,4.68569e-06,-0.00252002
0,-0.00886368,8.57824e-06,-2.0869e-05,0,4.34497e-06,-0.00343697
0,-0.0111353,6.29395e-06,-2.06857e-05,0,4.02904e-06,-0.0043083
0,-0.0111064,6.45299e-06,-2.05484e-05,0,3.73609e-06,-0.0042621
0,-0.0117609,5.87769e-06,-2.04201e-05,0,3.46445e-06,-0.00452398
0,-0.0140549,3.55636e-06,-2.02997e-05,0,3.21257e-06,-0.00543002
0,-0.016388,1.19679e-06,-2.0217e-05,0,2.97901e-06,-0.00632653
0,-0.0188033,-1.24516e-06,-2.01812e-05,0,2.76243e-06,-0.00725527
0,-0.0221672,-4.68741e-06,-2.01939e-05,0,2.56161e-06,-0.00856144
0,-0.0275265,-1.02356e-05,-2.02705e-05,0,2.3754e-06,-0.0106498
0,-0.0304629,-1.3187e-05,-2.04474e-05,0,2.20272e-06,-0.0117402
0,-0.0312171,-1.3806e-05,-2.06964e-05,0,2.04261e-06,-0.0119965
0,-0.0253205,-7.35768e-06,-2.09694e-05,0,1.89414e-06,-0.00963063
0,-0.0193544,-8.61213e-07,-2.11488e-05,0,1.75646e-06,-0.0073389
0,-0.0190379,-3.92613e-07,-2.11985e-05,0,1.6288e-06,-0.00730401
0,-0.0122001,6.99408e-06,-2.12087e-05,0,1.51042e-06,-0.00457879
0,-0.00526949,1.44421e-05,-2.11058e-05,0,1.40065e-06,-0.00191638
0,-0.00192278,1.80435e-05,-2.08542e-05,0,1.29886e-06,-0.000686358
0,-0.00179426,1.82005e-05,-2.05113e-05,0,1.20446e-06,-0.000686358
0.000617799,-0.0230754,-5.73258e-06,-2.01505e-05,0,0.00137445,-0.00857809
0.000485244,-0.0292405,-1.21467e-05,-2.01921e-05,0,0.0012715,-0.0107405
0.000428435,-0.0319259,-1.48392e-05,-2.03058e-05,0,0.00116239,-0.0117677
0.000333753,-0.0348324,-1.77496e-05,-2.05891e-05,0,0.00105966,-0.0129289
0.000239072,-0.0345945,-1.73026e-05,-2.09295e-05,0,0.000966941,-0.0128272
0.00014439,-0.0343191,-1.68108e-05,-2.12778e-05,0,0.000885086,-0.012755
4.97079e-05,-0.0338265,-1.6084e-05,-2.16165e-05,0,0.000813964,-0.0125934
0,-0.0356476,-1.78111e-05,-2.19418e-05,0,0.000752048,-0.0133565
0,-0.0317809,-1.34862e-05,-2.22894e-05,0,0.000696624,-0.0118108
0,-0.0263217,-7.48418e-06,-2.25808e-05,0,0.000645754,-0.00971455
0,-0.0225928,-3.34312e-06,-2.27604e-05,0,0.000598722,-0.00833174
0,-0.0173757,2.35905e-06,-2.2848e-05,0,0.00055515,-0.00632662
0,-0.0145174,5.52876e-06,-2.28293e-05,0,0.000514758,-0.00528456
0,-0.0121917,8.11331e-06,-2.27346e-05,0,0.000477309,-0.00441763
0,-0.0113418,9.11233e-06,-2.25853e-05,0,0.000442586,-0.00413051
0,-0.0117204,8.79465e-06,-2.2408e-05,0,0.00041039,-0.00431002
0,-0.0131201,7.38589e-06,-2.22305e-05,0,0.000380537,-0.00487735
0,-0.0152955,5.15216e-06,-2.20758e-05,0,0.000352856,-0.00573768
0,-0.0191791,1.10814e-06,-2.19616e-05,0,0.00032719,-0.0072672
0,-0.0223091,-2.12293e-06,-2.19192e-05,0,0.000303392,-0.0084688
0,-0.0246617,-4.51704e-06,-2.19455e-05,0,0.000281326,-0.00937071
0,-0.0253415,-5.12557e-06,-2.20239e-05,0,0.000260865,-0.00961585
0,-0.0253564,-5.02547e-06,-2.21233e-05,0,0.000241892,-0.00962043
0,-0.0245964,-4.10294e-06,-2.22243e-05,0,0.000224301,-0.00932515
0,-0.0236353,-2.97094e-06,-2.2311e-05,0,0.000207989,-0.00896083
0,-0.0223713,-1.52294e-06,-2.23761e-05,0,0.000192864,-0.00847809
0,-0.022055,-1.08877e-06,-2.24138e-05,0,0.000178839,-0.00837787
0,-0.0216439,-5.57627e-07,-2.24377e-05,0,0.000165835,-0.00822478
0,-0.0224939,-1.36976e-06,-2.24515e-05,0,0.000153776,-0.0085762
0,-0.0238481,-2.71569e-06,-2.24749e-05,0,0.000142595,-0.00910922
0,-0.0258146,-4.70725e-06,-2.25225e-05,0,0.000132227,-0.0098786
0,-0.0285446,-7.50116e-06,-2.26066e-05,0,0.000122613,-0.0109431
0,-0.0304888,-9.38548e-06,-2.27427e-05,0,4.67414e-05,-0.0123795
0,-0.033883,-1.27981e-05,-2.2921e-05,0,-0.000114924,-0.0138239
0,-0.0358931,-1.47224e-05,-2.31599e-05,0,-0.000299553,-0.0146906
0,-0.0377168,-1.6435e-05,-2.34447e-05,0,-0.000491286,-0.0154991
0,-0.0384279,-1.69529e-05,-2.37649e-05,0,-0.000685987,-0.0158603
-8.10445e-05,-0.0345756,-1.26174e-05,-2.41013e-05,0,-0.000880367,-0.0144096
-0.000271737,-0.0283973,-5.8261e-06,-2.43753e-05,0,-0.00106939,-0.0120927
-0.00046243,-0.0249381,-1.9494e-06,-2.45258e-05,0,-0.00124951,-0.0108893
-0.000653123,-0.0253117,-2.16022e-06,-2.45842e-05,0,-0.00141977,-0.0111668
-0.000843816,-0.0219634,1.57859e-06,-2.46263e-05,0,-0.00157982,-0.0098918
-0.00103451,-0.0196668,4.18088e-06,-2.46135e-05,0,-0.00172942,-0.00908612
-0.0012252,-0.0181011,5.99033e-06,-2.45429e-05,0,-0.00186835,-0.00854877
-0.0014159,-0.0156217,8.7554e-06,-2.44321e-05,0,-0.00199631,-0.00762828
0.00125381,-0.040047,-1.75457e-05,-2.43123e-05,0,0.000747416,-0.0154834
0.00100114,-0.043691,-2.12607e-05,-2.46596e-05,0,0.000643065,-0.0165851
0.00087242,-0.0432802,-2.06504e-05,-2.4928e-05,0,0.000551017,-0.0163975
0.000681727,-0.043422,-2.06198e-05,-2.53441e-05,0,0.000471042,-0.0164828
0.000491034,-0.0421168,-1.90441e-05,-2.57566e-05,0,0.00040416,-0.0159778
0.000300341,-0.0393189,-1.58823e-05,-2.61454e-05,0,0.000350955,-0.0148958
0.000109648,-0.0364186,-1.26188e-05,-2.64788e-05,0,0.000311371,-0.0137934
0,-0.0369766,-1.30363e-05,-2.67475e-05,0,0.000283013,-0.0140716
0,-0.0324083,-8.00584e-06,-2.70062e-05,0,0.00026095,-0.0122489
0,-0.0256994,-7.21997e-07,-2.71914e-05,0,0.0002416,-0.00964927
0,-0.0194487,6.04278e-06,-2.72423e-05,0,0.000223947,-0.00726472
0,-0.0133914,1.25682e-05,-2.71553e-05,0,0.000207652,-0.00494971
0,-0.00675545,1.96714e-05,-2.69365e-05,0,0.000192562,-0.00240016
0,-0.00313649,2.35288e-05,-2.65786e-05,0,0.000178574,-0.00106355
0,-0.000218513,2.66108e-05,-2.61273e-05,0,0.000165603,3.9884e-05
0,0.00121785,2.80904e-05,-2.56105e-05,0,0.000153575,0.00056294
0,0.0010782,2.78734e-05,-2.50561e-05,0,0.000142422,0.000479852
0,-0.00244915,2.4044e-05,-2.44976e-05,0,0.000132078,-0.00093132
0,-0.00728459,1.8827e-05,-2.39975e-05,0,0.000122487,-0.00281252
0,-0.0117232,1.40415e-05,-2.35949e-05,0,0.000113592,-0.00451492
0,-0.0143541,1.11868e-05,-2.32902e-05,0,0.000105343,-0.0055013
0,-0.0149673,1.04798e-05,-2.30521e-05,0,9.76941e-05,-0.00570945
0,-0.0121993,1.336e-05,-2.2839e-05,0,9.06005e-05,-0.00459827
0,-0.0104378,1.51532e-05,-2.25862e-05,0,8.40222e-05,-0.00394049
0,-0.00816411,1.74752e-05,-2.22921e-05,0,7.79218e-05,-0.00306258
0,-0.00690029,1.8707e-05,-2.19542e-05,0,7.22645e-05,-0.0025955
0,-0.00746792,1.79803e-05,-2.15862e-05,0,6.70181e-05,-0.00284401
0,-0.00830505,1.69619e-05,-2.12226e-05,0,6.21528e-05,-0.00317188
0,-0.00741333,1.77754e-05,-2.08783e-05,0,5.76409e-05,-0.00280517
0,-0.00543743,1.97289e-05,-2.05269e-05,0,5.34566e-05,-0.00203191
0,-0.00502407,2.00068e-05,-2.01421e-05,0,4.95763e-05,-0.00189899
0,-0.00473956,2.01381e-05,-1.97433e-05,0,4.59777e-05,-0.00179344
0,-0.00563655,1.90227e-05,-1.93412e-05,0,2.481e-05,-0.0023436
0,-0.00971616,1.45254e-05,-1.89552e-05,0,-1.91345e-05,-0.00399093
0,-0.0133654,1.04984e-05,-1.86422e-05,0,-6.91307e-05,-0.00541691
0,-0.0172635,6.22122e-06,-1.84121e-05,0,-0.000120964,-0.00694746
0,-0.0210056,2.12678e-06,-1.82663e-05,0,-0.00017355,-0.00841033
-1.91142e-05,-0.0235275,-6.53441e-07,-1.82033e-05,0,-0.00022607,-0.00938655
-7.00855e-05,-0.0221497,7.21463e-07,-1.82024e-05,0,-0.000277187,-0.00882245
-0.000121057,-0.0198343,3.08917e-06,-1.81949e-05,0,-0.00032591,-0.0079416
-0.000172028,-0.0151846,7.92694e-06,-1.81449e-05,0,-0.000371969,-0.00614103
-0.000222999,-0.010905,1.23509e-05,-1.80106e-05,0,-0.000415271,-0.00452187
-0.00027397,-0.00845491,1.48108e-05,-1.77857e-05,0,-0.000455757,-0.00362551
-0.000324942,-0.00479929,1.85354e-05,-1.75018e-05,0,-0.000493367,-0.00221776
-0.000375913,-0.00220071,2.11157e-05,-1.71497e-05,0,-0.000528028,-0.00124863
0.000337685,-0.0187389,5.22598e-06,-1.6779e-05,0,0.000204918,-0.00734495
0.000270148,-0.0204553,3.19134e-06,-1.65739e-05,0,0.000176601,-0.0078124
0.000235742,-0.0205469,2.89495e-06,-1.65207e-05,0,0.000151585,-0.00783145
0.000184771,-0.0208039,2.42809e-06,-1.64613e-05,0,0.000129807,-0.00793883
0.0001338,-0.0208192,2.22404e-06,-1.64104e-05,0,0.000111537,-0.00794603
8.28283e-05,-0.02058,2.29511e-06,-1.63649e-05,0,9.69338e-05,-0.00785447
3.1857e-05,-0.0201563,2.56576e-06,-1.63194e-05,0,8.59945e-05,-0.00769249
0,-0.0227414,-3.55326e-07,-1.62694e-05,0,7.81323e-05,-0.00873416
0,-0.0219031,3.75162e-07,-1.62619e-05,0,7.20342e-05,-0.00836256
0,-0.0183919,3.94511e-06,-1.6258e-05,0,6.66916e-05,-0.006976
0,-0.0174353,4.79112e-06,-1.6197e-05,0,6.1819e-05,-0.00665014
0,-0.0137867,8.49374e-06,-1.61054e-05,0,5.73219e-05,-0.00521015
0,-0.011061,1.12015e-05,-1.5954e-05,0,5.31571e-05,-0.00417976
0,-0.00960451,1.25492e-05,-1.57435e-05,0,4.92964e-05,-0.00364181
0,-0.00822934,1.38028e-05,-1.54993e-05,0,4.57166e-05,-0.00311677
0,-0.00818685,1.36334e-05,-1.52295e-05,0,4.23969e-05,-0.00312245
0,-0.00970549,1.18045e-05,-1.4956e-05,0,3.93185e-05,-0.00373093
0,-0.0119548,9.20559e-06,-1.47108e-05,0,3.64637e-05,-0.0046071
0,-0.0150706,5.6968e-06,-1.45137e-05,0,3.38162e-05,-0.00581799
0,-0.0177187,2.70053e-06,-1.43822e-05,0,3.13611e-05,-0.00682873
0,-0.0199211,1.92844e-07,-1.43132e-05,0,2.90843e-05,-0.0076686
0,-0.0201059,-1.58002e-07,-1.42968e-05,0,2.69729e-05,-0.00770964
0,-0.0192983,5.5078e-07,-1.42982e-05,0,2.50148e-05,-0.00738532
0,-0.0177106,2.08927e-06,-1.42907e-05,0,2.31989e-05,-0.00676461
0,-0.0168727,2.82856e-06,-1.42566e-05,0,2.15149e-05,-0.0064552
0,-0.0169317,2.61542e-06,-1.42038e-05,0,1.99533e-05,-0.00649233
0,-0.0175314,1.83177e-06,-1.41504e-05,0,1.8505e-05,-0.00673155
0,-0.018823,3.1968e-07,-1.41098e-05,0,1.71619e-05,-0.00723872
0,-0.0209078,-2.02458e-06,-1.40959e-05,0,1.59163e-05,-0.00805193
0,-0.0222265,-3.54104e-06,-1.41246e-05,0,1.47612e-05,-0.00854705
0,-0.0249751,-6.56389e-06,-1.41879e-05,0,1.36899e-05,-0.00962482
0,-0.0270448,-8.8465e-06,-1.4304e-05,0,1.26965e-05,-0.0104095
0,-0.0287398,-1.06522e-05,-1.44696e-05,0,-5.4074e-05,-0.0117432
0,-0.0326431,-1.47854e-05,-1.46736e-05,0,-0.00020579,-0.0133899
0,-0.0351789,-1.74382e-05,-1.49486e-05,0,-0.000380628,-0.0144543
0,-0.0389243,-2.13519e-05,-1.52841e-05,0,-0.000562979,-0.016018
0,-0.0404731,-2.29035e-05,-1.56916e-05,0,-0.000748842,-0.0166806
-6.14087e-05,-0.0395935,-2.1856e-05,-1.61419e-05,0,-0.000935338,-0.0164007
-0.000250359,-0.032285,-1.39737e-05,-1.65843e-05,0,-0.00111749,-0.0135841
-0.000439309,-0.0240885,-5.17196e-06,-1.69031e-05,0,-0.00129139,-0.0105039
-0.000628259,-0.0219006,-2.78186e-06,-1.70506e-05,0,-0.00145596,-0.00982891
-0.000817209,-0.0193864,-5.34208e-08,-1.71182e-05,0,-0.00161081,-0.00892407
-0.00100616,-0.0164364,3.12661e-06,-1.71329e-05,0,-0.00175568,-0.00784279
-0.00119511,-0.0151142,4.5634e-06,-1.70863e-05,0,-0.00189032,-0.00741094
-0.00138406,-0.0143224,5.42831e-06,-1.70022e-05,0,-0.00201442,-0.007159
0.00126124,-0.0366726,-2.04767e-05,-1.69109e-05,0,0.000706605,-0.0142019
0.00100143,-0.0389633,-2.27952e-05,-1.73488e-05,0,0.000605377,-0.0147675
0.000883341,-0.0397426,-2.34931e-05,-1.76222e-05,0,0.000516073,-0.0150753
0.000694391,-0.0405869,-2.42448e-05,-1.80885e-05,0,0.000438361,-0.0154218
0.000505441,-0.0400288,-2.34921e-05,-1.85697e-05,0,0.000373339,-0.0152033
0.000316491,-0.0360997,-1.91521e-05,-1.90433e-05,0,0.000321642,-0.0136572
0.000127541,-0.0328759,-1.55695e-05,-1.9448e-05,0,0.000283331,-0.0124419
0,-0.0354759,-1.8178e-05,-1.97773e-05,0,0.000256452,-0.0135394
0,-0.0352079,-1.77234e-05,-2.01278e-05,0,0.000236173,-0.0134015
0,-0.0321852,-1.43389e-05,-2.04846e-05,0,0.000218585,-0.012207
0,-0.0313479,-1.3283e-05,-2.07883e-05,0,0.000202594,-0.0119265
0,-0.0294937,-1.11476e-05,-2.10592e-05,0,0.000187849,-0.0112061
0,-0.0276808,-9.06157e-06,-2.12928e-05,0,0.000174197,-0.0105172
0,-0.0276065,-8.828e-06,-2.14845e-05,0,0.000161543,-0.0105213
0,-0.0293447,-1.05182e-05,-2.16622e-05,0,0.00014981,-0.011222
0,-0.0369581,-1.8437e-05,-2.18642e-05,0,0.00013893,-0.0142404
0,-0.0490871,-3.11114e-05,-2.21933e-05,0,0.00012884,-0.0189714
0,-0.0701774,-5.32354e-05,-2.27522e-05,0,0.000119484,-0.0272108
0,-0.09,-0.000246553,-2.37062e-05,0,0.000110807,-0.0373745
0,-0.09,-0.00148002,-2.76707e-05,0,0.000102761,-0.0475631
0,-0.09,-0.00540435,-4.43197e-05,0,9.5299e-05,-0.0584537
0,-0.09,-0.015239,-0.000111201,0,8.83794e-05,-0.0683544
0,-0.09,-0.0365801,-0.000312717,0,8.19624e-05,-0.0764123
0,-0.09,-0.0943597,-0.000820237,-0.00560874,7.60116e-05,-0.085197
0,-0.09,-0.185982,-0.00204297,-0.0651084,7.0493e-05,-0.092766
0,-0.09,-0.294856,-0.00480057,-0.114953,6.53753e-05,-0.0994261
0,-0.09,-0.472712,-0.00928233,-0.131921,6.06293e-05,-0.111414
0,-0.09,-0.776946,-0.0162466,-0.139246,5.6228e-05,-0.126158
0,-0.09,-2.56755,-0.0275262,-0.123298,5.21463e-05,-0.139085
0,-0.09,-10,-0.0556328,-0.103259,4.83611e-05,-0.151591
0,-0.09,-9.88263,-0.213335,-0.0692228,-0.00383517,-0.167912
0,-0.09,-9.5767,-0.702689,-0.0297171,-0.0131939,-0.179906
0,-0.09,-9.27928,-0.868858,-0.0188879,-0.0244484,-0.185896
0,-0.09,-8.97989,-0.969265,-0.0149123,-0.0360075,-0.185367
-0.00244063,-0.0924406,-8.6739,-1.10262,-0.0119628,-0.0473499,-0.185595
-0.0132879,-0.103288,-8.35705,-1.27946,-0.0117573,-0.0582863,-0.182741
-0.0241351,-0.114135,-8.03404,-1.44993,-0.00302247,-0.0686888,-0.173627
-0.0349823,-0.124982,-7.71138,-1.61416,1.14004e-09,-0.0785219,-0.167802
-0.0458296,-0.13583,-7.39189,-1.77178,-1.55096e-25,-0.0877715,-0.161097
-0.0566768,-0.146677,-7.0769,-1.92297,2.29589e-41,-0.0964271,-0.155229
-0.067524,-0.149541,-6.76711,-2.06766,-2.54895e-57,-0.104476,-0.151847
-0.0783713,-0.144111,-6.4631,-2.2061,5.6598e-73,-0.111904,-0.152186
0.07349,-0.01651,-6.4632,-2.33688,-1.41382e-88,0.0440175,0.00510435
0.0626428,-0.0273572,-6.16102,-2.46614,2.7905e-104,0.0378928,-0.00315076
0.0517956,-0.0382044,-5.86501,-2.59239,-6.19615e-120,0.0324562,-0.011493
0.0409483,-0.0490517,-5.57513,-2.71265,1.37582e-135,0.027737,-0.0190473
0.0301011,-0.0598989,-5.29091,-2.82705,-3.05494e-151,0.0237664,-0.0195552
0.0192538,-0.0650165,-5.01234,-2.93571,5.08749e-167,0.0205731,-0.0179087
0.00840661,-0.0562108,-4.73969,-3.03874,-7.531e-183,0.0181634,-0.0149513
0,-0.0488497,-4.47302,-3.1349,1.67222e-198,0.016447,-0.0126811
0,-0.0452309,-4.21233,-3.22569,-3.71307e-214,0.0151481,-0.0118162
0,-0.0478169,-3.95759,-3.31124,8.24467e-230,0.0140203,-0.0133262
0,-0.0434597,-3.70876,-3.39167,-1.83068e-245,0.0129946,-0.0119315
0,-0.0401578,-3.46582,-3.46709,4.06494e-261,0.0120486,-0.0110312
0,-0.0377104,-3.22873,-3.53762,-9.02597e-277,0.0111728,-0.0104255
0,-0.037244,-2.99746,-3.60338,2.00417e-292,0.010361,-0.0105696
0,-0.0384288,-2.77197,-3.66448,-4.45015e-308,0.00960835,-0.0113168
0,-0.0432959,-2.55222,-3.72105,-1.97626e-323,0.00891039,-0.0134853
0,-0.0484079,-2.33816,-3.77319,-1.97626e-323,0.00826316,-0.0156732
0,-0.0485549,-2.12973,-3.82103,-1.97626e-323,0.00766296,-0.0158548
0,-0.0472073,-1.92689,-3.86466,-1.97626e-323,0.00710638,-0.0154972
0,-0.0451213,-1.72959,-3.90422,-1.97626e-323,0.00659025,-0.0148507
0,-0.0466042,-1.53779,-3.93979,-1.97626e-323,0.00611162,-0.0156248
0,-0.051996,-1.35142,-3.97151,-1.97626e-323,0.00566777,-0.0178906
0,-0.0570384,-1.17042,-3.99947,-1.97626e-323,0.00525616,-0.0199437
0,-0.0574965,-0.994736,-4.02378,-1.97626e-323,0.00487446,-0.0201597
0,-0.0518387,-0.824302,-4.04456,-1.97626e-323,0.0045205,-0.017993
0,-0.0471216,-0.659057,-4.06189,-1.97626e-323,0.00419225,-0.0162854
0,-0.0436334,-0.498943,-4.0759,-1.97626e-323,0.00388784,-0.0150448
0,-0.0401909,-0.343893,-4.08668,-1.97626e-323,0.00360555,-0.0137952
0,-0.037003,-0.193842,-4.09433,-1.97626e-323,0.00334377,-0.0126387
0,-0.0319664,-0.0487196,-4.09896,-1.97626e-323,0.003101,-0.0107331
0,-0.0283334,0.091538,-4.10066,-1.97626e-323,0.00287587,-0.00940986
0,-0.0267043,0.227,-4.09953,-1.97626e-323,0.00266708,-0.00885936
0,-0.0248177,0.357738,-4.09567,-1.97626e-323,0.0024493,-0.00842331
0,-0.026573,0.483821,-4.08917,-1.97626e-323,0.00221437,-0.00922927
0,-0.0239991,0.605327,-4.08012,-1.97626e-323,0.00198397,-0.00824566
0,-0.0213664,0.722324,-4.06862,-1.97626e-323,0.00176287,-0.00729934
0,-0.0154605,0.83489,-4.05476,-1.97626e-323,0.00155163,-0.00504147
-1.57227e-05,-0.00484539,0.943099,-4.03863,-1.97626e-323,0.00135034,-0.00094793
-8.56014e-05,6.77081e-06,1.04701,-4.02031,-1.97626e-323,0.00116007,0.000777902
-0.00015548,0.00420287,1.14671,-3.99988,-1.97626e-323,0.000981701,0.00233535
-0.000225359,0.00127892,1.24227,-3.97745,-1.97626e-323,0.000815027,0.00106504
-0.000295238,6.579e-05,1.33376,-3.95308,-1.97626e-323,0.000659597,0.000591672
-0.000365116,-0.00330266,1.42126,-3.92686,-1.97626e-323,0.000514948,-0.000763967
-0.000434995,-0.0107275,1.50485,-3.89888,-1.97626e-323,0.000380657,-0.00370199
-0.000504874,-0.00969711,1.5846,-3.8692,-1.97626e-323,0.000256355,-0.00319798
0.000473428,-0.0217099,1.66058,-3.8379,-1.97626e-323,0.00118991,-0.00731827
0.000377345,-0.0128818,1.73248,-3.79262,-1.97626e-323,0.00108495,-0.00360533
0.000333671,-0.00579711,1.80122,-3.77136,-1.97626e-323,0.000989255,-0.000925439
0.000263792,0.00247004,1.86642,-3.73568,-1.97626e-323,0.000902341,0.00225793
0.000193913,0.00344905,1.92815,-3.69867,-1.97626e-323,0.000824289,0.0025153
0.000124035,0.00179005,1.9865,-3.66042,-1.97626e-323,0.000755035,0.00183273
5.4156e-05,-0.00460867,2.04152,-3.62098,-1.97626e-323,0.000694359,-0.0007006
0,-0.0138234,2.09331,-3.58043,-1.97626e-323,0.000641424,-0.00428473
0,-0.0188713,2.14194,-3.53882,-1.97626e-323,0.000594218,-0.00616145
0,-0.0159407,2.18749,-3.49622,-1.97626e-323,0.000550932,-0.00491602
0,-0.0161955,2.23002,-3.4527,-1.97626e-323,0.000510918,-0.00506436
0,-0.0106689,2.26962,-3.40831,-1.97626e-323,0.000473841,-0.00285539
0,-0.00766581,2.30634,-3.36312,-1.97626e-323,0.000439465,-0.00174243
0,-0.00433943,2.34027,-3.31718,-1.97626e-323,0.000407586,-0.00046169
0,-0.00220375,2.37146,-3.27054,-1.97626e-323,0.000378021,0.000338676
0,-0.000716327,2.4,-3.22327,-1.97626e-323,0.000350602,0.00089839
0,-0.00280988,2.42595,-3.17541,-1.97626e-323,0.000325173,3.81432e-05
0,-0.0052524,2.44939,-3.12702,-1.97626e-323,0.000301589,-0.000906726
0,-0.00726952,2.47038,-3.07815,-1.97626e-323,0.000279716,-0.00167658
0,-0.00771013,2.48899,-3.02885,-1.97626e-323,0.000259431,-0.00182371
0,-0.00608294,2.5053,-2.97916,-1.97626e-323,0.000240617,-0.00116961
0,-0.00539916,2.51936,-2.92914,-1.97626e-323,0.000223168,-0.000924144
0,-0.0070447,2.53124,-2.87882,-1.97626e-323,0.000206986,-0.00159454
0,-0.0103302,2.541,-2.82825,-1.97626e-323,0.000191977,-0.00288433
0,-0.0142455,2.54872,-2.77748,-1.97626e-323,0.000178057,-0.00440079
0,-0.0161518,2.55446,-2.72655,-1.97626e-323,0.000165147,-0.00510579
0,-0.0165853,2.55828,-2.67549,-1.97626e-323,0.000153174,-0.00525387
0,-0.0170026,2.56024,-2.62434,-1.97626e-323,0.000142069,-0.00541839
0,-0.019622,2.5604,-2.57314,-1.97626e-323,0.000131769,-0.00646271
0,-0.0233927,2.55882,-2.52194,-1.97626e-323,0.000122217,-0.00793339
0,-0.0279259,2.55557,-2.47075,-1.97626e-323,0.000113357,-0.00969119
0,-0.0329501,2.5507,-2.41962,-1.97626e-323,0.00010514,-0.0116337
0,-0.0355737,2.54427,-2.36859,-1.97626e-323,1.71011e-05,-0.0134534
0,-0.0405633,2.53633,-2.31767,-1.97626e-323,-0.000174208,-0.0155518
0,-0.0443524,2.52695,-2.2669,-1.97626e-323,-0.00039333,-0.017132
0,-0.0508355,2.51617,-2.21632,-1.97626e-323,-0.000621268,-0.0198014
0,-0.0547645,2.50406,-2.16594,-1.97626e-323,-0.000853289,-0.0214031
-5.23142e-05,-0.0590943,2.49067,-2.1158,-1.97626e-323,-0.00108639,-0.0231967
-0.000284822,-0.0551215,2.47604,-2.06592,-1.97626e-323,-0.00131452,-0.0216607
-0.000517329,-0.0482702,2.46025,-2.01632,-1.97626e-323,-0.00153245,-0.0190939
-0.000749836,-0.0441495,2.44332,-1.96704,-1.97626e-323,-0.00173875,-0.0176525
-0.000982344,-0.038895,2.42531,-1.91809,-1.97626e-323,-0.00193292,-0.0157076
-0.00121485,-0.0309652,2.40627,-1.86949,-1.97626e-323,-0.00211468,-0.0127033
-0.00144736,-0.0240569,2.38625,-1.82127,-1.97626e-323,-0.00228371,-0.0101391
-0.00167987,-0.019125,2.36529,-1.77345,-1.97626e-323,-0.00243968,-0.00834018
0.00157524,-0.0454545,2.3434,-1.72604,-1.97626e-323,0.000905449,-0.0166245
0.00134273,-0.049296,2.32069,-1.67906,-1.97626e-323,0.000776948,-0.0177509
0.00111022,-0.0525488,2.29718,-1.63253,-1.97626e-323,0.000662996,-0.0190337
0.000877716,-0.0563315,2.27291,-1.58647,-1.97626e-323,0.00056423,-0.0205314
0.000645208,-0.0570966,2.24792,-1.54089,-1.97626e-323,0.000481338,-0.0208115
0.000412701,-0.0549952,2.22226,-1.49581,-1.97626e-323,0.000414943,-0.0199895
0.000180193,-0.0512036,2.19596,-1.45123,-1.97626e-323,0.000365195,-0.0185337
0,-0.0512156,2.16907,-1.40718,-1.97626e-323,0.000330169,-0.0186205
0,-0.0497441,2.14161,-1.36367,-1.97626e-323,0.000303962,-0.0180556
0,-0.0426755,2.11364,-1.3207,-1.97626e-323,0.000281304,-0.0152779
0,-0.0369132,2.08519,-1.27829,-1.97626e-323,0.000260722,-0.0131068
0,-0.0288163,2.05629,-1.23644,-1.97626e-323,0.000241748,-0.00998313
0,-0.0235064,2.02697,-1.19517,-1.97626e-323,0.000224182,-0.00800748
0,-0.018806,1.99727,-1.15448,-1.97626e-323,0.000207901,-0.00623204
0,-0.0168502,1.96721,-1.11439,-1.97626e-323,0.000192804,-0.00554266
0,-0.017821,1.93684,-1.07489,-1.97626e-323,0.000178804,-0.00597937
0,-0.0199644,1.90619,-1.03601,-1.97626e-323,0.000165822,-0.00683906
0,-0.0231519,1.87527,-0.997729,-1.97626e-323,0.000153782,-0.0080973
0,-0.0279421,1.84413,-0.960069,-1.97626e-323,0.000142617,-0.00997916
0,-0.030708,1.8128,-0.92303,-1.97626e-323,0.000132263,-0.0110279
0,-0.0329371,1.7813,-0.886618,-1.97626e-323,0.000122662,-0.011893
0,-0.0342062,1.74966,-0.850834,-1.97626e-323,0.000113757,-0.0123828
0,-0.0355206,1.7179,-0.815683,-1.97626e-323,0.000105499,-0.0129051
0,-0.0362329,1.68606,-0.781166,-1.97626e-323,9.78413e-05,-0.0131861
0,-0.0366113,1.65414,-0.747286,-1.97626e-323,9.07394e-05,-0.0133427
0,-0.036241,1.62219,-0.714043,-1.97626e-323,8.41533e-05,-0.0132053
0,-0.0366935,1.59022,-0.68144,-1.97626e-323,7.80454e-05,-0.0134076
0,-0.0360803,1.55825,-0.649475,-1.97626e-323,7.23811e-05,-0.0131717
0,-0.0335231,1.52631,-0.618151,-1.97626e-323,6.71281e-05,-0.0121756
0,-0.0315639,1.49442,-0.587465,-1.97626e-323,6.22564e-05,-0.0114479
0,-0.0298007,1.46259,-0.557417,-1.97626e-323,5.77385e-05,-0.0107891
0,-0.0303401,1.43085,-0.528006,-1.97626e-323,5.35487e-05,-0.0110465
0,-0.0316943,1.3992,-0.49923,-1.97626e-323,4.9663e-05,-0.0115938
0,-0.0331476,1.36768,-0.471088,-1.97626e-323,-4.24079e-05,-0.0130772
0,-0.0366484,1.3363,-0.443577,-1.97626e-323,-0.000248416,-0.014615
0,-0.0404008,1.30507,-0.416694,-1.97626e-323,-0.000485257,-0.0162178
0,-0.0436181,1.27401,-0.390436,-1.97626e-323,-0.000731766,-0.0175962
0,-0.0449549,1.24314,-0.364801,-1.97626e-323,-0.000981784,-0.0182237
-0.00022465,-0.0408121,1.21248,-0.339784,-1.97626e-323,-0.00122843,-0.0166828
-0.000467515,-0.0315623,1.18203,-0.315381,-1.97626e-323,-0.00146497,-0.0131769
-0.000710381,-0.0284405,1.15181,-0.291588,-1.97626e-323,-0.00168925,-0.012186
-0.000953246,-0.0255948,1.12183,-0.268401,-1.97626e-323,-0.00190062,-0.0112013
-0.00119611,-0.0212592,1.09211,-0.245814,-1.97626e-323,-0.00209876,-0.00960765
-0.00143898,-0.0197814,1.06265,-0.223823,-1.97626e-323,-0.0022834,-0.0091681
-0.00168184,-0.018539,1.03346,-0.202423,-1.97626e-323,-0.00245421,-0.00876932
0.00171827,-0.0416733,1.00453,-0.181608,-1.97626e-323,0.00103217,-0.0156253
0.00140255,-0.0444526,0.975714,-0.155346,-1.97626e-323,0.000890922,-0.0163753
0.00123254,-0.0447476,0.947413,-0.141527,-1.97626e-323,0.000765057,-0.0165063
0.000989675,-0.0433132,0.919428,-0.122437,-1.97626e-323,0.000654376,-0.0159721
0.00074681,-0.0423114,0.891765,-0.103909,-1.97626e-323,0.000560089,-0.0156314
0.000503945,-0.039189,0.864435,-0.0859352,-1.97626e-323,0.000483028,-0.0144326
0.00026108,-0.0370642,0.837442,-0.0685099,-1.97626e-323,0.000423682,-0.0136608
1.82149e-05,-0.0382954,0.81079,-0.0516261,-1.97626e-323,0.0003813,-0.0142109
0,-0.0407141,0.784487,-0.035277,-1.97626e-323,0.000350219,-0.0151819
0,-0.0349226,0.758551,-0.0194557,-1.97626e-323,0.000323891,-0.0128552
0,-0.0312399,0.732974,-0.00415504,-1.97626e-323,0.000300129,-0.0114953
0,-0.0264781,0.707767,0.0106323,-1.97626e-323,0.000278266,-0.00967115
0,-0.023018,0.682929,0.0249137,-1.97626e-323,0.000258036,-0.00838239
0,-0.019748,0.658469,0.0386965,-1.97626e-323,0.000239288,-0.00714875
0,-0.0163532,0.634388,0.0519881,-1.97626e-323,0.000221906,-0.00586153
0,-0.0159163,0.610688,0.0647963,-1.97626e-323,0.000205787,-0.00575651
0,-0.0145441,0.587376,0.0771286,-1.97626e-323,0.000190841,-0.00523198
0,-0.0147664,0.564451,0.0889927,-1.97626e-323,0.00017698,-0.00535775
0,-0.016358,0.541917,0.100396,-1.97626e-323,0.000164126,-0.00600521
0,-0.0169843,0.519778,0.111347,-1.97626e-323,0.000152207,-0.00624564
0,-0.0187665,0.498033,0.121854,-1.97626e-323,0.000141153,-0.00696179
0,-0.0180357,0.476688,0.131923,-1.97626e-323,0.000130903,-0.00665634
0,-0.0163308,0.455742,0.141563,-1.97626e-323,0.000121397,-0.00599992
0,-0.0148107,0.435194,0.150783,-1.97626e-323,0.000112582,-0.00543169
0,-0.0132053,0.415045,0.15959,-1.97626e-323,0.000104408,-0.00482616
0,-0.0114755,0.395295,0.167991,-1.97626e-323,9.68268e-05,-0.00417179
0,-0.0109195,0.375944,0.175996,-1.97626e-323,8.97967e-05,-0.00398758
0,-0.010868,0.356991,0.183612,-1.97626e-323,8.32772e-05,-0.00398637
0,-0.00949285,0.338437,0.190846,-1.97626e-323,7.72313e-05,-0.00344859
0,-0.00761384,0.320281,0.197708,-1.97626e-323,7.16245e-05,-0.00272953
0,-0.00523383,0.302522,0.204204,-1.97626e-323,6.64249e-05,-0.00181779
0,-0.00751766,0.285152,0.210343,-1.97626e-323,6.1603e-05,-0.00277553
0,-0.0105565,0.268175,0.216133,-1.97626e-323,5.71313e-05,-0.00396295
0,-0.013088,0.251589,0.221582,-1.97626e-323,-5.73007e-06,-0.00554268
0,-0.0175191,0.235391,0.226696,-1.97626e-323,-0.000144085,-0.0073808
0,-0.022025,0.219581,0.231485,-1.97626e-323,-0.000302801,-0.00921686
0,-0.0255555,0.204156,0.235956,-1.97626e-323,-0.000467883,-0.0106578
0,-0.0269244,0.189115,0.240116,-1.97626e-323,-0.000635423,-0.011245
-0.00011857,-0.0262671,0.174457,0.243973,-1.97626e-323,-0.00080151,-0.0110502
-0.000282116,-0.0203629,0.16018,0.247536,-1.97626e-323,-0.000961695,-0.00878477
-0.000445661,-0.0132924,0.146279,0.250811,-1.97626e-323,-0.00111389,-0.00612726
-0.000609206,-0.0107881,0.132743,0.253806,-1.97626e-323,-0.0012575,-0.00530392
-0.000772751,-0.00872397,0.119573,0.256529,-1.97626e-323,-0.00139227,-0.00457961
-0.000936296,-0.00716578,0.106766,0.258986,-1.97626e-323,-0.00151803,-0.00404393
-0.00109984,-0.00676719,0.0943184,0.261185,-1.97626e-323,-0.00163454,-0.00395705
0.00118979,-0.0252595,0.0822041,0.263134,-1.97626e-323,0.00071161,-0.00972849
0.00102625,-0.0263835,0.0704633,0.264838,-1.97626e-323,0.000614387,-0.00989286
0.000862701,-0.0279916,0.0590704,0.266306,-1.97626e-323,0.000527329,-0.010549
0.000699156,-0.0269836,0.0480246,0.267545,-1.97626e-323,0.000450851,-0.0101484
0.000535611,-0.0253778,0.0373198,0.268561,-1.97626e-323,0.000385414,-0.0095451
0.000372065,-0.0220974,0.0269526,0.26936,-1.97626e-323,0.000331491,-0.00827897
0.00020852,-0.0211007,0.0169147,0.269951,-1.97626e-323,0.000289424,-0.00794766
4.49749e-05,-0.0207837,0.00720337,0.27034,-1.97626e-323,0.000258877,-0.00785074
0,-0.0235637,-0.00218852,0.270532,-1.97626e-323,0.000236736,-0.00897847
0,-0.0186593,-0.011254,0.270536,-1.97626e-323,0.000218665,-0.00698964
0,-0.0136755,-0.0200058,0.270356,-1.97626e-323,0.000202552,-0.00508607
0,-0.0101931,-0.0284502,0.27,-1.97626e-323,0.000187779,-0.00378246
0,-0.00640506,-0.0365901,0.269473,-1.97626e-323,0.000174124,-0.00233319
0,-0.00616892,-0.0444343,0.268782,-1.97626e-323,0.000161472,-0.00230618
0,-0.00735516,-0.0519853,0.267932,-1.97626e-323,0.000149743,-0.00279212
0,-0.00803965,-0.0592459,0.26693,-1.97626e-323,0.000138867,-0.0030554
0,-0.00876131,-0.0662215,0.265782,-1.97626e-323,0.000128782,-0.00334072
0,-0.0102966,-0.072918,0.264492,-1.97626e-323,0.000119429,-0.00394987
0,-0.0124253,-0.0793399,0.263067,-1.97626e-323,0.000110756,-0.00478303
0,-0.0148145,-0.0854919,0.261512,-1.97626e-323,0.000102713,-0.00571071
0,-0.0170458,-0.0913784,0.259833,-1.97626e-323,9.52543e-05,-0.00657097
0,-0.018203,-0.0970035,0.258035,-1.97626e-323,8.83376e-05,-0.00700444
0,-0.0190893,-0.102373,0.256123,-1.97626e-323,8.19233e-05,-0.00734585
0,-0.0197993,-0.107492,0.254103,-1.97626e-323,7.5975e-05,-0.00762069
0,-0.0204977,-0.112366,0.251978,-1.97626e-323,7.04588e-05,-0.0078933
0,-0.0226515,-0.117,0.249756,-1.97626e-323,6.53433e-05,-0.00874685
0,-0.0246997,-0.1214,0.247439,-1.97626e-323,6.05994e-05,-0.00953571
0,-0.0275823,-0.125569,0.245033,-1.97626e-323,5.62e-05,-0.0106591
0,-0.0294985,-0.129513,0.242542,-1.97626e-323,5.21202e-05,-0.0113836
0,-0.0313592,-0.133235,0.239972,-1.97626e-323,4.83367e-05,-0.0121005
0,-0.0335664,-0.136743,0.237326,-1.97626e-323,4.4828e-05,-0.0129563
0,-0.0355063,-0.140039,0.234608,-1.97626e-323,4.15741e-05,-0.0137
0,-0.0377213,-0.14313,0.231824,-1.97626e-323,3.85565e-05,-0.0145574
0,-0.0378465,-0.146018,0.228977,-1.97626e-323,-4.38138e-05,-0.0154039
0,-0.0397886,-0.148711,0.226071,-1.97626e-323,-0.000228706,-0.0163161
0,-0.0408649,-0.151213,0.22311,-1.97626e-323,-0.000441409,-0.0168515
0,-0.0428854,-0.153528,0.220098,-1.97626e-323,-0.00066302,-0.0177714
0,-0.0439606,-0.155661,0.217039,-1.97626e-323,-0.000888529,-0.0182923
-0.000107242,-0.0426116,-0.157614,0.213937,-1.97626e-323,-0.00111376,-0.0178517
-0.000333015,-0.0342377,-0.159387,0.210794,-1.97626e-323,-0.00133269,-0.0146347
-0.000558788,-0.0260377,-0.160993,0.207615,-1.97626e-323,-0.00154133,-0.0115856
-0.000784561,-0.0228421,-0.16244,0.204404,-1.97626e-323,-0.00173856,-0.0105229
-0.00101033,-0.0195744,-0.163729,0.201162,-1.97626e-323,-0.00192395,-0.0093456
-0.00123611,-0.016666,-0.164864,0.197894,-1.97626e-323,-0.00209722,-0.0083039
-0.00146188,-0.0148094,-0.16585,0.194602,-1.97626e-323,-0.00225807,-0.00766799
-0.00168765,-0.0146067,-0.166692,0.19129,-1.97626e-323,-0.00240615,-0.00766799
0.00147317,-0.0285386,-0.167412,0.187973,-1.97626e-323,0.000981773,-0.0109183
0.00147317,-0.0313575,-0.168093,0.187973,-1.97626e-323,0.000848512,-0.0118449
0.00101598,-0.0318569,-0.16852,0.181197,-1.97626e-323,0.000730145,-0.0120171
0.000795849,-0.0315487,-0.16882,0.177913,-1.97626e-323,0.00062939,-0.0119161
0.000570077,-0.030226,-0.168995,0.174538,-1.97626e-323,0.000545264,-0.0114169
0.000344304,-0.0283455,-0.169049,0.171159,-1.97626e-323,0.000477925,-0.0107066
0.000118531,-0.0285513,-0.16899,0.167778,-1.97626e-323,0.000427092,-0.0108347
0,-0.0321375,-0.168821,0.164398,-1.97626e-323,0.000389623,-0.0122783
0,-0.0293894,-0.168538,0.161021,-1.97626e-323,0.000359625,-0.0111396
0,-0.0246862,-0.168148,0.157649,-1.97626e-323,0.000333052,-0.00931617
0,-0.0192943,-0.167656,0.154284,-1.97626e-323,0.000308736,-0.00724676
0,-0.0120068,-0.167066,0.150928,-1.97626e-323,0.000286272,-0.00443012
0,-0.00610223,-0.166384,0.147584,-1.97626e-323,0.000265465,-0.00219389
0,-0.00524843,-0.165617,0.144253,-1.97626e-323,0.000246175,-0.00195234
0,-0.00474164,-0.164765,0.140937,-1.97626e-323,0.000228289,-0.00177126
0,-0.00661001,-0.163833,0.137637,-1.97626e-323,0.000211704,-0.00253255
0,-0.00957466,-0.162823,0.134356,-1.97626e-323,0.000196324,-0.00369455
0,-0.0137433,-0.161738,0.131094,-1.97626e-323,0.000182062,-0.0053199
0,-0.0180877,-0.16058,0.127854,-1.97626e-323,0.000168836,-0.0069965
0,-0.0192121,-0.15935,0.124637,-1.97626e-323,0.000156572,-0.00738422
0,-0.0210132,-0.158054,0.121444,-1.97626e-323,0.000145199,-0.00809103
0,-0.0197732,-0.156692,0.118276,-1.97626e-323,0.000134653,-0.00757282
0,-0.0182022,-0.15527,0.115136,-1.97626e-323,0.000124872,-0.00696861
0,-0.0172094,-0.153791,0.112023,-1.97626e-323,0.000115803,-0.00660004
0,-0.0167457,-0.152259,0.10894,-1.97626e-323,0.000107393,-0.00643348
0,-0.0162496,-0.150676,0.105887,-1.97626e-323,9.95933e-05,-0.00624558
0,-0.0165649,-0.149044,0.102866,-1.97626e-323,9.23607e-05,-0.00638186
0,-0.0158563,-0.147366,0.0998765,-1.97626e-323,8.56536e-05,-0.00609663
0,-0.0146111,-0.145645,0.0969207,-1.97626e-323,7.94337e-05,-0.00561258
0,-0.0113681,-0.143881,0.0939992,-1.97626e-323,7.36658e-05,-0.00433882
0,-0.0142647,-0.142085,0.0911128,-1.97626e-323,6.83168e-05,-0.00554688
0,-0.0166378,-0.140254,0.0882621,-1.97626e-323,6.33565e-05,-0.0064516
0,-0.0179976,-0.138389,0.0854479,-1.97626e-323,2.46016e-05,-0.00731501
0,-0.0216763,-0.136495,0.0826708,-1.97626e-323,-5.79121e-05,-0.00882278
0,-0.0258696,-0.134574,0.0799314,-1.97626e-323,-0.000152134,-0.010499
0,-0.0281828,-0.132625,0.0772303,-1.97626e-323,-0.000249968,-0.0114141
0,-0.0290743,-0.13065,0.0745681,-1.97626e-323,-0.000349277,-0.0117872
-4.60318e-05,-0.0280905,-0.128652,0.0719452,-1.97626e-323,-0.000448284,-0.0114298
-0.000142941,-0.0179644,-0.126624,0.0693622,-1.97626e-323,-0.000544419,-0.00744714
-0.00023985,-0.0111246,-0.124583,0.0668196,-1.97626e-323,-0.000635979,-0.0049127
-0.000336759,-0.0121918,-0.122534,0.0643177,-1.97626e-323,-0.000722494,-0.00548095
-0.000433668,-0.0115258,-0.12047,0.0618568,-1.97626e-323,-0.000803794,-0.0052321
-0.000530577,-0.0107731,-0.118393,0.0594371,-1.97626e-323,-0.000879767,-0.00497134
-0.000627486,-0.00882969,-0.116306,0.0570588,-1.97626e-323,-0.000950293,-0.00423269
-0.000724396,-0.00869959,-0.114212,0.0547223,-1.97626e-323,-0.00101523,-0.00423269
0.000632332,-0.0318475,-0.112137,0.0523962,-1.97626e-323,0.00043898,-0.0124815
0.000503927,-0.0328907,-0.110007,0.0494037,-1.97626e-323,0.000381623,-0.0125379
0.000438514,-0.0329487,-0.107897,0.0479079,-1.97626e-323,0.00033096,-0.0125624
0.000341605,-0.0348758,-0.105788,0.0457395,-1.97626e-323,0.000286776,-0.0133432
0.000244695,-0.0348152,-0.103676,0.0436131,-1.97626e-323,0.000249548,-0.0132995
0.000147786,-0.035571,-0.101566,0.0415291,-1.97626e-323,0.000219542,-0.0136106
5.08773e-05,-0.0363717,-0.0994593,0.0394872,-1.97626e-323,0.000196683,-0.0139257
0,-0.0380362,-0.097357,0.0374875,-1.97626e-323,0.000179632,-0.0145841
0,-0.0339603,-0.0952538,0.0355298,-1.97626e-323,0.000165856,-0.0129366
0,-0.0261663,-0.093153,0.0336142,-1.97626e-323,0.000153616,-0.00989199
0,-0.0201903,-0.0910619,0.0317407,-1.97626e-323,0.000142405,-0.00762983
0,-0.013032,-0.0889783,0.029909,-1.97626e-323,0.000132045,-0.00486737
0,-0.00832706,-0.0869072,0.028119,-1.97626e-323,0.000122448,-0.0031022
0,-0.00631241,-0.0848499,0.0263705,-1.97626e-323,0.000113551,-0.00237329
0,-0.00621431,-0.0828067,0.0246632,-1.97626e-323,0.000105302,-0.00236809
0,-0.00787175,-0.0807783,0.0229968,-1.97626e-323,9.76521e-05,-0.00303418
0,-0.0108949,-0.0787652,0.0213711,-1.97626e-323,9.05584e-05,-0.00421842
0,-0.0137364,-0.0767667,0.0197858,-1.97626e-323,8.39802e-05,-0.00530894
0,-0.0165337,-0.0747837,0.0182404,-1.97626e-323,7.788e-05,-0.00638442
0,-0.0192457,-0.0728171,0.0167349,-1.97626e-323,7.22232e-05,-0.00742628
0,-0.0206201,-0.0708663,0.0152687,-1.97626e-323,6.69775e-05,-0.00793518
0,-0.0211366,-0.0689325,0.0138416,-1.97626e-323,6.21129e-05,-0.00812188
0,-0.0214603,-0.0670172,0.0124533,-1.97626e-323,5.76018e-05,-0.00824459
0,-0.0215556,-0.065121,0.0111034,-1.97626e-323,5.34185e-05,-0.0082789
0,-0.0228182,-0.063246,0.00979146,-1.97626e-323,4.95392e-05,-0.00878264
0,-0.02394,-0.0613913,0.00851716,-1.97626e-323,4.59417e-05,-0.00921215
0,-0.0252562,-0.059558,0.00728006,-1.97626e-323,4.26055e-05,-0.00972136
0,-0.0264959,-0.0577462,0.00607974,-1.97626e-323,3.95118e-05,-0.0101969
0,-0.0277109,-0.0559565,0.00491575,-1.97626e-323,3.66428e-05,-0.0106636
0,-0.0270707,-0.0541875,0.00378768,-1.97626e-323,3.39822e-05,-0.01039
0,-0.0267648,-0.0524418,0.00269508,-1.97626e-323,3.15149e-05,-0.0102781
0,-0.0266913,-0.0507198,0.00163752,-1.97626e-323,2.92268e-05,-0.0102538
0,-0.0276156,-0.0490226,0.000614512,-1.97626e-323,-2.58479e-05,-0.0111761
0,-0.0300986,-0.0473512,-0.000374427,-1.97626e-323,-0.00014913,-0.0122446
0,-0.0323825,-0.0457041,-0.00132981,-1.97626e-323,-0.000290905,-0.0132076
0,-0.0348436,-0.0440819,-0.00225213,-1.97626e-323,-0.000438607,-0.0142406
0,-0.0364021,-0.0424838,-0.00314188,-1.97626e-323,-0.000588943,-0.014906
-6.40933e-05,-0.0336762,-0.0409063,-0.00399954,-1.97626e-323,-0.000739288,-0.0138692
-0.000214901,-0.0232094,-0.0393461,-0.00482555,-1.97626e-323,-0.000885641,-0.0098016
-0.000365709,-0.0148176,-0.0378138,-0.00562028,-1.97626e-323,-0.00102519,-0.00667509
-0.000516517,-0.0123463,-0.0363137,-0.00638422,-1.97626e-323,-0.00115714,-0.00587464
-0.000667324,-0.00849078,-0.0348381,-0.00711799,-1.97626e-323,-0.00128122,-0.00442476
-0.000818132,-0.00600362,-0.03339,-0.00782213,-1.97626e-323,-0.00139721,-0.00353652
-0.00096894,-0.0065248,-0.0319713,-0.00849717,-1.97626e-323,-0.00150494,-0.0038227
-0.00111975,-0.00755159,-0.0305795,-0.00914369,-1.97626e-323,-0.00160415,-0.00425914
0.000991561,-0.0345923,-0.0292443,-0.00978312,-1.97626e-323,0.000567552,-0.0135539
0.000833213,-0.0391617,-0.0279068,-0.0104109,-1.97626e-323,0.000486334,-0.0149374
0.000689946,-0.0422279,-0.026595,-0.0109485,-1.97626e-323,0.000414635,-0.0161124
0.000539138,-0.044983,-0.0253093,-0.0114869,-1.97626e-323,0.000352788,-0.017182
0.00038833,-0.0453543,-0.0240474,-0.0119995,-1.97626e-323,0.000301294,-0.0173013
0.000237522,-0.0442653,-0.0228103,-0.0124868,-1.97626e-323,0.000260541,-0.0168716
8.67145e-05,-0.0431449,-0.0215994,-0.0129492,-1.97626e-323,0.000230471,-0.0164499
0,-0.0453912,-0.0204183,-0.0133872,-1.97626e-323,0.00020919,-0.0173716
0,-0.0424787,-0.0192578,-0.0138015,-1.97626e-323,0.000192805,-0.0161812
0,-0.0348354,-0.0181184,-0.0141925,-1.97626e-323,0.000178488,-0.0131803
0,-0.0270039,-0.0170047,-0.0145605,-1.97626e-323,0.000165442,-0.0101762
0,-0.0197816,-0.0159175,-0.0149062,-1.97626e-323,0.000153404,-0.00741782
0,-0.0164335,-0.0148601,-0.01523,-1.97626e-323,0.000142256,-0.00619654
0,-0.012786,-0.0138279,-0.0155325,-1.97626e-323,0.000131922,-0.00479599
0,-0.011839,-0.0128239,-0.0158142,-1.97626e-323,0.000122341,-0.00447791
0,-0.0119751,-0.0118463,-0.0160757,-1.97626e-323,0.000113456,-0.0045506
0,-0.0141752,-0.0108958,-0.0163175,-1.97626e-323,0.000105216,-0.00543051
0,-0.0162753,-0.00996996,-0.0165402,-1.97626e-323,9.75753e-05,-0.00623857
0,-0.0193834,-0.00906978,-0.0167442,-1.97626e-323,9.04897e-05,-0.00745039
0,-0.0225667,-0.00819401,-0.0169301,-1.97626e-323,8.39188e-05,-0.00867658
0,-0.0248026,-0.00734135,-0.0170983,-1.97626e-323,7.78253e-05,-0.00952311
0,-0.0243366,-0.00650969,-0.0172494,-1.97626e-323,7.21745e-05,-0.00930515
0,-0.0216889,-0.00569935,-0.0173838,-1.97626e-323,6.69342e-05,-0.00825729
0,-0.0175898,-0.00491088,-0.0175018,-1.97626e-323,6.20745e-05,-0.00666321
0,-0.0146556,-0.00414679,-0.017604,-1.97626e-323,5.75678e-05,-0.00555628
0,-0.0119599,-0.00340584,-0.0176907,-1.97626e-323,5.33885e-05,-0.0045266
0,-0.0107078,-0.00268904,-0.0177626,-1.97626e-323,4.95127e-05,-0.00406956
0,-0.00978131,-0.0019949,-0.0178199,-1.97626e-323,4.59184e-05,-0.00372024
0,-0.0113087,-0.00132541,-0.0178633,-1.97626e-323,4.25852e-05,-0.00434559
0,-0.011795,-0.000676556,-0.0178932,-1.97626e-323,3.94941e-05,-0.00451757
0,-0.013291,-5.02204e-05,-0.0179099,-1.97626e-323,3.66274e-05,-0.00510854
0,-0.0161283,0.000553547,-0.0179141,-1.97626e-323,3.39689e-05,-0.0062195
0,-0.0204558,0.00113495,-0.017906,-1.97626e-323,-2.54292e-05,-0.00849809
0,-0.02644,0.00169408,-0.0178862,-1.97626e-323,-0.000158148,-0.0109198
0,-0.031112,0.0022344,-0.0178551,-1.97626e-323,-0.000310737,-0.0127899
0,-0.0358127,0.00275481,-0.0178132,-1.97626e-323,-0.000469687,-0.0146876
0,-0.0385192,0.00325777,-0.0177607,-1.97626e-323,-0.000631457,-0.0157836
-6.89104e-05,-0.0406957,0.00374204,-0.017698,-1.97626e-323,-0.000793229,-0.0166929
-0.000231053,-0.0367527,0.00421387,-0.0176256,-1.97626e-323,-0.000950699,-0.0151608
-0.000393195,-0.0294285,0.00467065,-0.0175437,-1.97626e-323,-0.00110084,-0.0123659
-0.000555337,-0.0300496,0.00510066,-0.0174525,-1.97626e-323,-0.00124282,-0.0127887
-0.000717479,-0.0293814,0.00551407,-0.0173527,-1.97626e-323,-0.00137631,-0.0125684
-0.000879622,-0.0274936,0.00591111,-0.0172445,-1.97626e-323,-0.00150111,-0.0118746
-0.00104176,-0.0254042,0.00629104,-0.0171282,-1.97626e-323,-0.00161701,-0.0111128
-0.00120391,-0.023013,0.00665429,-0.0170043,-1.97626e-323,-0.00172375,-0.0102276
0.00106609,-0.0479583,0.0069719,-0.0168785,-1.97626e-323,0.000611098,-0.0185733
0.000903943,-0.0496112,0.00729813,-0.0167425,-1.97626e-323,0.000523633,-0.0188773
0.000741801,-0.0483656,0.00761144,-0.0165981,-1.97626e-323,0.00044639,-0.0183768
0.000579658,-0.0489123,0.00790718,-0.0164475,-1.97626e-323,0.000379825,-0.0186323
0.000417516,-0.0473077,0.00818985,-0.0162908,-1.97626e-323,0.000324416,-0.017998
0.000255374,-0.0441046,0.00845921,-0.0161284,-1.97626e-323,0.000280564,-0.0167558
9.32318e-05,-0.042013,0.00871268,-0.0159606,-1.97626e-323,0.000248202,-0.0159798
0,-0.0427453,0.00894877,-0.0157876,-1.97626e-323,0.000225292,-0.0163129
0,-0.0381549,0.00917648,-0.0156098,-1.97626e-323,0.000207648,-0.0144766
0,-0.0307411,0.00939345,-0.0154274,-1.97626e-323,0.00019223,-0.0115939
0,-0.0241291,0.00959613,-0.0152406,-1.97626e-323,0.000178179,-0.00907414
0,-0.0151435,0.00978822,-0.0150497,-1.97626e-323,0.000165214,-0.00559383
0,-0.00958394,0.00996385,-0.0148549,-1.97626e-323,0.000153209,-0.00351737
0,-0.0047568,0.0101262,-0.0146565,-1.97626e-323,0.00014208,-0.00168045
0,-0.00255471,0.0102736,-0.0144548,-1.97626e-323,0.00013176,-0.000880028
0,-0.00397876,0.0104054,-0.0142501,-1.97626e-323,0.000122191,-0.00148686
0,-0.0061615,0.0105248,-0.0140426,-1.97626e-323,0.000113318,-0.00234074
0,-0.00987342,0.0106313,-0.0138327,-1.97626e-323,0.000105089,-0.00379325
0,-0.0143887,0.0107261,-0.0136206,-1.97626e-323,9.74574e-05,-0.00554282
0,-0.0182741,0.010811,-0.0134066,-1.97626e-323,9.03807e-05,-0.00702832
0,-0.020386,0.0108875,-0.0131908,-1.97626e-323,8.38181e-05,-0.00781511
0,-0.0213531,0.0109551,-0.0129734,-1.97626e-323,7.77322e-05,-0.00817177
0,-0.0221612,0.0110133,-0.0127546,-1.97626e-323,7.20885e-05,-0.00848229
0,-0.022858,0.0110621,-0.0125347,-1.97626e-323,6.68546e-05,-0.00875058
0,-0.0228553,0.0111025,-0.0123137,-1.97626e-323,6.2001e-05,-0.00874115
0,-0.0229511,0.0111339,-0.0120918,-1.97626e-323,5.74999e-05,-0.00878159
0,-0.0240668,0.0111557,-0.0118693,-1.97626e-323,5.33257e-05,-0.00922757
0,-0.0253535,0.0111689,-0.0116463,-1.97626e-323,4.94547e-05,-0.00972606
0,-0.0253507,0.0111755,-0.011423,-1.97626e-323,4.58648e-05,-0.00970694
0,-0.0249502,0.0111748,-0.0111995,-1.97626e-323,4.25357e-05,-0.00954866
0,-0.0256482,0.0111653,-0.010976,-1.97626e-323,3.94483e-05,-0.00983497
0,-0.0265031,0.0111485,-0.0107527,-1.97626e-323,3.65851e-05,-0.010167
0,-0.0282431,0.0111238,-0.0105296,-1.97626e-323,-3.08743e-05,-0.0115271
0,-0.031451,0.0110907,-0.010307,-1.97626e-323,-0.000181804,-0.0128944
0,-0.034551,0.0110513,-0.010085,-1.97626e-323,-0.000355371,-0.0141937
0,-0.0379416,0.0110054,-0.0098638,-1.97626e-323,-0.000536223,-0.0156062
0,-0.0397132,0.0109552,-0.00964347,-1.97626e-323,-0.00072043,-0.0163621
-6.04341e-05,-0.0402334,0.0109005,-0.00942411,-1.97626e-323,-0.000905165,-0.0166368
-0.000246385,-0.0343688,0.0108471,-0.00920583,-1.97626e-323,-0.00108554,-0.0143744
-0.000432337,-0.0258193,0.0107912,-0.00898862,-1.97626e-323,-0.00125771,-0.0111304
-0.000618288,-0.0222564,0.0107249,-0.00877251,-1.97626e-323,-0.00142063,-0.00991115
-0.000804239,-0.0191726,0.0106531,-0.00855768,-1.97626e-323,-0.0015739,-0.00879937
-0.00099019,-0.0152324,0.0105776,-0.00834426,-1.97626e-323,-0.0017173,-0.00733095
-0.00117614,-0.0125454,0.0104963,-0.00813233,-1.97626e-323,-0.00185056,-0.00636896
-0.00136209,-0.0113518,0.0104091,-0.007922,-1.97626e-323,-0.00197341,-0.00597716
0.00124122,-0.0315351,0.0102934,-0.00771207,-1.97626e-323,0.000703782,-0.0121851
0.000980893,-0.0329403,0.0101928,-0.00742284,-1.97626e-323,0.000603597,-0.0124367
0.000869322,-0.0330553,0.0100928,-0.00730003,-1.97626e-323,0.0005152,-0.012493
0.000683371,-0.0329773,0.0099895,-0.00709767,-1.97626e-323,0.000438206,-0.0124813
0.000497419,-0.0326623,0.00988321,-0.00689737,-1.97626e-323,0.000373727,-0.012374
0.000311468,-0.0301485,0.00977617,-0.00669917,-1.97626e-323,0.000322393,-0.0113894
0.000125517,-0.0280778,0.00966574,-0.00650311,-1.97626e-323,0.000284266,-0.0106129
0,-0.0307999,0.00954748,-0.00630924,-1.97626e-323,0.000257419,-0.0117416
0,-0.0315346,0.00942878,-0.0061177,-1.97626e-323,0.000237097,-0.0120022
0,-0.0293528,0.00931078,-0.00592853,-1.97626e-323,0.000219449,-0.0111281
0,-0.0288274,0.00918879,-0.00574173,-1.97626e-323,0.000203398,-0.0109594
0,-0.0252482,0.00906795,-0.00555734,-1.97626e-323,0.000188595,-0.00954553
0,-0.0216445,0.0089452,-0.00537538,-1.97626e-323,0.00017489,-0.00816807
0,-0.0157641,0.00882308,-0.00519586,-1.97626e-323,0.000162186,-0.00588154
0,-0.00708279,0.00870227,-0.00501879,-1.97626e-323,0.000150406,-0.00251108
0,-0.0015858,0.00857655,-0.00484414,-1.97626e-323,0.000139483,-0.00045455
0,0.00278843,0.00844826,-0.00467198,-1.97626e-323,0.000129354,0.00120286
0,0.00335196,0.00831467,-0.00450237,-1.97626e-323,0.00011996,0.00135631
0,-0.000177546,0.00817565,-0.00433541,-1.97626e-323,0.000111249,-6.57752e-05
0,-0.00458545,0.00803474,-0.0041712,-1.97626e-323,0.000103171,-0.00177557
0,-0.0101198,0.00789182,-0.00400981,-1.97626e-323,9.56798e-05,-0.0039214
0,-0.0125917,0.00775147,-0.00385125,-1.97626e-323,8.87328e-05,-0.00482692
0,-0.0150926,0.0076105,-0.00369552,-1.97626e-323,8.22903e-05,-0.00579073
0,-0.0169795,0.00746971,-0.00354261,-1.97626e-323,7.63159e-05,-0.00650873
0,-0.0197408,0.00732764,-0.00339251,-1.97626e-323,7.07754e-05,-0.00758504
0,-0.0223514,0.00718548,-0.00324525,-1.97626e-323,6.56373e-05,-0.00858759
0,-0.025433,0.00704267,-0.00310083,-1.97626e-323,6.08725e-05,-0.00978033
0,-0.0274621,0.00690094,-0.00295926,-1.97626e-323,5.64536e-05,-0.0105454
0,-0.0304632,0.00675823,-0.00282053,-1.97626e-323,5.23558e-05,-0.0117146
0,-0.0298111,0.00661955,-0.00268465,-1.97626e-323,4.85555e-05,-0.0114101
0,-0.0287785,0.0064815,-0.00255157,-1.97626e-323,4.50312e-05,-0.0110096
0,-0.0273544,0.00634418,-0.00242125,-1.97626e-323,4.17628e-05,-0.0104584
0,-0.0254034,0.00620784,-0.00229368,-1.97626e-323,-6.21358e-07,-0.0101146
0,-0.0245713,0.00607078,-0.00216884,-1.97626e-323,-9.35914e-05,-0.00988183
0,-0.0265084,0.00593132,-0.00204674,-1.97626e-323,-0.000200216,-0.0107361
0,-0.0288673,0.00579206,-0.00192742,-1.97626e-323,-0.000311186,-0.0117135
0,-0.0303005,0.00565449,-0.00181088,-1.97626e-323,-0.000424153,-0.0123115
-3.11708e-05,-0.0300682,0.00551945,-0.0016971,-1.97626e-323,-0.000537524,-0.0122548
-0.000144519,-0.0259841,0.00538935,-0.00158604,-1.97626e-323,-0.000648335,-0.0106814
-0.000257868,-0.0165831,0.00526576,-0.0014776,-1.97626e-323,-0.000754147,-0.00703949
-0.000371216,-0.0126911,0.00513723,-0.00137167,-1.97626e-323,-0.000854285,-0.00567416
-0.000484565,-0.0116031,0.00500672,-0.00126828,-1.97626e-323,-0.000948515,-0.00533944
-0.000597913,-0.00934182,0.0048785,-0.00116749,-1.97626e-323,-0.00103669,-0.00448881
-0.000711262,-0.00838821,0.00475,-0.00106928,-1.97626e-323,-0.00111867,-0.00417391
-0.00082461,-0.00908058,0.0046209,-0.000973638,-1.97626e-323,-0.00119427,-0.00449198
0.000762269,-0.0312443,0.00446763,-0.000878638,-1.97626e-323,0.000436928,-0.0122136
0.000612082,-0.0339929,0.00433789,-0.000758834,-1.97626e-323,0.000375083,-0.0129507
0.000535572,-0.0332652,0.00421415,-0.000699623,-1.97626e-323,0.000320416,-0.0126372
0.000422223,-0.03236,0.00409194,-0.000614722,-1.97626e-323,0.000272792,-0.0123002
0.000308875,-0.0299091,0.00397277,-0.000532272,-1.97626e-323,0.000232822,-0.0113462
0.000195526,-0.0268114,0.00385569,-0.000452221,-1.97626e-323,0.00020088,-0.0101558
8.21776e-05,-0.0247029,0.003739,-0.000374522,-1.97626e-323,0.000177026,-0.00936877
0,-0.0264081,0.00361974,-0.000299158,-1.97626e-323,0.000160206,-0.0100882
0,-0.0248352,0.00350549,-0.000226167,-1.97626e-323,0.000147532,-0.00943971
0,-0.0193649,0.0033969,-0.000155486,-1.97626e-323,0.000136544,-0.00728486
0,-0.0153959,0.00328827,-8.7005e-05,-1.97626e-323,0.000126556,-0.00578874
0,-0.00937124,0.00318338,-2.06965e-05,-1.97626e-323,0.000117345,-0.00344848
0,-0.00586466,0.0030774,4.34955e-05,-1.97626e-323,0.000108818,-0.00214481
0,-0.00455832,0.00297069,0.000105573,-1.97626e-323,0.000100914,-0.00168076
0,-0.00314111,0.00286572,0.000165521,-1.97626e-323,9.3585e-05,-0.00113847
0,-0.00501477,0.00275892,0.00022336,-1.97626e-323,8.67888e-05,-0.00191157
0,-0.00811079,0.00265249,0.000279072,-1.97626e-323,8.04865e-05,-0.00312207
0,-0.0116818,0.00254726,0.000332654,-1.97626e-323,7.4642e-05,-0.0045033
0,-0.0161402,0.00244281,0.000384126,-1.97626e-323,6.92222e-05,-0.00623132
0,-0.0200908,0.00234062,0.000433504,-1.97626e-323,6.4196e-05,-0.0077428
0,-0.0219418,0.00224241,0.000480828,-1.97626e-323,5.9535e-05,-0.00842359
0,-0.0219065,0.00214793,0.000526167,-1.97626e-323,5.52126e-05,-0.00838325
0,-0.021336,0.00205576,0.000569598,-1.97626e-323,5.12041e-05,-0.00815798
0,-0.0205319,0.00196558,0.000611174,-1.97626e-323,4.74868e-05,-0.00784747
0,-0.0218595,0.00187487,0.000650936,-1.97626e-323,4.40395e-05,-0.00839152
0,-0.0241432,0.0017849,0.000688887,-1.97626e-323,4.08425e-05,-0.00928459
0,-0.0275512,0.00169549,0.000725035,-1.97626e-323,3.78778e-05,-0.0106118
0,-0.0314996,0.00160727,0.000759392,-1.97626e-323,3.51284e-05,-0.0121374
0,-0.0334488,0.00152293,0.000791978,-1.97626e-323,3.25786e-05,-0.0128564
0,-0.0340349,0.0014418,0.000822859,-1.97626e-323,3.0214e-05,-0.0130617
0,-0.0340893,0.00136298,0.000852101,-1.97626e-323,2.80211e-05,-0.0130755
0,-0.0331808,0.00128691,0.000879754,-1.97626e-323,2.59874e-05,-0.012713
0,-0.0324097,0.00121248,0.000905873,-1.97626e-323,-2.97789e-05,-0.0129846
0,-0.0342102,0.00113703,0.000930495,-1.97626e-323,-0.00015497,-0.0138098
0,-0.0365658,0.00106272,0.000953612,-1.97626e-323,-0.000299012,-0.0148153
0,-0.0403158,0.000988638,0.000975238,-1.97626e-323,-0.000449161,-0.0163653
0,-0.0438281,0.000916526,0.000995382,-1.97626e-323,-0.000602232,-0.0177945
-3.50506e-05,-0.0445492,0.000849081,0.00101407,-1.97626e-323,-0.000756197,-0.0181075
-0.000190831,-0.0397178,0.000789211,0.00103139,-1.97626e-323,-0.000906994,-0.0162406
-0.000346612,-0.0268357,0.000739529,0.00104748,-1.97626e-323,-0.00105111,-0.0112382
-0.000502392,-0.0221819,0.000682696,0.00106251,-1.97626e-323,-0.00118756,-0.00963819
-0.000658173,-0.0165335,0.000628524,0.00107645,-1.97626e-323,-0.00131603,-0.00750884
-0.000813953,-0.0121969,0.000574542,0.00108929,-1.97626e-323,-0.00143628,-0.00591237
-0.000969734,-0.0104862,0.000519343,0.00110105,-1.97626e-323,-0.00154813,-0.00533834
-0.00112551,-0.0104955,0.000463885,0.00111172,-1.97626e-323,-0.00165132,-0.00540504
0.00105541,-0.0340443,0.000382511,0.00112127,-1.97626e-323,0.000591133,-0.0132571
0.000899633,-0.0364877,0.000327693,0.00112933,-1.97626e-323,0.000506161,-0.0138624
0.000743852,-0.0396149,0.000273699,0.00113618,-1.97626e-323,0.000430854,-0.0150954
0.000588072,-0.0419905,0.000222041,0.00114193,-1.97626e-323,0.000365648,-0.0160139
0.000432291,-0.0414602,0.000174986,0.00114663,-1.97626e-323,0.000311006,-0.0157803
0.00027651,-0.0387898,0.000131689,0.00115036,-1.97626e-323,0.000267353,-0.014734
0.00012073,-0.0360833,8.9887e-05,0.00115321,-1.97626e-323,0.000234794,-0.0137041
0,-0.0369439,4.57335e-05,0.00115522,-1.97626e-323,0.000212041,-0.0140975
0,-0.0350037,5.98515e-06,0.00115635,-1.97626e-323,0.000195147,-0.0133171
0,-0.0288895,-2.79332e-05,0.00115667,-1.97626e-323,0.000180581,-0.0109124
0,-0.0238192,-6.16026e-05,0.00115628,-1.97626e-323,0.000167363,-0.00898789
0,-0.0179749,-9.31121e-05,0.00115522,-1.97626e-323,0.00015518,-0.00673792
0,-0.0149001,-0.000126251,0.00115352,-1.97626e-323,0.000143902,-0.00560516
0,-0.0126352,-0.000158948,0.00115116,-1.97626e-323,0.000133449,-0.00475295
0,-0.0108405,-0.000190862,0.00114814,-1.97626e-323,0.000123757,-0.00407574
0,-0.0114173,-0.000224032,0.00114448,-1.97626e-323,0.00011477,-0.00433781
0,-0.0119054,-0.000255855,0.00114017,-1.97626e-323,0.000106435,-0.00452785
0,-0.0145593,-0.000288746,0.00113521,-1.97626e-323,9.87063e-05,-0.0055837
0,-0.0188035,-0.000322105,0.0011296,-1.97626e-323,9.15389e-05,-0.00724109
0,-0.0223599,-0.000353524,0.00112332,-1.97626e-323,8.48922e-05,-0.00859921
0,-0.0256629,-0.000383488,0.00111641,-1.97626e-323,7.87284e-05,-0.00986648
0,-0.0260757,-0.000409218,0.00110889,-1.97626e-323,7.30123e-05,-0.00998345
0,-0.0247329,-0.000431953,0.00110084,-1.97626e-323,6.77114e-05,-0.00944351
0,-0.0223438,-0.000452475,0.00109231,-1.97626e-323,6.27956e-05,-0.00851256
0,-0.020107,-0.000472085,0.00108336,-1.97626e-323,5.82368e-05,-0.00765824
0,-0.0182138,-0.000491008,0.00107402,-1.97626e-323,5.40091e-05,-0.00693863
0,-0.018169,-0.000510863,0.00106429,-1.97626e-323,5.00885e-05,-0.00695163
0,-0.0178784,-0.00052944,0.00105418,-1.97626e-323,4.64526e-05,-0.00683803
0,-0.0197858,-0.000549357,0.00104368,-1.97626e-323,4.30808e-05,-0.00760566
0,-0.0195513,-0.000566017,0.00103279,-1.97626e-323,3.99538e-05,-0.00748431
0,-0.0196225,-0.00058205,0.00102156,-1.97626e-323,3.70539e-05,-0.00751774
0,-0.0211404,-0.000598686,0.00101,-1.97626e-323,3.43646e-05,-0.00812397
0,-0.0216098,-0.00061325,0.000998105,-1.97626e-323,-1.20593e-05,-0.00874973
0,-0.0251696,-0.000630202,0.000985912,-1.97626e-323,-0.000115018,-0.0102413
0,-0.0292816,-0.000646853,0.000973393,-1.97626e-323,-0.000233281,-0.0119044
0,-0.0334638,-0.000662709,0.000960539,-1.97626e-323,-0.000356464,-0.013584
0,-0.0370369,-0.000677065,0.000947364,-1.97626e-323,-0.000481974,-0.0150156
-2.85776e-05,-0.0384564,-0.000688305,0.000933895,-1.97626e-323,-0.000608161,-0.0155923
-0.000155589,-0.0360457,-0.000694678,0.000920185,-1.97626e-323,-0.000731718,-0.0146679
-0.000282601,-0.0253909,-0.000691536,0.000906323,-1.97626e-323,-0.000849781,-0.0105056
-0.000409613,-0.0206432,-0.000693965,0.000892477,-1.97626e-323,-0.000961562,-0.00882303
-0.000536624,-0.0172989,-0.000697182,0.00087861,-1.97626e-323,-0.00106678,-0.00760519
-0.000663636,-0.0136651,-0.000699405,0.000864682,-1.97626e-323,-0.00116528,-0.00624531
-0.000790647,-0.0113885,-0.000702406,0.000850705,-1.97626e-323,-0.00125689,-0.00542683
-0.000917659,-0.0106153,-0.000706353,0.000836672,-1.97626e-323,-0.00134142,-0.00518319
0.000860504,-0.0365181,-0.00074001,0.000822565,-1.97626e-323,0.000486555,-0.0142735
0.000733492,-0.0389855,-0.000746007,0.000807933,-1.97626e-323,0.000416942,-0.0148543
0.000606481,-0.0387271,-0.000748482,0.000793043,-1.97626e-323,0.000355234,-0.0147313
0.000479469,-0.0368057,-0.000748593,0.000778085,-1.97626e-323,0.000301783,-0.0139827
0.000352457,-0.0350378,-0.000748296,0.000763114,-1.97626e-323,0.000256967,-0.0133182
0.000225446,-0.0327259,-0.000746869,0.000748147,-1.97626e-323,0.000221129,-0.012432
9.8434e-05,-0.0312046,-0.000745751,0.000733202,-1.97626e-323,0.000194354,-0.0118681
0,-0.0326872,-0.000747308,0.000718282,-1.97626e-323,0.000175592,-0.0124902
0,-0.0318176,-0.000745857,0.000703343,-1.97626e-323,0.000161621,-0.0121264
0,-0.0268112,-0.000739531,0.000688419,-1.97626e-323,0.000149563,-0.0101465
0,-0.0228512,-0.00073387,0.000673596,-1.97626e-323,0.000138616,-0.00864724
0,-0.0151799,-0.000723839,0.000658891,-1.97626e-323,0.000128527,-0.00564975
0,-0.0101672,-0.000716236,0.000644364,-1.97626e-323,0.000119187,-0.0037703
0,-0.0076666,-0.000710914,0.000630001,-1.97626e-323,0.000110529,-0.00285281
0,-0.00687803,-0.000707029,0.000615756,-1.97626e-323,0.000102502,-0.0025801
0,-0.0097844,-0.000706695,0.000601596,-1.97626e-323,9.50582e-05,-0.00375617
0,-0.013153,-0.000706477,0.000587461,-1.97626e-323,8.81554e-05,-0.00505991
0,-0.0169584,-0.000706359,0.00057333,-1.97626e-323,8.17541e-05,-0.00653076
0,-0.0213645,-0.000706526,0.000559202,-1.97626e-323,7.58178e-05,-0.00823451
0,-0.0252238,-0.000705769,0.000545073,-1.97626e-323,7.03127e-05,-0.00971057
0,-0.0267017,-0.000702154,0.000530953,-1.97626e-323,6.52076e-05,-0.0102439
0,-0.0262772,-0.000696214,0.000516892,-1.97626e-323,6.04733e-05,-0.0100541
0,-0.0252639,-0.000689364,0.000502938,-1.97626e-323,5.60829e-05,-0.00965809
0,-0.0249139,-0.000682952,0.000489117,-1.97626e-323,5.20114e-05,-0.00953581
0,-0.024682,-0.000676409,0.000475426,-1.97626e-323,4.82356e-05,-0.00945041
0,-0.0255342,-0.000670772,0.000461865,-1.97626e-323,4.47341e-05,-0.00979589
0,-0.0263166,-0.000664826,0.000448421,-1.97626e-323,4.14868e-05,-0.0100967
0,-0.0275606,-0.000659145,0.000435095,-1.97626e-323,3.84754e-05,-0.0105829
0,-0.02865,-0.000653086,0.000421884,-1.97626e-323,3.56827e-05,-0.0110001
0,-0.0281452,-0.000645131,0.000408792,-1.97626e-323,3.30928e-05,-0.0107832
0,-0.0288768,-0.000638305,0.000395849,-1.97626e-323,3.06909e-05,-0.0110841
0,-0.0300058,-0.000631724,0.000383049,-1.97626e-323,2.84635e-05,-0.0115248
0,-0.0320405,-0.000625934,0.000370382,-1.97626e-323,2.63978e-05,-0.0123208
0,-0.0321127,-0.00061781,0.000357834,-1.97626e-323,-7.29807e-05,-0.0133212
0,-0.0361697,-0.000613771,0.000345437,-1.97626e-323,-0.000298031,-0.0151037
0,-0.0374717,-0.000606654,0.000333141,-1.97626e-323,-0.000557188,-0.0157207
0,-0.0398085,-0.000600503,0.000320973,-1.97626e-323,-0.000827123,-0.0167857
0,-0.0393234,-0.000591228,0.000308932,-1.97626e-323,-0.00110104,-0.016699
-0.000247493,-0.0348767,-0.000577642,0.000297061,-1.97626e-323,-0.00137136,-0.0150639
-0.000515053,-0.0248634,-0.000558071,0.00028544,-1.97626e-323,-0.00163065,-0.011256
-0.000782613,-0.0208997,-0.000544886,0.000274181,-1.97626e-323,-0.00187652,-0.00993801
-0.00105017,-0.0196594,-0.000534542,0.000263217,-1.97626e-323,-0.00210825,-0.00960374
-0.00131773,-0.0170907,-0.000522733,0.000252475,-1.97626e-323,-0.0023255,-0.00868654
-0.00158529,-0.0155722,-0.000512002,0.000241961,-1.97626e-323,-0.00252794,-0.00819848
-0.00185285,-0.0148372,-0.000502069,0.000231667,-1.97626e-323,-0.00271523,-0.00799694
0.00189299,-0.0330834,-0.00051652,0.000221576,-1.97626e-323,0.00112648,-0.012636
0.00152509,-0.0327265,-0.000506697,0.000207444,-1.97626e-323,0.00097184,-0.0121929
0.00135787,-0.0329429,-0.000497586,0.000201057,-1.97626e-323,0.00083413,-0.0123348
0.00109031,-0.0321629,-0.000487395,0.000191059,-1.97626e-323,0.000712893,-0.0120545
0.000822747,-0.0320759,-0.000477929,0.00018126,-1.97626e-323,0.000609617,-0.0120601
0.000555187,-0.0302537,-0.000466613,0.000171655,-1.97626e-323,0.000525264,-0.0113571
0.000287627,-0.0281807,-0.000455039,0.000162266,-1.97626e-323,0.000460382,-0.0105766
2.0067e-05,-0.0296454,-0.000447238,0.000153107,-1.97626e-323,0.000414153,-0.0112095
0,-0.0322943,-0.000440701,0.000144123,-1.97626e-323,0.000380341,-0.0122592
0,-0.0292479,-0.000428124,0.000135277,-1.97626e-323,0.000351734,-0.0110155
0,-0.0279997,-0.000417494,0.000126651,-1.97626e-323,0.000325925,-0.010576
0,-0.0236492,-0.000403607,0.000118248,-1.97626e-323,0.000302181,-0.00886944
0,-0.0190421,-0.000389505,0.000110107,-1.97626e-323,0.000280211,-0.00710706
0,-0.0135889,-0.000374571,0.000102246,-1.97626e-323,0.000259851,-0.00501003
0,-0.00714816,-0.000358666,9.46799e-05,-1.97626e-323,0.000240975,-0.00253097
0,-0.00710167,-0.00034964,8.74271e-05,-1.97626e-323,0.000223471,-0.00261944
0,-0.00661495,-0.000340212,8.03892e-05,-1.97626e-323,0.000207239,-0.00243356
0,-0.0109982,-0.000336028,7.35378e-05,-1.97626e-323,0.000192187,-0.00419832
0,-0.0169329,-0.000333544,6.67963e-05,-1.97626e-323,0.000178228,-0.0065074
0,-0.0232597,-0.000331522,6.0113e-05,-1.97626e-323,0.000165284,-0.00894875
0,-0.0266169,-0.000326392,5.34724e-05,-1.97626e-323,0.000153281,-0.010198
0,-0.0266874,-0.00031783,4.6919e-05,-1.97626e-323,0.000142149,-0.01018
0,-0.0270185,-0.000309622,4.05195e-05,-1.97626e-323,0.000131826,-0.0103161
0,-0.0266589,-0.000300758,3.42861e-05,-1.97626e-323,0.000122254,-0.010172
0,-0.026491,-0.000292182,2.82266e-05,-1.97626e-323,0.000113377,-0.0101147
0,-0.0269897,-0.0002844,2.234e-05,-1.97626e-323,0.000105144,-0.0103203
0,-0.0270534,-0.000276243,1.66131e-05,-1.97626e-323,9.75099e-05,-0.0103417
0,-0.0263522,-0.000267363,1.10475e-05,-1.97626e-323,9.04301e-05,-0.0100642
0,-0.0247557,-0.00025763,5.65582e-06,-1.97626e-323,8.38647e-05,-0.00944062
0,-0.0230175,-0.00024785,4.5455e-07,-1.97626e-323,7.77761e-05,-0.00877396
0,-0.0192959,-0.000236071,-4.55135e-06,-1.97626e-323,7.21298e-05,-0.00731733
0,-0.0170812,-0.000226012,-9.33166e-06,-1.97626e-323,6.68935e-05,-0.00649256
0,-0.0146904,-0.000215883,-1.39022e-05,-1.97626e-323,6.20376e-05,-0.00557426
0,-0.0131408,-0.000206752,-1.82705e-05,-1.97626e-323,4.24992e-05,-0.00514969
0,-0.0148745,-0.000201226,-2.24512e-05,-1.97626e-323,3.87885e-06,-0.00589302
0,-0.0153407,-0.00019446,-2.65034e-05,-1.97626e-323,-3.97236e-05,-0.00607922
0,-0.0154103,-0.000187383,-3.04264e-05,-1.97626e-323,-8.47412e-05,-0.00612525
0,-0.01442,-0.000179294,-3.42094e-05,-1.97626e-323,-0.000130189,-0.00575272
-3.03626e-05,-0.0123802,-0.000170211,-3.78357e-05,-1.97626e-323,-0.00017508,-0.00497568
-7.2242e-05,-0.00693074,-0.000157635,-4.12854e-05,-1.97626e-323,-0.000218288,-0.00285165
-0.000114121,-0.00318346,-0.00014701,-4.4501e-05,-1.97626e-323,-0.000259291,-0.00145769
-0.000156001,0.00101446,-0.000136047,-4.74943e-05,-1.97626e-323,-0.000297948,0.000144062
-0.00019788,0.00571088,-0.0001247,-5.02701e-05,-1.97626e-323,-0.000334207,0.00193971
-0.00023976,0.00736239,-0.000116734,-5.28208e-05,-1.97626e-323,-0.000368028,0.00251369
-0.000281639,0.00897301,-0.000108949,-5.51953e-05,-1.97626e-323,-0.000399366,0.00311966
0.000304673,-0.00598869,-0.000119564,-5.74132e-05,-1.97626e-323,0.000200026,-0.00246384
0.000262793,-0.00840491,-0.000116247,-5.97514e-05,-1.97626e-323,0.000173839,-0.00319846
0.000220914,-0.0111153,-0.000113352,-6.20929e-05,-1.97626e-323,0.000150347,-0.00425102
0.000179034,-0.0129494,-0.000109633,-6.43745e-05,-1.97626e-323,0.000129653,-0.00494796
0.000137155,-0.0138324,-0.000105014,-6.65857e-05,-1.97626e-323,0.000111866,-0.00527753
9.52757e-05,-0.0123593,-9.80066e-05,-6.87091e-05,-1.97626e-323,9.7102e-05,-0.00468007
5.33962e-05,-0.0121958,-9.25127e-05,-7.07043e-05,-1.97626e-323,8.54436e-05,-0.00464095
1.15168e-05,-0.0123392,-8.74622e-05,-7.2582e-05,-1.97626e-323,7.67994e-05,-0.00470374
0,-0.0165633,-8.68598e-05,-7.43565e-05,-1.97626e-323,7.03676e-05,-0.00639082
0,-0.0159484,-8.12153e-05,-7.60967e-05,-1.97626e-323,6.50333e-05,-0.00608302
0,-0.0169979,-7.74538e-05,-7.77492e-05,-1.97626e-323,6.02516e-05,-0.00651374
0,-0.0180593,-7.38127e-05,-7.93171e-05,-1.97626e-323,5.58606e-05,-0.00692351
0,-0.0167458,-6.77566e-05,-8.08116e-05,-1.97626e-323,5.17999e-05,-0.00638474
0,-0.0174681,-6.39789e-05,-8.2197e-05,-1.97626e-323,4.80372e-05,-0.00669506
0,-0.016597,-5.86165e-05,-8.34955e-05,-1.97626e-323,4.45486e-05,-0.00633785
0,-0.0158431,-5.34922e-05,-8.46946e-05,-1.97626e-323,4.13137e-05,-0.00605172
0,-0.0143561,-4.77023e-05,-8.57901e-05,-1.97626e-323,3.83139e-05,-0.00547099
0,-0.0138421,-4.30614e-05,-8.67731e-05,-1.97626e-323,3.5532e-05,-0.00528986
0,-0.0141993,-3.94567e-05,-8.76575e-05,-1.97626e-323,3.29522e-05,-0.0054416
0,-0.014918,-3.6342e-05,-8.84647e-05,-1.97626e-323,3.05598e-05,-0.00572423
0,-0.0162597,-3.39919e-05,-8.92071e-05,-1.97626e-323,2.83411e-05,-0.00624998
0,-0.0172356,-3.13523e-05,-8.98987e-05,-1.97626e-323,2.62836e-05,-0.00662006
0,-0.0171693,-2.77049e-05,-9.05389e-05,-1.97626e-323,2.43756e-05,-0.00657954
0,-0.0174571,-2.45356e-05,-9.11112e-05,-1.97626e-323,2.26061e-05,-0.00669631
0,-0.017933,-2.16655e-05,-9.16178e-05,-1.97626e-323,2.09651e-05,-0.00688269
0,-0.0200257,-2.06092e-05,-9.20655e-05,-1.97626e-323,1.94434e-05,-0.00771168
0,-0.0218883,-1.93966e-05,-9.24829e-05,-1.97626e-323,1.80321e-05,-0.00842397
0,-0.0243862,-1.89453e-05,-9.28769e-05,-1.97626e-323,1.67233e-05,-0.00939343
0,-0.0266427,-1.83192e-05,-9.32581e-05,-1.97626e-323,1.55096e-05,-0.0102567
0,-0.0295127,-1.84247e-05,-9.36276e-05,-1.97626e-323,1.43839e-05,-0.0113686
0,-0.0324393,-1.86651e-05,-9.39956e-05,-1.97626e-323,1.33401e-05,-0.0124936
0,-0.0355431,-1.91656e-05,-9.43677e-05,-1.97626e-323,1.2372e-05,-0.0136885
0,-0.0380256,-1.90749e-05,-9.47485e-05,-1.97626e-323,1.14742e-05,-0.0146325
0,-0.0370581,-1.52752e-05,-9.51304e-05,-1.97626e-323,-0.000113813,-0.0155019
0,-0.0392264,-1.48868e-05,-9.54549e-05,-1.97626e-323,-0.000399704,-0.0165954
0,-0.0409039,-1.40443e-05,-9.57546e-05,-1.97626e-323,-0.000729323,-0.01744
0,-0.0424773,-1.31589e-05,-9.60397e-05,-1.97626e-323,-0.00107306,-0.0182417
0,-0.0431231,-1.13553e-05,-9.63073e-05,-1.97626e-323,-0.00142298,-0.0186637
-0.000184699,-0.0415298,-7.2443e-06,-9.65434e-05,-1.97626e-323,-0.00177216,-0.0181935
-0.000536508,-0.0343857,2.68001e-06,-9.67089e-05,-1.97626e-323,-0.00211117,-0.0155278
-0.000888316,-0.0302684,9.28364e-06,-9.67049e-05,-1.97626e-323,-0.00243412,-0.0141417
-0.00124012,-0.0278182,1.40215e-05,-9.65522e-05,-1.97626e-323,-0.00273933,-0.0133607
-0.00159193,-0.0228084,2.13876e-05,-9.62955e-05,-1.97626e-323,-0.00302617,-0.0115181
-0.00194374,-0.017492,2.89771e-05,-9.59046e-05,-1.97626e-323,-0.00329418,-0.00957858
-0.00229555,-0.0145016,3.39918e-05,-9.5363e-05,-1.97626e-323,-0.00354289,-0.00855904
0.00262977,-0.0346598,8.73113e-06,-9.47082e-05,-1.97626e-323,0.0015054,-0.0131619
0.00219001,-0.0356814,9.43076e-06,-9.43636e-05,-1.97626e-323,0.00129774,-0.01324
0.00192615,-0.0375472,9.17467e-06,-9.42257e-05,-1.97626e-323,0.00111155,-0.0140338
0.00157434,-0.0398728,8.37487e-06,-9.40409e-05,-1.97626e-323,0.000946928,-0.0149809
0.00122253,-0.0401976,9.64772e-06,-9.38694e-05,-1.97626e-323,0.000805376,-0.0151136
0.000870726,-0.0383346,1.31844e-05,-9.36828e-05,-1.97626e-323,0.000688056,-0.0143962
0.000518917,-0.0364219,1.67052e-05,-9.34368e-05,-1.97626e-323,0.000595834,-0.0136868
0.000167109,-0.0344529,2.02167e-05,-9.31203e-05,-1.97626e-323,0.000528391,-0.0129515
0,-0.0359728,1.99548e-05,-9.27335e-05,-1.97626e-323,0.000480555,-0.0136072
0,-0.0308539,2.6689e-05,-9.23331e-05,-1.97626e-323,0.000443169,-0.0115568
0,-0.0243835,3.47753e-05,-9.1833e-05,-1.97626e-323,0.000410327,-0.00906715
0,-0.017513,4.31954e-05,-9.11779e-05,-1.97626e-323,0.00038035,-0.00643731
0,-0.0100587,5.21401e-05,-9.03561e-05,-1.97626e-323,0.000352677,-0.00357945
0,-0.00654161,5.6804e-05,-8.93581e-05,-1.97626e-323,0.000327048,-0.00230162
0,-0.00270272,6.17255e-05,-8.82453e-05,-1.97626e-323,0.00030329,-0.000834074
0,0.000513299,6.58999e-05,-8.70354e-05,-1.97626e-323,0.000281261,0.000380668
0,0.00160168,6.7732e-05,-8.57383e-05,-1.97626e-323,0.000260833,0.000756208
0,0.00193568,6.86904e-05,-8.43928e-05,-1.97626e-323,0.000241889,0.000863849
0,0.000704588,6.79191e-05,-8.30238e-05,-1.97626e-323,0.000224322,0.000358803
0,-0.00315102,6.43027e-05,-8.16615e-05,-1.97626e-323,0.000208032,-0.00116955
0,-0.00710201,6.05417e-05,-8.03574e-05,-1.97626e-323,0.000192925,-0.00269522
0,-0.0119827,5.57545e-05,-7.91278e-05,-1.97626e-323,0.000178915,-0.0045901
0,-0.0131757,5.48519e-05,-7.79887e-05,-1.97626e-323,0.000165924,-0.00499785
0,-0.0126043,5.57783e-05,-7.68872e-05,-1.97626e-323,0.000153876,-0.0047572
0,-0.0126834,5.59634e-05,-7.57762e-05,-1.97626e-323,0.000142703,-0.00480285
0,-0.0117458,5.71813e-05,-7.46579e-05,-1.97626e-323,0.000132342,-0.00443224
0,-0.0113923,5.77293e-05,-7.35204e-05,-1.97626e-323,0.000122734,-0.00431004
0,-0.0119548,5.72585e-05,-7.23685e-05,-1.97626e-323,0.000113823,-0.00454432
0,-0.0130529,5.61785e-05,-7.1221e-05,-1.97626e-323,0.00010556,-0.00497809
0,-0.0146725,5.45087e-05,-7.0092e-05,-1.97626e-323,9.7897e-05,-0.00561157
0,-0.0145871,5.46172e-05,-6.89935e-05,-1.97626e-323,9.07905e-05,-0.00555606
0,-0.0181191,5.08475e-05,-6.79017e-05,-1.97626e-323,8.42001e-05,-0.00697073
0,-0.021123,4.76193e-05,-6.68659e-05,-1.97626e-323,7.80883e-05,-0.00811893
0,-0.0235186,4.50733e-05,-6.58974e-05,-1.97626e-323,1.3672e-05,-0.00964431
0,-0.0276558,4.06603e-05,-6.49832e-05,-1.97626e-323,-0.000126176,-0.0113629
0,-0.0314997,3.65513e-05,-6.41479e-05,-1.97626e-323,-0.000286318,-0.0129353
0,-0.0345293,3.33013e-05,-6.33963e-05,-1.97626e-323,-0.000452829,-0.0141828
0,-0.0365444,3.11215e-05,-6.27141e-05,-1.97626e-323,-0.000622069,-0.0150324
-7.11081e-05,-0.0372184,3.0356e-05,-6.20807e-05,-1.97626e-323,-0.000791143,-0.0153563
-0.000238421,-0.0350173,3.26287e-05,-6.14698e-05,-1.97626e-323,-0.000955623,-0.0145462
-0.000405735,-0.0298843,3.79868e-05,-6.08286e-05,-1.97626e-323,-0.0011124,-0.0126028
-0.000573048,-0.0247663,4.32863e-05,-6.00956e-05,-1.97626e-323,-0.00126061,-0.0107035
-0.000740361,-0.0224943,4.55196e-05,-5.92564e-05,-1.97626e-323,-0.00139994,-0.00993357
-0.000907674,-0.0188373,4.91903e-05,-5.83572e-05,-1.97626e-323,-0.0015302,-0.00856036
-0.00107499,-0.0154856,5.24965e-05,-5.73917e-05,-1.97626e-323,-0.00165116,-0.00732384
-0.0012423,-0.0139447,5.38401e-05,-5.63583e-05,-1.97626e-323,-0.00176257,-0.00679948
0.00110008,-0.030958,3.43759e-05,-5.53084e-05,-1.97626e-323,0.000645576,-0.0119274
0.000920223,-0.0318844,3.30825e-05,-5.44787e-05,-1.97626e-323,0.000554356,-0.0120489
0.000765458,-0.0311152,3.35834e-05,-5.38602e-05,-1.97626e-323,0.00047379,-0.0117521
0.000598145,-0.0302118,3.4212e-05,-5.3191e-05,-1.97626e-323,0.000404188,-0.0114225
0.000430832,-0.028818,3.5346e-05,-5.251e-05,-1.97626e-323,0.000346134,-0.0108956
0.000263518,-0.0273963,3.64918e-05,-5.18087e-05,-1.97626e-323,0.000300062,-0.0103623
9.62051e-05,-0.0272708,3.62434e-05,-5.10846e-05,-1.97626e-323,0.000265903,-0.0103448
0,-0.0321137,3.07082e-05,-5.03585e-05,-1.97626e-323,0.000241552,-0.0122898
0,-0.0314376,3.10453e-05,-4.97166e-05,-1.97626e-323,0.000222688,-0.011954
0,-0.0268516,3.55227e-05,-4.90974e-05,-1.97626e-323,0.000206167,-0.0101411
0,-0.0241238,3.79978e-05,-4.84094e-05,-1.97626e-323,0.000191102,-0.00912933
0,-0.0169992,4.51182e-05,-4.76618e-05,-1.97626e-323,0.000177199,-0.00633309
0,-0.0145143,4.72678e-05,-4.6795e-05,-1.97626e-323,0.000164323,-0.00545624
0,-0.0125333,4.88569e-05,-4.58604e-05,-1.97626e-323,0.000152387,-0.00470904
0,-0.011813,4.90836e-05,-4.48912e-05,-1.97626e-323,0.00014132,-0.00445709
0,-0.0143302,4.58552e-05,-4.39107e-05,-1.97626e-323,0.000131057,-0.00547808
0,-0.0157016,4.38417e-05,-4.29774e-05,-1.97626e-323,0.00012154,-0.00599162
0,-0.0174298,4.14443e-05,-4.20905e-05,-1.97626e-323,0.000112715,-0.00666484
0,-0.0211154,3.69669e-05,-4.12497e-05,-1.97626e-323,0.00010453,-0.00811382
0,-0.0237073,3.36601e-05,-4.04879e-05,-1.97626e-323,9.69404e-05,-0.00909586
0,-0.0263602,3.02953e-05,-3.97982e-05,-1.97626e-323,8.99019e-05,-0.0101188
0,-0.0271761,2.889e-05,-3.91755e-05,-1.97626e-323,8.33747e-05,-0.010407
0,-0.0275138,2.79945e-05,-3.85906e-05,-1.97626e-323,7.73216e-05,-0.0105322
0,-0.0283343,2.6587e-05,-3.80263e-05,-1.97626e-323,7.17081e-05,-0.0108573
0,-0.0295599,2.47531e-05,-3.74875e-05,-1.97626e-323,6.65024e-05,-0.0113366
0,-0.0307352,2.29789e-05,-3.69833e-05,-1.97626e-323,6.16748e-05,-0.0117894
0,-0.0327176,2.0355e-05,-3.65148e-05,-1.97626e-323,5.71978e-05,-0.012565
0,-0.034445,1.80137e-05,-3.60946e-05,-1.97626e-323,5.30459e-05,-0.0132264
0,-0.0361696,1.56876e-05,-3.57226e-05,-1.97626e-323,4.91956e-05,-0.0138903
0,-0.0365021,1.48529e-05,-3.53972e-05,-1.97626e-323,4.56249e-05,-0.0139984
0,-0.0370459,1.38014e-05,-3.5096e-05,-1.97626e-323,4.23134e-05,-0.0142119
0,-0.0378511,1.24813e-05,-3.48147e-05,-1.97626e-323,3.92425e-05,-0.0145266
0,-0.037505,1.24571e-05,-3.45585e-05,-1.97626e-323,-3.10244e-05,-0.015081
0,-0.0404834,8.90953e-06,-3.43092e-05,-1.97626e-323,-0.000188123,-0.0163929
0,-0.044244,4.55334e-06,-3.41133e-05,-1.97626e-323,-0.000368761,-0.0179635
0,-0.047514,7.4539e-07,-3.40004e-05,-1.97626e-323,-0.000556955,-0.0193216
0,-0.0505491,-2.78661e-06,-3.39665e-05,-1.97626e-323,-0.000748562,-0.0205875
-7.22729e-05,-0.0502943,-2.7986e-06,-3.40046e-05,-1.97626e-323,-0.000940444,-0.0205367
-0.000265001,-0.0449709,2.58287e-06,-3.40605e-05,-1.97626e-323,-0.00112751,-0.0185053
-0.000457729,-0.0378998,9.80709e-06,-3.40357e-05,-1.97626e-323,-0.00130597,-0.015846
-0.000650456,-0.0353435,1.22131e-05,-3.38757e-05,-1.97626e-323,-0.00147478,-0.0150084
-0.000843184,-0.0313681,1.61186e-05,-3.36435e-05,-1.97626e-323,-0.00163355,-0.0135274
-0.00103591,-0.025781,2.17198e-05,-3.33406e-05,-1.97626e-323,-0.00178203,-0.011417
-0.00122864,-0.0230508,2.42622e-05,-3.29342e-05,-1.97626e-323,-0.00191998,-0.0104646
-0.00142137,-0.0215063,2.5531e-05,-3.24617e-05,-1.97626e-323,-0.00204708,-0.00993471
0.00127682,-0.0447924,-1.05095e-06,-3.19765e-05,-1.97626e-323,0.000727935,-0.0173138
0.00108409,-0.0485285,-5.32901e-06,-3.18709e-05,-1.97626e-323,0.000623657,-0.0184603
0.000891366,-0.0506201,-7.83106e-06,-3.19561e-05,-1.97626e-323,0.000531484,-0.0192648
0.000698638,-0.0507626,-8.23986e-06,-3.21002e-05,-1.97626e-323,0.000451955,-0.0193115
0.00050591,-0.0509283,-8.65803e-06,-3.2263e-05,-1.97626e-323,0.00038564,-0.0193932
0.000313183,-0.0494387,-7.30368e-06,-3.2434e-05,-1.97626e-323,0.000333028,-0.0188104
0.000120455,-0.0496827,-7.78321e-06,-3.25869e-05,-1.97626e-323,0.000294091,-0.0189428
0,-0.0532217,-1.1747e-05,-3.27402e-05,-1.97626e-323,0.000266616,-0.0203625
0,-0.0535362,-1.22577e-05,-3.29553e-05,-1.97626e-323,0.000245648,-0.0204431
0,-0.0515738,-1.03351e-05,-3.31979e-05,-1.97626e-323,0.000227385,-0.0196633
0,-0.052136,-1.10885e-05,-3.34142e-05,-1.97626e-323,0.000210759,-0.0199257
0,-0.053315,-1.24813e-05,-3.36322e-05,-1.97626e-323,0.000195422,-0.0203952
0,-0.0608377,-2.05911e-05,-3.38749e-05,-1.97626e-323,0.000181221,-0.0233875
0,-0.0689521,-2.92797e-05,-3.42461e-05,-1.97626e-323,0.000168057,-0.0265184
0,-0.0812155,-4.23177e-05,-3.47883e-05,-1.97626e-323,0.000155851,-0.0312963
0,-0.09,-0.000192317,-3.55694e-05,-1.97626e-323,0.000144533,-0.0367145
0,-0.09,-0.000892355,-3.86658e-05,-1.97626e-323,0.000134036,-0.0434135
0,-0.09,-0.00266998,-4.95125e-05,-1.97626e-323,0.000124303,-0.0507653
0,-0.09,-0.00645842,-8.42471e-05,-1.97626e-323,0.000115277,-0.0582043
0,-0.09,-0.0147417,-0.000173637,-1.97626e-323,0.000106906,-0.0666016
0,-0.09,-0.0316604,-0.000381497,-1.97626e-323,9.91438e-05,-0.0741316
0,-0.09,-0.0612166,-0.000837058,-1.97626e-323,9.19452e-05,-0.0795574
0,-0.09,-0.110979,-0.00175105,-1.97626e-323,8.52696e-05,-0.0839815
0,-0.09,-0.177065,-0.00344812,-1.97626e-323,7.90789e-05,-0.0861901
0,-0.09,-0.256754,-0.00632856,-1.97626e-323,7.33378e-05,-0.0875971
0,-0.09,-0.359014,-0.0106269,-1.97626e-323,6.80137e-05,-0.0892225
0,-0.09,-0.480731,-0.0167846,-1.97626e-323,6.30764e-05,-0.090328
0,-0.09,-0.625582,-0.025182,-1.97626e-323,5.84976e-05,-0.091364
0,-0.09,-0.811058,-0.0362452,-1.97626e-323,5.42514e-05,-0.0926269
0,-0.09,-1.03392,-0.0506116,-1.97626e-323,5.03135e-05,-0.0935885
0,-0.09,-1.25215,-0.0690614,-1.97626e-323,4.66616e-05,-0.0938434
0,-0.09,-1.48567,-0.0920312,-1.97626e-323,4.32749e-05,-0.0943962
0,-0.09,-1.76645,-0.119409,-1.97626e-323,4.01341e-05,-0.095307
0,-0.09,-2.11983,-0.151931,-1.97626e-323,3.72214e-05,-0.0963325
0,-0.09,-3.59972,-0.190617,-1.97626e-323,3.45202e-05,-0.0992364
0,-0.09,-5.57307,-0.244852,-1.97626e-323,3.20151e-05,-0.101631
0,-0.09,-8.34425,-0.33658,-1.97626e-323,2.96918e-05,-0.104995
0,-0.09,-10,-0.475753,-1.97626e-323,2.75373e-05,-0.107972
0,-0.09,-10,-0.731081,-1.97626e-323,2.55392e-05,-0.110488
0,-0.09,-10,-0.841081,-1.97626e-323,2.36861e-05,-0.111417
0,-0.09,-10,-1.02608,-1.97626e-323,2.19675e-05,-0.11537
0,-0.09,-10,-1.22608,-1.97626e-323,2.03737e-05,-0.119354
0,-0.09,-10,-1.42608,-1.97626e-323,1.88956e-05,-0.121524
0,-0.09,-10,-1.62608,-1.97626e-323,1.75248e-05,-0.1236
0,-0.09,-10,-1.82608,-1.97626e-323,1.62535e-05,-0.124968
0,-0.09,-10,-2.02608,-1.97626e-323,1.50744e-05,-0.125151
0,-0.09,-10,-2.22608,-1.97626e-323,1.39809e-05,-0.127157
0,-0.09,-10,-2.42608,-1.97626e-323,1.29668e-05,-0.127783
0,-0.09,-10,-2.62608,-1.97626e-323,1.20263e-05,-0.122997
0,-0.09,-10,-2.82608,-1.97626e-323,1.1154e-05,-0.11914
0,-0.09,-10,-3.02608,-1.97626e-323,1.0345e-05,-0.114803
0,-0.09,-10,-3.22608,-1.97626e-323,9.59477e-06,-0.112691
0,-0.09,-10,-3.42608,-1.97626e-323,8.89894e-06,-0.115813
0,-0.09,-10,-3.62608,-1.97626e-323,8.2536e-06,-0.122678
0,-0.09,-10,-3.82608,-1.97626e-323,7.65508e-06,-0.13327
0,-0.09,-10,-4.02608,-1.97626e-323,7.09998e-06,-0.144752
0,-0.09,-10,-4.22608,-1.97626e-323,6.58516e-06,-0.153929
0,-0.09,-10,-4.42608,-1.97626e-323,6.10769e-06,-0.160991
0,-0.09,-10,-4.62608,-1.97626e-323,5.66485e-06,-0.165168
0,-0.09,-10,-4.82608,-1.97626e-323,5.25414e-06,-0.168823
0,-0.09,-10,-5.02608,-1.97626e-323,4.87322e-06,-0.171566
0,-0.09,-10,-5.22608,-1.97626e-323,4.51993e-06,-0.174951
0,-0.09,-10,-5.42608,-1.97626e-323,4.19226e-06,-0.179582
0,-0.09,-10,-5.62608,-1.97626e-323,3.88836e-06,-0.184892
0,-0.09,-10,-5.82608,-1.97626e-323,3.6065e-06,-0.191423
0,-0.09,-10,-6.02608,-1.97626e-323,3.34509e-06,-0.198861
0,-0.09,-10,-6.22608,-1.97626e-323,3.10263e-06,-0.205945
0,-0.09,-10,-6.42608,-1.97626e-323,2.87775e-06,-0.213267
0,-0.09,-10,-6.62608,-1.97626e-323,2.66918e-06,-0.220691
0,-0.09,-10,-6.82608,-1.97626e-323,2.47574e-06,-0.229749
