-0.103161,-0.077919,2.69178e-05,0,-0.014286,-0.103158,-0.100911
-0.103161,-0.0768227,2.79618e-05,-2.28802e-07,-0.0142037,-0.103153,-0.100855
-0.103161,-0.0766076,2.80511e-05,-7.76554e-07,-0.0141731,-0.103147,-0.100781
-0.103161,-0.077049,2.74282e-05,-1.33659e-06,-0.014168,-0.103141,-0.100956
-0.103161,-0.077845,2.64172e-05,-1.89201e-06,-0.0141677,-0.103134,-0.101262
-0.103161,-0.0787587,2.52721e-05,-2.43148e-06,-0.014132,-0.103127,-0.101609
-0.103161,-0.0793949,2.44141e-05,-2.94951e-06,-0.0140201,-0.103121,-0.101843
-0.103161,-0.0795457,2.40635e-05,-3.44724e-06,-0.0140202,-0.103114,-0.101888
-0.103161,-0.0795568,2.3852e-05,-3.93236e-06,-0.0140356,-0.103106,-0.101883
-0.103161,-0.0798655,2.33153e-05,-4.41173e-06,-0.0140407,-0.103099,-0.102
-0.103161,-0.0805565,2.23651e-05,-4.88394e-06,-0.0140356,-0.103091,-0.102264
-0.103161,-0.0813523,2.12986e-05,-5.34169e-06,-0.0140305,-0.103083,-0.102563
-0.103161,-0.0821751,2.01996e-05,-5.7794e-06,-0.0140254,-0.103074,-0.102871
-0.103161,-0.0830346,1.90588e-05,-6.19548e-06,-0.0140356,-0.103065,-0.103194
-0.103161,-0.0841876,1.76046e-05,-6.5892e-06,-0.0140358,-0.103055,-0.103634
-0.103161,-0.085326,1.61662e-05,-6.95729e-06,-0.0140307,-0.103046,-0.104064
-0.103161,-0.0864423,1.47526e-05,-7.29644e-06,-0.0140458,-0.103036,-0.104484
-0.103161,-0.0876892,1.32025e-05,-7.60704e-06,-0.0140304,-0.103026,-0.104956
-0.103161,-0.0892702,1.13012e-05,-7.88814e-06,-0.0139945,-0.103016,-0.105559
-0.103161,-0.0908366,9.42161e-06,-8.13508e-06,-0.0138973,-0.103005,-0.10615
-0.103161,-0.0920408,7.9337e-06,-8.34419e-06,-0.0138767,-0.102994,-0.106596
-0.103161,-0.0937551,5.9107e-06,-8.51923e-06,-0.0138815,-0.102982,-0.107251
-0.103161,-0.0956638,3.69105e-06,-8.65969e-06,-0.0138813,-0.102969,-0.107974
-0.103161,-0.0974055,1.66023e-06,-8.75793e-06,-0.0138707,-0.102955,-0.108627
-0.103161,-0.0992049,-4.19821e-07,-8.81347e-06,-0.0138344,-0.10294,-0.109304
-0.103161,-0.10072,-2.18495e-06,-8.82796e-06,-0.0137777,-0.102924,-0.109866
-0.103161,-0.102367,-4.07762e-06,-8.80368e-06,-0.0136951,-0.102907,-0.110483
-0.103161,-0.103665,-5.58566e-06,-8.74294e-06,-0.0139343,-0.102889,-0.110957
-0.103161,-0.105232,-7.36707e-06,-8.64782e-06,-0.013791,-0.102869,-0.111542
-0.103161,-0.106321,-8.62734e-06,-8.52007e-06,-0.0137341,-0.102847,-0.111928
-0.103161,-0.10711,-9.55787e-06,-8.36139e-06,-0.0138711,-0.102823,-0.1122
-0.103161,-0.108324,-1.0931e-05,-8.18047e-06,-0.0136921,-0.102796,-0.112644
-0.103161,-0.108687,-1.13901e-05,-7.97695e-06,-0.0137069,-0.102767,-0.112739
-0.103161,-0.10882,-1.16002e-05,-7.7542e-06,-0.0139571,-0.102735,-0.112753
-0.103161,-0.10887,-1.17202e-05,-7.52451e-06,-0.013748,-0.1027,-0.112735
-0.103161,-0.107699,-1.0542e-05,-7.29142e-06,-0.0139524,-0.102662,-0.112228
-0.103161,-0.106501,-9.34266e-06,-7.06762e-06,-0.0139526,-0.102621,-0.111726
-0.103161,-0.104734,-7.54723e-06,-6.86758e-06,-0.0138812,-0.102577,-0.110994
-0.103161,-0.102898,-5.69252e-06,-6.69688e-06,-0.013907,-0.102529,-0.11024
-0.103161,-0.100692,-3.45956e-06,-6.56263e-06,-0.0138817,-0.102478,-0.109335
-0.103161,-0.0985579,-1.32409e-06,-6.46888e-06,-0.0138206,-0.102422,-0.108461
-0.103161,-0.0967703,4.22317e-07,-6.41891e-06,-0.0137033,-0.102363,-0.107721
-0.103161,-0.0953526,1.75367e-06,-6.40814e-06,-0.0136881,-0.102298,-0.107118
-0.103161,-0.0943974,2.57174e-06,-6.42857e-06,-0.0136879,-0.102229,-0.106689
-0.103161,-0.0938966,2.88577e-06,-6.47101e-06,-0.0136879,-0.102155,-0.106429
-0.103161,-0.0939518,2.58867e-06,-6.52527e-06,-0.013688,-0.102075,-0.106379
-0.103161,-0.0942637,2.00015e-06,-6.58031e-06,-0.0136883,-0.101989,-0.106416
-0.103161,-0.0948844,1.06557e-06,-6.62678e-06,-0.0136985,-0.101896,-0.106567
-0.103161,-0.0956933,-8.60239e-08,-6.65838e-06,-0.0137089,-0.101796,-0.10678
-0.103161,-0.0967784,-1.54711e-06,-6.66932e-06,-0.0137292,-0.101689,-0.107094
-0.103161,-0.0982698,-3.45451e-06,-6.65445e-06,-0.0137402,-0.101574,-0.107557
-0.103161,-0.099723,-5.3338e-06,-6.60634e-06,-0.01374,-0.101449,-0.10799
-0.103161,-0.10114,-7.18665e-06,-6.52034e-06,-0.013771,-0.101316,-0.1084
-0.103161,-0.102399,-8.88417e-06,-6.39699e-06,-0.0137767,-0.101172,-0.108738
-0.103161,-0.103457,-1.03795e-05,-6.23798e-06,-0.0137715,-0.101017,-0.108987
-0.103161,-0.104126,-1.14744e-05,-6.04684e-06,-0.0137666,-0.10085,-0.109072
-0.103161,-0.104556,-1.23297e-05,-5.82939e-06,-0.0137623,-0.100671,-0.109056
-0.103161,-0.105099,-1.33194e-05,-5.59221e-06,-0.0137417,-0.100478,-0.109075
-0.103161,-0.105349,-1.40127e-05,-5.33671e-06,-0.0136085,-0.100269,-0.10896
-0.103161,-0.104881,-1.39588e-05,-5.06408e-06,-0.0137046,-0.100045,-0.108546
-0.103161,-0.104654,-1.4181e-05,-4.78431e-06,-0.0137001,-0.0998024,-0.108223
-0.103161,-0.104136,-1.41121e-05,-4.50313e-06,-0.0136952,-0.0995408,-0.107761
-0.103161,-0.10351,-1.395e-05,-4.22013e-06,-0.0137208,-0.0992587,-0.107242
-0.103161,-0.10277,-1.36871e-05,-3.93935e-06,-0.0138428,-0.0989545,-0.106657
-0.103161,-0.102025,-1.34414e-05,-3.66272e-06,-0.0137972,-0.0986266,-0.106049
-0.103161,-0.101743,-1.37079e-05,-3.39118e-06,-0.0136554,-0.0982733,-0.105601
-0.103161,-0.101331,-1.38568e-05,-3.11996e-06,-0.01392,-0.0978926,-0.105067
-0.103161,-0.101756,-1.49135e-05,-2.84446e-06,-0.0138089,-0.0974826,-0.104838
-0.103161,-0.102554,-1.63802e-05,-2.55781e-06,-0.0136216,-0.0970409,-0.104712
-0.103161,-0.102624,-1.70851e-05,-2.24634e-06,-0.0139068,-0.0965652,-0.104254
-0.103161,-0.103102,-1.8235e-05,-1.91239e-06,-0.0137597,-0.0960529,-0.103928
-0.103161,-0.103455,-1.92609e-05,-1.56034e-06,-0.0137603,-0.0955011,-0.103502
-0.103161,-0.103698,-2.0177e-05,-1.18641e-06,-0.0138121,-0.0949068,-0.102983
-0.103161,-0.104462,-2.16523e-05,-7.92947e-07,-0.0135641,-0.0942669,-0.102621
-0.103161,-0.104381,-2.22312e-05,-3.76128e-07,-0.0138595,-0.0935779,-0.101854
-0.103161,-0.10488,-2.34271e-05,6.21284e-08,-0.0136412,-0.0928365,-0.101265
-0.103161,-0.1059,-2.51734e-05,5.17515e-07,-0.0136376,-0.0920384,-0.100802
-0.103161,-0.106446,-2.64083e-05,1.00177e-06,-0.0138719,-0.0911792,-0.100062
-0.103161,-0.108386,-2.9113e-05,1.51636e-06,-0.0134765,-0.090254,-0.0997984
-0.103161,-0.109451,-3.08713e-05,2.06886e-06,-0.0138479,-0.0892577,-0.09907
-0.103161,-0.111007,-3.31314e-05,2.66695e-06,-0.0135996,-0.0881846,-0.0984495
-0.103161,-0.112656,-3.5468e-05,3.30471e-06,-0.0136416,-0.0870287,-0.0977516
-0.103161,-0.113748,-3.71853e-05,3.98837e-06,-0.0138405,-0.0857835,-0.0967169
-0.103161,-0.11548,-3.9555e-05,4.71319e-06,-0.013486,-0.084442,-0.0958296
-0.103161,-0.116366,-4.09941e-05,5.47822e-06,-0.0136146,-0.0829969,-0.094476
-0.103161,-0.117169,-4.23119e-05,6.28227e-06,-0.0135648,-0.0814398,-0.0929833
-0.103161,-0.117644,-4.32475e-05,7.11402e-06,-0.0136216,-0.0797623,-0.0912455
-0.103161,-0.118685,-4.4748e-05,7.96867e-06,-0.0136075,-0.0779548,-0.08963
-0.103161,-0.119755,-4.62387e-05,8.84713e-06,-0.0135271,-0.0760073,-0.0879199
-0.103161,-0.120352,-4.71846e-05,9.7555e-06,-0.0135791,-0.073909,-0.0859394
-0.103161,-0.12082,-4.7947e-05,1.06888e-05,-0.0135597,-0.0716481,-0.083854
-0.103161,-0.12092,-4.82727e-05,1.16393e-05,-0.0135455,-0.0692121,-0.0815914
-0.103161,-0.12088,-4.84003e-05,1.26012e-05,-0.0135207,-0.0665873,-0.0792789
-0.103161,-0.120241,-4.78389e-05,1.35678e-05,-0.0135566,-0.0637592,-0.0767685
-0.103161,-0.119244,-4.68403e-05,1.45308e-05,-0.0135563,-0.0607121,-0.0742074
-0.103161,-0.117768,-4.52695e-05,1.54786e-05,-0.0135657,-0.0574295,-0.0715906
-0.103161,-0.115298,-4.25809e-05,1.64012e-05,-0.0134726,-0.0538946,-0.068764
-0.103161,-0.111607,-3.85346e-05,1.72824e-05,-0.0134102,-0.0500939,-0.0656915
-0.103161,-0.10656,-3.29911e-05,1.80976e-05,-0.0132932,-0.0460296,-0.0623651
-0.103161,-0.100142,-2.59373e-05,1.88184e-05,-0.0132739,-0.0417682,-0.0588127
-0.0897498,-0.0926287,-1.07207e-05,1.94148e-05,-0.0131633,-0.0376268,-0.0551677
-0.0759951,-0.0839661,2.56265e-05,1.97966e-05,-0.0132507,-0.0339574,-0.0514051
-0.0622403,-0.0737813,8.2337e-05,1.96839e-05,-0.0132977,-0.0308918,-0.0473534
-0.0484855,-0.0631716,9.13778e-05,1.86609e-05,-0.0132722,-0.0285003,-0.0434232
-0.0347308,-0.0521607,0.00010092,1.69328e-05,-0.0131163,-0.0268372,-0.0395695
-0.020976,-0.0405985,0.000111034,1.50194e-05,-0.0130409,-0.0259459,-0.03569
-0.00722125,-0.0293769,0.000120761,1.291e-05,-0.012291,-0.0258316,-0.0321041
0,-0.0241277,0.000124174,1.06017e-05,-0.00723434,-0.0263463,-0.0310118
0,-0.0166021,0.00013007,8.1558e-06,-0.00804825,-0.0271975,-0.0290079
0,-0.0111467,0.000133823,5.61926e-06,-0.00843717,-0.028188,-0.0279454
0,-0.00764892,0.000135558,2.98408e-06,-0.00743848,-0.0292705,-0.0277165
0,-0.000952609,0.000140754,2.9113e-07,-0.0084038,-0.0304371,-0.0262716
0,0.00112997,0.0001411,-2.4642e-06,-0.00862201,-0.0316907,-0.026818
0,0.00213925,0.000140372,-5.2824e-06,-0.00989271,-0.0330371,-0.0278323
0,0.00200967,0.000138501,-8.09785e-06,-0.0108147,-0.0344837,-0.029406
0,0.00157693,0.00013638,-1.08884e-05,-0.0118524,-0.0360384,-0.0312159
0,-0.00102502,0.000132027,-1.36394e-05,-0.0123402,-0.0377096,-0.0340321
0,-0.00399896,0.000127358,-1.63278e-05,-0.0123538,-0.0395069,-0.0371213
0,-0.00688547,0.000122862,-1.89263e-05,-0.0118979,-0.0414399,-0.0403392
0,-0.0096692,0.000118555,-2.1433e-05,-0.0111132,-0.0435191,-0.0436993
0,-0.0119371,0.000114874,-2.38515e-05,-0.0100774,-0.045756,-0.0470499
0,-0.0127628,0.000112799,-2.61895e-05,-0.00864599,-0.0481628,-0.0500392
0,-0.0117775,0.000112712,-2.84683e-05,-0.00738649,-0.0507531,-0.0525436
0,-0.00909442,0.000114481,-3.07235e-05,-0.00618117,-0.0535412,-0.0546212
0,-0.00386999,0.00011899,-3.29936e-05,-0.0050383,-0.0565429,-0.0559376
0,0.00409101,0.000126429,-3.53238e-05,-0.00404926,-0.0597748,-0.0564277
0,0.0113374,0.000133113,-3.77706e-05,-0.00309131,-0.063255,-0.0574674
0,0.0185492,0.000139761,-4.03593e-05,-0.00241479,-0.0670029,-0.0587213
0,0.02605,0.000146706,-4.30814e-05,-0.00227811,-0.0710394,-0.0600528
0,0.0333926,0.000153464,-4.59391e-05,-0.00260041,-0.0753871,-0.0616199
0,0.0402916,0.000159724,-4.89341e-05,-0.00323146,-0.0800701,-0.0634959
0,0.0450631,0.000163689,-5.20597e-05,-0.00443656,-0.0851146,-0.0663066
0,0.0473032,0.000164933,-5.52898e-05,-0.00547412,-0.0905483,-0.0701371
0,0.0471397,0.000163592,-5.85748e-05,-0.00671779,-0.0964006,-0.0748726
0,0.0447962,0.000159908,-6.18614e-05,-0.00799024,-0.1027,-0.0803628
0,0.0393218,0.000152875,-6.51001e-05,-0.0084068,-0.109469,-0.0869253
0,0.0300175,0.000141758,-6.8235e-05,-0.00572521,-0.11669,-0.0947596
-0.00680831,0.0243345,0.000134481,-7.11924e-05,-0.00515771,-0.124198,-0.100818
-0.0211416,0.0240873,0.000132963,-7.39621e-05,-0.00804182,-0.131689,-0.104438
-0.0354749,0.0270622,0.000364004,-7.6638e-05,-0.0104131,-0.138945,-0.105832
-0.0498081,0.0201919,0.00359006,-8.12611e-05,-0.00833669,-0.145894,-0.107681
-0.0641414,0.00585858,0.0221012,-0.000109511,-0.0114215,-0.152497,-0.107367
-0.0784747,-0.0084747,0.0863578,-0.000320145,-0.0118487,-0.158723,-0.109202
-0.092808,-0.022808,0.362146,-0.00121197,-0.0124675,-0.16454,-0.112826
-0.107141,-0.0371413,4.19654,-0.00445596,-0.0137311,-0.169901,-0.112826
0.093525,0.148097,4.19638,-0.0116989,0.0151465,0.0452062,0.0801935
0.0713083,0.108184,4.05981,-0.0229254,0.0188471,0.040759,0.0658401
0.063425,0.0975866,3.92085,-0.0671684,0.0191086,0.0371006,0.0613922
0.050525,0.0785825,3.78454,-0.13941,0.0202987,0.0341486,0.053812
0.0361917,0.0561058,3.65011,-0.2166,0.0207292,0.0320009,0.0453736
0.0218583,0.0340301,3.51736,-0.291149,0.0205547,0.0307374,0.0373715
0.007525,0.0114502,3.3866,-0.363022,0.0193745,0.0303709,0.029341
0,-0.0234086,3.34085,-0.432258,0.012806,0.03146,0.0244365
0,-0.0260023,3.28361,-0.499579,0.0124934,0.0332189,0.0191108
0,-0.0357496,3.15408,-0.56588,0.0133309,0.0344141,0.0150761
0,-0.0403681,3.02589,-0.630387,0.0102773,0.0354045,0.0143926
0,-0.0449388,2.89992,-0.692315,0.0106821,0.0364268,0.0137584
0,-0.04321,2.7763,-0.751699,0.00935369,0.0375622,0.0159227
0,-0.0402737,2.65487,-0.808585,0.00871887,0.0388412,0.0185257
0,-0.0362962,2.53572,-0.863018,0.00816672,0.0402662,0.021689
0,-0.0327356,2.41884,-0.915043,0.00658369,0.0418397,0.0247937
0,-0.0325942,2.30421,-0.964705,0.0048822,0.0435492,0.0265396
0,-0.0329414,2.19188,-1.01205,0.00305479,0.0454038,0.0285362
0,-0.0334012,2.08183,-1.05712,0.00149348,0.0474234,0.030574
0,-0.0337461,1.97406,-1.09997,0,0.0496221,0.0330077
0,-0.033349,1.86857,-1.14064,0,0.0520188,0.035902
0,-0.0338482,1.76537,-1.17864,0,0.0546149,0.0385771
0,-0.035357,1.66445,-1.21457,0,0.0574215,0.0411875
0,-0.0379241,1.56581,-1.24846,0,0.0604609,0.0436478
0,-0.0410479,1.46943,-1.28037,0,0.0637518,0.0461621
0,-0.0437141,1.37531,-1.31034,0,0.0673131,0.049126
0,-0.0465232,1.28343,-1.33841,0,0.0711647,0.0522765
0,-0.0489974,1.19378,-1.36463,0,0.0753282,0.055799
0,-0.0505801,1.10635,-1.38904,0,0.0798267,0.0598857
0,-0.0516482,1.02111,-1.41169,0,0.0846853,0.064346
0,-0.0546193,0.938055,-1.43263,0,0.0899167,0.0680568
0,-0.0543521,0.857171,-1.45189,0,0.0955459,0.0732923
0,-0.0529899,0.778434,-1.46952,0,0.101634,0.0790539
0,-0.0475832,0.701828,-1.48556,0,0.108223,0.0862824
0,-0.0395751,0.627331,-1.50005,0,0.115329,0.0943787
0,-0.0307452,0.554922,-1.51305,0,0.122972,0.102579
0,-0.0196772,0.48458,-1.52458,0,0.131128,0.111403
0.00744167,-0.00791421,0.416287,-1.53469,0,0.139594,0.120145
0.0231083,-0.00162277,0.350226,-1.54343,0,0.148,0.126311
0.038775,0.00164547,0.287061,-1.55083,0,0.15608,0.130939
0.0544417,0.00496342,0.226991,-1.55692,0,0.163743,0.1352
0.0701083,0.00586408,0.168846,-1.56182,-0.00287872,0.170939,0.136298
0.085775,0.015775,0.110476,-1.56563,-0.00705103,0.177628,0.139689
0.101442,0.0314417,0.0512915,-1.56857,-0.00619655,0.18377,0.144261
0.117108,0.0471083,-0.0161967,-1.57025,-0.00550876,0.189323,0.144261
-0.102213,-0.114589,-0.0161018,-1.57127,0.00465459,-0.0457628,-0.0660735
-0.0802822,-0.0742612,-0.0651092,-1.57271,0.00171854,-0.0411993,-0.0513921
-0.0708833,-0.0605389,-0.113978,-1.57253,0.0017919,-0.0374368,-0.0457266
-0.0552185,-0.0372614,-0.160712,-1.57078,0.000712974,-0.0344253,-0.0367276
-0.0395537,-0.0146264,-0.205533,-1.56808,3.71371e-12,-0.0322673,-0.0284078
-0.0238889,0.0086677,-0.249118,-1.56449,-8.07794e-28,-0.0310225,-0.0200438
-0.00822403,0.0311054,-0.292604,-1.55977,1.79366e-43,-0.0306985,-0.0122152
0,0.045984,-0.334967,-1.55418,-3.98273e-59,-0.031123,-0.00753369
0,0.0625716,-0.375839,-1.54773,8.84344e-75,-0.0319551,-0.00216599
0,0.07,-0.415046,-1.54046,-2.45455e-90,-0.0329648,0.000331456
0,0.07,-0.452579,-1.53239,0,-0.0340962,-0.000450975
0,0.07,-0.488373,-1.52375,0,-0.0353396,0.000703579
0,0.07,-0.522607,-1.51438,0,-0.0366976,-0.000860804
0,0.07,-0.555327,-1.50431,0,-0.0381764,-0.00227876
0,0.07,-0.586588,-1.49356,0,-0.0397841,-0.00428817
0,0.07,-0.616424,-1.48217,0,-0.0415294,-0.00644278
0,0.07,-0.64484,-1.47017,0,-0.043422,-0.00846352
0,0.07,-0.671874,-1.45759,0,-0.0454724,-0.010865
0,0.07,-0.697576,-1.44445,0,-0.0476918,-0.013765
0,0.07,-0.722004,-1.43078,0,-0.0500923,-0.0172578
0,0.07,-0.745185,-1.41661,0,-0.052687,-0.0209478
0,0.07,-0.767117,-1.40196,0,-0.0554902,-0.0244697
0,0.07,-0.78781,-1.38686,0,-0.0585177,-0.0280716
0,0.07,-0.807258,-1.37133,0,-0.0617863,-0.0314723
0,0.07,-0.825493,-1.3554,0,-0.0653142,-0.0352918
0,0.07,-0.842561,-1.33909,0,-0.0691212,-0.0395858
0,0.07,-0.858472,-1.32242,0,-0.0732285,-0.0438261
0,0.07,-0.873232,-1.30543,0,-0.077659,-0.0480425
0,0.07,-0.886835,-1.28813,0,-0.0824374,-0.0519829
0,0.07,-0.899282,-1.27054,0,-0.0875904,-0.0557747
0,0.07,-0.91053,-1.25269,0,-0.0931465,-0.0591575
0,0.07,-0.920689,-1.2346,0,-0.0991368,-0.0635561
0,0.07,-0.929968,-1.2163,0,-0.10554,-0.0692013
0,0.07,-0.938456,-1.1978,0,-0.112374,-0.0761779
0,0.07,-0.946087,-1.17913,0,-0.119725,-0.083417
0,0.07,-0.95281,-1.16029,0,-0.127631,-0.0906815
0,0.0653276,-0.958658,-1.14131,0,-0.136077,-0.0985796
-0.00689748,0.0520129,-0.963597,-1.1222,0,-0.144868,-0.108261
-0.0231268,0.0413347,-0.96692,-1.10296,0,-0.153619,-0.114425
-0.0393562,0.0300961,-0.967509,-1.08364,0.00520635,-0.162041,-0.119123
-0.0555856,0.0144144,-0.966999,-1.0643,0.015419,-0.170035,-0.126068
-0.0718149,-0.00181493,-0.961227,-1.04495,0.0174866,-0.177547,-0.130126
-0.0880443,-0.0180443,-0.953405,-1.02565,0.016811,-0.184537,-0.137031
-0.104274,-0.0342737,-0.944547,-1.0065,0.0150308,-0.190963,-0.144595
-0.120503,-0.050503,-0.936016,-0.987508,0.0136568,-0.19678,-0.152511
0.106708,0.132593,-0.936098,-0.968617,-0.00388645,0.0414969,0.0704429
0.0852042,0.0932564,-0.935909,-0.943586,-0.00602249,0.0370957,0.0559594
0.0742493,0.0819849,-0.935558,-0.930945,-0.00735583,0.0334657,0.0514474
0.05802,0.0606066,-0.934635,-0.91223,-0.0028927,0.0305932,0.0432701
0.0417906,0.0380652,-0.933202,-0.893527,-2.749e-12,0.0285815,0.0350601
0.0255612,0.0130755,-0.931198,-0.874847,4.03897e-28,0.0274935,0.0261181
0.00933188,-0.0110155,-0.928599,-0.856211,-8.96831e-44,0.0273422,0.0177529
0,-0.0271939,-0.925447,-0.837624,1.99136e-59,0.0279646,0.0126713
0,-0.0453895,-0.921777,-0.819096,-4.42172e-75,0.0290085,0.00676945
0,-0.0577184,-0.917602,-0.800639,9.81819e-91,0.0302215,0.00333586
0,-0.062917,-0.912936,-0.782261,-2.18008e-106,0.0315428,0.00275835
0,-0.0696953,-0.907801,-0.763975,4.84074e-122,0.0329621,0.00154877
0,-0.07,-0.902215,-0.745788,-1.07486e-137,0.0344824,0.00284621
0,-0.07,-0.896242,-0.72771,2.38667e-153,0.0361111,0.00398356
0,-0.07,-0.889901,-0.70972,-5.29947e-169,0.0378568,0.00521709
0,-0.07,-0.883208,-0.691852,1.17672e-184,0.0397291,0.00660211
0,-0.07,-0.876201,-0.674114,-2.61284e-200,0.0417385,0.00782172
0,-0.07,-0.868885,-0.656513,5.80167e-216,0.043896,0.00936182
0,-0.07,-0.861258,-0.639055,-1.28823e-231,0.0462136,0.0113832
0,-0.07,-0.853303,-0.621746,2.86044e-247,0.0487039,0.0141213
0,-0.07,-0.845056,-0.604592,-6.35146e-263,0.0513804,0.0168383
0,-0.07,-0.836554,-0.5876,7.05154e-279,0.0542581,0.0195835
0,-0.07,-0.827839,-0.570776,-1.56576e-294,0.057353,0.0223533
0,-0.07,-0.818898,-0.554123,3.47668e-310,0.0606823,0.0256274
0,-0.07,-0.809722,-0.537647,-1.66994e-321,0.0642647,0.0294299
0,-0.07,-0.800324,-0.521351,-1.66994e-321,0.0681202,0.0335164
0,-0.07,-0.79075,-0.505241,-1.66994e-321,0.0722704,0.037523
0,-0.07,-0.781013,-0.489316,-1.66994e-321,0.0767382,0.0417561
0,-0.07,-0.771146,-0.473589,-1.66994e-321,0.0815488,0.0459645
0,-0.07,-0.761157,-0.458058,-1.66994e-321,0.0867288,0.0503764
0,-0.07,-0.751109,-0.442725,-1.66994e-321,0.0923072,0.0543779
0,-0.07,-0.741068,-0.427592,-1.66994e-321,0.098315,0.058149
0,-0.07,-0.730882,-0.41266,-1.66994e-321,0.104711,0.0623782
0,-0.07,-0.720456,-0.39793,-1.66994e-321,0.111509,0.0678447
0,-0.07,-0.709697,-0.383407,-1.66994e-321,0.118812,0.074276
0,-0.07,-0.698971,-0.369094,-1.66994e-321,0.126666,0.0806339
0,-0.07,-0.688787,-0.354991,-1.66994e-321,0.135059,0.0874446
0.00606483,-0.0639352,-0.679592,-0.341099,-0.000244392,0.143813,0.0949836
0.0222377,-0.0477623,-0.67143,-0.327401,-0.0118724,0.152548,0.102331
0.0384106,-0.0315894,-0.667461,-0.313879,-0.0160914,0.16096,0.10857
0.0545835,-0.0154165,-0.663225,-0.300478,-0.0191873,0.168948,0.117251
0.0707564,0.000756403,-0.662332,-0.287165,-0.0166704,0.176459,0.124113
0.0869293,0.0169293,-0.660886,-0.273908,-0.0155966,0.183451,0.132794
0.103102,0.0331022,-0.655449,-0.260674,-0.0150724,0.189882,0.143599
0.119275,0.0492751,-0.647925,-0.247502,-0.0129402,0.19571,0.153663
-0.107145,-0.122384,-0.647832,-0.234394,0.00548998,-0.0417059,-0.0670545
-0.0857163,-0.0798176,-0.633916,-0.217024,0.00761186,-0.0372849,-0.051419
-0.0747996,-0.0645407,-0.620058,-0.208313,0.00787044,-0.0336297,-0.0453378
-0.0586267,-0.0412807,-0.606384,-0.19576,0.00519689,-0.0307265,-0.0364503
-0.0424538,-0.0190324,-0.592805,-0.183481,-2.79996e-11,-0.0286781,-0.0283678
-0.0262809,0.00567486,-0.579224,-0.171476,3.23117e-27,-0.0275482,-0.0195173
-0.0101081,0.0274628,-0.565243,-0.15981,-7.17465e-43,-0.0273533,-0.012052
0,0.0414727,-0.551162,-0.148421,1.59309e-58,-0.0279464,-0.0077871
0,0.0560598,-0.537123,-0.137314,-3.53737e-74,-0.0289781,-0.00327985
0,0.065786,-0.52318,-0.126487,7.85455e-90,-0.0301834,-0.000817005
0,0.0680513,-0.509351,-0.11594,-1.74406e-105,-0.031498,-0.00135714
0,0.07,-0.495542,-0.10567,1.9363e-121,-0.0329106,-0.000524824
0,0.07,-0.481861,-0.095676,-4.29944e-137,-0.034424,-0.00203917
0,0.07,-0.468247,-0.0858882,9.54668e-153,-0.0360455,-0.00268457
0,0.07,-0.45475,-0.0763735,-2.11979e-168,-0.0377837,-0.00414927
0,0.07,-0.441355,-0.0671301,4.70687e-184,-0.0396482,-0.00545773
0,0.07,-0.428,-0.0581556,-1.04514e-199,-0.0416492,-0.0060836
0,0.07,-0.414708,-0.0494487,2.32067e-215,-0.0437979,-0.00739682
0,0.07,-0.401519,-0.0410083,-5.15292e-231,-0.0461061,-0.00925303
0,0.07,-0.388484,-0.0328329,1.14418e-246,-0.0485864,-0.0118087
0,0.07,-0.375537,-0.0249198,-2.54059e-262,-0.0512523,-0.0138544
0,0.07,-0.362781,-0.0172666,5.64123e-278,-0.0541186,-0.0171613
0,0.07,-0.350228,-0.00987071,-1.25261e-293,-0.0572014,-0.0208277
0,0.07,-0.337899,-0.00272806,2.78134e-309,-0.0605178,-0.0249539
0,0.07,-0.325779,0.00416554,1.47726e-321,-0.0640864,-0.0291773
0,0.07,-0.313888,0.0108144,1.47726e-321,-0.067927,-0.0338572
0,0.07,-0.302204,0.017223,1.47726e-321,-0.0720612,-0.038561
0,0.07,-0.290697,0.0233956,1.47726e-321,-0.076512,-0.0431567
0,0.07,-0.279332,0.0293361,1.47726e-321,-0.0813042,-0.047597
0,0.07,-0.268071,0.0350478,1.47726e-321,-0.0864645,-0.0517584
0,0.07,-0.256855,0.0405331,1.47726e-321,-0.0920217,-0.0553916
0,0.07,-0.245641,0.0457936,1.47726e-321,-0.0980067,-0.0587755
0,0.07,-0.234585,0.0508353,1.47726e-321,-0.104383,-0.0627901
0,0.07,-0.223784,0.0556487,1.47726e-321,-0.111167,-0.0681581
0,0.07,-0.213324,0.0602432,1.47726e-321,-0.118456,-0.0742943
0,0.07,-0.202638,0.0646247,1.47726e-321,-0.126296,-0.0796083
0,0.07,-0.191182,0.0688003,1.47726e-321,-0.134678,-0.0858575
-0.00526087,0.0647391,-0.178619,0.0727557,0.00370399,-0.14344,-0.0932523
-0.0214481,0.0485519,-0.166229,0.0764726,0.0113716,-0.152202,-0.102698
-0.0376354,0.0323646,-0.150185,0.0799397,0.0182441,-0.160648,-0.108355
-0.0538227,0.0161773,-0.13395,0.0831519,0.0214295,-0.168672,-0.116435
-0.07001,-9.9964e-06,-0.112141,0.0860176,0.0190106,-0.17622,-0.121638
-0.0861973,-0.0161973,-0.088086,0.0885113,0.0178719,-0.18325,-0.128452
-0.102385,-0.0323846,-0.0659507,0.0905376,0.0165446,-0.189721,-0.136916
-0.118572,-0.0485718,-0.0458676,0.0921001,0.0144286,-0.19559,-0.145414
0.10805,0.153229,-0.0458052,0.0934191,-0.004643,0.0419986,0.0785535
0.0857926,0.111247,-0.041393,0.0952328,-0.00686607,0.0375419,0.0633352
0.0756755,0.09935,-0.0369845,0.0958088,-0.00809469,0.0338509,0.058509
0.0594883,0.0756792,-0.0327552,0.096597,-0.00516264,0.0309009,0.0493961
0.043301,0.0528656,-0.0286367,0.0972986,5.32329e-11,0.0288014,0.041087
0.0271137,0.0263499,-0.0246132,0.0979166,-6.46235e-27,0.0276188,0.0315186
0.0109264,0.000626913,-0.0205648,0.098433,1.43493e-42,0.0273739,0.0225079
0,-0.0172404,-0.0165718,0.0988686,-3.18618e-58,0.0279348,0.0167634
0,-0.0353321,-0.0126862,0.099224,7.07475e-74,0.0289534,0.0109173
0,-0.050607,-0.00891544,0.099501,-1.57091e-89,0.0301504,0.00629407
0,-0.058162,-0.00525672,0.099702,3.48812e-105,0.0314579,0.0048081
0,-0.0651147,-0.00171782,0.0998291,-7.74518e-121,0.0328634,0.00355112
0,-0.0661777,0.00170672,0.0998847,1.71978e-136,0.0343697,0.00475396
0,-0.0674692,0.00501391,0.0998711,-3.81867e-152,0.0359838,0.00590479
0,-0.0679672,0.00820637,0.0997906,8.47915e-168,0.0377142,0.00751834
0,-0.0681227,0.0112857,0.0996457,-1.88275e-183,0.0395705,0.00941274
0,-0.0686617,0.014253,0.0994384,4.18054e-199,0.0415629,0.0113195
0,-0.0688058,0.0171107,0.0991712,-9.28267e-215,0.0437025,0.0135756
0,-0.0688339,0.0198605,0.0988461,2.06117e-230,0.0460011,0.0160723
0,-0.0672801,0.0225058,0.0984654,-4.57671e-246,0.0484712,0.0194132
0,-0.0666626,0.0250468,0.0980457,1.01623e-261,0.0511264,0.0225859
0,-0.0675025,0.0274843,0.097574,-2.25649e-277,0.0539812,0.0254344
0,-0.0684552,0.029821,0.0970523,5.01042e-293,0.0570518,0.0285146
0,-0.07,0.0320344,0.0964828,-5.56268e-309,0.0603551,0.0312704
0,-0.07,0.0341124,0.0958698,1.89227e-321,0.0639096,0.0346736
0,-0.07,0.0361012,0.0952218,1.89227e-321,0.0677353,0.0389703
0,-0.07,0.0379609,0.0945376,1.89227e-321,0.0718534,0.0428998
0,-0.07,0.039692,0.0938155,1.89227e-321,0.076287,0.0470411
0,-0.07,0.0413115,0.0930563,1.89227e-321,0.0810607,0.0516149
0,-0.07,0.0428805,0.0921235,1.89227e-321,0.0862522,0.0578002
0,-0.07,0.0440864,0.0902447,1.89227e-321,0.0924891,0.0672015
0,-0.062841,0.0454112,0.0881443,1.89227e-321,0.1005,0.0796972
0,-0.0651426,0.0467343,0.0873955,1.89227e-321,0.109831,0.0840769
0,-0.0655873,0.0479302,0.0869193,1.89227e-321,0.119534,0.0888081
0.00357662,-0.0603034,0.0484872,0.0862393,1.89227e-321,0.129208,0.0944241
0.0194727,-0.0469203,0.0482306,0.0852793,1.89227e-321,0.13865,0.102707
0.0353688,-0.034101,0.047035,0.0843104,-0.00924214,0.147685,0.10955
0.0512649,-0.0174584,0.04616,0.0833487,-0.0135078,0.156246,0.119102
0.067161,-0.00257959,0.044791,0.0824093,-0.0151963,0.164292,0.127393
0.0830571,0.0130571,0.0430885,0.0814889,-0.0156055,0.171789,0.135844
0.0989532,0.0304612,0.0419716,0.0805982,-0.0164023,0.1787,0.144624
0.114849,0.0448493,0.0413352,0.0797398,-0.0157773,0.184987,0.153118
-0.107696,-0.132393,0.0414159,0.0789003,0.00409921,-0.0478351,-0.0736019
-0.0918,-0.110515,0.0425827,0.0780648,0.00585522,-0.042928,-0.0652719
-0.0759039,-0.0922974,0.043686,0.0772318,0.00757125,-0.0387833,-0.0579614
-0.0600078,-0.075391,0.0447299,0.0763757,0.00617741,-0.0354543,-0.0514588
-0.0441117,-0.0592007,0.0457164,0.0754978,1.78952e-11,-0.0329968,-0.0455171
-0.0282156,-0.0436066,0.0466488,0.0745993,-3.23117e-27,-0.0314626,-0.0400474
-0.0123195,-0.0243347,0.0475569,0.0736766,7.17465e-43,-0.0308745,-0.033297
0,-0.013597,0.0484098,0.0727309,-1.59309e-58,-0.0311307,-0.0301644
0,-0.0074962,0.049201,0.0717678,3.53737e-74,-0.0318918,-0.0288712
0,0.000122813,0.0499356,0.0707885,-7.85455e-90,-0.0328556,-0.0270036
0,-0.00135843,0.0506028,0.0697942,1.74406e-105,-0.0339474,-0.0288978
0,0.00360835,0.0512204,0.0687862,-3.87259e-121,-0.035152,-0.0281911
0,0.00835185,0.0517827,0.0677655,8.59888e-137,-0.0364706,-0.0277953
0,0.0119124,0.05229,0.0667332,-1.90934e-152,-0.037909,-0.0280027
0,0.0131965,0.0527427,0.0656904,4.23958e-168,-0.0394748,-0.0292479
0,0.0118892,0.0531419,0.0646383,-9.41375e-184,-0.0411765,-0.0316529
0,0.0102543,0.0534915,0.0635779,2.09027e-199,-0.0430236,-0.0343233
0,0.00905471,0.0537937,0.0625101,-4.64134e-215,-0.0450262,-0.0370038
0,0.00923714,0.0540508,0.0614361,1.03058e-230,-0.0471955,-0.0393424
0,0.00961588,0.0542631,0.0603566,-2.28836e-246,-0.0495432,-0.0418405
0,0.0115743,0.0544334,0.0592726,5.08117e-262,-0.052082,-0.0439431
0,0.0143948,0.0545622,0.058185,-1.12825e-277,-0.0548261,-0.0459712
0,0.0177849,0.0546507,0.0570945,2.50521e-293,-0.0577907,-0.0480418
0,0.0233883,0.0547018,0.056002,-5.56268e-309,-0.0609923,-0.0495023
0,0.030608,0.0547162,0.0549083,1.89227e-321,-0.0644489,-0.0506211
0,0.0381121,0.0546939,0.053814,1.89227e-321,-0.0681797,-0.0519203
0,0.0462636,0.0546363,0.05272,1.89227e-321,-0.0722055,-0.0532286
0,0.0551114,0.0545449,0.0516269,1.89227e-321,-0.0765488,-0.0545189
0,0.0646197,0.0544206,0.0505355,1.89227e-321,-0.0812339,-0.0557847
0,0.07,0.0543508,0.0494463,1.89227e-321,-0.0862868,-0.0575366
0,0.07,0.0544325,0.0483589,1.89227e-321,-0.0917356,-0.0600383
0,0.07,0.0546163,0.0472712,1.89227e-321,-0.0976108,-0.063457
0,0.07,0.0547731,0.0461809,1.89227e-321,-0.103931,-0.0684435
0,0.07,0.054881,0.0450871,1.89227e-321,-0.110727,-0.0738607
0,0.07,0.0548821,0.0439907,1.89227e-321,-0.118045,-0.0801038
0,0.07,0.0547165,0.0428931,1.89227e-321,-0.125919,-0.0870421
0,0.07,0.0543019,0.0417969,1.89227e-321,-0.134345,-0.0951053
-0.00366604,0.0561855,0.0538708,0.0407063,1.89227e-321,-0.14319,-0.105468
-0.0199595,0.0446004,0.0540258,0.0396239,1.89227e-321,-0.152074,-0.112229
-0.036253,0.0332529,0.0556001,0.0385452,0.00470365,-0.16065,-0.117084
-0.0525465,0.0174535,0.0575082,0.0374521,0.0152394,-0.168806,-0.123949
-0.06884,0.00115996,0.0630839,0.0363267,0.0187545,-0.176485,-0.128602
-0.0851335,-0.0151335,0.0729814,0.0351375,0.0165782,-0.183646,-0.133483
-0.101427,-0.031427,0.0841196,0.0337967,0.0154687,-0.190246,-0.140316
-0.117721,-0.0477205,0.0973785,0.0322368,0.0134862,-0.196243,-0.146774
0.110388,0.146013,0.0973071,0.0305544,-0.00460893,0.0428123,0.0764418
0.0879849,0.104718,0.0950409,0.0282411,-0.00684178,0.0382294,0.0610235
0.0778015,0.0919404,0.0927997,0.0270336,-0.00711911,0.034413,0.0557821
0.061508,0.0703424,0.0905921,0.025153,-0.00624592,0.0313378,0.0474675
0.0452145,0.0470484,0.0884083,0.0233169,-2.63048e-11,0.0291141,0.0388992
0.028921,0.0234001,0.0862335,0.0215236,3.23117e-27,0.0278103,0.0304542
0.0126275,-0.000859094,0.0840008,0.0197859,-7.17465e-43,0.0274548,0.0219609
0,-0.0200663,0.0817557,0.0180925,1.59309e-58,0.0279454,0.0156408
0,-0.0329961,0.0795273,0.0164439,-3.53737e-74,0.0289345,0.0118606
0,-0.0450522,0.0773176,0.01484,7.85455e-90,0.0301126,0.008428
0,-0.0455748,0.0751407,0.0132803,-1.74406e-105,0.0314037,0.0096847
0,-0.0486622,0.0729831,0.0117645,3.87259e-121,0.0327933,0.00984671
0,-0.0456309,0.0708551,0.0102919,-8.59888e-137,0.0342835,0.0126076
0,-0.0435285,0.0687498,0.00886199,1.90934e-152,0.035881,0.0150323
0,-0.0427018,0.0666676,0.00747436,-4.23958e-168,0.0375943,0.0171032
0,-0.0409433,0.0646113,0.00612852,9.41375e-184,0.0394329,0.0197206
0,-0.0416922,0.062578,0.00482395,-2.09027e-199,0.0414068,0.0214921
0,-0.0429314,0.0605702,0.00356019,4.64134e-215,0.043527,0.0232908
0,-0.0433697,0.0585897,0.00233674,-1.03058e-230,0.0458054,0.025616
0,-0.0413042,0.0566389,0.00115306,2.28836e-246,0.0482542,0.0291414
0,-0.0388282,0.0547159,8.581e-06,-5.08117e-262,0.0508868,0.0330211
0,-0.0377972,0.0528192,-0.00109728,1.12825e-277,0.0537178,0.0365598
0,-0.0380296,0.0509491,-0.00216504,-2.50521e-293,0.056763,0.0398699
0,-0.0382931,0.0491075,-0.00319524,5.56268e-309,0.0600394,0.0434491
0,-0.0405426,0.0472924,-0.00418844,-1.89227e-321,0.0635652,0.0465028
0,-0.041512,0.0455078,-0.00514518,-1.89227e-321,0.0673603,0.050365
0,-0.0429982,0.0437517,-0.00606604,-1.89227e-321,0.0714457,0.0542622
0,-0.0460057,0.0420236,-0.00695161,-1.89227e-321,0.0758443,0.0578078
0,-0.0498647,0.0403241,-0.00780245,-1.89227e-321,0.0805806,0.0612635
0,-0.0541391,0.038654,-0.00861913,-1.89227e-321,0.085681,0.0647628
0,-0.059147,0.0370131,-0.00940223,-1.89227e-321,0.0911739,0.068132
0,-0.0638224,0.0354026,-0.0101523,-1.89227e-321,0.0970899,0.0717514
0,-0.0661348,0.0338249,-0.0108701,-1.89227e-321,0.103462,0.0763573
0,-0.0650818,0.0322811,-0.011556,-1.89227e-321,0.110325,0.0822469
0,-0.0611086,0.0307705,-0.0122109,-1.89227e-321,0.117713,0.0891536
0,-0.0563136,0.0292908,-0.0128354,-1.89227e-321,0.125655,0.096168
0,-0.049622,0.027845,-0.0134301,-1.89227e-321,0.134149,0.103674
0.00367512,-0.0393365,0.0264366,-0.0139956,-1.89227e-321,0.14306,0.112261
0.020009,-0.0280114,0.0250646,-0.0145328,-1.89227e-321,0.152006,0.120818
0.0363429,-0.0234073,0.0235873,-0.0150424,-1.89227e-321,0.160642,0.125856
0.0526767,-0.0104313,0.0218486,-0.0155237,-1.89227e-321,0.168853,0.133684
0.0690106,0.00279994,0.0194369,-0.0159798,-0.00920767,0.176585,0.138481
0.0853445,0.0175008,0.0167046,-0.0163975,-0.0184385,0.183794,0.143656
0.101678,0.0334347,0.013739,-0.0167671,-0.0188961,0.190439,0.151305
0.118012,0.0480122,0.009944,-0.017076,-0.0167746,0.196478,0.158324
-0.110662,-0.128946,0.0100321,-0.0173508,0.00448883,-0.0431442,-0.0697447
-0.0943281,-0.100972,0.00917482,-0.0176089,0.00622644,-0.0384606,-0.059236
-0.0779942,-0.0758069,0.00833713,-0.0178018,0.00792546,-0.0345328,-0.0493891
-0.0616603,-0.0491538,0.00752332,-0.0179782,0.0065182,-0.031418,-0.0392415
-0.0453265,-0.0238919,0.00673216,-0.0181376,4.5545e-11,-0.0291754,-0.0299629
-0.0289926,0.000753378,0.00596079,-0.0182809,0,-0.0278602,-0.0211487
-0.0126587,0.0305158,0.00519018,-0.0184048,0,-0.0274973,-0.0104728
0,0.0496163,0.00441825,-0.0185132,0,-0.0279833,-0.00427924
0,0.0611743,0.00365833,-0.0186062,0,-0.0289692,-0.00104503
0,0.07,0.00302769,-0.0186839,0,-0.0301447,0.00274669
0,0.07,0.00248239,-0.0187483,0,-0.0314334,0.00244038
0,0.07,0.00208339,-0.0188039,0,-0.0328209,0.00298036
0,0.07,0.00178013,-0.01885,0,-0.0343091,0.00237689
0,0.07,0.00148633,-0.0188889,0,-0.0359047,0.000741466
0,0.07,0.00122396,-0.0189219,0,-0.0376164,-0.000802887
0,0.07,0.00101474,-0.0189492,0,-0.0394533,-0.00226692
0,0.07,0.00086937,-0.0189718,0,-0.0414258,-0.00377282
0,0.07,0.000740033,-0.0189908,0,-0.0435446,-0.00594383
0,0.07,0.000594578,-0.019007,0,-0.0458217,-0.00864526
0,0.07,0.000405988,-0.0190205,0,-0.0482693,-0.0118482
0,0.07,0.000187335,-0.0190307,0,-0.0509009,-0.0151576
0,0.07,-8.62651e-05,-0.0190369,0,-0.0537308,-0.0189809
0,0.07,-0.000357231,-0.0190381,0,-0.0567751,-0.0224721
0,0.07,-0.000626478,-0.019034,0,-0.0600506,-0.0262337
0,0.07,-0.000903807,-0.0190244,0,-0.0635757,-0.0303606
0,0.07,-0.00119621,-0.0190094,0,-0.06737,-0.0348247
0,0.07,-0.00148922,-0.0189887,0,-0.0714547,-0.0394559
0,0.07,-0.00172089,-0.0189621,0,-0.0758526,-0.0435558
0,0.07,-0.00183474,-0.0189303,0,-0.0805883,-0.0473177
0,0.07,-0.0017461,-0.0188948,0,-0.0856881,-0.0503318
0,0.07,-0.00150035,-0.0188589,0,-0.0911805,-0.0538883
0,0.07,-0.00113148,-0.0188262,0,-0.0970961,-0.0579975
0,0.07,-0.000713744,-0.0187995,0,-0.103467,-0.0626511
0,0.07,-0.000618394,-0.0187806,0,-0.109979,-0.0679172
0,0.07,-0.000647491,-0.0187672,0,-0.116564,-0.0739519
0,0.07,-0.000788975,-0.0187546,0,-0.123587,-0.0801891
0,0.07,-0.00110831,-0.0187404,0,-0.131148,-0.0875103
0,0.0658667,-0.00123136,-0.0187217,0,-0.139213,-0.0955983
-0.0145103,0.0508586,-0.00119648,-0.0186986,0,-0.147449,-0.104833
-0.030197,0.0388836,-3.85952e-05,-0.0186743,0.000935931,-0.15547,-0.110328
-0.0458838,0.0241162,0.00141428,-0.0186602,0.00840352,-0.163129,-0.117646
-0.0615706,0.00842939,0.00332431,-0.0186725,0.0119333,-0.170363,-0.124903
-0.0772574,-0.00725738,0.00921983,-0.0187151,0.0092974,-0.177129,-0.130898
-0.0929442,-0.0229442,0.0145286,-0.0188287,0.00892521,-0.183385,-0.139307
-0.108631,-0.0386309,0.0199482,-0.0190609,0.00649333,-0.18909,-0.147353
0.110984,0.131105,0.0198783,-0.0194003,-0.00412732,0.0411021,0.0697071
0.0905911,0.0911541,0.0185079,-0.0199189,-0.00173952,0.0366837,0.0546752
0.0796104,0.0770618,0.0171446,-0.0201938,-0.000779357,0.03297,0.0490234
0.0639236,0.0585315,0.0157872,-0.0205517,-0.000518617,0.0299555,0.0419596
0.0482368,0.0364176,0.0145826,-0.0208824,0.00125791,0.0277353,0.0338196
0.0325501,0.0162508,0.0134202,-0.0211873,0.000193928,0.0263763,0.0267539
0.0168633,-0.00613099,0.0122542,-0.0214685,0,0.0259236,0.0189678
0.00117651,-0.0266805,0.0110922,-0.0217264,0,0.0263514,0.0120984
0,-0.0394082,0.00996161,-0.0219552,0,0.0273566,0.00843726
0,-0.0555949,0.00885583,-0.0221612,0,0.0285855,0.00336746
0,-0.061791,0.00779038,-0.022345,0,0.0299302,0.00243221
0,-0.0668936,0.00675631,-0.0225072,0,0.0313681,0.00188072
0,-0.07,0.0057092,-0.0226485,0,0.0328993,0.00154391
0,-0.07,0.00472951,-0.022769,0,0.0345302,0.00369927
0,-0.07,0.00373429,-0.0228743,0,0.0362694,0.0047894
0,-0.07,0.00275448,-0.02296,0,0.0381263,0.00646702
0,-0.07,0.001795,-0.0230258,0,0.0401113,0.00838003
0,-0.07,0.000835527,-0.0230723,0,0.0422353,0.0101698
0,-0.07,-8.38231e-05,-0.0230996,0,0.0445102,0.0127391
0,-0.07,-0.000935157,-0.023108,0,0.0469483,0.0159429
0,-0.07,-0.00172569,-0.0230986,0,0.049563,0.0192889
0,-0.07,-0.00246174,-0.0230728,0,0.0523686,0.0228001
0,-0.0698529,-0.00316182,-0.0230317,0,0.0553808,0.0263614
0,-0.0691923,-0.00383597,-0.0229762,0,0.0586164,0.0302397
0,-0.0685591,-0.00448506,-0.0229035,0,0.0620936,0.0343643
0,-0.0680173,-0.00510957,-0.0228177,0,0.0658316,0.0387197
0,-0.0685582,-0.00571094,-0.0227192,0,0.0698515,0.0429071
0,-0.07,-0.0063031,-0.0226086,0,0.0741756,0.0467981
0,-0.07,-0.00692381,-0.0224861,0,0.078828,0.0509109
0,-0.07,-0.00755021,-0.0223545,0,0.0838348,0.0555519
0,-0.07,-0.00820923,-0.0222104,0,0.0892238,0.059953
0,-0.07,-0.00894578,-0.0220534,0,0.095025,0.0637846
0,-0.07,-0.00972546,-0.0218826,0,0.101271,0.0681452
0,-0.07,-0.0103389,-0.0216967,0,0.107737,0.0732174
0,-0.07,-0.0109026,-0.0214966,0,0.114387,0.078598
0,-0.07,-0.0113547,-0.0212848,0,0.121494,0.0847816
0,-0.0681012,-0.0116831,-0.0210627,0,0.129142,0.0916826
0,-0.0583883,-0.0119822,-0.0208326,0,0.137303,0.0999791
0.0114688,-0.0468926,-0.0122596,-0.0205948,0,0.145702,0.108529
0.0272878,-0.036004,-0.0128138,-0.0203512,0,0.153956,0.115466
0.0431068,-0.0218742,-0.0137076,-0.0200986,0,0.161862,0.123069
0.0589258,-0.00650196,-0.0146906,-0.0198347,-0.00296985,0.169345,0.13115
0.0747448,0.00890264,-0.0156904,-0.0195522,-0.0105904,0.176357,0.137777
0.0905638,0.0253813,-0.0165265,-0.0192499,-0.0113641,0.182858,0.146027
0.106383,0.0363828,-0.0176996,-0.0189294,-0.00922719,0.188805,0.154024
-0.115083,-0.119212,-0.0176125,-0.0185901,0.00365351,-0.0431297,-0.0654991
-0.0992642,-0.0909838,-0.0175995,-0.0182367,0.00552824,-0.0384234,-0.0547846
-0.0834452,-0.0649401,-0.0175314,-0.0178845,0.00372036,-0.0344118,-0.0445028
-0.0676262,-0.0443206,-0.0174274,-0.0175332,0.00325326,-0.0311489,-0.0366953
-0.0518072,-0.0215344,-0.0173918,-0.0171835,2.25762e-05,-0.0286922,-0.0282397
-0.0359882,-0.00277328,-0.0173495,-0.0168352,1.31364e-11,-0.0270993,-0.0216792
-0.0201692,0.0197212,-0.0172923,-0.0164878,-1.61559e-27,-0.026416,-0.0137722
-0.00435023,0.0397642,-0.0172269,-0.0161416,3.58732e-43,-0.0266302,-0.0070629
0,0.0494117,-0.0171623,-0.0157967,-7.96546e-59,-0.0274946,-0.00458897
0,0.062962,-0.0170837,-0.015453,1.76869e-74,-0.0286581,-0.000494868
0,0.0670503,-0.0170055,-0.0151109,-3.92727e-90,-0.0299574,-0.000331514
0,0.07,-0.0169103,-0.0147703,7.08525e-106,-0.0313552,-0.000447434
0,0.07,-0.0166816,-0.0144315,-1.9363e-121,-0.0328477,-5.70989e-05
0,0.07,-0.0164357,-0.0140954,4.29944e-137,-0.03444,-0.00145067
0,0.07,-0.0161203,-0.013764,-9.54668e-153,-0.0361401,-0.00218401
0,0.07,-0.0157759,-0.0134381,2.11979e-168,-0.0379574,-0.00363157
0,0.07,-0.0153984,-0.0131188,-4.70687e-184,-0.0399017,-0.00515911
0,0.07,-0.014982,-0.0128067,1.04514e-199,-0.041984,-0.00679889
0,0.07,-0.0145535,-0.0125024,-2.32067e-215,-0.0442158,-0.00903879
0,0.07,-0.0140713,-0.0122067,5.15292e-231,-0.0466092,-0.0110404
0,0.07,-0.0135295,-0.0119199,-1.14418e-246,-0.0491774,-0.0131764
0,0.07,-0.0129512,-0.0116434,2.54059e-262,-0.0519345,-0.0157644
0,0.07,-0.0123853,-0.011378,-5.64123e-278,-0.0548957,-0.0190924
0,0.07,-0.0118447,-0.0111241,1.25261e-293,-0.0580776,-0.0228099
0,0.07,-0.011366,-0.0108812,-2.78134e-309,-0.0614981,-0.0271747
0,0.07,-0.0109421,-0.0106486,-1.47726e-321,-0.0651761,-0.0317425
0,0.07,-0.0104781,-0.0104251,-1.47726e-321,-0.0691324,-0.0355887
0,0.07,-0.00999464,-0.0102105,-1.47726e-321,-0.0733888,-0.0398792
0,0.07,-0.0094409,-0.0100053,-1.47726e-321,-0.0779692,-0.0438502
0,0.07,-0.00877805,-0.00981035,-1.47726e-321,-0.0828992,-0.0475827
0,0.07,-0.00795746,-0.00962749,-1.47726e-321,-0.0882061,-0.0510513
0,0.07,-0.00691637,-0.00945932,-1.47726e-321,-0.0939196,-0.0543164
0,0.07,-0.00571886,-0.00930954,-1.47726e-321,-0.100071,-0.0580282
0,0.07,-0.00466261,-0.00918199,-1.47726e-321,-0.106507,-0.0622627
0,0.07,-0.00372055,-0.00907712,-1.47726e-321,-0.113207,-0.0677328
0,0.07,-0.0029168,-0.00899234,-1.47726e-321,-0.120384,-0.0738008
0,0.07,-0.00180891,-0.00892517,-1.47726e-321,-0.128107,-0.0803447
0,0.07,-5.48555e-05,-0.00887625,-1.47726e-321,-0.136364,-0.0875456
-0.00762699,0.062373,0.00239328,-0.00885498,-1.47726e-321,-0.144952,-0.0961228
-0.0236838,0.0463162,0.00518419,-0.00887592,0.0054694,-0.153486,-0.105298
-0.0397406,0.0302594,0.0116445,-0.0089489,0.0116342,-0.161695,-0.111273
-0.0557974,0.0142026,0.0186401,-0.00909781,0.0147146,-0.169484,-0.119483
-0.0718543,-0.00185427,0.0325175,-0.00939016,0.0118557,-0.176801,-0.124544
-0.0879111,-0.0179111,0.0471007,-0.00987398,0.0113056,-0.183605,-0.132335
-0.103968,-0.0339679,0.0616897,-0.0106556,0.00934581,-0.189853,-0.140646
-0.120025,-0.0500247,0.119239,-0.0117216,0.00782771,-0.195503,-0.140646
0.104771,0.117793,0.119144,-0.0129554,-0.00481801,0.0454636,0.0670302
0.104771,0.0839406,0.114751,-0.0129554,-0.00514574,0.0405982,0.0525977
0.0722557,0.0721944,0.11056,-0.0160571,-0.00353572,0.0365075,0.0496807
0.0566003,0.0574348,0.106394,-0.0182613,-0.00313786,0.0334147,0.0440204
0.0405435,0.0401581,0.102319,-0.020435,1.64892e-12,0.0312464,0.0377204
0.0244867,0.0228646,0.0982713,-0.0225262,-4.03897e-28,0.0300233,0.0316838
0.00842983,0.00428885,0.0941536,-0.0245159,8.96831e-44,0.0297429,0.0253194
0,-0.0104968,0.090068,-0.0264237,-1.99136e-59,0.0302256,0.0206296
0,-0.0286548,0.0860412,-0.0282496,4.42172e-75,0.03112,0.0146462
0,-0.0422367,0.0820922,-0.0299946,-9.81819e-91,0.0321898,0.0106419
0,-0.0497601,0.0782261,-0.0316601,2.18008e-106,0.0333775,0.00909094
0,-0.0585268,0.0744357,-0.0332478,-4.84074e-122,0.0346732,0.00706379
0,-0.0593053,0.0707311,-0.0347593,1.07486e-137,0.0360796,0.00836875
0,-0.0609725,0.0671025,-0.0361961,-2.38667e-153,0.0376035,0.00933193
0,-0.0624356,0.0635511,-0.03756,5.29947e-169,0.0392529,0.0105385
0,-0.0650817,0.0600753,-0.0388523,-1.17672e-184,0.0410369,0.0114314
0,-0.0677956,0.0566761,-0.0400747,2.61284e-200,0.0429654,0.0124917
0,-0.0691939,0.053355,-0.0412286,-5.80167e-216,0.045049,0.0142695
0,-0.0693781,0.0501111,-0.0423156,1.28823e-231,0.0472993,0.016717
0,-0.0679213,0.0469444,-0.0433373,-2.86044e-247,0.0497283,0.0200205
0,-0.0651191,0.0438538,-0.0442952,6.35146e-263,0.0523495,0.0240704
0,-0.062192,0.0408373,-0.0451908,-1.41031e-278,0.0551774,0.028397
0,-0.0604051,0.0378931,-0.0460256,3.13151e-294,0.0582276,0.0325244
0,-0.0598175,0.0350209,-0.0468012,-6.95336e-310,0.0615173,0.0364559
0,-0.0594769,0.0322214,-0.0475188,-1.66006e-321,0.0650649,0.040576
0,-0.0588783,0.0294947,-0.04818,-1.66006e-321,0.06889,0.0450704
0,-0.0585768,0.0268394,-0.0487863,-1.66006e-321,0.0730141,0.0497018
0,-0.0591641,0.0242544,-0.049339,-1.66006e-321,0.0774602,0.0542273
0,-0.059597,0.0217403,-0.0498383,-1.66006e-321,0.0822531,0.0590491
0,-0.0618441,0.0192942,-0.0502882,-1.66006e-321,0.0874195,0.0633323
0,-0.0647281,0.016917,-0.0506888,-1.66006e-321,0.0929881,0.0675344
0,-0.0666623,0.0146097,-0.0510414,-1.66006e-321,0.0989899,0.0722183
0,-0.0653338,0.0123738,-0.0513474,-1.66006e-321,0.105441,0.0780402
0,-0.0624374,0.0102063,-0.0516083,-1.66006e-321,0.11237,0.084549
0,-0.0574156,0.00810688,-0.0518254,-1.66006e-321,0.119829,0.091767
0,-0.0484863,0.00607651,-0.0520002,-1.66006e-321,0.127845,0.100319
0,-0.0386959,0.00411439,-0.0521339,-1.66006e-321,0.136397,0.108886
0.00773493,-0.0263023,0.00222544,-0.0522279,-1.66006e-321,0.145273,0.11814
0.024019,-0.0175095,0.000409446,-0.0522838,-1.66006e-321,0.154086,0.125517
0.0403031,-0.0156275,-0.00131895,-0.0523029,-1.66006e-321,0.162559,0.129756
0.0565871,-0.00382038,-0.00317483,-0.0522869,-1.66006e-321,0.170597,0.137091
0.0728712,0.00670733,-0.00592077,-0.0522354,-0.0096301,0.178147,0.140273
0.0891553,0.0208945,-0.0091868,-0.0521513,-0.0175089,0.185168,0.145489
0.105439,0.0354393,-0.0132855,-0.0520133,-0.0166005,0.191618,0.152431
0.121723,0.0517234,-0.0224775,-0.0517988,-0.0154607,0.197454,0.152431
-0.106254,-0.116298,-0.0223788,-0.0515331,0.00464054,-0.0469227,-0.0669611
-0.0846772,-0.0777021,-0.0232401,-0.0511811,0.00679207,-0.0421002,-0.052839
-0.0736854,-0.0614152,-0.0241123,-0.0508814,0.00817556,-0.0381096,-0.0461467
-0.0574013,-0.0385995,-0.0249242,-0.0504087,0.00297276,-0.0349164,-0.0373194
-0.0411173,-0.0156046,-0.0256905,-0.0499191,-1.60316e-11,-0.032617,-0.0288077
-0.0248332,0.00988269,-0.0264199,-0.0494138,3.23117e-27,-0.0312707,-0.0195404
-0.00854914,0.0340712,-0.0271347,-0.0488897,-7.17465e-43,-0.0308845,-0.0110186
0,0.0489734,-0.0278254,-0.0483513,1.59309e-58,-0.031278,-0.00633042
0,0.065427,-0.0284747,-0.047799,-3.53737e-74,-0.0320942,-0.000994677
0,0.07,-0.0289767,-0.0472334,7.85455e-90,-0.0330927,0.00121653
0,0.07,-0.0294216,-0.0466569,-1.74406e-105,-0.0342146,0.000288915
0,0.07,-0.0297094,-0.0460733,3.87259e-121,-0.0354494,0.000772576
0,0.07,-0.0299946,-0.0454823,-8.59888e-137,-0.0367993,-0.00109965
0,0.07,-0.0302159,-0.0448855,1.90934e-152,-0.0382709,-0.0021866
0,0.07,-0.0304151,-0.0442837,-4.23958e-168,-0.0398717,-0.00401835
0,0.07,-0.0305994,-0.0436775,9.41375e-184,-0.0416107,-0.00611093
0,0.07,-0.0307626,-0.0430676,-2.09027e-199,-0.0434975,-0.00828332
0,0.07,-0.0309414,-0.0424541,4.64134e-215,-0.0455424,-0.0111832
0,0.07,-0.0311492,-0.0418373,-1.03058e-230,-0.0477568,-0.014496
0,0.07,-0.0313926,-0.0412166,2.28836e-246,-0.0501526,-0.0181435
0,0.07,-0.0316409,-0.0405914,-5.08117e-262,-0.0527429,-0.021589
0,0.07,-0.0318849,-0.0399613,1.12825e-277,-0.0555421,-0.0251558
0,0.0695257,-0.0321246,-0.0393263,-1.87891e-293,-0.0585659,-0.0291615
0,0.0679104,-0.0323358,-0.0386864,2.78134e-309,-0.061831,-0.033513
0,0.0670679,-0.0325175,-0.038041,1.47726e-321,-0.0653557,-0.0378081
0,0.0673587,-0.0326699,-0.0373917,1.47726e-321,-0.0691597,-0.0419308
0,0.0684686,-0.0327941,-0.0367392,1.47726e-321,-0.0732642,-0.046004
0,0.07,-0.0328706,-0.0360841,1.47726e-321,-0.0776921,-0.0498584
0,0.07,-0.0328542,-0.0354272,1.47726e-321,-0.0824681,-0.0538289
0,0.07,-0.0327068,-0.0347699,1.47726e-321,-0.0876189,-0.0573727
0,0.07,-0.0324324,-0.0341141,1.47726e-321,-0.093173,-0.0610575
0,0.07,-0.032091,-0.0334625,1.47726e-321,-0.0991613,-0.0656621
0,0.07,-0.0318082,-0.0328169,1.47726e-321,-0.105562,-0.0716257
0,0.07,-0.0316118,-0.0321776,1.47726e-321,-0.112395,-0.0784112
0,0.07,-0.0315242,-0.0315432,1.47726e-321,-0.119744,-0.0854669
0,0.0667079,-0.031491,-0.0309118,1.47726e-321,-0.127649,-0.092888
0,0.0569575,-0.0314407,-0.0302816,1.47726e-321,-0.136094,-0.101499
-0.00689744,0.0422746,-0.0313744,-0.0296525,1.47726e-321,-0.144884,-0.111646
-0.0231267,0.0279576,-0.0312871,-0.0290246,1.47726e-321,-0.153633,-0.121179
-0.039356,0.0206766,-0.0310293,-0.0283983,1.47726e-321,-0.162054,-0.127075
-0.0555852,0.00784197,-0.0304279,-0.0277761,1.47726e-321,-0.170047,-0.134636
-0.0718145,-0.00476378,-0.0289306,-0.0271609,0.0117287,-0.177558,-0.138252
-0.0880438,-0.0190706,-0.0267749,-0.0265643,0.0164816,-0.184547,-0.144322
-0.104273,-0.034273,-0.0227195,-0.0260019,0.0144262,-0.190972,-0.150471
-0.120502,-0.0505023,-0.0182647,-0.0254988,0.0130179,-0.196789,-0.157435
0.106707,0.121886,-0.0183578,-0.0250444,-0.00487248,0.041488,0.0665396
0.0896667,0.09028,-0.0185808,-0.0245673,-0.00663929,0.0370394,0.0548408
0.0742489,0.0696468,-0.0187917,-0.0242147,-0.00741292,0.0333516,0.0468781
0.0580196,0.048997,-0.0189724,-0.0238411,-0.00388197,0.0304713,0.0391379
0.0417904,0.0267844,-0.0191369,-0.0234637,-4.53736e-11,0.0284642,0.0310516
0.0255611,0.00502308,-0.0192851,-0.0230828,6.46235e-27,0.0273837,0.0233966
0.00933183,-0.0180899,-0.0194226,-0.0226979,-1.43493e-42,0.0272401,0.0153751
0,-0.0334205,-0.019537,-0.0223103,3.18618e-58,0.0278699,0.0106192
0,-0.0483187,-0.0196351,-0.0219203,-7.07475e-74,0.0289206,0.00602268
0,-0.0599069,-0.0197139,-0.0215281,1.57091e-89,0.03014,0.00283561
0,-0.0628946,-0.0197679,-0.0211343,-3.48812e-105,0.0314673,0.0031304
0,-0.0676317,-0.0198085,-0.0207393,7.74518e-121,0.032892,0.00270243
0,-0.0667422,-0.0198284,-0.0203434,-1.71978e-136,0.0344174,0.00466618
0,-0.0654338,-0.0198339,-0.0199469,3.81867e-152,0.0360508,0.00684144
0,-0.0658123,-0.0198278,-0.0195503,-8.47915e-168,0.0378009,0.00848025
0,-0.0677638,-0.0198103,-0.0191537,1.88275e-183,0.0396773,0.00967431
0,-0.07,-0.0197977,-0.0187574,-4.70311e-199,0.0416905,0.0106918
0,-0.07,-0.019807,-0.0183614,9.28267e-215,0.0438515,0.0125004
0,-0.07,-0.019778,-0.0179653,-2.06117e-230,0.0461723,0.0153954
0,-0.0696601,-0.0197065,-0.0175694,4.57671e-246,0.0486656,0.0187196
0,-0.0677897,-0.0196227,-0.0171745,-1.01623e-261,0.0513449,0.0224364
0,-0.0663378,-0.0195291,-0.0167816,2.25649e-277,0.0542252,0.026207
0,-0.0661187,-0.0194269,-0.0163904,-5.01042e-293,0.0573224,0.029747
0,-0.0656109,-0.0193149,-0.0160013,1.11254e-308,0.060654,0.0336844
0,-0.0653473,-0.019194,-0.0156143,1.2154e-321,0.0642385,0.0377868
0,-0.0650294,-0.0190642,-0.0152297,1.2154e-321,0.0680959,0.0421804
0,-0.0650363,-0.0189265,-0.0148476,1.2154e-321,0.0722478,0.0467021
0,-0.0659784,-0.0187816,-0.0144683,1.2154e-321,0.0767173,0.0510993
0,-0.0675263,-0.0186298,-0.0140918,1.2154e-321,0.0815294,0.0554898
0,-0.0689463,-0.0184704,-0.0137183,1.2154e-321,0.0867108,0.0601294
0,-0.0678938,-0.0183013,-0.0133479,1.2154e-321,0.0922906,0.065901
0,-0.0669846,-0.0181259,-0.0129809,1.2154e-321,0.0982995,0.0716719
0,-0.0646252,-0.0179427,-0.0126173,1.2154e-321,0.104771,0.0780523
0,-0.0613054,-0.0177527,-0.0122573,1.2154e-321,0.111738,0.0847605
0,-0.0559455,-0.0175549,-0.0119012,1.2154e-321,0.119238,0.0921555
0,-0.0494465,-0.0173507,-0.0115489,1.2154e-321,0.127294,0.0997826
0,-0.0407086,-0.0171385,-0.0112006,1.2154e-321,0.135889,0.108018
0.00694115,-0.0303151,-0.0169186,-0.0108566,1.2154e-321,0.144825,0.116542
0.0232733,-0.0228123,-0.0166964,-0.0105169,1.2154e-321,0.153716,0.123487
0.0396054,-0.018389,-0.0164764,-0.0101816,1.2154e-321,0.16227,0.128805
0.0559375,-0.00750604,-0.0167569,-0.00985067,1.2154e-321,0.170387,0.135298
0.0722696,0.00502726,-0.0179578,-0.00951862,-0.0132593,0.178016,0.138664
0.0886017,0.0189997,-0.0199404,-0.00917388,-0.0186184,0.185114,0.144319
0.104934,0.0349338,-0.0232665,-0.00880084,-0.0180581,0.191641,0.150523
0.121266,0.0512659,-0.0274435,-0.00837543,-0.0162592,0.197551,0.156796
-0.107384,-0.131845,-0.0273601,-0.0079101,0.00487756,-0.0421825,-0.0708073
-0.0910515,-0.103097,-0.0266853,-0.00744067,0.00657909,-0.0376474,-0.0599979
-0.0747194,-0.0779339,-0.0260206,-0.00689954,0.00836059,-0.0338794,-0.0502323
-0.0583873,-0.0509144,-0.02536,-0.00637182,0.00390036,-0.0309361,-0.039998
-0.0420552,-0.0246433,-0.0247061,-0.00585735,-6.73014e-12,-0.0288768,-0.0303713
-0.0257231,0.00125931,-0.0240523,-0.00535604,8.07794e-28,-0.0277533,-0.02111
-0.00939097,0.02837,-0.0233806,-0.00487107,-1.79366e-43,-0.0275752,-0.0115424
0,0.0442227,-0.022719,-0.00439943,3.98273e-59,-0.0281775,-0.00662736
0,0.062232,-0.0220592,-0.00394108,-8.84344e-75,-0.029205,-0.0007857
0,0.07,-0.0213169,-0.00349593,1.47273e-90,-0.0304036,0.00231637
0,0.07,-0.0204508,-0.00306514,-2.18008e-106,-0.0317116,0.00300899
0,0.07,-0.0193123,-0.0026466,0,-0.0331186,0.00496002
0,0.07,-0.0181413,-0.00224783,0,-0.0346275,0.00403153
0,0.07,-0.0169195,-0.00187212,0,-0.0362457,0.00318067
0,0.07,-0.0156205,-0.00152029,0,-0.0379816,0.00218494
0,0.07,-0.0141697,-0.00119359,0,-0.0398449,0.00161105
0,0.07,-0.0125971,-0.000894242,0,-0.0418458,0.000635627
0,0.07,-0.0108791,-0.000625,0,-0.0439956,-0.000645313
0,0.07,-0.00909577,-0.00038852,0,-0.0463059,-0.00254633
0,0.07,-0.00734702,-0.000186988,0,-0.0487895,-0.00520552
0,0.07,-0.00570964,-2.08115e-05,0,-0.0514598,-0.00852358
0,0.07,-0.0041697,0.000111392,0,-0.0543317,-0.0120104
0,0.07,-0.00254739,0.000211726,0,-0.0574213,-0.0147296
0,0.07,-0.000852868,0.000280519,0,-0.0607456,-0.0177241
0,0.07,0.00086568,0.000316216,0,-0.0643235,-0.0212076
0,0.07,0.00253578,0.000317807,0,-0.0681747,-0.0253172
0,0.07,0.0042292,0.000285462,0,-0.0723209,-0.0292336
0,0.07,0.00598011,0.000219506,0,-0.0767851,-0.0331316
0,0.07,0.00792549,0.000119163,0,-0.0815923,-0.036532
0,0.07,0.0100919,-1.79473e-05,0,-0.0867691,-0.0399065
0,0.07,0.0124835,-0.000195955,0,-0.0923446,-0.043248
0,0.07,0.0150969,-0.000418122,0,-0.0983497,-0.0465332
0,0.07,0.018,-0.000691312,0,-0.104709,-0.0499094
0,0.07,0.0221168,-0.00101938,0,-0.111426,-0.0548652
0,0.07,0.0285452,-0.00141231,0.0016709,-0.118637,-0.0601941
0,0.07,0.0368911,-0.00190929,0.0169597,-0.126396,-0.0657628
0,0.07,0.0517409,-0.00255114,0.0206377,-0.134698,-0.0718521
-0.00524105,0.0647589,0.0751687,-0.0033929,0.0195207,-0.143382,-0.0788279
-0.0213674,0.0486326,0.103752,-0.00462686,0.0200079,-0.152067,-0.0872642
-0.0374937,0.0325063,0.153525,-0.00638749,0.0172624,-0.160441,-0.0945496
-0.05362,0.01638,0.197883,-0.00886071,0.0183169,-0.168396,-0.103558
-0.0697463,0.000253687,0.259154,-0.0123304,0.0165416,-0.17588,-0.111219
-0.0858726,-0.0158726,0.321724,-0.0167783,0.0154412,-0.18285,-0.119583
-0.101999,-0.0319989,0.36104,-0.0225245,0.0147991,-0.189266,-0.129225
-0.118125,-0.0481253,0.396656,-0.0292931,0.0121458,-0.195083,-0.13804
0.107643,0.17065,0.397718,-0.0365139,-0.00513083,0.0416379,0.0843214
0.0850663,0.129744,0.383812,-0.0466231,-0.00695456,0.0372279,0.0694334
0.0753905,0.117543,0.369896,-0.0513773,-0.0068839,0.03358,0.0649012
0.0592642,0.0935071,0.35613,-0.0589353,-0.00556877,0.030664,0.0562928
0.0431379,0.0717242,0.342622,-0.0662162,1.09348e-11,0.0285929,0.0484026
0.0270116,0.0463587,0.329264,-0.0732172,-1.61559e-27,0.0274334,0.0392781
0.0108853,0.0205509,0.315661,-0.0798827,3.58732e-43,0.0272068,0.0302153
0,0.000714805,0.302105,-0.0862775,-7.96546e-59,0.0277819,0.0236847
0,-0.0158648,0.288746,-0.0924009,1.76869e-74,0.0288122,0.0184708
0,-0.0300418,0.275624,-0.098256,-3.92727e-90,0.0300196,0.0142607
0,-0.0361747,0.262761,-0.103847,8.7203e-106,0.0313366,0.0133235
0,-0.0408046,0.250154,-0.10918,-1.9363e-121,0.032751,0.0129698
0,-0.0423904,0.237804,-0.114258,4.29944e-137,0.0342654,0.0139258
0,-0.0420381,0.225712,-0.119089,-9.54668e-153,0.0358871,0.0157383
0,-0.0405986,0.213876,-0.123675,2.11979e-168,0.0376245,0.0180974
0,-0.0386447,0.202295,-0.128024,-4.70687e-184,0.0394873,0.0208014
0,-0.0379558,0.190966,-0.132139,1.04514e-199,0.0414858,0.0231632
0,-0.0385795,0.179888,-0.136027,-2.32067e-215,0.043631,0.025206
0,-0.042347,0.169059,-0.139691,5.15292e-231,0.0459348,0.0262139
0,-0.0460011,0.158479,-0.143137,-1.14418e-246,0.0484097,0.0275296
0,-0.049058,0.14815,-0.14637,2.54059e-262,0.0510694,0.0293119
0,-0.0538988,0.138066,-0.149395,-5.64123e-278,0.0539284,0.0306161
0,-0.0586985,0.128229,-0.152217,1.25261e-293,0.0570027,0.0322184
0,-0.064177,0.118636,-0.15484,-2.78134e-309,0.0603096,0.0338117
0,-0.0695929,0.10929,-0.157271,-1.47726e-321,0.0638675,0.0357074
0,-0.07,0.10008,-0.159513,-1.47726e-321,0.0676962,0.0381781
0,-0.07,0.0909904,-0.161574,-1.47726e-321,0.0718172,0.0408334
0,-0.07,0.0820437,-0.163494,-1.47726e-321,0.0762534,0.0441291
0,-0.07,0.0731901,-0.165233,-1.47726e-321,0.0810295,0.0474418
0,-0.07,0.0644602,-0.166794,-1.47726e-321,0.0861723,0.0512183
0,-0.07,0.0558824,-0.16818,-1.47726e-321,0.0917103,0.0554149
0,-0.07,0.0475107,-0.169392,-1.47726e-321,0.0976744,0.060257
0,-0.07,0.0394386,-0.170434,-1.47726e-321,0.104053,0.0657241
0,-0.07,0.0317207,-0.171311,-1.47726e-321,0.110869,0.0720895
0,-0.07,0.0243914,-0.172031,-1.47726e-321,0.118197,0.0785801
0,-0.07,0.0174384,-0.172599,-1.47726e-321,0.126078,0.0854068
0,-0.07,0.0107112,-0.173028,-1.47726e-321,0.134506,0.0930035
0.00447097,-0.0608452,0.00377831,-0.173319,-1.47726e-321,0.143333,0.10105
0.0207291,-0.0467575,-0.00346572,-0.173475,-1.47726e-321,0.152177,0.109303
0.0369871,-0.0330129,-0.0117743,-0.173489,-0.0105805,0.16071,0.11482
0.0532452,-0.0167548,-0.0196834,-0.173353,-0.0172548,0.16882,0.123186
0.0695033,-0.000496691,-0.0307521,-0.173058,-0.0184244,0.176452,0.128873
0.0857614,0.0157614,-0.0437272,-0.172587,-0.0170822,0.183564,0.13528
0.102019,0.0320195,-0.0557883,-0.171862,-0.0163234,0.190116,0.143387
0.118278,0.0482776,-0.0670571,-0.170879,-0.0138862,0.196064,0.151714
-0.109336,-0.133028,-0.066973,-0.169763,0.00467443,-0.0425101,-0.071215
-0.0877937,-0.0918162,-0.0700917,-0.168284,0.00684121,-0.0379694,-0.0559503
-0.0768194,-0.0769969,-0.0732006,-0.167378,0.008118,-0.0341942,-0.0499894
-0.0605614,-0.0542913,-0.0761251,-0.165948,0.00594723,-0.0311704,-0.0412834
-0.0443033,-0.0313062,-0.0789019,-0.164458,5.52074e-11,-0.0290013,-0.0328721
-0.0280452,-0.00621459,-0.0815429,-0.16291,-6.46235e-27,-0.0277525,-0.0238596
-0.0117871,0.0188288,-0.0841364,-0.161295,1.43493e-42,-0.0274482,-0.0150862
0,0.0367409,-0.0866374,-0.159628,-3.18618e-58,-0.0279709,-0.00930371
0,0.0498629,-0.0890127,-0.157911,7.07475e-74,-0.0289724,-0.00543435
0,0.0624159,-0.0912521,-0.156145,-1.57091e-89,-0.0301579,-0.00181359
0,0.0652476,-0.0933624,-0.154333,3.48812e-105,-0.0314552,-0.00216356
0,0.07,-0.0952891,-0.152478,-5.80889e-121,-0.032851,-0.00101881
0,0.07,-0.0970228,-0.150584,8.59888e-137,-0.0343476,-0.00163767
0,0.07,-0.0985902,-0.148663,-1.90934e-152,-0.0359519,-0.00266231
0,0.07,-0.100001,-0.146708,4.23958e-168,-0.0376723,-0.0039088
0,0.07,-0.101239,-0.144724,-9.41375e-184,-0.0395184,-0.00497957
0,0.07,-0.102268,-0.142713,2.09027e-199,-0.0415004,-0.00578197
0,0.07,-0.103071,-0.140678,-4.64134e-215,-0.0436292,-0.00683033
0,0.07,-0.103724,-0.138626,1.03058e-230,-0.0459166,-0.00878893
0,0.07,-0.104271,-0.136559,-2.28836e-246,-0.0483751,-0.0113651
0,0.07,-0.104722,-0.134479,5.08117e-262,-0.0510181,-0.0142487
0,0.07,-0.105074,-0.13239,-1.12825e-277,-0.0538602,-0.0172776
0,0.07,-0.105347,-0.130292,2.50521e-293,-0.0569173,-0.0207716
0,0.07,-0.105598,-0.128188,-5.56268e-309,-0.0602064,-0.0250703
0,0.07,-0.105826,-0.126079,1.89227e-321,-0.063746,-0.029604
0,0.07,-0.106098,-0.123965,1.89227e-321,-0.0675557,-0.0350868
0,0.07,-0.106355,-0.121846,1.89227e-321,-0.0716569,-0.040529
0,0.07,-0.106535,-0.119722,1.89227e-321,-0.0760725,-0.0452934
0,0.07,-0.106629,-0.117593,1.89227e-321,-0.080827,-0.0501165
0,0.07,-0.106607,-0.115461,1.89227e-321,-0.085947,-0.0546671
0,0.07,-0.106461,-0.113329,1.89227e-321,-0.091461,-0.0592026
0,0.07,-0.106195,-0.111198,1.89227e-321,-0.0973996,-0.0638412
0,0.07,-0.105851,-0.109071,1.89227e-321,-0.103755,-0.0687022
0,0.07,-0.105463,-0.106951,1.89227e-321,-0.11055,-0.0743122
0,0.07,-0.105058,-0.104837,1.89227e-321,-0.117859,-0.0802813
0,0.07,-0.104636,-0.102731,1.89227e-321,-0.125719,-0.0862885
0,0.07,-0.104131,-0.100634,1.89227e-321,-0.13413,-0.0930456
-0.00366037,0.0615313,-0.103072,-0.0985457,1.89227e-321,-0.142959,-0.100775
-0.0199287,0.0467758,-0.101507,-0.096472,1.89227e-321,-0.151826,-0.109726
-0.036197,0.033803,-0.0984165,-0.0944247,0.00954317,-0.160386,-0.114833
-0.0524653,0.0175347,-0.0957385,-0.0924177,0.0138429,-0.168527,-0.12446
-0.0687337,0.00126635,-0.0927109,-0.0904682,0.0222256,-0.176192,-0.130848
-0.085002,-0.015002,-0.0871441,-0.0885746,0.0204815,-0.183338,-0.137254
-0.10127,-0.0312703,-0.0819288,-0.0867593,0.0197281,-0.189926,-0.14554
-0.117539,-0.0475386,-0.0768724,-0.0850608,0.0175205,-0.195911,-0.153305
0.110218,0.139577,-0.0769505,-0.0834222,-0.00442777,0.0427767,0.0737989
0.0939495,0.107564,-0.0770977,-0.0817836,-0.00616605,0.0381375,0.0615471
0.0776812,0.0830803,-0.0771971,-0.0802409,-0.00786219,0.0342495,0.0520469
0.0614129,0.0605248,-0.0772527,-0.078698,-0.00644998,0.0311695,0.0435356
0.0451446,0.0357467,-0.0772642,-0.0771536,-1.10351e-11,0.0289568,0.0343964
0.0288763,0.0129798,-0.077224,-0.0756084,1.61559e-27,0.0276663,0.0263325
0.0126079,-0.0111893,-0.0771359,-0.0740637,-3.58732e-43,0.0273231,0.0178677
0,-0.02737,-0.0769916,-0.0725205,7.96546e-59,0.0278241,0.0127602
0,-0.0409902,-0.0767983,-0.0709798,-1.76869e-74,0.0288222,0.00866315
0,-0.0545931,-0.0765602,-0.0694426,3.92727e-90,0.0300085,0.00462848
0,-0.060055,-0.0762703,-0.06791,-8.7203e-106,0.0313072,0.00394139
0,-0.0682103,-0.0759411,-0.0663829,1.9363e-121,0.0327039,0.00215996
0,-0.07,-0.0756262,-0.0648621,-4.29944e-137,0.0342006,0.00214217
0,-0.07,-0.0753309,-0.0633476,9.54668e-153,0.0358041,0.00287617
0,-0.07,-0.0750602,-0.0618378,-2.11979e-168,0.0375231,0.0036707
0,-0.07,-0.0747763,-0.0603336,4.70687e-184,0.0393668,0.00517454
0,-0.07,-0.0744795,-0.058835,-1.04514e-199,0.0413455,0.00685575
0,-0.07,-0.0741416,-0.0573421,2.32067e-215,0.0434702,0.00915054
0,-0.07,-0.0737135,-0.0558555,-5.15292e-231,0.0457527,0.0124031
0,-0.07,-0.0731872,-0.0543766,1.14418e-246,0.0482053,0.0160427
0,-0.07,-0.0725882,-0.052907,-2.54059e-262,0.0508415,0.0195876
0,-0.07,-0.0719165,-0.0514487,5.64123e-278,0.0536758,0.023411
0,-0.07,-0.0711822,-0.050003,-1.25261e-293,0.0567241,0.027383
0,-0.0698241,-0.0704147,-0.0485712,2.78134e-309,0.0600033,0.0312834
0,-0.0687858,-0.0696248,-0.0471545,1.47726e-321,0.0635318,0.0356454
0,-0.0681808,-0.0688152,-0.0457573,1.47726e-321,0.0673293,0.040088
0,-0.067594,-0.0679867,-0.0443761,1.47726e-321,0.0714169,0.0447909
0,-0.0683337,-0.0671419,-0.0430114,1.47726e-321,0.0758176,0.0492123
0,-0.07,-0.0663133,-0.0416635,1.47726e-321,0.0805559,0.0530331
0,-0.07,-0.0655827,-0.0403323,1.47726e-321,0.085658,0.0564704
0,-0.07,-0.0649907,-0.0390126,1.47726e-321,0.0911526,0.0594182
0,-0.07,-0.0645223,-0.0377062,1.47726e-321,0.0970702,0.0629082
0,-0.07,-0.0640508,-0.0364106,1.47726e-321,0.103428,0.0678048
0,-0.07,-0.0635232,-0.0351244,1.47726e-321,0.110256,0.0733877
0,-0.07,-0.0629028,-0.0338482,1.47726e-321,0.117603,0.0796724
0,-0.07,-0.0622504,-0.0325833,1.47726e-321,0.125504,0.0848861
0,-0.07,-0.0617859,-0.0313311,1.47726e-321,0.133954,0.0913985
0.00366485,-0.0626503,-0.061821,-0.0300901,1.47726e-321,0.142821,0.0993943
0.0199531,-0.0488767,-0.062585,-0.028854,1.47726e-321,0.151724,0.107719
0.0362413,-0.0337587,-0.06419,-0.0276107,-0.0101235,0.160319,0.114677
0.0525295,-0.0174705,-0.0652947,-0.0263462,-0.0139801,0.168491,0.124449
0.0688177,-0.00118225,-0.0661264,-0.0250536,-0.0204599,0.176186,0.132534
0.085106,0.015106,-0.0685583,-0.023741,-0.0185425,0.183361,0.139809
0.101394,0.0313942,-0.0698786,-0.0224002,-0.0185285,0.189974,0.149309
0.117682,0.0476824,-0.0710149,-0.0210179,-0.0160416,0.195984,0.15814
-0.110353,-0.12231,-0.0709182,-0.0196203,0.0045863,-0.0429805,-0.0670506
-0.0940645,-0.0908035,-0.069178,-0.0182186,0.00632134,-0.0383211,-0.0552598
-0.0777763,-0.0667771,-0.0674631,-0.0168159,0.00801622,-0.0344148,-0.0459268
-0.061488,-0.0430869,-0.0657646,-0.0154477,0.00660382,-0.0313184,-0.0369487
-0.0451998,-0.0200365,-0.0640828,-0.0141138,-4.27264e-11,-0.0290913,-0.0285106
-0.0289116,0.0030342,-0.06241,-0.0128136,1.29247e-26,-0.0277884,-0.0202935
-0.0126234,0.0275495,-0.0606942,-0.0115554,-2.86986e-42,-0.0274345,-0.0116901
0,0.0432009,-0.0589765,-0.0103312,6.37237e-58,-0.0279268,-0.00679449
0,0.056905,-0.0572709,-0.00914135,-1.41495e-73,-0.0289172,-0.00265151
0,0.0692427,-0.0555826,-0.00798569,3.14182e-89,-0.0300966,0.00088081
0,0.07,-0.0538949,-0.00686391,-6.97624e-105,-0.0313888,0.000150026
0,0.07,-0.0520268,-0.00577589,1.54904e-120,-0.0327795,0.00174458
0,0.07,-0.0501244,-0.0047148,-3.43955e-136,-0.0342707,0.00115689
0,0.07,-0.048165,-0.00369139,3.81867e-152,-0.0358692,0.00054823
0,0.07,-0.0461289,-0.00270653,-8.47915e-168,-0.0375834,-8.12631e-05
0,0.07,-0.0439882,-0.00176156,1.88275e-183,-0.0394227,-0.000530762
0,0.07,-0.0417021,-0.000858245,-2.09027e-199,-0.0413974,-0.00113618
0,0.07,-0.0393302,9.43877e-07,4.64134e-215,-0.0435184,-0.00241586
0,0.07,-0.0369321,0.000813639,-1.03058e-230,-0.0457973,-0.00431571
0,0.07,-0.0345517,0.00157866,2.28836e-246,-0.0482467,-0.00674112
0,0.07,-0.0322364,0.00229588,-5.08117e-262,-0.0508799,-0.00974625
0,0.07,-0.0299732,0.00296608,1.12825e-277,-0.0537114,-0.0128938
0,0.07,-0.0277455,0.00359043,-1.87891e-293,-0.0567571,-0.0161806
0,0.07,-0.0255781,0.00416985,1.39067e-309,-0.0600339,-0.0198681
0,0.07,-0.0234799,0.00470525,-1.68476e-321,-0.0635601,-0.0238977
0,0.07,-0.02146,0.00519793,-1.68476e-321,-0.0673556,-0.0282496
0,0.07,-0.0194631,0.00564935,-1.68476e-321,-0.0714413,-0.0324265
0,0.07,-0.0174467,0.00606058,-1.68476e-321,-0.0758402,-0.0364913
0,0.07,-0.0152398,0.00643169,-1.68476e-321,-0.0805768,-0.0396541
0,0.07,-0.0128863,0.00676076,-1.68476e-321,-0.0856775,-0.0432719
0,0.07,-0.0103105,0.00704438,-1.68476e-321,-0.0911707,-0.0464959
0,0.07,-0.00760541,0.00727892,-1.68476e-321,-0.0970869,-0.0502087
0,0.07,-0.00492242,0.00746078,-1.68476e-321,-0.103459,-0.0546774
0,0.07,-0.00290494,0.00758875,-1.68476e-321,-0.109958,-0.0598855
0,0.07,-0.00109187,0.00766904,-1.68476e-321,-0.116513,-0.0654363
0,0.07,0.000900307,0.00771082,-1.68476e-321,-0.123502,-0.0721617
0,0.07,0.00333958,0.00771672,-1.68476e-321,-0.131028,-0.0790959
0,0.07,0.00622429,0.00767798,-1.68476e-321,-0.139056,-0.0872089
-0.0144769,0.0555231,0.00927261,0.00758667,0.00263695,-0.147257,-0.0966909
-0.0301276,0.0398724,0.0129665,0.00743474,0.0109403,-0.155243,-0.104017
-0.0457783,0.0242217,0.0203666,0.00721974,0.010905,-0.162869,-0.111123
-0.061429,0.00857096,0.029205,0.00690121,0.0114997,-0.170073,-0.118632
-0.0770798,-0.00707975,0.0434255,0.00641433,0.00886207,-0.176809,-0.124437
-0.0927305,-0.0227305,0.0554409,0.00570936,0.0086764,-0.183039,-0.13313
-0.108381,-0.0383812,0.0682326,0.00473271,0.00619431,-0.188719,-0.141098
0.110729,0.145899,0.0681787,0.00351516,-0.00417395,0.0409548,0.0755855
0.0892091,0.103941,0.0659348,0.00163877,-0.00124636,0.0365696,0.0596492
0.0794274,0.0914938,0.0636987,0.000788749,-0.000297142,0.0328896,0.054584
0.0637766,0.07309,0.0614804,-0.000509822,-0.000485629,0.0298934,0.0475488
0.0481259,0.0534257,0.0594185,-0.00176383,0.0010795,0.0276857,0.0403872
0.0324752,0.032166,0.0574018,-0.00297488,0.000879238,0.0263361,0.0328493
0.0168245,0.0109109,0.0553613,-0.00414611,0,0.0258899,0.025531
0.0011738,-0.00896793,0.0533039,-0.00527578,0,0.026322,0.018913
0,-0.0208399,0.0512744,-0.00635421,0,0.0273297,0.0155839
0,-0.0340779,0.0492725,-0.00739187,0,0.0285607,0.0116789
0,-0.0386679,0.0473117,-0.00838933,0,0.0299072,0.0113402
0,-0.0427144,0.0453846,-0.00934733,0,0.0313468,0.0111862
0,-0.0467769,0.0434912,-0.0102666,0,0.0328796,0.0111279
0,-0.0472296,0.0416357,-0.0111478,0,0.0345119,0.0126333
0,-0.0517657,0.0398101,-0.0119916,0,0.0362525,0.0125879
0,-0.0561086,0.0380189,-0.0127988,0,0.0381106,0.0128308
0,-0.0593476,0.0362634,-0.0135699,0,0.0400967,0.0136745
0,-0.0637544,0.0345411,-0.0143057,0,0.0422218,0.0142131
0,-0.0666871,0.0328549,-0.0150069,0,0.0444976,0.0155515
0,-0.069248,0.0312037,-0.0156741,0,0.0469367,0.0172224
0,-0.07,0.0294409,-0.0163081,0,0.0495522,0.0176331
0,-0.07,0.0276055,-0.0169074,0,0.0523586,0.0190697
0,-0.07,0.0256853,-0.0174797,0,0.0553715,0.0209136
0,-0.07,0.0236928,-0.0180146,0,0.0586078,0.0232775
0,-0.07,0.0216716,-0.0185103,0,0.0620856,0.0263198
0,-0.07,0.0196511,-0.018966,0,0.0658242,0.0299079
0,-0.07,0.0176585,-0.0193813,0,0.0698446,0.0340202
0,-0.07,0.0156284,-0.0197563,0,0.0741692,0.0378866
0,-0.07,0.0135787,-0.0200912,0,0.0788221,0.042069
0,-0.07,0.0115154,-0.0203854,0,0.0838293,0.0464476
0,-0.07,0.0094838,-0.0206384,0,0.0892187,0.0512785
0,-0.07,0.007474,-0.0208504,0,0.0950202,0.056102
0,-0.07,0.00552913,-0.021022,0,0.101266,0.0612575
0,-0.07,0.00390744,-0.021154,0,0.107735,0.0667655
0,-0.07,0.00243302,-0.0212499,0,0.114387,0.072651
0,-0.07,0.00118446,-0.0213148,0,0.121498,0.0796056
0,-0.07,0.000150342,-0.0213522,0,0.129149,0.0868765
0,-0.0683758,-0.000930758,-0.0213666,0,0.137313,0.0947121
0.0114712,-0.0539837,-0.00230439,-0.021361,0,0.145717,0.10322
0.0272935,-0.0412924,-0.00456127,-0.02133,-0.00067761,0.153973,0.109633
0.0431158,-0.0268842,-0.00714254,-0.0212647,-0.00858994,0.161883,0.116788
0.0589381,-0.0110619,-0.00959294,-0.0211503,-0.0143988,0.169369,0.124666
0.0747604,0.00476042,-0.0142768,-0.0209878,-0.0118281,0.176384,0.131714
0.0905827,0.0205827,-0.0175763,-0.0207608,-0.0113826,0.182887,0.141865
0.106405,0.036405,-0.0197386,-0.0204473,-0.00991438,0.188837,0.15206
-0.115107,-0.124522,-0.0196571,-0.0200774,0.00365117,-0.0431453,-0.0676252
-0.099285,-0.0922817,-0.0196193,-0.019683,0.0055291,-0.0384369,-0.0552274
-0.0834627,-0.0645655,-0.0195417,-0.0192902,0.00462881,-0.0344235,-0.0443386
-0.0676404,-0.0409772,-0.0194274,-0.0188985,0.00427423,-0.031159,-0.0353709
-0.0518181,-0.01636,-0.0193678,-0.0185087,2.77524e-05,-0.0287009,-0.0262294
-0.0359958,0.00417326,-0.0193012,-0.0181207,1.68606e-11,-0.0271068,-0.018989
-0.0201734,0.0255679,-0.0192218,-0.0177339,-3.23117e-27,-0.0264226,-0.011548
-0.00435114,0.0433835,-0.0191342,-0.017349,7.17465e-43,-0.0266361,-0.00571096
0,0.0503806,-0.0190472,-0.0169658,-1.59309e-58,-0.0275,-0.00426093
0,0.0601671,-0.018947,-0.0165843,3.53737e-74,-0.0286631,-0.00162877
0,0.0625684,-0.0188445,-0.0162048,-7.85455e-90,-0.0299621,-0.00208116
0,0.0642465,-0.0187332,-0.0158273,1.74406e-105,-0.0313596,-0.00280855
0,0.0673989,-0.0186112,-0.015452,-3.87259e-121,-0.0328517,-0.00304539
0,0.0693106,-0.0184816,-0.015079,8.59888e-137,-0.0344437,-0.00392068
0,0.07,-0.0182733,-0.0147086,-9.54668e-153,-0.0361436,-0.00433307
0,0.07,-0.0180319,-0.0143419,2.11979e-168,-0.0379606,-0.00579403
0,0.07,-0.0177581,-0.0139786,-4.70687e-184,-0.0399047,-0.00740564
0,0.07,-0.0174755,-0.0136204,1.04514e-199,-0.0419868,-0.00952498
0,0.07,-0.0172045,-0.0132678,-2.32067e-215,-0.0442183,-0.0121313
0,0.07,-0.0169364,-0.0129207,5.15292e-231,-0.0466116,-0.0148153
0,0.07,-0.016677,-0.012579,-1.14418e-246,-0.0491796,-0.017803
0,0.07,-0.0164416,-0.0122427,2.54059e-262,-0.0519365,-0.0212564
0,0.07,-0.0162198,-0.0119112,-5.64123e-278,-0.0548976,-0.024809
0,0.07,-0.0160253,-0.0115844,1.25261e-293,-0.0580794,-0.0288317
0,0.0687512,-0.0158563,-0.0112618,-2.78134e-309,-0.0614997,-0.0335782
0,0.0684546,-0.0156812,-0.0109428,-1.47726e-321,-0.0651776,-0.0377694
0,0.0665562,-0.0155031,-0.0106281,-1.47726e-321,-0.0691337,-0.0428787
0,0.0657729,-0.0153194,-0.010317,-1.47726e-321,-0.0733901,-0.047773
0,0.0664718,-0.0151299,-0.0100095,-1.47726e-321,-0.0779704,-0.0523304
0,0.0684379,-0.0149351,-0.00970574,-1.47726e-321,-0.0829003,-0.0566165
0,0.07,-0.01473,-0.00940587,-1.47726e-321,-0.0882071,-0.0611568
0,0.07,-0.0144558,-0.00911003,-1.47726e-321,-0.0939206,-0.065545
0,0.07,-0.0141062,-0.0088179,-1.47726e-321,-0.100072,-0.0698792
0,0.07,-0.013884,-0.00853193,-1.47726e-321,-0.106475,-0.0751893
0,0.0685078,-0.0136856,-0.00825181,-1.47726e-321,-0.113098,-0.0812611
0,0.0645441,-0.0134873,-0.00797592,-1.47726e-321,-0.120187,-0.0878242
0,0.057841,-0.0132895,-0.00770498,-1.47726e-321,-0.127816,-0.0952568
0,0.0497741,-0.0130903,-0.007438,-1.47726e-321,-0.135974,-0.102932
-0.00835405,0.0381668,-0.0128922,-0.007175,-1.47726e-321,-0.144442,-0.111672
-0.0242665,0.0307923,-0.0126883,-0.00691597,-1.47726e-321,-0.152839,-0.118282
-0.040179,0.0237351,-0.0120402,-0.00666098,-1.47726e-321,-0.160911,-0.123081
-0.0560915,0.0100474,-0.0107877,-0.00641564,0.00178093,-0.168565,-0.129701
-0.072004,-0.00200395,-0.00844051,-0.00618611,0.014309,-0.175753,-0.133064
-0.0879164,-0.0179164,-0.00358971,-0.00598678,0.013611,-0.182431,-0.138825
-0.103829,-0.0338289,0.00289444,-0.00585678,0.0125211,-0.18856,-0.144675
0.118946,0.154119,0.00284032,-0.0058401,-0.00316681,0.0445922,0.0797214
0.0990552,0.124331,0.00253328,-0.00591246,-0.00548467,0.0397305,0.0682166
0.0871208,0.106359,0.00224292,-0.00595384,-0.00679061,0.0355659,0.0607271
0.0712083,0.0827993,0.00192203,-0.00600189,-0.00613775,0.0321107,0.05154
0.0552959,0.0588433,0.001642,-0.00604386,-0.00261455,0.0294477,0.0425912
0.0393834,0.0361269,0.00137118,-0.00607978,2.05095e-11,0.0276415,0.0344095
0.0234709,0.0111983,0.00110243,-0.00611018,-3.23117e-27,0.0267431,0.0255426
0.00755843,-0.0144037,0.000832016,-0.00613385,7.17465e-43,0.0267557,0.0166124
0,-0.0288352,0.00057837,-0.00615211,-1.59309e-58,0.0274899,0.0122835
0,-0.0443634,0.000330285,-0.0061652,3.53737e-74,0.0285982,0.00744758
0,-0.0565659,9.30189e-05,-0.00617329,-7.85455e-90,0.0298617,0.00404962
0,-0.0611294,-0.000128722,-0.00617658,1.74406e-105,0.0312284,0.00374892
0,-0.0692779,-0.000346919,-0.00617533,-3.87259e-121,0.0326901,0.00200509
0,-0.07,-0.000577614,-0.0061697,8.59888e-137,0.0342506,0.00298584
0,-0.07,-0.000828426,-0.00615953,-1.90934e-152,0.0359174,0.00425459
0,-0.07,-0.00109732,-0.00614573,4.23958e-168,0.0376995,0.00568566
0,-0.07,-0.00135105,-0.00612687,-9.41375e-184,0.0396068,0.0077576
0,-0.07,-0.00162359,-0.00610264,2.09027e-199,0.04165,0.00950229
0,-0.07,-0.00185252,-0.00607317,-4.64134e-215,0.0438403,0.0123506
0,-0.07,-0.00203804,-0.00603864,1.03058e-230,0.0461902,0.0154195
0,-0.07,-0.00219001,-0.00599992,-2.28836e-246,0.0487127,0.0185798
0,-0.0698797,-0.00232337,-0.00595779,6.35146e-262,0.051422,0.0218115
0,-0.07,-0.00246824,-0.00591279,0,0.054333,0.0247557
0,-0.07,-0.00262217,-0.00586429,0,0.0574621,0.0280307
0,-0.07,-0.00275797,-0.00581354,0,0.0608267,0.0319673
0,-0.07,-0.0029343,-0.00575987,0,0.0644456,0.0353064
0,-0.07,-0.00314345,-0.00570313,0,0.0683388,0.0390021
0,-0.07,-0.00341635,-0.00564256,0,0.0725282,0.0424766
0,-0.07,-0.00378047,-0.00557723,0,0.077037,0.045749
0,-0.07,-0.00426199,-0.00550563,0,0.0818904,0.049157
0,-0.07,-0.00487404,-0.00542569,0,0.0871153,0.0527188
0,-0.07,-0.00562085,-0.00533494,0,0.092741,0.0563069
0,-0.07,-0.00650442,-0.00523074,0,0.0987985,0.0598872
0,-0.07,-0.00737526,-0.00511037,0,0.105219,0.0640351
0,-0.07,-0.00820628,-0.00497244,0,0.112006,0.0692158
0,-0.07,-0.00889721,-0.00481746,0,0.119293,0.0753151
0,-0.07,-0.00976783,-0.00464711,0,0.127129,0.0813105
0,-0.07,-0.0111946,-0.00446177,0,0.135501,0.088458
0.0068613,-0.0631387,-0.0133294,-0.00425429,0,0.144216,0.096786
0.0230055,-0.0469945,-0.0162646,-0.00401225,-0.00634951,0.152893,0.105049
0.0391498,-0.0308502,-0.0198711,-0.00372071,-0.0160775,0.161243,0.112406
0.055294,-0.014706,-0.0231021,-0.00336837,-0.0183846,0.169167,0.121926
0.0714383,0.00143826,-0.0297901,-0.00294672,-0.0152691,0.176614,0.12896
0.0875825,0.0175825,-0.0356025,-0.00243117,-0.0147665,0.183542,0.138072
0.103727,0.0337267,-0.0394339,-0.00178596,-0.0137338,0.189909,0.148268
0.119871,0.049871,-0.0422593,-0.00104135,-0.0115296,0.195671,0.157631
-0.106148,-0.111009,-0.0421553,-0.000252668,0.00499417,-0.0413808,-0.0622761
-0.0887933,-0.0767182,-0.040743,0.000595161,0.00679668,-0.0369831,-0.0497214
-0.0738599,-0.0571767,-0.0393373,0.00136444,0.00648244,-0.0333432,-0.0422162
-0.0577157,-0.0337242,-0.0379781,0.00216665,0.00401047,-0.0305016,-0.0333546
-0.0415714,-0.0103392,-0.0366431,0.00294116,-3.44559e-12,-0.0285272,-0.0248552
-0.0254272,0.0124144,-0.035318,0.00368871,0,-0.0274738,-0.0168332
-0.00928294,0.0358829,-0.033967,0.00440302,0,-0.0273518,-0.00869596
0,0.0507337,-0.0326303,0.00509047,0,-0.027999,-0.00414826
0,0.0606894,-0.0313162,0.00575109,0,-0.0290654,-0.0015296
0,0.0698475,-0.0300243,0.0063853,0,-0.0303002,0.000750288
0,0.07,-0.0287512,0.00699354,0,-0.0316434,-0.000450841
0,0.07,-0.0274213,0.0075762,0,-0.0330846,-0.000691307
0,0.07,-0.0260983,0.00813926,0,-0.0346274,-0.00195717
0,0.07,-0.0247377,0.00867578,0,-0.0362792,-0.00268528
0,0.07,-0.0233684,0.0091855,0,-0.0380489,-0.00395458
0,0.07,-0.0219826,0.00966793,0,-0.0399461,-0.0052499
0,0.07,-0.0205651,0.0101228,0,-0.0419816,-0.00652302
0,0.07,-0.0191591,0.0105497,0,-0.0441665,-0.0086487
0,0.07,-0.0177873,0.0109484,0,-0.0465131,-0.0112128
0,0.07,-0.0164582,0.0113192,0,-0.0490345,-0.0140865
0,0.07,-0.015173,0.0116637,0,-0.0517446,-0.0172133
0,0.07,-0.0139433,0.0119812,0,-0.0546586,-0.0207125
0,0.07,-0.0127715,0.0122736,0,-0.0577926,-0.0246082
0,0.07,-0.0116676,0.012542,0,-0.0611641,-0.0289428
0,0.07,-0.0106341,0.0127875,0,-0.0647919,-0.033609
0,0.07,-0.00967073,0.0130115,0,-0.0686961,-0.0385643
0,0.07,-0.00876248,0.0132155,0,-0.0728986,-0.043584
0,0.07,-0.00786939,0.0134008,0,-0.0774226,-0.0482749
0,0.07,-0.00695073,0.013568,0,-0.0822934,-0.0525829
0,0.07,-0.00598784,0.0137171,0,-0.0875381,-0.0567833
0,0.07,-0.00496152,0.0138474,0,-0.0931858,-0.0608172
0,0.07,-0.00384973,0.013958,0,-0.0992679,-0.064882
0,0.07,-0.0027907,0.0140472,0,-0.105765,-0.0699759
0,0.07,-0.00178433,0.0141146,0,-0.112696,-0.0756251
0,0.07,-0.00087889,0.0141614,0,-0.120147,-0.0819571
0,0.07,-8.95495e-05,0.0141889,0,-0.128158,-0.0883556
0,0.07,0.0006427,0.0141994,0,-0.136716,-0.0959248
-0.00608762,0.0586601,0.00175761,0.014195,0,-0.145644,-0.104249
-0.0223213,0.0440977,0.00331444,0.0141726,0,-0.154558,-0.112917
-0.0385549,0.0314451,0.00653996,0.0141235,0.0110942,-0.163157,-0.117313
-0.0547886,0.0152114,0.00965627,0.014033,0.0183165,-0.171339,-0.125473
-0.0710223,-0.00102226,0.0168658,0.0138788,0.0196648,-0.179051,-0.130374
-0.0872559,-0.0172559,0.0261782,0.0136352,0.0184091,-0.186252,-0.136688
-0.10349,-0.0334896,0.0358812,0.0132141,0.0169851,-0.192902,-0.144096
-0.119723,-0.0497232,0.045467,0.0126032,0.015058,-0.198958,-0.151645
0.107548,0.14544,0.0454101,0.0118856,-4.16056e-14,0.0391307,0.073214
0.0913143,0.115219,0.0442142,0.011106,1.26218e-29,0.0344022,0.0614478
0.0750807,0.0935332,0.0430376,0.0102086,-2.8026e-45,0.0304144,0.0528608
0.058847,0.0720247,0.0418717,0.00934079,6.22302e-61,0.0272233,0.0445228
0.0426134,0.0478987,0.0407139,0.00849636,-1.38179e-76,0.0248862,0.0353972
0.0263797,0.0265208,0.03957,0.00767513,3.06818e-92,0.0234536,0.0276187
0.010146,0.00249283,0.0384343,0.00687687,-6.81274e-108,0.0229376,0.0189006
0,-0.010757,0.0373215,0.00610137,1.51273e-123,0.023188,0.0146428
0,-0.0223664,0.0362222,0.00534826,-3.35894e-139,0.0238518,0.0109566
0,-0.0322064,0.0351369,0.00461722,7.45834e-155,0.0246607,0.00801852
0,-0.0335703,0.0340731,0.00390797,-1.65608e-170,0.0255482,0.00850565
0,-0.0383864,0.0330184,0.00322013,3.67725e-186,0.0265004,0.00755837
0,-0.0399116,0.0319801,0.00255343,-8.16513e-202,0.0275177,0.0080594
0,-0.0401233,0.0309565,0.0019076,1.81302e-217,0.0286047,0.0091241
0,-0.041145,0.0299455,0.00128233,-4.02572e-233,0.0297669,0.00994385
0,-0.0419171,0.0289486,0.000677353,8.93889e-249,0.0310109,0.0109834
0,-0.0431028,0.0279651,9.23996e-05,-1.98483e-264,0.0323435,0.0119712
0,-0.0433742,0.0269965,-0.00047772,4.40721e-280,0.0337722,0.0134567
0,-0.0425382,0.0260433,-0.0010283,-9.78598e-296,0.0353048,0.0155057
0,-0.0422597,0.0251038,-0.00156013,2.17292e-311,0.03695,0.0174585
0,-0.0418763,0.0241789,-0.00207301,5.38532e-322,0.0387169,0.0196119
0,-0.0411814,0.0232688,-0.00256723,5.38532e-322,0.0406154,0.0220432
0,-0.0409043,0.0223731,-0.00304307,5.38532e-322,0.0426559,0.0244608
0,-0.041295,0.0214915,-0.00350083,5.38532e-322,0.04485,0.0267752
0,-0.0423645,0.0206241,-0.00394036,5.38532e-322,0.0472097,0.0289816
0,-0.043989,0.0197711,-0.00436282,5.38532e-322,0.0497483,0.0311201
0,-0.0456495,0.0189332,-0.00476762,5.38532e-322,0.0524798,0.0333815
0,-0.0497312,0.018108,-0.00515551,5.38532e-322,0.0554195,0.0347846
0,-0.0532414,0.0172985,-0.00552674,5.38532e-322,0.0585838,0.0365333
0,-0.0561118,0.016505,-0.00588162,5.38532e-322,0.0619902,0.0385743
0,-0.0576338,0.0157283,-0.00622045,5.38532e-322,0.0656577,0.0411478
0,-0.0589453,0.0149671,-0.00654317,5.38532e-322,0.0696067,0.0437405
0,-0.0594438,0.0142221,-0.00685088,5.38532e-322,0.0738463,0.0465093
0,-0.0593844,0.013493,-0.00714352,5.38532e-322,0.0783955,0.0493839
0,-0.0576236,0.012781,-0.0074214,5.38532e-322,0.0832878,0.0527216
0,-0.0538186,0.0120872,-0.00768628,5.38532e-322,0.0885391,0.0565888
0,-0.0463553,0.0114153,-0.00793565,5.38532e-322,0.0941237,0.0615801
0.00530833,-0.0353565,0.010763,-0.00817135,5.38532e-322,0.0998606,0.0675891
0.0302167,-0.0203652,0.00990838,-0.00851952,5.38532e-322,0.10528,0.0748778
0.0392,-0.0236929,0.00814689,-0.00863824,5.38532e-322,0.110088,0.0752543
0.0543083,-0.0108825,0.00593846,-0.00881802,5.38532e-322,0.114248,0.0788559
0.0706417,0.00254149,0.0029688,-0.00897212,5.38532e-322,0.117647,0.0805387
0.086975,0.0172661,-0.000363585,-0.00907753,5.38532e-322,0.120204,0.0826865
0.103308,0.0359277,-0.00286135,-0.00912357,5.38532e-322,0.121873,0.0877149
0.119642,0.0496417,-0.00436969,-0.00910631,5.38532e-322,0.122676,0.0928824
0.1225,0.0525,-0.00495517,-0.0090438,5.38532e-322,0.122908,0.099488
0.1225,0.053498,-0.00508981,-0.00895436,5.38532e-322,0.122941,0.105562
0.1225,0.0696557,-0.0052011,-0.00885479,5.38532e-322,0.122925,0.111983
0.1225,0.0866786,-0.00530416,-0.00875199,5.38532e-322,0.122898,0.118517
0.1225,0.101499,-0.005402,-0.00864704,5.38532e-322,0.122869,0.124159
0.1225,0.116305,-0.00549244,-0.00854008,5.38532e-322,0.122842,0.129831
0.1225,0.128703,-0.00557822,-0.00843122,5.38532e-322,0.122816,0.134542
0.1225,0.137854,-0.00566042,-0.0083206,5.38532e-322,0.122792,0.137995
0.1225,0.143991,-0.00573893,-0.0082083,5.38532e-322,0.12277,0.140295
0.1225,0.148893,-0.00581206,-0.00809438,5.38532e-322,0.12275,0.142148
0.1225,0.151956,-0.00588059,-0.00797895,5.38532e-322,0.122731,0.143287
0.1225,0.154832,-0.00594296,-0.00786209,5.38532e-322,0.122714,0.14438
0.1225,0.158055,-0.00599876,-0.00774391,5.38532e-322,0.122698,0.145615
0.1225,0.159541,-0.00605037,-0.00762455,5.38532e-322,0.122683,0.146153
0.1225,0.160695,-0.00609647,-0.00750411,5.38532e-322,0.122669,0.146584
0.1225,0.159732,-0.00613911,-0.00738269,5.38532e-322,0.122657,0.146176
0.1225,0.158326,-0.00617667,-0.00726038,5.38532e-322,0.122645,0.145623
0.1225,0.157433,-0.0062083,-0.00713726,5.38532e-322,0.122634,0.145283
0.1225,0.156263,-0.00623499,-0.00701344,5.38532e-322,0.122624,0.144825
0.1225,0.157893,-0.00625364,-0.00688903,5.38532e-322,0.122615,0.145489
0.1225,0.15866,-0.00626829,-0.00676417,5.38532e-322,0.122606,0.145767
0.1225,0.158668,-0.006279,-0.00663896,5.38532e-322,0.122598,0.145754
0.1225,0.158414,-0.00628539,-0.0065135,5.38532e-322,0.122591,0.145649
0.1225,0.156791,-0.00628877,-0.00638786,5.38532e-322,0.122584,0.145002
0.1225,0.153807,-0.00628928,-0.00626212,5.38532e-322,0.122578,0.143832
