-0.102517,-0.0747297,2.94505e-05,0,-0.0150007,-0.102514,-0.102511
-0.102517,-0.0699453,3.43749e-05,-3.38681e-07,-0.0150005,-0.102509,-0.102518
-0.102517,-0.0710281,3.30623e-05,-1.00156e-06,-0.0148962,-0.102502,-0.103047
-0.102517,-0.0745285,2.91756e-05,-1.66871e-06,-0.0149062,-0.102495,-0.103967
-0.102517,-0.0774463,2.58935e-05,-2.26971e-06,-0.0150203,-0.102489,-0.104606
-0.102517,-0.0806398,2.23131e-05,-2.80235e-06,-0.0150555,-0.102482,-0.10535
-0.102517,-0.0846032,1.79178e-05,-3.26473e-06,-0.0150366,-0.102475,-0.106296
-0.102517,-0.0896014,1.24357e-05,-3.64286e-06,-0.0150218,-0.102467,-0.107493
-0.102517,-0.0949987,6.54683e-06,-3.91625e-06,-0.015015,-0.102459,-0.108752
-0.102517,-0.10079,2.63279e-07,-4.07368e-06,-0.015008,-0.102452,-0.1101
-0.102517,-0.106673,-6.08829e-06,-4.10722e-06,-0.0149987,-0.102443,-0.111455
-0.102517,-0.11247,-1.23147e-05,-4.01404e-06,-0.0149894,-0.102434,-0.112781
-0.102517,-0.117563,-1.77599e-05,-3.79576e-06,-0.0149815,-0.102425,-0.113913
-0.102517,-0.121951,-2.24204e-05,-3.46507e-06,-0.014977,-0.102416,-0.114883
-0.102517,-0.125365,-2.60125e-05,-3.03763e-06,-0.014978,-0.102406,-0.115615
-0.102517,-0.127629,-2.83524e-05,-2.53355e-06,-0.0149839,-0.102396,-0.116073
-0.102517,-0.128626,-2.93197e-05,-1.97703e-06,-0.0149935,-0.102386,-0.116233
-0.102517,-0.128346,-2.89084e-05,-1.39499e-06,-0.0150056,-0.102375,-0.116097
-0.102517,-0.126853,-2.71924e-05,-8.14969e-07,-0.0150184,-0.102365,-0.115683
-0.102517,-0.124291,-2.43319e-05,-2.63399e-07,-0.0150302,-0.102353,-0.115029
-0.102517,-0.120847,-2.05304e-05,2.36112e-07,-0.0150391,-0.102341,-0.114179
-0.102517,-0.116652,-1.59344e-05,6.63826e-07,-0.0150436,-0.102329,-0.113162
-0.102517,-0.112245,-1.112e-05,1.0032e-06,-0.0150432,-0.102315,-0.112121
-0.102517,-0.107738,-6.21169e-06,1.24486e-06,-0.015043,-0.102301,-0.111062
-0.102517,-0.103509,-1.61287e-06,1.39118e-06,-0.0150349,-0.102286,-0.110084
-0.102517,-0.0996955,2.528e-06,1.44413e-06,-0.0150187,-0.102269,-0.109207
-0.102517,-0.0964206,6.07866e-06,1.4122e-06,-0.0150091,-0.102251,-0.108459
-0.102517,-0.0938161,8.89851e-06,1.30661e-06,-0.0150033,-0.102232,-0.107871
-0.102517,-0.0919967,1.08674e-05,1.14133e-06,-0.0150003,-0.102211,-0.107467
-0.102517,-0.0910352,1.19106e-05,9.32838e-07,-0.0149995,-0.102188,-0.107262
-0.102517,-0.0909598,1.20015e-05,6.9932e-07,-0.0150005,-0.102162,-0.107261
-0.102517,-0.0917497,1.11657e-05,4.59699e-07,-0.0150026,-0.102134,-0.107456
-0.102517,-0.093365,9.44976e-06,2.32624e-07,-0.0150055,-0.102103,-0.107837
-0.102517,-0.0955474,7.13057e-06,3.59074e-08,-0.0150074,-0.10207,-0.108334
-0.102517,-0.0982219,4.2847e-06,-1.1714e-07,-0.0150075,-0.102033,-0.108938
-0.102517,-0.101137,1.17649e-06,-2.15641e-07,-0.015007,-0.101993,-0.109583
-0.102517,-0.104035,-1.92062e-06,-2.53158e-07,-0.0150043,-0.10195,-0.110207
-0.102517,-0.106829,-4.91455e-06,-2.28682e-07,-0.0150021,-0.101904,-0.1108
-0.102517,-0.109516,-7.80024e-06,-1.43864e-07,-0.0150009,-0.101854,-0.111365
-0.102517,-0.111904,-1.03756e-05,-8.05884e-09,-0.0150008,-0.1018,-0.111848
-0.102517,-0.113922,-1.2565e-05,1.86576e-07,-0.015002,-0.101741,-0.112237
-0.102517,-0.115431,-1.42231e-05,4.26929e-07,-0.0150036,-0.101679,-0.112498
-0.102517,-0.116398,-1.53159e-05,7.03928e-07,-0.0150066,-0.101611,-0.112627
-0.102517,-0.11678,-1.58e-05,1.00533e-06,-0.0150102,-0.101539,-0.112614
-0.102517,-0.116591,-1.56947e-05,1.31915e-06,-0.0150144,-0.10146,-0.112465
-0.102517,-0.115801,-1.49709e-05,1.63352e-06,-0.015019,-0.101376,-0.112169
-0.102517,-0.114536,-1.37634e-05,1.93619e-06,-0.0150234,-0.101286,-0.111764
-0.102517,-0.112904,-1.21917e-05,2.2169e-06,-0.015025,-0.101189,-0.111272
-0.102517,-0.111023,-1.03838e-05,2.4678e-06,-0.0150253,-0.101084,-0.110721
-0.102517,-0.109142,-8.60383e-06,2.68361e-06,-0.0150251,-0.100971,-0.110174
-0.102517,-0.10728,-6.87634e-06,2.8637e-06,-0.0150203,-0.10085,-0.109624
-0.102517,-0.105563,-5.33445e-06,3.009e-06,-0.0150168,-0.10072,-0.109104
-0.102517,-0.103962,-3.95035e-06,3.12263e-06,-0.0150149,-0.10058,-0.1086
-0.102517,-0.102527,-2.77664e-06,3.20786e-06,-0.0150134,-0.100429,-0.108125
-0.102517,-0.101355,-1.91502e-06,3.26868e-06,-0.0150117,-0.100266,-0.107704
-0.102517,-0.100544,-1.46975e-06,3.31086e-06,-0.0150101,-0.100091,-0.107359
-0.102517,-0.100151,-1.50044e-06,3.34337e-06,-0.0150089,-0.0999024,-0.1071
-0.102517,-0.100187,-2.0154e-06,3.37316e-06,-0.0150081,-0.0996995,-0.106926
-0.102517,-0.10065,-3.01561e-06,3.41012e-06,-0.0150076,-0.0994809,-0.106834
-0.102517,-0.101481,-4.43458e-06,3.46593e-06,-0.0150074,-0.0992451,-0.106806
-0.102517,-0.102618,-6.20825e-06,3.54824e-06,-0.0150073,-0.0989906,-0.106827
-0.102517,-0.103998,-8.26653e-06,3.66442e-06,-0.0150071,-0.098716,-0.106882
-0.102517,-0.105525,-1.05045e-05,3.82049e-06,-0.0150069,-0.0984198,-0.106943
-0.102517,-0.107129,-1.28589e-05,4.02051e-06,-0.0150068,-0.0981004,-0.106997
-0.102517,-0.108719,-1.52146e-05,4.26709e-06,-0.0150069,-0.0977562,-0.107017
-0.102517,-0.110224,-1.74807e-05,4.5549e-06,-0.0150073,-0.0973852,-0.106988
-0.102517,-0.111587,-1.95892e-05,4.89091e-06,-0.0150078,-0.0969856,-0.106895
-0.102517,-0.112756,-2.14781e-05,5.27321e-06,-0.015008,-0.0965551,-0.106724
-0.102517,-0.113641,-2.3049e-05,5.69427e-06,-0.0150088,-0.0960914,-0.106449
-0.102517,-0.114265,-2.43218e-05,6.14425e-06,-0.0150103,-0.0955919,-0.10608
-0.102517,-0.114558,-2.52208e-05,6.62178e-06,-0.0150122,-0.095054,-0.105591
-0.102517,-0.114638,-2.58711e-05,7.11945e-06,-0.0150139,-0.0944747,-0.105019
-0.102517,-0.114418,-2.61785e-05,7.63363e-06,-0.0150154,-0.0938507,-0.104327
-0.102517,-0.113959,-2.62118e-05,8.15581e-06,-0.0150165,-0.0931788,-0.103537
-0.102517,-0.113243,-2.59515e-05,8.67981e-06,-0.0150174,-0.0924555,-0.102636
-0.102517,-0.112573,-2.57203e-05,9.20067e-06,-0.0150179,-0.091677,-0.101705
-0.102517,-0.111718,-2.52761e-05,9.71623e-06,-0.0150181,-0.0908391,-0.100662
-0.102517,-0.111041,-2.50041e-05,1.02242e-05,-0.0150177,-0.089937,-0.0996133
-0.102517,-0.11038,-2.47349e-05,1.07255e-05,-0.0150169,-0.0889657,-0.0984923
-0.102517,-0.109846,-2.46065e-05,1.12214e-05,-0.0150158,-0.0879196,-0.0973323
-0.102517,-0.109396,-2.45767e-05,1.17141e-05,-0.0150147,-0.0867929,-0.0961091
-0.102517,-0.109495,-2.5135e-05,1.22058e-05,-0.0150137,-0.0855793,-0.0949487
-0.102517,-0.109479,-2.55701e-05,1.2706e-05,-0.0150127,-0.084272,-0.0936339
-0.102517,-0.110012,-2.65817e-05,1.32153e-05,-0.0150118,-0.0828636,-0.0923738
-0.102517,-0.11067,-2.77143e-05,1.37393e-05,-0.0150111,-0.0813463,-0.0910063
-0.102517,-0.111843,-2.93759e-05,1.42857e-05,-0.0150103,-0.0797116,-0.0896485
-0.102517,-0.113091,-3.10953e-05,1.48615e-05,-0.0150096,-0.0779503,-0.0881442
-0.102517,-0.11485,-3.33302e-05,1.54714e-05,-0.0150087,-0.0760526,-0.0866208
-0.102517,-0.116768,-3.57047e-05,1.6128e-05,-0.0150076,-0.0740079,-0.0849428
-0.102517,-0.118887,-3.82489e-05,1.68302e-05,-0.0150062,-0.0718048,-0.0831228
-0.102517,-0.121197,-4.09431e-05,1.75824e-05,-0.0150049,-0.0694311,-0.0811429
-0.102517,-0.123632,-4.37194e-05,1.83824e-05,-0.0150036,-0.0668735,-0.0789772
-0.102517,-0.126087,-4.64709e-05,1.9243e-05,-0.0150019,-0.0641177,-0.0766006
-0.102517,-0.12837,-4.89955e-05,2.01531e-05,-0.0149997,-0.0611484,-0.0739792
-0.102517,-0.130277,-5.10762e-05,2.11166e-05,-0.0149987,-0.0579492,-0.0710983
-0.102517,-0.131166,-5.20316e-05,2.21288e-05,-0.0149966,-0.0545027,-0.0678444
-0.102517,-0.131489,-5.2337e-05,2.31627e-05,-0.0149963,-0.0507914,-0.0644568
-0.102517,-0.12971,-5.03607e-05,2.42072e-05,-0.0149987,-0.046801,-0.0605908
-0.102517,-0.126402,-4.67056e-05,2.52252e-05,-0.0149999,-0.0425339,-0.056608
-0.102517,-0.120598,-4.03427e-05,2.61795e-05,-0.0150032,-0.0380603,-0.0523451
-0.0891895,-0.110853,-2.97472e-05,2.70149e-05,-0.0150041,-0.0337141,-0.0475816
-0.0755206,-0.0980185,-1.58255e-05,2.76576e-05,-0.0149994,-0.0298662,-0.042711
-0.0618517,-0.0822123,1.28868e-06,2.80367e-05,-0.0149814,-0.0266551,-0.0377377
-0.0481828,-0.0639923,2.09975e-05,2.8088e-05,-0.0149406,-0.0241547,-0.0327875
-0.0345139,-0.0440928,4.25198e-05,2.77961e-05,-0.0148805,-0.0224222,-0.0279858
-0.0208451,-0.0234857,6.48116e-05,2.70426e-05,-0.0148018,-0.0215029,-0.0234913
-0.00717617,-0.00303563,8.69429e-05,2.59024e-05,-0.014764,-0.0214024,-0.0194044
0,0.0144552,0.000105937,2.43074e-05,-0.0148423,-0.0219646,-0.0163613
0,0.0273075,0.000120022,2.23216e-05,-0.0146733,-0.0228813,-0.0146043
0,0.0372871,0.000131045,2.00198e-05,-0.0146503,-0.023945,-0.0135147
0,0.0439443,0.000138516,1.7476e-05,-0.0144236,-0.0251059,-0.0132968
0,0.0457465,0.000140815,1.47431e-05,-0.0137407,-0.0263559,-0.01436
0,0.0438424,0.000139165,1.19383e-05,-0.0129217,-0.0276979,-0.0163146
0,0.0397017,0.000135127,9.14755e-06,-0.0120557,-0.0291384,-0.0188127
0,0.0344457,0.000129893,6.42281e-06,-0.0111548,-0.0306852,-0.02162
0,0.0289875,0.000124434,3.80139e-06,-0.0102629,-0.0323466,-0.0245442
0,0.0239897,0.000119453,1.28814e-06,-0.00942317,-0.034132,-0.0274535
0,0.019782,0.000115299,-1.13579e-06,-0.00865024,-0.0360512,-0.030298
0,0.0165359,0.000112154,-3.46255e-06,-0.00797918,-0.0381148,-0.033056
0,0.0144252,0.0001102,-5.72607e-06,-0.00744044,-0.0403339,-0.0356992
0,0.0130514,0.000109016,-7.93887e-06,-0.00701079,-0.0427206,-0.0383616
0,0.0130419,0.000109263,-1.01275e-05,-0.00668845,-0.0452881,-0.0408643
0,0.0135814,0.000110076,-1.23115e-05,-0.00642112,-0.0480509,-0.0434834
0,0.0144551,0.00011123,-1.45094e-05,-0.00619103,-0.0510243,-0.0462591
0,0.0162071,0.000113326,-1.67265e-05,-0.00596126,-0.0542249,-0.0490512
0,0.0180775,0.000115569,-1.89783e-05,-0.00565244,-0.0576707,-0.0521224
0,0.0200707,0.000117958,-2.1274e-05,-0.00527887,-0.0613808,-0.0554596
0,0.0221751,0.000120473,-2.36153e-05,-0.00484572,-0.065376,-0.0590913
0,0.0244035,0.00012312,-2.60121e-05,-0.00433906,-0.0696786,-0.0630358
0,0.0267256,0.000125862,-2.8456e-05,-0.00375976,-0.0743125,-0.0673193
0,0.0291535,0.000128703,-3.09595e-05,-0.00312749,-0.0793036,-0.0719448
0,0.0310841,0.000131001,-3.35151e-05,-0.00245691,-0.0846796,-0.0770752
0,0.0337088,0.000134012,-3.61191e-05,-0.00178684,-0.0904702,-0.0823229
0,0.03558,0.000136201,-3.87857e-05,-0.0011327,-0.0967066,-0.0881015
0,0.0364879,0.000137333,-4.14955e-05,-0.000506766,-0.10342,-0.0943243
0,0.0354469,0.000136355,-4.42371e-05,-1.30374e-20,-0.110631,-0.101156
0,0.0330446,0.000133886,-4.69691e-05,0,-0.118323,-0.108265
-0.00680833,0.0292342,0.000129873,-4.96542e-05,0,-0.126314,-0.115556
-0.0211417,0.023306,0.000123566,-5.22677e-05,0,-0.134268,-0.123101
-0.035475,0.0168512,0.000116647,-5.47548e-05,-0.000382578,-0.14195,-0.130336
-0.0498083,0.011334,0.000110656,-5.7105e-05,-0.00356161,-0.149277,-0.136877
-0.0641417,-0.00157776,9.6779e-05,-5.93601e-05,-0.00666414,-0.156207,-0.145074
-0.078475,-0.0205444,7.64458e-05,-6.13651e-05,-0.00794694,-0.162705,-0.154101
-0.0928083,-0.0416793,5.37802e-05,-6.29957e-05,-0.00871887,-0.168735,-0.162887
-0.107142,-0.0651771,2.85868e-05,-6.41846e-05,-0.00906069,-0.174253,-0.171631
0.093525,0.0408627,-0.000111804,-6.52602e-05,0.00898866,0.0408592,0.0302281
0.0791917,0.00919167,-0.000236973,-6.39348e-05,0.00885102,0.0362172,0.021212
0.0648583,-0.00514167,-0.000377239,-5.98212e-05,0.00560161,0.0323533,0.0154491
0.050525,-0.019475,-0.000527433,-5.29778e-05,0.00153309,0.0293118,0.0105301
0.0361917,-0.0338083,-0.000718604,-4.34805e-05,0.00119456,0.0271451,0.00468267
0.0218583,-0.0481417,-0.000975891,-2.99687e-05,0.00329864,0.0258996,-0.0013475
0.007525,-0.062475,-0.00136962,-1.17373e-05,0.00608608,0.0255794,-0.00608728
0,-0.07,-0.00228385,1.36865e-05,0.00873814,0.0264152,-0.00847277
0,-0.07,-0.0029196,5.47923e-05,0.00919962,0.027737,-0.00804114
0,-0.07,-0.00337008,0.000110323,0.00819227,0.0287673,-0.00592981
0,-0.07,-0.00368462,0.000175473,0.00675762,0.0297557,-0.00300511
0,-0.07,-0.00389076,0.000246806,0.00519438,0.0308165,8.89769e-05
0,-0.07,-0.00399944,0.000323075,0.00361046,0.0320055,0.00344141
0,-0.07,-0.00402611,0.000402249,0.00216102,0.0333356,0.00695398
0,-0.07,-0.00399266,0.000482597,0.000947953,0.0348047,0.0103385
0,-0.07,-0.00392202,0.000562685,3.50586e-05,0.0364235,0.0138583
0,-0.07,-0.00381878,0.00064162,4.51805e-21,0.0382026,0.0174579
0,-0.07,-0.00369422,0.000718563,0,0.0401708,0.0213017
0,-0.0673836,-0.00354606,0.000793195,0,0.0423449,0.0251923
0,-0.060298,-0.00340011,0.000864931,0,0.0447216,0.0294731
0,-0.052345,-0.00325998,0.000933298,0,0.0473105,0.0339912
0,-0.0447123,-0.00312669,0.000998988,0,0.0501262,0.0386089
0,-0.037677,-0.00300027,0.00106185,0,0.0531856,0.0433285
0,-0.0312518,-0.0028761,0.00112237,0,0.0564984,0.0481317
0,-0.0250707,-0.00275351,0.00118038,0,0.0600727,0.0531759
0,-0.0207022,-0.00263234,0.00123595,0,0.0639256,0.0580315
0,-0.0179223,-0.00251595,0.00128896,0,0.0680891,0.0629366
0,-0.0152717,-0.0023962,0.00133957,0,0.0725896,0.0682011
0,-0.0139544,-0.00227825,0.00138797,0,0.0774413,0.073487
0,-0.0133504,-0.00216168,0.00143401,0,0.0826686,0.0790431
0,-0.0148013,-0.00204816,0.00147759,0,0.0882997,0.0844705
0,-0.0173132,-0.00193939,0.00151889,0,0.0943821,0.0902028
0,-0.0206069,-0.00183226,0.00155801,0,0.100972,0.0961645
0,-0.0238261,-0.00172433,0.00159497,0,0.108093,0.10241
0,-0.0265079,-0.0016187,0.00162978,0,0.115759,0.109002
0,-0.0279745,-0.00151445,0.00166258,0,0.123984,0.115984
0,-0.0213628,-0.00140332,0.00169329,0,0.13273,0.125094
0.010575,-0.0151543,-0.0012938,0.0017218,0,0.14172,0.133471
0.0262417,-0.00831434,-0.00118457,0.00174811,0,0.150558,0.141679
0.0419083,-0.0039118,-0.00107891,0.00177213,0,0.15902,0.148729
0.057575,0.000300142,-0.000974621,0.00179403,0,0.167025,0.155347
0.0732417,0.0145748,-0.000861089,0.00181393,0,0.174525,0.164243
0.0889083,0.03469,-0.000743142,0.0018315,0,0.181478,0.173698
0.104575,0.057603,-0.000624347,0.00184683,0,0.187843,0.183026
-0.114832,-0.0728074,-0.000513336,0.00185968,0,-0.0415652,-0.0384922
-0.099155,-0.0305681,-0.000375595,0.00187022,0,-0.0364895,-0.0291931
-0.0834783,-0.0134783,-0.000226194,0.00187835,0,-0.0321434,-0.0226114
-0.0678016,0.00219836,-5.18466e-05,0.00188325,0,-0.0285849,-0.0163804
-0.052125,0.017875,0.000169297,0.00188551,0,-0.0258735,-0.00966201
-0.0364483,0.0335517,0.00044224,0.00188323,0,-0.0240685,-0.0031133
-0.0207716,0.0492284,0.000753811,0.00187616,0,-0.0232177,0.00243771
-0.00509492,0.0649051,0.00116555,0.00186264,0,-0.0233115,0.00605106
0,0.07,0.0016499,0.00184138,0,-0.0241071,0.00710607
0,0.07,0.00209596,0.00181202,0,-0.0252396,0.00557824
0,0.07,0.00245125,0.001773,0,-0.0265244,0.00290095
0,0.07,0.00270387,0.00172646,0,-0.0279186,-0.000181843
0,0.07,0.00288013,0.00167365,0,-0.0294167,-0.00347545
0,0.07,0.0029826,0.00161693,0,-0.0310237,-0.00702096
0,0.07,0.00303022,0.00155799,0,-0.0327475,-0.0106799
0,0.07,0.00303606,0.00149774,0,-0.0345974,-0.0143998
0,0.07,0.00300135,0.00143706,0,-0.0365837,-0.0182768
0,0.0670179,0.00294722,0.00137683,0,-0.0387173,-0.0220543
0,0.0603272,0.00289081,0.00131764,0,-0.0410101,-0.0260609
0,0.0533659,0.0028358,0.00125968,0,-0.0434747,-0.0301343
0,0.0467522,0.00278283,0.00120275,0,-0.0461244,-0.0342835
0,0.0415349,0.00273302,0.00114688,0,-0.0489739,-0.0382627
0,0.0367956,0.00268537,0.00109202,0,-0.0520388,-0.0423985
0,0.032621,0.00263993,0.00103812,0,-0.0553364,-0.0466434
0,0.0289521,0.0025963,0.00098514,0,-0.0588851,-0.0510426
0,0.0254646,0.00255196,0.000933018,0,-0.0627047,-0.0557103
0,0.0229368,0.00250696,0.000881779,0,-0.0668165,-0.0604422
0,0.0216929,0.0024618,0.000831505,0,-0.0712435,-0.0652152
0,0.0209369,0.00241579,0.000782156,0,-0.0760103,-0.0702965
0,0.0208975,0.00236936,0.000733656,0,-0.0811436,-0.0756088
0,0.0217057,0.0023228,0.000686083,0,-0.086672,-0.0811443
0,0.0228401,0.00227569,0.000639488,0,-0.0926261,-0.08706
0,0.0256884,0.00222964,0.000593832,0,-0.0990392,-0.0929293
0,0.028177,0.00218849,0.000549125,0,-0.105922,-0.0991968
0,0.0307785,0.00214043,0.00050519,0,-0.113303,-0.105786
0,0.0334197,0.00209249,0.000462261,0,-0.12124,-0.112554
0,0.0334521,0.00204184,0.000420292,0,-0.129757,-0.120106
0,0.0316417,0.001989,0.000379328,0,-0.138799,-0.12795
-0.0140482,0.0269678,0.0019328,0.000339416,0,-0.148021,-0.136239
-0.0301032,0.0203719,0.00187415,0.000300535,0,-0.157006,-0.144529
-0.0461583,0.0144528,0.00181584,0.000262906,0,-0.165583,-0.152071
-0.0622133,0.00754738,0.00175622,0.000226414,0,-0.173684,-0.159404
-0.0782684,-0.0120009,0.00168312,0.000191141,0,-0.181261,-0.16966
-0.0943234,-0.0351072,0.00160635,0.000157296,0,-0.188273,-0.17969
-0.110378,-0.0603472,0.00152757,0.000124862,0,-0.194676,-0.189497
0.114392,0.0734105,0.00141409,9.39951e-05,0,0.0404028,0.037699
0.0983372,0.0289505,0.0013141,6.52594e-05,0,0.0353608,0.0279808
0.0822821,0.0122821,0.00118699,3.85774e-05,0,0.0310779,0.0209658
0.0662271,-0.00377292,0.00103567,1.42657e-05,0,0.0276115,0.0148563
0.050172,-0.019828,0.000831481,-7.50695e-06,0,0.0250225,0.00794389
0.034117,-0.035883,0.000571212,-2.51575e-05,0,0.0233716,0.00131948
0.0180619,-0.0519381,0.000259547,-3.84037e-05,0,0.0227045,-0.00427058
0.00200688,-0.0679931,-0.000203569,-4.53088e-05,0,0.0229956,-0.0079128
0,-0.07,-0.000769279,-4.3553e-05,0,0.0239322,-0.00868917
0,-0.07,-0.00127146,-3.07131e-05,0,0.0251334,-0.00692705
0,-0.07,-0.00166403,-7.54368e-06,0,0.0264676,-0.0042441
0,-0.07,-0.00195719,2.39703e-05,0,0.0279059,-0.00120583
0,-0.07,-0.00214701,6.17949e-05,0,0.0294466,0.00210997
0,-0.07,-0.0022679,0.000103406,0,0.031096,0.00555637
0,-0.07,-0.00232398,0.000147918,0,0.0328625,0.00908414
0,-0.07,-0.00233424,0.000194005,0,0.0347556,0.0126973
0,-0.07,-0.00231402,0.000240639,0,0.036786,0.0161674
0,-0.07,-0.00226431,0.000287051,0,0.0389647,0.0197973
0,-0.07,-0.00218482,0.000332685,0,0.041304,0.023654
0,-0.0654257,-0.00209999,0.000376977,0,0.0438165,0.0276209
0,-0.059105,-0.0020169,0.000419444,0,0.0465161,0.0318509
0,-0.0530294,-0.00193754,0.000460114,0,0.0494174,0.0361338
0,-0.0470601,-0.00186165,0.000499063,0,0.0525368,0.0406246
0,-0.0415016,-0.00178939,0.000536524,0,0.0558915,0.0452535
0,-0.0363883,-0.00171998,0.000572601,0,0.0595004,0.0500505
0,-0.0318092,-0.00165114,0.000607278,0,0.0633836,0.0550196
0,-0.0279647,-0.00158272,0.000640576,0,0.0675628,0.0601383
0,-0.0249921,-0.00151504,0.000672504,0,0.0720614,0.065408
0,-0.0229983,-0.0014484,0.000703076,0,0.0769043,0.0708341
0,-0.0220727,-0.00138306,0.000732311,0,0.0821186,0.0764213
0,-0.0222444,-0.00131918,0.000760168,0,0.0877334,0.0821815
0,-0.0234709,-0.00125686,0.000786711,0,0.09378,0.0881303
0,-0.0267505,-0.00119936,0.000812035,0,0.100346,0.0943015
0,-0.0280223,-0.00114072,0.000836252,0,0.107392,0.100728
0,-0.0299425,-0.00108059,0.000859301,0,0.11488,0.107499
0,-0.0313662,-0.00102154,0.000881154,0,0.122914,0.114605
0,-0.0314123,-0.000962372,0.000901821,0,0.131525,0.122106
0.000402237,-0.0292202,-0.000901622,0.000921305,0,0.140645,0.130043
0.0164917,-0.0248059,-0.000839111,0.00093958,0,0.149887,0.138204
0.0325812,-0.0176703,-0.000774204,0.000956519,0,0.158836,0.146604
0.0486707,-0.0122984,-0.000711691,0.000972262,0,0.167359,0.153902
0.0647602,-0.000121721,-0.000642609,0.000986652,0,0.175396,0.162663
0.0808496,0.017791,-0.000568257,0.000999677,0,0.182903,0.172126
0.0969391,0.0405841,-0.000489735,0.00101123,0,0.189838,0.182061
0.113029,0.066372,-0.000409238,0.00102134,0,0.196156,0.191942
-0.112224,-0.075103,-0.000303392,0.00102984,0,-0.0395322,-0.0379474
-0.0961346,-0.0307673,-0.00020405,0.00103623,0,-0.0345918,-0.0280173
-0.0800452,-0.0100452,-7.97103e-05,0.00104056,0,-0.0304197,-0.0202283
-0.0639557,0.00604432,8.43145e-05,0.00104259,0,-0.0270744,-0.0134354
-0.0478662,0.0221338,0.000286595,0.00104197,0,-0.0246171,-0.00723574
-0.0317767,0.0382233,0.000536926,0.00103735,0,-0.0231084,-0.00101355
-0.0156872,0.0543128,0.000830978,0.00102836,0,-0.0225897,0.00435984
0,0.07,0.00128601,0.00101321,0,-0.0230177,0.00790668
0,0.07,0.00183789,0.000990678,0,-0.0240385,0.0084519
0,0.07,0.00231963,0.000958059,0,-0.0252735,0.00658971
0,0.07,0.0026982,0.000914798,0,-0.0266287,0.00393231
0,0.07,0.00297304,0.000862727,0,-0.0280855,0.000790862
0,0.07,0.00314516,0.000804503,0,-0.0296448,-0.00264813
0,0.07,0.00324571,0.00074246,0,-0.0313135,-0.00620049
0,0.07,0.00327985,0.000677999,0,-0.0331005,-0.00980836
0,0.07,0.00327366,0.000612555,0,-0.0350155,-0.0134991
0,0.07,0.00323658,0.000547036,0,-0.037069,-0.0170268
0,0.07,0.00316992,0.000482119,0,-0.0392726,-0.020702
0,0.0688708,0.00308107,0.000418254,0,-0.0416384,-0.0244996
0,0.0634468,0.00299129,0.000356188,0,-0.0441793,-0.0284856
0,0.0572357,0.00290422,0.000296003,0,-0.0469091,-0.032674
0,0.0512785,0.00282088,0.00023757,0,-0.0498429,-0.0369619
0,0.0458006,0.00274139,0.000180903,0,-0.0529971,-0.0413569
0,0.0412784,0.00266614,0.000125876,0,-0.0563893,-0.0457593
0,0.0364905,0.00259242,7.23652e-05,0,-0.0600383,-0.0505585
0,0.032439,0.0025185,2.03326e-05,0,-0.0639647,-0.055443
0,0.0291212,0.00244421,-3.03331e-05,0,-0.0681904,-0.0604916
0,0.0265754,0.00236984,-7.95144e-05,0,-0.0727388,-0.0657234
0,0.0249417,0.00229578,-0.000127134,0,-0.0776354,-0.0711295
0,0.0242768,0.0022223,-0.000173346,0,-0.0829075,-0.0767245
0,0.0137334,0.00213811,-0.000218086,0,-0.0885845,-0.0855565
0,0.0114398,0.00206257,-0.000261059,0,-0.094698,-0.0920329
0,0.0178731,0.00199751,-0.000302612,0,-0.101453,-0.0978965
0,0.0238514,0.00193129,-0.000342823,0,-0.108935,-0.103991
0,0.0285853,0.00186445,-0.000381614,0,-0.117019,-0.110678
0,0.0314657,0.00179685,-0.00041917,0,-0.125695,-0.117963
0,0.0320497,0.00172758,-0.00045531,0,-0.134949,-0.125791
-0.00373636,0.0297155,0.00165555,-0.000490139,0,-0.144636,-0.134153
-0.0203424,0.0240994,0.00158021,-0.000523538,0,-0.154349,-0.142955
-0.0369485,0.0180226,0.00150446,-0.000555443,0,-0.163717,-0.151276
-0.0535545,0.0127396,0.00142973,-0.00058576,0,-0.172621,-0.158841
-0.0701606,-0.000677439,0.00134671,-0.000614728,0,-0.181,-0.168158
-0.0867666,-0.0181498,0.00125994,-0.000642036,0,-0.188813,-0.177607
-0.103373,-0.0393589,0.00117002,-0.000667669,0,-0.196014,-0.187255
-0.119979,-0.0643856,0.00107709,-0.000691294,0,-0.202559,-0.197099
0.112506,0.0831762,0.000969486,-0.000713068,0,0.0406909,0.0405599
0.0958999,0.0375117,0.000854762,-0.000732727,0,0.0356071,0.0303028
0.0792939,0.00929388,0.00074294,-0.000750281,0,0.0313366,0.0221228
0.0626878,-0.00731217,0.000595086,-0.000765643,0,0.0279397,0.0154403
0.0460818,-0.0239182,0.0004044,-0.00077858,0,0.0254792,0.00897149
0.0294757,-0.0405243,0.000167881,-0.000787907,0,0.0240133,0.00279998
0.0128697,-0.0571303,-0.000105734,-0.00079292,0,0.0235681,-0.00259234
0,-0.07,-0.00052169,-0.000792584,0,0.0240322,-0.00602246
0,-0.07,-0.000996454,-0.00078423,0,0.0250322,-0.00636988
0,-0.07,-0.00141542,-0.000766675,0,0.0262355,-0.00444281
0,-0.07,-0.00174305,-0.000740252,0,0.0275602,-0.00167984
0,-0.07,-0.00196944,-0.000706865,0,0.0289906,0.00150188
0,-0.07,-0.00212233,-0.000668608,0,0.0305284,0.00492845
0,-0.07,-0.00220552,-0.000627232,0,0.0321806,0.00844826
0,-0.07,-0.00224351,-0.000583662,0,0.0339559,0.0119912
0,-0.07,-0.00224545,-0.000538982,0,0.035864,0.0155407
0,-0.07,-0.00221507,-0.000494082,0,0.0379156,0.0191231
0,-0.0692397,-0.00215887,-0.000449552,0,0.0401218,0.0227841
0,-0.0639783,-0.00210008,-0.000405982,0,0.0424951,0.026583
0,-0.0579316,-0.00204261,-0.000363745,0,0.0450482,0.0305623
0,-0.0517283,-0.0019871,-0.00032272,0,0.0477951,0.034743
0,-0.0466003,-0.00193479,-0.000282728,0,0.050751,0.0388296
0,-0.0419724,-0.00188501,-0.000243876,0,0.0539324,0.043063
0,-0.037438,-0.00183725,-0.000206051,0,0.057357,0.0475518
0,-0.0327374,-0.00179004,-0.000169187,0,0.061044,0.0523743
0,-0.0288707,-0.00174294,-0.000133268,0,0.0650139,0.0572663
0,-0.0258212,-0.00169589,-9.82914e-05,0,0.069289,0.0623107
0,-0.0236545,-0.00164914,-6.41853e-05,0,0.073893,0.067518
0,-0.022452,-0.0016029,-3.10156e-05,0,0.0788517,0.0728958
0,-0.0223171,-0.00155742,1.15802e-06,0,0.0841927,0.078441
0,-0.0232404,-0.0015128,3.24201e-05,0,0.0899457,0.0841728
0,-0.0245782,-0.00146846,6.28545e-05,0,0.0961428,0.0902661
0,-0.0301422,-0.00143138,9.24232e-05,0,0.102936,0.0962834
0,-0.0343462,-0.00138985,0.000121143,0,0.110396,0.102724
0,-0.0374696,-0.00134767,0.000149127,0,0.118446,0.109623
0,-0.0390776,-0.00130451,0.000176271,0,0.127081,0.116983
0,-0.038418,-0.00125919,0.000202533,0,0.136261,0.124844
0.00936616,-0.0347489,-0.00121077,0.000227898,0,0.145731,0.133211
0.0256551,-0.028985,-0.00116012,0.000252308,0,0.15508,0.141646
0.0419441,-0.0280559,-0.00113281,0.000275662,0,0.164048,0.147341
0.0582331,-0.0117669,-0.00127557,0.000298455,0,0.172542,0.152686
0.074522,0.00452202,-0.00151146,0.000322753,-0.0107084,0.18051,0.158343
0.090811,0.020811,-0.00168651,0.000350623,-0.0249746,0.187909,0.164304
0.1071,0.00903198,-0.00181511,0.000383128,-0.028068,0.194696,0.170245
-0.120946,-0.190946,-0.00181411,0.000418337,4.79813e-09,-0.043508,-0.0718137
-0.104657,-0.174657,-0.00172554,0.000454627,0,-0.0380842,-0.06511
-0.0883676,-0.156481,-0.00162271,0.000489758,0,-0.0334196,-0.0581124
-0.0720787,-0.135562,-0.00151823,0.000522931,0,-0.0295711,-0.0517605
-0.0557897,-0.113442,-0.00141425,0.000553818,0,-0.026599,-0.0458726
-0.0395007,-0.0893631,-0.00131076,0.000582571,0,-0.0245649,-0.040093
-0.0232118,-0.0623082,-0.00120645,0.000609252,0,-0.0235199,-0.0340775
-0.00692281,-0.0348673,-0.00110334,0.000633851,0,-0.0234617,-0.0284836
0,-0.0109742,-0.00100536,0.000656175,0,-0.024169,-0.0241564
0,0.00698534,-0.000914637,0.000676674,0,-0.0252643,-0.0214659
0,0.0205886,-0.000830688,0.000695194,0,-0.0265253,-0.019809
0,0.0297579,-0.000754174,0.000712018,0,-0.0278992,-0.019277
0,0.0341626,-0.000685505,0.000727292,0,-0.0293779,-0.0199624
0,0.0326909,-0.000625842,0.000741174,0,-0.0309654,-0.0221669
0,0.0266401,-0.000573734,0.00075393,0,-0.0326695,-0.025482
0,0.0184017,-0.000526559,0.000765535,0,-0.0344994,-0.0293117
0,0.0099185,-0.00048218,0.000776184,0,-0.0364651,-0.033239
0,0.00268649,-0.000438957,0.000785938,0,-0.0385774,-0.0369512
0,-0.00379446,-0.000397368,0.000794825,0,-0.0408483,-0.0406723
0,-0.00877159,-0.000356554,0.000802877,0,-0.04329,-0.0441801
0,-0.0128422,-0.00031706,0.00081011,0,-0.0459158,-0.0476925
0,-0.0168593,-0.000279701,0.000816609,0,-0.0487403,-0.0514357
0,-0.0209131,-0.000244485,0.000822296,0,-0.0517789,-0.0554123
0,-0.0263235,-0.000212709,0.000827274,0,-0.0550488,-0.060008
0,-0.0319608,-0.000183012,0.000831608,0,-0.0585682,-0.0648669
0,-0.0380026,-0.00015457,0.000835387,0,-0.0623567,-0.07012
0,-0.0445239,-0.000127026,0.000838564,0,-0.0664354,-0.0758081
0,-0.0519952,-0.000100925,0.000841214,0,-0.0708272,-0.0820889
0,-0.058639,-7.44748e-05,0.000843337,0,-0.0755566,-0.0884718
0,-0.0657605,-4.91126e-05,0.000844932,0,-0.0806498,-0.0954337
0,-0.07,-3.97398e-05,0.000846029,0,-0.0861354,-0.102863
0,-0.07,-6.68255e-05,0.000846866,0,-0.0920439,-0.110744
0,-0.07,-0.000131211,0.000848026,0,-0.098408,-0.119147
0,-0.07,-0.000193302,0.000850361,0,-0.105723,-0.128163
0,-0.07,-0.000261478,0.000853792,0,-0.11416,-0.137746
0,-0.07,-0.000379037,0.000858544,0,-0.123326,-0.147901
0,-0.07,-0.000589246,0.000865302,0,-0.133145,-0.158574
0,-0.07,-0.00078552,0.000876036,0,-0.143595,-0.16811
-0.00227105,-0.0722711,-0.000881946,0.000890275,0,-0.15455,-0.175984
-0.0204395,-0.0904395,-0.000870137,0.00090719,0,-0.165565,-0.183601
-0.0386079,-0.0929769,-0.000805172,0.000924652,0,-0.176203,-0.18958
-0.0567763,-0.0836629,-0.000728245,0.00094121,0,-0.186321,-0.194141
-0.0749447,-0.0773069,-0.000655222,0.00095616,0,-0.195856,-0.199485
-0.0931131,-0.0773363,-0.000589922,0.000969593,0,-0.204759,-0.205801
-0.111282,-0.0867613,-0.000535692,0.000981685,0,-0.212985,-0.213715
-0.12945,-0.103035,-0.000490034,0.000992643,0,-0.220485,-0.222327
0.124908,0.119493,-0.000543026,0.00100256,0,0.0453187,0.0539513
0.106739,0.0853389,-0.000516781,0.00101321,0,0.0394297,0.0439181
0.088571,0.048396,-0.000494933,0.00102365,0,0.034435,0.0331437
0.0704026,0.00782696,-0.000478495,0.00103361,0,0.0303995,0.0222681
0.0522342,-0.0177658,-0.000523058,0.00104325,0,0.0273913,0.0128961
0.0340658,-0.0359342,-0.000630941,0.0010536,0,0.0254756,0.00563228
0.0158974,-0.0541026,-0.000776164,0.00106573,0,0.0246892,-3.13765e-05
0,-0.07,-0.00103814,0.0010806,0,0.0249443,-0.00446822
0,-0.07,-0.00141018,0.00110005,0,0.025832,-0.00576879
0,-0.07,-0.00177383,0.00112658,0,0.0269515,-0.00474914
0,-0.07,-0.00209419,0.00116042,0,0.028203,-0.00292261
0,-0.07,-0.00236238,0.00120006,0,0.0295654,-0.000778795
0,-0.07,-0.00258404,0.00124543,0,0.031039,0.00141256
0,-0.07,-0.00276322,0.00129556,0,0.03263,0.003685
0,-0.07,-0.00290951,0.00134993,0,0.0343468,0.00593472
0,-0.07,-0.00302952,0.00140739,0,0.0361987,0.00822172
0,-0.07,-0.00313744,0.00146714,0,0.038196,0.0104753
0,-0.07,-0.00324348,0.00152973,0,0.0403496,0.0126266
0,-0.07,-0.00332337,0.00159407,0,0.0426716,0.0156735
0,-0.07,-0.00338595,0.00166005,0,0.0451745,0.0186746
0,-0.07,-0.0034237,0.00172749,0,0.047872,0.0221185
0,-0.07,-0.00342878,0.00179578,0,0.050779,0.0260368
0,-0.07,-0.00339447,0.00186433,0,0.0539117,0.0304356
0,-0.07,-0.00333179,0.00193239,0,0.0572875,0.0353625
0,-0.07,-0.00323298,0.00199943,0,0.0609253,0.0408435
0,-0.07,-0.00309015,0.00206454,0,0.0648455,0.0468363
0,-0.0640641,-0.00292993,0.00212698,0,0.0690699,0.0533225
0,-0.0550319,-0.00276658,0.00218646,0,0.0736221,0.0602566
0,-0.0462161,-0.00260402,0.00224228,0,0.0785274,0.0673756
0,-0.0384311,-0.00244349,0.00229477,0,0.0838133,0.0746352
0,-0.0337548,-0.0022875,0.00234436,0,0.0895091,0.0815073
0,-0.030651,-0.00213479,0.00239074,0,0.0956466,0.0885198
0,-0.0320192,-0.00199827,0.00243389,0,0.10239,0.0955185
0,-0.0332135,-0.00185453,0.0024742,0,0.109812,0.102574
0,-0.0342875,-0.00171429,0.00251186,0,0.117826,0.109884
0,-0.0345314,-0.00157711,0.00254671,0,0.126424,0.117517
0,-0.0338291,-0.00144145,0.00257859,0,0.135569,0.125322
0.00854131,-0.0291251,-0.0013034,0.00260776,0,0.145024,0.133983
0.0248105,-0.0218662,-0.00116411,0.00263438,0,0.154379,0.1428
0.0410796,-0.0146766,-0.00102632,0.00265808,0,0.163359,0.151016
0.0573488,-0.00866464,-0.000891376,0.00267923,0,0.171869,0.158392
0.073618,0.00913062,-0.000745834,0.00269793,0,0.179856,0.168559
0.0898871,0.0326843,-0.000596549,0.0027138,0,0.187276,0.179159
0.106156,0.0589566,-0.000447227,0.0027264,0,0.194087,0.189592
-0.121612,-0.0769061,-0.000332576,0.00273609,0,-0.0437927,-0.0404436
-0.105343,-0.0353428,-0.000148469,0.00274309,0,-0.0383386,-0.0302531
-0.0890737,-0.0190737,7.97307e-05,0.00274688,0,-0.0336402,-0.02199
-0.0728045,-0.00280449,0.000348715,0.00274643,0,-0.0297541,-0.0145274
-0.0565353,0.0134647,0.000668826,0.00274134,0,-0.0267404,-0.00710856
-0.0402662,0.0297338,0.00104273,0.00273004,0,-0.0246605,-0.000898474
-0.023997,0.046003,0.00145831,0.00271125,0,-0.0235664,0.00451451
-0.00772785,0.0622721,0.00204707,0.00268395,0,-0.0234599,0.00887629
0,0.07,0.00277455,0.00264566,0,-0.0241358,0.0106023
0,0.07,0.00348077,0.0025949,0,-0.025219,0.0095805
0,0.07,0.00407446,0.00252987,0,-0.0264728,0.00722107
0,0.07,0.0045079,0.00245105,0,-0.0278405,0.00405307
0,0.07,0.00480571,0.00236306,0,-0.0293131,0.00047616
0,0.07,0.00497386,0.00226888,0,-0.0308942,-0.00339985
0,0.07,0.00506237,0.00217067,0,-0.0325915,-0.00722087
0,0.07,0.00508262,0.00207008,0,-0.0344142,-0.0109293
0,0.07,0.00506189,0.00196857,0,-0.0363722,-0.0146875
0,0.07,0.00500676,0.0018672,0,-0.0384764,-0.0184491
0,0.07,0.00491846,0.00176679,0,-0.0407384,-0.0223761
0,0.0678417,0.00481367,0.00166798,0,-0.0431708,-0.0262352
0,0.0619674,0.00470885,0.00157118,0,-0.0457866,-0.0303786
0,0.0555762,0.00460736,0.00147669,0,-0.0486004,-0.0346868
0,0.0492022,0.0045097,0.00138414,0,-0.0516276,-0.0391847
0,0.0436871,0.00441664,0.0012935,0,-0.0548851,-0.0436842
0,0.0393473,0.00432819,0.00120489,0,-0.0583913,-0.0481614
0,0.0353221,0.00423956,0.00111797,0,-0.0621655,-0.0528986
0,0.0322538,0.00414943,0.00103292,0,-0.066229,-0.057703
0,0.0295476,0.00405732,0.000949703,0,-0.0706044,-0.0628016
0,0.0270359,0.00396342,0.000868326,0,-0.075316,-0.0682417
0,0.0257605,0.00386914,0.000788823,0,-0.0803903,-0.0737499
0,0.0255204,0.00377455,0.000711063,0,-0.0858554,-0.0794519
0,0.0267425,0.00368037,0.000635288,0,-0.0917418,-0.085226
0,0.0277753,0.0035851,0.000561445,0,-0.0980822,-0.0915438
0,0.0297458,0.00349841,0.000489362,0,-0.104916,-0.0979878
0,0.0318716,0.0034023,0.000419047,0,-0.112281,-0.104705
0,0.0334868,0.00330631,0.000350713,0,-0.120207,-0.111775
0,0.0330753,0.00320897,0.000284347,0,-0.128714,-0.11946
0,0.0323759,0.00311143,0.000219875,0,-0.137757,-0.12705
-0.0116966,0.0352554,0.00301751,0.000157256,0,-0.147037,-0.133385
-0.0278297,0.0412599,0.00292649,9.66246e-05,0,-0.156141,-0.138639
-0.0439629,0.0260371,0.00304257,3.74122e-05,0,-0.164854,-0.142894
-0.0600961,0.00990388,0.00340438,-2.28008e-05,0.00790554,-0.173095,-0.14752
-0.0762293,-0.0062293,0.00380173,-8.76321e-05,0.0272774,-0.180815,-0.151903
-0.0923625,-0.0223625,0.00441656,-0.000160885,0.0263136,-0.187972,-0.155465
-0.108496,-0.0131578,0.00539838,-0.000244913,0.0253379,-0.194521,-0.15816
0.117369,0.187369,0.00674938,-0.000346008,-7.29576e-10,0.0415798,0.0842762
0.101236,0.171236,0.00860803,-0.000468161,3.23117e-26,0.0363855,0.0809886
0.0851026,0.155103,0.0105399,-0.00062824,0,0.0319468,0.0757593
0.0689694,0.138969,0.012428,-0.000820685,0,0.0283209,0.0710821
0.0528362,0.122836,0.014529,-0.00105603,0,0.0255686,0.0681751
0.036703,0.106703,0.0165911,-0.00133295,0,0.0237507,0.0655194
0.0205698,0.0905698,0.0179838,-0.00165034,0,0.0229157,0.0619185
0.00443663,0.0744366,0.0184786,-0.00199539,0,0.0230497,0.0575995
0,0.07,0.0183876,-0.00236125,0,0.023886,0.054342
0,0.07,0.0179852,-0.00272973,0,0.0250467,0.0522924
0,0.07,0.0174018,-0.00309145,0,0.0263555,0.0505147
0,0.07,0.0167222,-0.00344357,0,0.0277718,0.0491814
0,0.07,0.016005,-0.00378141,0,0.0292911,0.0488512
0,0.07,0.0153056,-0.00410653,0,0.0309184,0.0499854
0,0.07,0.0146706,-0.00441614,0,0.0326619,0.0529278
0,0.07,0.0141545,-0.00471273,0,0.034531,0.0574231
0,0.07,0.013861,-0.00499969,0,0.0365361,0.0629983
0,0.07,0.0139529,-0.00527911,0,0.0386881,0.0693049
0,0.07,0.014713,-0.00555748,0,0.0409992,0.0761047
0,0.07,0.0166706,-0.00584794,0,0.043482,0.0833982
0,0.07,0.0204653,-0.00616667,0,0.0461499,0.0905195
0,0.07,0.0275932,-0.006557,0,0.0490176,0.0979672
0,0.07,0.0416206,-0.00707323,0,0.0521011,0.105528
0,0.07,0.0665764,-0.0078355,0,0.0554175,0.113213
0,0.07,0.105378,-0.00904225,0.0351721,0.0589855,0.121075
0,0.07,0.155874,-0.010917,0.0622234,0.0628249,0.129291
0,0.07,0.222421,-0.0136053,0.0659545,0.0669572,0.138237
0,0.07,0.323788,-0.0175213,0.0607792,0.0714054,0.148244
0,0.07,0.524075,-0.0230341,0.0549269,0.0761944,0.159427
0,0.07,1.14792,-0.0322137,0.0490618,0.0813508,0.17158
0,0.07,4.06107,-0.0492455,0.043242,0.0869035,0.184543
0,0.07,9.87283,-0.114445,0.0376001,0.0928832,0.198165
0,0.07,15,-0.265407,0.0321478,0.0993233,0.212337
0,0.07,14.9626,-0.52439,0.0273173,0.108025,0.226817
0,0.07,14.4749,-0.824184,0.0255428,0.119537,0.238015
0,0.07,13.9638,-1.11588,0.0261054,0.132239,0.244626
0,0.07,13.4392,-1.39924,0.0274085,0.145733,0.247215
0,0.07,12.9115,-1.67065,0.027254,0.159873,0.250902
0.0123327,0.0823327,12.3862,-1.93336,0.0256955,0.174298,0.255466
0.0337809,0.103781,11.8613,-2.18476,0.0227266,0.188456,0.261134
0.0552292,0.125229,11.3351,-2.42566,0.0179787,0.202006,0.265346
0.0766774,0.146677,10.8082,-2.65605,0.00741986,0.21483,0.269362
0.0981256,0.168126,10.2817,-2.87775,0.00223576,0.226867,0.274421
0.119574,0.189574,9.75718,-3.08786,0.00267378,0.238068,0.280698
0.141022,0.23207,9.2365,-3.28851,0.0210477,0.24838,0.287992
-0.159253,-0.089253,9.23732,-3.47714,1.92891e-09,-0.0639727,-0.0330592
-0.137805,-0.0678048,8.69749,-3.66188,0,-0.0556044,-0.0273365
-0.116357,-0.0463566,8.17764,-3.83961,0,-0.0483029,-0.021617
-0.0949084,-0.0249084,7.66695,-4.00628,0,-0.0421389,-0.0153397
-0.0734602,-0.00346016,7.17108,-4.16192,0,-0.0371879,-0.00754097
-0.0520119,0.0179881,6.69508,-4.30856,0,-0.033527,-0.000424809
-0.0305637,0.0394363,6.2347,-4.44579,0,-0.0312198,0.00508691
-0.00911549,0.0608845,5.78679,-4.57279,0,-0.030258,0.00864835
0,0.07,5.35093,-4.69144,0,-0.0303389,0.0100233
0,0.07,4.9268,-4.80042,0,-0.0309499,0.0089239
0,0.07,4.51995,-4.90107,0,-0.0317873,0.00649163
0,0.07,4.13132,-4.99412,0,-0.0327751,0.00380112
0,0.07,3.76075,-5.07869,0,-0.0338975,0.000861345
0,0.07,3.40791,-5.15576,0,-0.0351553,-0.00232686
0,0.07,3.07219,-5.22656,0,-0.0365538,-0.005509
0,0.07,2.75313,-5.28968,0,-0.0381004,-0.00894532
0,0.07,2.45006,-5.34618,0,-0.0398035,-0.0126029
0,0.07,2.16231,-5.397,0,-0.0416724,-0.0165171
0,0.07,1.88935,-5.44168,0,-0.0437175,-0.0206973
0,0.07,1.63045,-5.4807,0,-0.04595,-0.0251457
0,0.0695769,1.38496,-5.51512,0,-0.0483819,-0.0299195
0,0.0609775,1.1524,-5.54454,0,-0.0510266,-0.0350484
0,0.0510044,0.931938,-5.56852,0,-0.0538985,-0.040391
0,0.0420071,0.722914,-5.58771,0,-0.0570139,-0.045642
0,0.0337202,0.524296,-5.60269,0,-0.06039,-0.051013
0,0.027914,0.330935,-5.61397,0,-0.0640456,-0.056024
0,0.0246015,0.140718,-5.62136,0,-0.0680013,-0.0607856
0,0.0239009,-0.046131,-5.62475,0,-0.0722789,-0.0652945
0,0.0252464,-0.229218,-5.62448,0,-0.0769024,-0.0697432
0,0.0279675,-0.408208,-5.62035,0,-0.0818976,-0.0743166
0,0.0313968,-0.582857,-5.6129,0,-0.0872922,-0.0791868
0,0.0348969,-0.752948,-5.60194,0,-0.0931163,-0.0845056
0,0.0378032,-0.918241,-5.58757,0,-0.0994023,-0.0904157
0,0.0393115,-1.07211,-5.56986,0,-0.106178,-0.0970099
0,0.038969,-1.22744,-5.54903,0,-0.113477,-0.10435
0,0.0361383,-1.37555,-5.52487,0,-0.12134,-0.112481
0,0.0294155,-1.51676,-5.49773,0,-0.129785,-0.121633
0,0.0198208,-1.65288,-5.46796,0,-0.138756,-0.131302
-0.014,0.00741539,-1.7847,-5.43545,0,-0.147909,-0.141354
-0.0300001,-0.00872828,-1.91267,-5.40028,0,-0.156828,-0.15192
-0.0460001,-0.0249355,-2.03696,-5.36293,0,-0.165344,-0.161858
-0.0620001,-0.0518108,-2.15747,-5.32312,0,-0.173386,-0.174259
-0.0780002,-0.0843542,-2.27384,-5.28087,0,-0.180909,-0.187166
-0.0940002,-0.118229,-2.38597,-5.23598,0,-0.18787,-0.199566
-0.11,-0.154807,-2.4937,-5.18876,0,-0.194225,-0.212012
0.114,0.0440002,-2.49399,-5.13959,0,0.0400714,0.0231979
0.0980002,0.0280002,-2.59631,-5.08971,0,0.0350688,0.013418
0.0820002,0.0120002,-2.69433,-5.03855,0,0.0308213,0.00461484
0.0660001,-0.00399987,-2.78499,-4.9854,0,0.0273862,-0.00325921
0.0500001,-0.0199999,-2.86781,-4.93065,0,0.0248243,-0.00999604
0.0340001,-0.0359999,-2.94318,-4.87392,0,0.0231963,-0.0153211
0.018,-0.052,-3.01266,-4.81558,0,0.0225476,-0.0199478
0.002,-0.068,-3.0771,-4.75585,0,0.0228528,-0.0240347
0,-0.07,-3.13655,-4.69473,0,0.0238007,-0.026095
0,-0.07,-3.19074,-4.63226,0,0.0250117,-0.0259714
0,-0.07,-3.24018,-4.56869,0,0.0263548,-0.0245584
0,-0.07,-3.28537,-4.50411,0,0.0278012,-0.022438
0,-0.07,-3.32672,-4.43872,0,0.0293496,-0.0198952
0,-0.07,-3.36456,-4.37237,0,0.031006,-0.0171366
0,-0.07,-3.39919,-4.30533,0,0.032779,-0.0143135
0,-0.07,-3.43089,-4.23752,0,0.0346783,-0.0114932
0,-0.07,-3.45984,-4.16906,0,0.0367142,-0.00866145
0,-0.07,-3.48632,-4.10008,0,0.0388982,-0.00601966
0,-0.07,-3.51051,-4.03047,0,0.0412423,-0.00333422
0,-0.07,-3.5326,-3.9604,0,0.0437593,-0.000601161
0,-0.07,-3.5528,-3.88985,0,0.046463,0.0022047
0,-0.07,-3.57126,-3.81889,0,0.0493682,0.00536887
0,-0.07,-3.58817,-3.74754,0,0.0524911,0.0087493
0,-0.07,-3.6037,-3.67587,0,0.0558492,0.0123934
0,-0.07,-3.61776,-3.60386,0,0.0594612,0.0167798
0,-0.07,-3.62902,-3.53161,0,0.0633472,0.0214561
0,-0.07,-3.63679,-3.45911,0,0.0675291,0.0265037
0,-0.07,-3.64081,-3.3864,0,0.0720301,0.0322218
0,-0.07,-3.64112,-3.31361,0,0.0768753,0.0383735
0,-0.07,-3.63771,-3.24079,0,0.0820917,0.0454409
0,-0.07,-3.63101,-3.16802,0,0.0877085,0.0528956
0,-0.07,-3.63646,-3.09537,0,0.0935981,0.0608756
0,-0.07,-3.62535,-3.02266,0,0.0997475,0.0693668
0,-0.07,-3.61126,-2.95008,0,0.10634,0.0781683
0,-0.07,-3.5948,-2.87776,0,0.113442,0.0870552
0,-0.07,-3.57596,-2.80578,0,0.121073,0.095992
0.00109745,-0.0689026,-3.55469,-2.73413,0,0.129151,0.105101
0.0157301,-0.0542699,-3.53105,-2.6629,0,0.137325,0.113639
0.0303627,-0.0396373,-3.50506,-2.59212,0,0.145235,0.119622
0.0449953,-0.0250047,-3.4769,-2.52188,0,0.152763,0.123717
0.059628,-0.010372,-3.44682,-2.45214,-0.0104148,0.159854,0.127283
0.0742606,0.00426059,-3.41523,-2.38291,-0.00920088,0.166468,0.1309
0.0888932,0.0188932,-3.38224,-2.31438,-0.00830533,0.172566,0.134726
0.103526,0.0260304,-3.34798,-2.2465,-0.00749544,0.178108,0.13858
-0.101331,-0.171331,-3.3506,-2.17932,1.03758e-09,-0.0364395,-0.0848858
-0.0866983,-0.156698,-3.31195,-2.11234,0,-0.0321436,-0.0805344
-0.0720657,-0.142066,-3.26905,-2.04583,0,-0.0285436,-0.072662
-0.0574331,-0.127433,-3.22358,-1.98,0,-0.0256929,-0.0602082
-0.0428004,-0.1128,-3.1777,-1.91503,0,-0.0236477,-0.0539562
-0.0281678,-0.0981678,-3.1312,-1.85113,0,-0.0224621,-0.0497505
-0.0135352,-0.0835352,-3.08374,-1.78799,0,-0.022171,-0.047347
0,-0.07,-3.03493,-1.72584,-0.00113101,-0.0227216,-0.0445394
0,-0.07,-2.98476,-1.66478,-0.00362424,-0.0237943,-0.0429603
0,-0.07,-2.93286,-1.60483,-0.00527739,-0.0250616,-0.04181
0,-0.0645005,-2.88064,-1.54592,-0.00675583,-0.0264433,-0.0406793
0,-0.0550747,-2.82855,-1.48807,-0.00823161,-0.0279241,-0.0397576
0,-0.0482762,-2.77683,-1.43126,-0.00930623,-0.0295063,-0.0398625
0,-0.0477757,-2.72571,-1.37547,-0.00942631,-0.0311971,-0.0417094
0,-0.0569194,-2.67533,-1.32072,-0.00751909,-0.0330054,-0.046064
0,-0.07,-2.62583,-1.26697,-0.0037627,-0.0349411,-0.052557
0,-0.07,-2.57742,-1.21413,-4.33681e-19,-0.037015,-0.0604547
0,-0.07,-2.53035,-1.16236,4.81482e-35,-0.0392385,-0.0693311
0,-0.07,-2.48525,-1.11152,1.33638e-51,-0.0416241,-0.0789696
0,-0.07,-2.44344,-1.06159,-3.24556e-68,-0.0441846,-0.0889781
0,-0.07,-2.40846,-1.01241,4.02153e-84,-0.0469341,-0.0992929
0,-0.07,-2.39198,-0.964062,-2.85747e-100,-0.0498878,-0.109601
0,-0.07,-2.40639,-0.916091,-0.0578333,-0.053062,-0.119872
0,-0.07,-2.46463,-0.868049,-0.0640727,-0.0564745,-0.130187
0,-0.07,-2.58597,-0.819164,-0.068295,-0.0601445,-0.140947
0,-0.07,-3.12436,-0.768112,-0.0607202,-0.0640923,-0.152409
0,-0.07,-6.03969,-0.709394,-0.0531895,-0.0683401,-0.16465
0,-0.07,-13.6077,-0.614838,-0.045763,-0.0729115,-0.177636
0,-0.07,-15,-0.418364,-0.038552,-0.077832,-0.191434
0,-0.07,-15,-0.132287,-0.0317724,-0.0831292,-0.205954
0,-0.07,-15,0.167713,-0.0256305,-0.0888324,-0.221176
0,-0.07,-15,0.467713,-0.0202248,-0.0949735,-0.237027
0,-0.07,-15,0.767713,-0.0163637,-0.103965,-0.252484
0,-0.07,-15,1.06771,-0.0164643,-0.116534,-0.259611
0,-0.07,-14.5963,1.36771,-0.0176175,-0.130478,-0.262328
0,-0.07,-14.0605,1.66347,-0.017099,-0.145249,-0.264951
0,-0.07,-13.5134,1.9487,-0.0148826,-0.160645,-0.269045
-0.0161281,-0.0861281,-12.9617,2.2228,-0.0119712,-0.176218,-0.27378
-0.0383737,-0.108374,-12.4057,2.48589,-0.00898595,-0.191387,-0.276989
-0.0606193,-0.130619,-11.852,2.73985,-0.00854946,-0.205861,-0.277837
-0.0828649,-0.152865,-11.2971,2.98104,-0.00817722,-0.219534,-0.278663
-0.10511,-0.17511,-10.7428,3.21087,5.46517e-09,-0.232351,-0.280882
-0.127356,-0.197356,-10.1906,3.43154,-3.35621e-10,-0.244262,-0.284429
-0.149602,-0.225606,-9.64238,3.6406,-0.00600475,-0.255215,-0.289571
0.161837,0.0918368,-9.64283,3.83893,-1.30104e-18,0.0685285,0.0436835
0.139591,0.0695912,-9.0755,4.03178,4.81482e-35,0.0596611,0.0391068
0.117346,0.0473456,-8.52729,4.21953,0,0.0519336,0.0344889
0.0951,0.0251,-7.99,4.39364,0,0.0454182,0.0282522
0.0728544,0.00285436,-7.4702,4.55613,0,0.0401928,0.0205098
0.0506088,-0.0193912,-6.96901,4.70917,0,0.0363358,0.0137932
0.0283631,-0.0416369,-6.48212,4.85106,0,0.0339081,0.00769162
0.00611754,-0.0638825,-6.00778,4.98386,0,0.0328831,0.00387786
0,-0.07,-5.54646,5.10758,0,0.032877,0.00229852
0,-0.07,-5.09802,5.22197,0,0.033349,0.0034029
0,-0.07,-4.66834,5.32684,0,0.0340435,0.00568368
0,-0.07,-4.25794,5.42236,0,0.0348968,0.00838091
0,-0.07,-3.86657,5.50936,0,0.0358957,0.0113112
0,-0.07,-3.49385,5.58845,0,0.0370411,0.0145022
0,-0.07,-3.13925,5.66038,0,0.0383379,0.017973
0,-0.064364,-2.80224,5.72476,0,0.039793,0.0217574
0,-0.0550723,-2.48201,5.78249,0,0.0414142,0.0258752
0,-0.0456164,-2.17782,5.83293,0,0.0432105,0.0300244
0,-0.0354904,-1.88897,5.87725,0,0.0451918,0.0345268
0,-0.0265686,-1.61476,5.91575,0,0.0473687,0.0388451
0,-0.0184677,-1.35454,5.94873,0,0.0497532,0.0431914
0,-0.0131829,-1.10775,5.97647,0,0.0523581,0.0470058
0,-0.0105501,-0.873829,5.99962,0,0.0551979,0.0504495
0,-0.0098525,-0.652227,6.01803,0,0.0582886,0.0537354
0,-0.0114092,-0.441351,6.03196,0,0.0616472,0.0567636
0,-0.0139943,-0.235638,6.04163,0,0.0652925,0.0599195
0,-0.0171943,-0.0335952,6.04696,0,0.0692448,0.0632875
0,-0.0205523,0.164506,6.04814,0,0.0735262,0.0670041
0,-0.0237112,0.358335,6.04534,0,0.0781606,0.071175
0,-0.0263329,0.547637,6.03866,0,0.0831736,0.0759018
0,-0.0282209,0.732221,6.02846,0,0.0885934,0.0812394
0,-0.0292216,0.911868,6.01437,0,0.0944499,0.0872251
0,-0.0291292,1.08634,5.99658,0,0.100776,0.0938936
0,-0.0280019,1.24948,5.97556,0,0.107616,0.101223
0,-0.0252091,1.41278,5.95122,0,0.11501,0.109197
0,-0.0204783,1.56841,5.92362,0,0.122982,0.117809
0,-0.0134575,1.71669,5.89264,0,0.131542,0.127009
0,-0.00378358,1.85929,5.8589,0,0.140627,0.136726
0.015699,0.0100134,1.99718,5.82228,0,0.149856,0.147185
0.0318005,0.0249628,2.13098,5.78296,0,0.158808,0.157356
0.047902,0.041697,2.26082,5.74081,0,0.167341,0.167497
0.0640036,0.0687201,2.38658,5.69624,0,0.175391,0.179904
0.0801051,0.0973928,2.50809,5.64907,0,0.182915,0.191703
0.0962066,0.127437,2.62516,5.59946,0,0.189868,0.203194
0.112308,0.15696,2.73725,5.54766,0,0.196208,0.21382
-0.113113,-0.0431132,2.73744,5.49347,0,-0.0396346,-0.0258885
-0.0970117,-0.0270117,2.84303,5.43872,0,-0.0346657,-0.0168106
-0.0809102,-0.0109102,2.94427,5.38239,0,-0.030462,-0.00819771
-0.0648086,0.00519135,3.039,5.32422,0,-0.0270818,-0.000247481
-0.0487071,0.0212929,3.12486,5.26405,0,-0.0245865,0.00644199
-0.0326056,0.0373944,3.20262,5.20194,0,-0.023037,0.0116286
-0.0165041,0.0534959,3.27416,5.13828,0,-0.0224774,0.0164486
-0.000402538,0.0695975,3.3402,5.07315,0,-0.0228743,0.020507
0,0.07,3.4007,5.00664,0,-0.0238823,0.0220969
0,0.07,3.45563,4.93893,0,-0.025116,0.0213192
0,0.07,3.50581,4.87007,0,-0.0264725,0.0193346
0,0.07,3.5517,4.80028,0,-0.0279303,0.016653
0,0.07,3.59374,4.72959,0,-0.0294902,0.0134749
0,0.07,3.63223,4.65792,0,-0.0311586,0.0100797
0,0.07,3.66752,4.58547,0,-0.0329444,0.00662555
0,0.07,3.6998,4.51228,0,-0.0348574,0.00330478
0,0.07,3.72932,4.43843,0,-0.036908,0.00013048
0,0.07,3.75626,4.36399,0,-0.0391078,-0.00289652
0,0.07,3.7808,4.28899,0,-0.0414688,-0.00581959
0,0.07,3.80315,4.21353,0,-0.044004,-0.00871687
0,0.07,3.82345,4.13758,0,-0.0467272,-0.011677
0,0.07,3.84187,4.06121,0,-0.0496534,-0.014792
0,0.07,3.85855,3.98447,0,-0.0527989,-0.0181688
0,0.07,3.87364,3.90737,0,-0.0561812,-0.0219025
0,0.07,3.88707,3.83,0,-0.0598193,-0.026077
0,0.07,3.89739,3.75235,0,-0.0637335,-0.030767
0,0.07,3.9042,3.67447,0,-0.0679456,-0.0360289
0,0.07,3.90763,3.59642,0,-0.0724792,-0.0419009
0,0.07,3.90776,3.51829,0,-0.0773595,-0.0483903
0,0.07,3.90466,3.44013,0,-0.0826137,-0.0556869
0,0.07,3.89837,3.36202,0,-0.0882712,-0.0632756
0,0.07,3.88884,3.28402,0,-0.0943634,-0.0716733
0,0.07,3.89511,3.2062,0,-0.100843,-0.0806408
0,0.0694695,3.87982,3.12832,0,-0.10772,-0.0901539
0,0.0581638,3.86143,3.05065,0,-0.115105,-0.100166
0,0.0437684,3.8403,2.97338,0,-0.123033,-0.110569
0,0.0345391,3.81649,2.89652,0,-0.131456,-0.119289
-0.0132717,0.0341285,3.79006,2.82013,0,-0.140049,-0.125549
-0.0284393,0.0396971,3.76114,2.74421,0,-0.148422,-0.130196
-0.043607,0.026393,3.73007,2.66884,0,-0.156414,-0.133461
-0.0587746,0.0112254,3.69684,2.59408,0.00791084,-0.163959,-0.136131
-0.0739423,-0.00394227,3.66198,2.5198,0.0116838,-0.171013,-0.138005
-0.0891099,-0.0191099,3.62607,2.44624,0.0110007,-0.177536,-0.138994
-0.104278,-0.0241408,3.59037,2.37347,0.0101367,-0.183487,-0.139039
0.108069,0.178069,3.59446,2.30131,1.58848e-10,0.0386926,0.0911161
0.0929018,0.162902,3.55951,2.22947,1.21169e-26,0.0340212,0.0933294
0.0777342,0.147734,3.53604,2.158,1.79366e-43,0.030064,0.0948648
0.0625665,0.132567,3.53088,2.08711,2.98705e-59,0.0268755,0.0938524
0.0473989,0.117399,3.59967,2.01646,-2.76357e-75,0.0245133,0.0943598
0.0322312,0.102231,3.76134,1.94498,0.0123388,0.0230348,0.0940484
0.0170636,0.0870636,3.90397,1.87088,0.0147172,0.0224833,0.0927202
0.00189596,0.071896,3.97106,1.7943,3.7861e-11,0.0228353,0.0912124
0,0.07,3.96252,1.71562,0.0422334,0.0237974,0.0903959
0,0.07,3.94403,1.63629,5.81091e-12,0.025012,0.0903377
0,0.07,3.90562,1.55727,0,0.0263559,0.0902716
0,0.07,3.8538,1.47875,0,0.0278025,0.0901494
0,0.07,3.79526,1.40142,0,0.0293508,0.0904512
0,0.07,3.73599,1.32525,0,0.0310071,0.0918196
0,0.07,3.68441,1.25026,0,0.03278,0.0946765
0,0.07,3.65593,1.17632,0,0.0346791,0.0994328
0,0.07,3.67939,1.10305,0.0569965,0.036715,0.105914
0,0.07,3.80193,1.02967,0.0614861,0.0388989,0.113388
0,0.07,4.11374,0.954792,0.0727074,0.0412429,0.122078
0,0.07,4.68206,0.874855,0.093033,0.0437599,0.131276
0,0.07,6.38249,0.785761,0.0934278,0.0464635,0.140861
0,0.07,9.76072,0.672565,0.0830932,0.0493687,0.150826
0,0.07,15,0.509444,0.0718978,0.0524915,0.16123
0,0.07,15,0.309349,0.0598379,0.0558541,0.172528
0,0.07,15,0.0194684,0.0482897,0.0594715,0.182956
0,0.07,15,-0.280532,0.0371392,0.0633584,0.194019
0,0.07,15,-0.580532,0.0270903,0.0675398,0.204992
0,0.07,15,-0.880532,0.0186074,0.0720401,0.215833
0,0.07,15,-1.18053,0.0119947,0.0768845,0.22653
0,0.07,15,-1.48053,0.00752921,0.0821003,0.237195
0,0.07,15,-1.78053,0.00525346,0.0903957,0.247996
0,0.07,15,-2.08053,0.00519049,0.10258,0.258261
0,0.07,15,-2.38053,0.00661158,0.116163,0.265446
0,0.07,15,-2.68053,0.00904153,0.130527,0.269917
0,0.07,14.4425,-2.98053,0.0118056,0.145464,0.270595
0.0132095,0.0832095,13.8328,-3.27551,0.0132157,0.160588,0.272028
0.0343447,0.104345,13.2194,-3.55705,0.0119024,0.175356,0.27478
0.05548,0.12548,12.6017,-3.82941,0.011276,0.189453,0.275992
0.0766152,0.146615,11.9871,-4.08608,0.0114545,0.202774,0.277652
0.0977504,0.16775,11.3731,-4.33043,0.0115746,0.215263,0.28122
0.118886,0.188886,10.7614,-4.56219,0.0113378,0.226874,0.286865
0.140021,0.220944,10.1541,-4.78231,0.0109232,0.237563,0.294089
-0.155872,-0.0858723,10.1549,-4.98964,-2.04975e-09,-0.0697519,-0.0370983
-0.13051,-0.06051,9.54024,-5.23334,0,-0.0611033,-0.0291461
-0.108318,-0.038318,8.93221,-5.4466,0,-0.0536115,-0.0228746
-0.0924666,-0.0224666,8.31848,-5.58697,0,-0.0472537,-0.0198425
-0.0713314,-0.0013314,7.74103,-5.75947,0,-0.0420572,-0.0119989
-0.0501962,0.0198038,7.18535,-5.92036,0,-0.0381477,-0.00250788
-0.0290609,0.0409391,6.64755,-6.06962,0,-0.0355982,0.00581633
-0.00792571,0.0620743,6.12441,-6.20795,0,-0.0343968,0.0125222
0,0.07,5.61608,-6.3341,0,-0.0342232,0.0169271
0,0.07,5.1226,-6.44998,0,-0.0345694,0.0195613
0,0.07,4.65058,-6.55589,0,-0.035154,0.0201325
0,0.07,4.20042,-6.65197,0,-0.0359062,0.0190051
0,0.07,3.77163,-6.7389,0,-0.0368105,0.0175109
0,0.07,3.36372,-6.81691,0,-0.0378667,0.0154835
0,0.07,2.97591,-6.88846,0,-0.0390792,0.013363
0,0.07,2.6075,-6.95186,0,-0.0404543,0.0111043
0,0.07,2.25787,-7.00659,0,-0.0419994,0.00888358
0,0.07,1.92634,-7.05402,0,-0.043723,0.00656462
0,0.07,1.61219,-7.0947,0,-0.0456345,0.00424926
0,0.07,1.31467,-7.12961,0,-0.0477443,0.00200673
0,0.07,1.03301,-7.15784,0,-0.0500639,-0.000377588
0,0.07,0.766334,-7.18047,0,-0.0526059,-0.00294423
0,0.07,0.513759,-7.19753,0,-0.0553842,-0.00578482
0,0.07,0.274677,-7.20983,0,-0.0584145,-0.00892033
0,0.07,0.0485506,-7.217,0,-0.0617135,-0.0123788
0,0.07,-0.168686,-7.21944,0,-0.0652997,-0.0161784
0,0.07,-0.378462,-7.21704,0,-0.069193,-0.02029
0,0.07,-0.583208,-7.21084,0,-0.0734151,-0.0247692
0,0.07,-0.784537,-7.20009,0,-0.0779897,-0.0296784
0,0.07,-0.982529,-7.18541,0,-0.082942,-0.0350209
0,0.07,-1.17701,-7.16665,0,-0.0882998,-0.0409242
0,0.07,-1.28139,-7.14447,0,-0.0942672,-0.0469254
0,0.07,-1.4724,-7.11963,0,-0.100926,-0.0535061
0,0.07,-1.65846,-7.09151,0.00995815,-0.108142,-0.0605555
0,0.07,-1.83715,-7.05928,0.022715,-0.115896,-0.0679217
0,0.07,-2.00937,-7.02334,0.020692,-0.124148,-0.076246
-0.00782839,0.0621716,-2.17519,-6.98401,0.0173737,-0.132683,-0.0850063
-0.0227396,0.0472604,-2.33458,-6.94175,0.0148212,-0.141126,-0.0944633
-0.0376508,0.0323492,-2.4869,-6.89578,0.0116824,-0.149228,-0.103635
-0.052562,0.017438,-2.62995,-6.84703,0.00718971,-0.156901,-0.112332
-0.0674733,0.00252675,-2.76255,-6.79507,0.00195224,-0.164098,-0.121046
-0.0823845,-0.0123845,-2.88272,-6.74082,-0.00342892,-0.170778,-0.130143
-0.0972957,-0.0272957,-2.99027,-6.68412,-0.00827278,-0.176902,-0.140231
0.111461,0.145152,-2.99033,-6.62512,0.0121822,0.041239,0.0570449
0.0965501,0.102989,-3.12848,-6.56532,0.0123551,0.0363538,0.045192
0.0816389,0.0602936,-3.26003,-6.50344,0.0115618,0.032159,0.0334155
0.0667277,0.0211346,-3.38502,-6.43883,0.00988197,0.0287062,0.0233003
0.0518165,-0.0168849,-3.5024,-6.37201,0.00746133,0.0260507,0.0139455
0.0369053,-0.0330947,-3.6113,-6.30272,0.00531966,0.0242487,0.00321345
0.021994,-0.048006,-3.71098,-6.23131,0.00461739,0.0233481,-0.00530655
0.00708283,-0.0629172,-3.80276,-6.15784,0.00599087,0.0233508,-0.0117171
0,-0.07,-3.88766,-6.08238,0.00794169,0.0240711,-0.0163517
0,-0.07,-3.96561,-6.00505,0.00883458,0.0251685,-0.0182272
0,-0.07,-4.0372,-5.92632,0.00907565,0.0264283,-0.0185622
0,-0.07,-4.10309,-5.84612,0.00875257,0.0277997,-0.0180981
0,-0.07,-4.16372,-5.76452,0.00801893,0.0292753,-0.0171904
0,-0.07,-4.21951,-5.68152,0.00711312,0.0308591,-0.0160094
0,-0.07,-4.27085,-5.5974,0.00623934,0.0325588,-0.0146998
0,-0.07,-4.31808,-5.51235,0.0055422,0.0343838,-0.013258
0,-0.07,-4.36157,-5.42634,0.00514166,0.0363439,-0.0117925
0,-0.07,-4.40161,-5.3393,0.00513485,0.03845,-0.0102178
0,-0.07,-4.43849,-5.25147,0.00556101,0.0407139,-0.00854207
0,-0.07,-4.47257,-5.16294,0.00633467,0.043148,-0.00694179
0,-0.07,-4.50424,-5.07371,0.00720032,0.0457654,-0.00528102
0,-0.07,-4.53389,-4.98377,0.00779155,0.0485806,-0.00347385
0,-0.07,-4.56182,-4.89324,0.00792158,0.0516092,-0.00145303
0,-0.07,-4.58789,-4.80213,0.00764862,0.054868,0.000743426
0,-0.07,-4.61027,-4.71049,0.00713834,0.0583754,0.00342868
0,-0.07,-4.62805,-4.61838,0.00659405,0.0621507,0.00646318
0,-0.07,-4.64159,-4.5259,0.00602018,0.0662152,0.00992961
0,-0.07,-4.65132,-4.43316,0.00538659,0.0705915,0.0138347
0,-0.07,-4.65757,-4.3402,0.00476308,0.0753041,0.0183318
0,-0.07,-4.66026,-4.24708,0.0041527,0.0803792,0.0235995
0,-0.07,-4.6595,-4.1539,0.00357122,0.0858451,0.0292224
0,-0.07,-4.65531,-4.0607,0.00298363,0.0917322,0.0355949
0,-0.07,-4.66683,-3.96758,0.00232826,0.0980257,0.0425938
0,-0.07,-4.65633,-3.87432,0.00163541,0.104746,0.0501908
0,-0.07,-4.64222,-3.78113,0.000898137,0.111968,0.0583692
0,-0.07,-4.62505,-3.68822,5.37866e-05,0.119724,0.0671262
0,-0.07,-4.60473,-3.59564,-0.000861786,0.127975,0.076449
0.0108491,-0.0591509,-4.58124,-3.50344,-0.00183248,0.136446,0.0863796
0.0258133,-0.0441867,-4.55429,-3.41171,-0.00279932,0.144755,0.0966017
0.0407775,-0.0292225,-4.52482,-3.32051,-0.00188492,0.152706,0.105993
0.0557417,-0.0142583,-4.49325,-3.22988,0.000702261,0.160223,0.114514
0.070706,0.00070596,-4.45955,-3.13985,0.00304638,0.167259,0.122475
0.0856702,0.0156702,-4.42432,-3.05031,0.0049105,0.173777,0.130192
0.100634,0.0372264,-4.38807,-2.96147,0.00659198,0.179735,0.137671
-0.108865,-0.178641,-4.38806,-2.87333,-0.0074372,-0.0393728,-0.0674718
-0.0939005,-0.153016,-4.34145,-2.78557,-0.00929475,-0.0346657,-0.0583631
-0.0789363,-0.119756,-4.2904,-2.6985,-0.0116682,-0.0306565,-0.0486043
-0.0639721,-0.0837308,-4.23702,-2.61247,-0.0138155,-0.0273983,-0.039084
-0.0490078,-0.0430279,-4.18172,-2.52735,-0.0153293,-0.0249475,-0.0289924
-0.0340436,-0.00430672,-4.12544,-2.44344,-0.0151757,-0.0233607,-0.0202169
-0.0190794,0.0292933,-4.06827,-2.36068,-0.0145869,-0.022683,-0.0132203
-0.00411516,0.0590368,-4.00871,-2.27906,-0.0148311,-0.0229022,-0.00738963
0,0.07,-3.94682,-2.19847,-0.0160307,-0.0237731,-0.00351412
0,0.07,-3.88141,-2.11907,-0.014679,-0.0249481,-0.0025031
0,0.07,-3.81428,-2.04095,-0.0113549,-0.0262656,-0.00414299
0,0.07,-3.74668,-1.96422,-0.00778204,-0.0276889,-0.00666562
0,0.07,-3.67911,-1.88878,-0.00420031,-0.0292143,-0.00955377
0,0.07,-3.61199,-1.81473,-0.000786414,-0.0308471,-0.0127799
0,0.069812,-3.54562,-1.74202,-1.04295e-20,-0.0325957,-0.0161168
0,0.0642722,-3.48021,-1.67068,1.50463e-36,-0.0344696,-0.0194982
0,0.0579634,-3.41593,-1.60091,0,-0.0364791,-0.0229705
0,0.0531589,-3.35297,-1.5323,0,-0.0386353,-0.0261324
0,0.049281,-3.29145,-1.46505,0,-0.0409502,-0.0292676
0,0.046197,-3.2315,-1.39898,0,-0.0434364,-0.0323975
0,0.0434742,-3.1732,-1.33411,0,-0.0461076,-0.0356518
0,0.0408671,-3.11664,-1.27041,0,-0.0489784,-0.0390952
0,0.0381604,-3.06187,-1.20785,0,-0.0520647,-0.0427952
0,0.0356615,-3.00892,-1.14645,0,-0.0553837,-0.0466772
0,0.0324201,-2.95691,-1.08614,0,-0.0589541,-0.0510457
0,0.0294389,-2.90298,-1.02687,0,-0.0627958,-0.0556004
0,0.0268629,-2.84674,-0.968594,0,-0.0669302,-0.0603785
0,0.0248511,-2.78847,-0.911491,0,-0.0713803,-0.0653726
0,0.0235912,-2.72845,-0.855488,0,-0.0761711,-0.0705669
0,0.0231536,-2.66692,-0.800649,0,-0.0813292,-0.0759759
0,0.0236979,-2.60412,-0.747065,0,-0.0868834,-0.0815759
0,0.0252949,-2.54026,-0.694731,0,-0.0928646,-0.087359
0,0.032577,-2.48159,-0.643702,0,-0.0995493,-0.093488
0,0.0387587,-2.41541,-0.593807,0,-0.107043,-0.0995475
0,0.0434769,-2.34915,-0.545234,0,-0.115153,-0.106222
0,0.0465194,-2.28337,-0.498052,0,-0.123848,-0.113422
0,0.0473556,-2.21793,-0.45222,0,-0.133108,-0.121138
-0.00452367,0.0452954,-2.15241,-0.407698,0,-0.142771,-0.129373
-0.0209734,0.0398587,-2.08669,-0.364486,0,-0.152432,-0.13807
-0.0374231,0.0325769,-2.02067,-0.322588,0,-0.161741,-0.146252
-0.0538727,0.0161273,-1.95435,-0.281877,0,-0.170581,-0.153779
-0.0703224,-0.000322437,-1.88796,-0.242094,0,-0.178897,-0.163446
-0.0867721,-0.0167721,-1.82174,-0.20377,0,-0.186644,-0.173173
-0.103222,-0.0332218,-1.75592,-0.166872,-0.000174769,-0.19378,-0.182968
-0.119672,-0.054447,-1.69068,-0.131293,-1.41139e-08,-0.200261,-0.19296
0.110624,0.0978175,-1.6908,-0.0961743,-1.65436e-24,0.0407071,0.0429726
0.0941745,0.0477148,-1.62325,-0.0621954,0,0.035685,0.032226
0.0777248,0.0137645,-1.55763,-0.0294264,0,0.031474,0.0235247
0.0612751,-0.00872489,-1.4931,0.0021527,0,0.0281339,0.0162509
0.0448254,-0.0251746,-1.43037,0.032305,0,0.0257266,0.0094901
0.0283757,-0.0416243,-1.36951,0.0613515,0,0.0243086,0.00334837
0.011926,-0.058074,-1.30992,0.0891981,0,0.0239018,-0.00196329
0,-0.07,-1.25149,0.115695,0,0.0243796,-0.00603583
0,-0.07,-1.19393,0.141163,0,0.0253703,-0.00683668
0,-0.07,-1.13779,0.165329,0,0.0265599,-0.00555727
0,-0.07,-1.08362,0.188338,0,0.0278711,-0.00306485
0,-0.07,-1.03145,0.210254,0,0.0292892,-0.000144691
0,-0.07,-0.981334,0.231117,0,0.0308164,0.00326609
0,-0.07,-0.933278,0.25097,0,0.0324595,0.00671826
0,-0.07,-0.887252,0.269852,0,0.0342273,0.0101924
0,-0.07,-0.843236,0.287804,0,0.0361295,0.0136566
0,-0.07,-0.801187,0.304888,0,0.0381766,0.0171317
0,-0.07,-0.761048,0.321122,0,0.0403799,0.0207616
0,-0.07,-0.722757,0.336624,0,0.0427517,0.0243383
0,-0.0676446,-0.686263,0.351348,0,0.0453048,0.0281965
0,-0.0623067,-0.651509,0.365347,0,0.0480531,0.0323272
0,-0.0557998,-0.618427,0.378481,0,0.0510118,0.0368548
0,-0.0500687,-0.586933,0.390998,0,0.0541975,0.0413442
0,-0.0442908,-0.556949,0.402816,0,0.0576279,0.0461429
0,-0.0389553,-0.52779,0.41403,0,0.0613223,0.0511
0,-0.0340869,-0.498694,0.424658,0,0.0653011,0.0562606
0,-0.0299768,-0.46964,0.434705,0,0.0695867,0.0615739
0,-0.0267946,-0.440705,0.444185,0,0.074203,0.0670363
0,-0.0246623,-0.411958,0.453115,0,0.0791756,0.072649
0,-0.0236971,-0.38346,0.461469,0,0.0845323,0.0784064
0,-0.0239203,-0.355267,0.469209,0,0.090303,0.0843188
0,-0.0252605,-0.327432,0.476428,0,0.0965198,0.090402
0,-0.0298164,-0.301662,0.483046,0,0.103329,0.0966898
0,-0.0335009,-0.274772,0.489169,0,0.1108,0.103232
0,-0.0363199,-0.248625,0.494732,0,0.118862,0.110192
0,-0.0376549,-0.22323,0.49977,0,0.127508,0.117607
0,-0.0368226,-0.198307,0.504298,0,0.136696,0.125489
0.0101711,-0.0338331,-0.173753,0.508326,0,0.146156,0.133636
0.0264448,-0.026604,-0.149495,0.511863,0,0.155473,0.142486
0.0427185,-0.0208095,-0.12554,0.514913,0,0.164403,0.150266
0.0589922,-0.0110078,-0.10192,0.517532,0,0.172857,0.158479
0.0752659,0.00676567,-0.0786753,0.519688,0,0.180783,0.168637
0.0915396,0.0272015,-0.0558968,0.521494,0,0.18814,0.178306
0.107813,0.0520282,-0.0336663,0.522772,0,0.194884,0.188422
-0.120019,-0.0959112,-0.0335644,0.523612,0,-0.0431361,-0.0450461
-0.103745,-0.0528483,-0.0117537,0.524283,0,-0.0377588,-0.0349071
-0.0874711,-0.0223664,0.00938513,0.524584,0,-0.0331424,-0.0264229
-0.0711974,-0.00119743,0.0298649,0.524491,0,-0.029344,-0.0189145
-0.0549237,0.0150763,0.0496827,0.524027,0,-0.026424,-0.0115966
-0.03865,0.03135,0.0685336,0.523182,0,-0.0244439,-0.00556737
-0.0223763,0.0476237,0.0863668,0.521906,0,-0.023454,-0.000118576
-0.00610264,0.0638974,0.103447,0.520259,0,-0.0234479,0.00434707
0,0.07,0.119912,0.518267,0,-0.0241884,0.00612552
0,0.07,0.135709,0.515975,0,-0.025297,0.00510023
0,0.07,0.150682,0.513332,0,-0.0265662,0.00266471
0,0.07,0.164786,0.510386,0,-0.0279472,-0.000685191
0,0.07,0.178074,0.507182,0,-0.0294328,-0.00416128
0,0.07,0.190564,0.503714,0,-0.0310274,-0.0079043
0,0.07,0.202309,0.499965,0,-0.032739,-0.0117149
0,0.07,0.21334,0.496001,0,-0.0345767,-0.015552
0,0.068496,0.223695,0.491811,0,-0.0365506,-0.0194116
0,0.0614337,0.233426,0.487389,0,-0.0386717,-0.0234214
0,0.05456,0.242578,0.482764,0,-0.0409518,-0.0272673
0,0.0484153,0.25118,0.477945,0,-0.0434033,-0.0310897
0,0.0434018,0.259262,0.472943,0,-0.0460396,-0.0348171
0,0.0392691,0.266853,0.46779,0,-0.0488751,-0.0385561
0,0.0354004,0.27398,0.462472,0,-0.0519256,-0.0424856
0,0.0327077,0.280672,0.457021,0,-0.0552081,-0.0463424
0,0.0300985,0.286954,0.451434,0,-0.058741,-0.0505
0,0.0277358,0.292835,0.44572,0,-0.062544,-0.0548863
0,0.025765,0.298312,0.439878,0,-0.0666384,-0.0594974
0,0.0243032,0.303386,0.433934,0,-0.0710468,-0.0643373
0,0.0234034,0.308063,0.427879,0,-0.0757941,-0.069426
0,0.0232129,0.312348,0.421731,0,-0.0809066,-0.0747503
0,0.0237658,0.316249,0.415502,0,-0.0864129,-0.080326
0,0.025115,0.319769,0.409192,0,-0.0923435,-0.0861457
0,0.0271977,0.322915,0.402806,0,-0.0987315,-0.0922169
0,0.0291449,0.326133,0.396355,0,-0.105583,-0.0985562
0,0.0314377,0.328539,0.389845,0,-0.112926,-0.105191
0,0.0332986,0.330525,0.383281,0,-0.120822,-0.112161
0,0.0338791,0.332122,0.376676,0,-0.129298,-0.119535
0,0.0323819,0.33341,0.37004,0,-0.138308,-0.127345
-0.0124729,0.0280083,0.334419,0.363377,0,-0.147537,-0.13561
-0.0285669,0.0213053,0.335164,0.356693,0,-0.156571,-0.144002
-0.044661,0.015834,0.335655,0.349992,0,-0.16521,-0.151475
-0.060755,0.0066061,0.335893,0.343281,0,-0.173378,-0.159545
-0.076849,-0.0123527,0.335876,0.336564,0,-0.181026,-0.169592
-0.0929431,-0.0349916,0.33561,0.329847,0,-0.188112,-0.179592
-0.109037,-0.0607008,0.335091,0.323133,0,-0.194591,-0.189628
0.116279,0.0844238,0.334988,0.31643,0,0.0409919,0.0411565
0.100185,0.0415692,0.33398,0.309729,0,0.0358663,0.031286
0.0840913,0.0140913,0.33268,0.303047,0,0.031496,0.02336
0.0679973,-0.00200269,0.33109,0.296391,0,0.0279382,0.0158991
0.0519033,-0.0180967,0.329262,0.289755,0,0.0252536,0.00902278
0.0358092,-0.0341908,0.327116,0.283157,0,0.0235033,0.00286395
0.0197152,-0.0502848,0.324548,0.276613,0,0.0227347,-0.00536109
0.00362116,-0.0663788,0.321546,0.270109,0,0.0229299,-0.00883856
0,-0.07,0.318203,0.263657,0,0.0238075,-0.00970984
0,-0.07,0.314648,0.25727,0,0.0249886,-0.00834934
0,-0.07,0.311087,0.250952,0,0.0263122,-0.00605906
0,-0.07,0.307593,0.244703,0,0.0277418,-0.00343673
0,-0.07,0.304163,0.238529,0,0.0292737,-0.000621772
0,-0.07,0.300818,0.232423,0,0.0309134,0.00242078
0,-0.07,0.297565,0.226392,0,0.0326692,0.00553506
0,-0.07,0.294387,0.220419,0,0.0345507,0.0086715
0,-0.07,0.291287,0.214511,0,0.0365682,0.011855
0,-0.07,0.288269,0.20867,0,0.0387329,0.0151234
0,-0.07,0.285331,0.202889,0,0.0410568,0.018544
0,-0.07,0.282473,0.197169,0,0.0435527,0.0221856
0,-0.07,0.279702,0.191507,0,0.0462342,0.0261134
0,-0.07,0.277024,0.1859,0,0.0491158,0.0303895
0,-0.0690515,0.274443,0.180347,0,0.0522138,0.0350509
0,-0.0625764,0.271937,0.174846,0,0.0555454,0.0401546
0,-0.0546554,0.269459,0.169401,0,0.0591292,0.0456638
0,-0.0468079,0.266807,0.164002,0,0.0629853,0.0513792
0,-0.0397607,0.263933,0.158659,0,0.0671351,0.0572004
0,-0.0334419,0.260851,0.153373,0,0.0716018,0.0632128
0,-0.0294338,0.257579,0.148142,0,0.0764104,0.0689996
0,-0.026557,0.254132,0.142978,0,0.0815877,0.074992
0,-0.0257093,0.250526,0.137887,0,0.0871624,0.0808987
0,-0.0252755,0.246774,0.132867,0,0.0931657,0.0872182
0,-0.0263605,0.242888,0.127918,0,0.0996309,0.0935477
0,-0.027871,0.239386,0.123051,0,0.106571,0.10006
0,-0.0298377,0.235232,0.118249,0,0.114017,0.106828
0,-0.0313606,0.231018,0.113528,0,0.122023,0.113921
0,-0.0315211,0.226748,0.108891,0,0.130612,0.121421
0,-0.0294876,0.222412,0.104345,0,0.139724,0.129362
0.0149066,-0.0244588,0.218007,0.099886,0,0.148997,0.137758
0.0310218,-0.0176459,0.213526,0.0955083,0,0.158011,0.146103
0.0471369,-0.0128211,0.208973,0.0912243,0,0.166609,0.153334
0.0632521,-0.00205016,0.204368,0.0870335,0,0.174725,0.161801
0.0793673,0.0172948,0.199726,0.0829254,0,0.182313,0.171809
0.0954825,0.0399455,0.195057,0.0789007,0,0.18933,0.181713
0.111598,0.06494,0.190373,0.0749879,0,0.195734,0.19146
-0.114015,-0.0707627,0.190486,0.0711687,0,-0.0402504,-0.0370023
-0.0978998,-0.0278998,0.185638,0.0673593,0,-0.0352179,-0.0272074
-0.0817846,-0.0117846,0.180845,0.0636344,0,-0.0309502,-0.0190506
-0.0656694,0.00433058,0.176107,0.0599887,0,-0.0275053,-0.0121708
-0.0495542,0.0204458,0.17147,0.0564453,0,-0.0249444,-0.00544312
-0.033439,0.036561,0.166966,0.052995,0,-0.0233285,0.000687056
-0.0173238,0.0526762,0.162591,0.0496354,0,-0.0227023,0.0061098
-0.00120864,0.0687914,0.158426,0.0463508,0,-0.0230364,0.00984746
0,0.07,0.154398,0.0431614,0,-0.0240008,0.0107091
0,0.07,0.150323,0.0400453,0,-0.0252113,0.00902128
0,0.07,0.146237,0.0370123,0,-0.0265503,0.00641151
0,0.07,0.142139,0.034059,0,-0.0279925,0.0032829
0,0.07,0.138084,0.0311855,0,-0.0295374,5.98279e-05
0,0.07,0.134073,0.0284015,0,-0.0311913,-0.00340014
0,0.07,0.130144,0.025702,0,-0.0329628,-0.00689901
0,0.07,0.126307,0.0230814,0,-0.0348615,-0.0104198
0,0.07,0.122574,0.020538,0,-0.036898,-0.0139283
0,0.07,0.118962,0.0180623,0,-0.0390835,-0.0174745
0,0.07,0.115471,0.0156595,0,-0.0414302,-0.0211175
0,0.07,0.1121,0.0133344,0,-0.043951,-0.024931
0,0.07,0.108841,0.0110756,0,-0.0466594,-0.0290952
0,0.065288,0.105718,0.00887429,0,-0.0495704,-0.0333631
0,0.0587698,0.10273,0.0067443,0,-0.0527002,-0.0380852
0,0.0519474,0.0998731,0.00468223,0,-0.0560664,-0.0430535
0,0.0455368,0.0971023,0.00267762,0,-0.0596877,-0.0481657
0,0.0396736,0.0943011,0.000728651,0,-0.0635844,-0.0534462
0,0.0345604,0.0914547,-0.00116858,0,-0.0677782,-0.0588741
0,0.0303671,0.0885733,-0.00300479,0,-0.0722925,-0.0644419
0,0.0278257,0.0856671,-0.00478346,0,-0.0771525,-0.0699818
0,0.0254655,0.0827432,-0.00650406,0,-0.0823853,-0.0759644
0,0.0245372,0.07981,-0.00817062,0,-0.0880201,-0.0819843
0,0.0247895,0.0768746,-0.00977856,0,-0.0940881,-0.0881739
0,0.0268445,0.0740112,-0.0113293,0,-0.100659,-0.0945503
0,0.0270124,0.0712705,-0.0128166,0,-0.107682,-0.101161
0,0.0281015,0.0683386,-0.0142489,0,-0.115131,-0.108078
0,0.0289424,0.0654602,-0.0156274,0,-0.123123,-0.115275
0,0.0285985,0.0626239,-0.0169481,0,-0.131693,-0.122825
-0.000401676,0.0261969,0.0598078,-0.0182119,0,-0.140772,-0.130772
-0.0164687,0.0209722,0.0570026,-0.0194194,0,-0.149975,-0.139121
-0.0325357,0.0138563,0.0542049,-0.0205706,0,-0.158887,-0.14745
-0.0486028,0.00934221,0.0514225,-0.0216659,0,-0.167376,-0.154485
-0.0646698,-0.00217241,0.0486507,-0.0227055,0,-0.175381,-0.16308
-0.0807369,-0.020727,0.0458972,-0.0236979,0,-0.182858,-0.172735
-0.0968039,-0.0420552,0.0431754,-0.0246351,0,-0.189764,-0.18221
-0.112871,-0.0681526,0.0404925,-0.0255055,0,-0.196056,-0.192232
0.112068,0.073564,0.0403873,-0.026322,0,0.0393185,0.0374877
0.0960005,0.0298824,0.0376828,-0.02713,0,0.0343998,0.0277255
0.0799335,0.0099335,0.035002,-0.0278904,0,0.0302475,0.0199214
0.0638665,-0.00613353,0.0323356,-0.0285972,0,0.0269198,0.0132911
0.0477994,-0.0222006,0.0296996,-0.0292559,0,0.0244781,0.00661632
0.0317324,-0.0382676,0.0271247,-0.0298683,0,0.0229827,0.000641365
0.0156654,-0.0543346,0.0245772,-0.0304288,0,0.0224754,-0.00468437
0,-0.07,0.0219301,-0.0309344,0,0.0229127,-0.00820828
0,-0.07,0.0192393,-0.0313862,0,0.0239414,-0.00873178
0,-0.07,0.0166766,-0.0317885,0,0.0251835,-0.00686732
0,-0.07,0.0143064,-0.0321387,0,0.0265454,-0.00415037
0,-0.07,0.0121267,-0.0324414,0,0.0280082,-0.00092452
0,-0.07,0.010132,-0.0327003,0,0.0295731,0.0024463
0,-0.07,0.00829234,-0.0329139,0,0.0312471,0.0060231
0,-0.07,0.00660427,-0.033089,0,0.033039,0.00975146
0,-0.07,0.00503234,-0.033232,0,0.0349584,0.0132887
0,-0.07,0.00357061,-0.0333405,0,0.0370162,0.0169164
0,-0.07,0.00221507,-0.0334185,0,0.0392236,0.0206891
0,-0.0691681,0.00095277,-0.0334716,0,0.0415929,0.0243851
0,-0.0638492,-0.000239165,-0.0335002,0,0.0441371,0.0283582
0,-0.0576695,-0.0013677,-0.0335001,0,0.04687,0.0325448
0,-0.0517409,-0.00243706,-0.0334773,0,0.0498067,0.036828
0,-0.0463277,-0.00345038,-0.0334312,0,0.0529635,0.0412079
0,-0.04146,-0.00441076,-0.0333663,0,0.0563581,0.0457115
0,-0.0370195,-0.00532954,-0.0332819,0,0.0600095,0.0503983
0,-0.0330938,-0.00622587,-0.0331776,0,0.063938,0.0552657
0,-0.0298585,-0.0071011,-0.0330553,0,0.0681656,0.0602985
0,-0.0273852,-0.00795371,-0.0329155,0,0.0727158,0.0655152
0,-0.0257749,-0.00878247,-0.0327586,0,0.0776141,0.0709193
0,-0.0250761,-0.00958643,-0.0325862,0,0.0828878,0.0765258
0,-0.0253347,-0.0103647,-0.0323977,0,0.0885662,0.0823385
0,-0.0264937,-0.0111164,-0.0321935,0,0.094681,0.0883756
0,-0.0309278,-0.0117944,-0.0319746,0,0.101419,0.0948403
0,-0.0348554,-0.0124782,-0.0317417,0,0.108859,0.101318
0,-0.0371939,-0.0131247,-0.0314939,0,0.116894,0.108455
0,-0.0377816,-0.013734,-0.0312343,0,0.125513,0.116114
0,-0.036267,-0.0143149,-0.0309612,0,0.134686,0.124236
0.00694143,-0.0320441,-0.0148708,-0.0306766,0,0.144206,0.132812
0.0232742,-0.0249612,-0.0154037,-0.0303808,0,0.153666,0.141701
0.039607,-0.0185153,-0.015918,-0.0300741,0,0.162762,0.149818
0.0559397,-0.0125868,-0.0164134,-0.029757,0,0.171388,0.157309
0.0722725,0.00308365,-0.016878,-0.029431,0,0.179492,0.166989
0.0886053,0.0230509,-0.0173159,-0.0290967,0,0.18703,0.176792
0.104938,0.0466145,-0.0177256,-0.0287534,0,0.193959,0.186746
0.121271,0.0736032,-0.0181057,-0.0284008,0,0.200234,0.196799
-0.107388,-0.0695884,-0.0179692,-0.0280463,0,-0.0391851,-0.0353746
-0.0910552,-0.0210552,-0.0182687,-0.0276875,0,-0.0343672,-0.0246445
-0.0747224,-0.00472242,-0.0184891,-0.0273235,0,-0.0303601,-0.0169174
-0.0583896,0.0116104,-0.0186492,-0.0269548,0,-0.027224,-0.0103565
-0.0420569,0.0279431,-0.0187283,-0.0265825,0,-0.0250205,-0.00391472
-0.0257241,0.0442759,-0.0187054,-0.0262083,0,-0.0238034,0.00231955
-0.00939134,0.0606087,-0.0184668,-0.025834,0,-0.0235823,0.00803287
0,0.07,-0.0179319,-0.0254629,0,-0.0241836,0.011458
0,0.07,-0.0172559,-0.0251008,0,-0.0252336,0.0116866
0,0.07,-0.0166516,-0.0247523,0,-0.0264651,0.00986761
0,0.07,-0.0161769,-0.0244165,0,-0.0278133,0.00736745
0,0.07,-0.0158239,-0.0240909,0,-0.029267,0.00439552
0,0.07,-0.0155881,-0.0237726,0,-0.0308292,0.001314
0,0.07,-0.0154378,-0.0234598,0,-0.0325073,-0.00179927
0,0.07,-0.0153505,-0.0231504,0,-0.0343103,-0.00490757
0,0.07,-0.0153157,-0.0228429,0,-0.0362482,-0.00798979
0,0.07,-0.0153174,-0.0225364,0,-0.0383315,-0.0110879
0,0.07,-0.0153439,-0.02223,0,-0.0405719,-0.0143453
0,0.07,-0.0153892,-0.0219233,0,-0.0429817,-0.0176118
0,0.07,-0.0154612,-0.0216159,0,-0.045574,-0.0213036
0,0.07,-0.0155552,-0.0213071,0,-0.048363,-0.0251303
0,0.07,-0.0156674,-0.0209965,0,-0.0513642,-0.0295478
0,0.07,-0.0157994,-0.020684,0,-0.0545943,-0.0342695
0,0.07,-0.0159556,-0.0203689,0,-0.0580713,-0.0394593
0,0.0677027,-0.0161216,-0.020051,0,-0.0618146,-0.0449761
0,0.0601454,-0.0162744,-0.0197298,0,-0.0658452,-0.0510834
0,0.0516676,-0.0164096,-0.0194048,0,-0.0701856,-0.0575385
0,0.0434447,-0.0165267,-0.0190769,0,-0.07486,-0.0642531
0,0.0376937,-0.0166238,-0.0187468,0,-0.0798944,-0.0706913
0,0.0331746,-0.0167025,-0.0184147,0,-0.0853169,-0.0773271
0,0.030278,-0.0167628,-0.018081,0,-0.0911577,-0.0839997
0,0.0289744,-0.0168049,-0.0177459,0,-0.0974493,-0.0907279
0,0.0296853,-0.0168473,-0.01741,0,-0.104258,-0.0975346
0,0.0307778,-0.0168509,-0.0170731,0,-0.11163,-0.104498
0,0.0317846,-0.0168382,-0.0167361,0,-0.119569,-0.111713
0,0.0319071,-0.0168112,-0.0163993,0,-0.128089,-0.119251
0,0.0302454,-0.0167735,-0.016063,0,-0.137148,-0.127173
-0.0109051,0.0259867,-0.0167272,-0.0157275,0,-0.146462,-0.1355
-0.0270609,0.0192542,-0.0166724,-0.0153927,0,-0.155618,-0.144015
-0.0432166,0.0135771,-0.0166058,-0.015059,0,-0.164389,-0.151656
-0.0593724,0.00571495,-0.0165313,-0.0147266,0,-0.172688,-0.159446
-0.0755281,-0.0125833,-0.0164581,-0.0143956,0,-0.180466,-0.169487
-0.0916838,-0.0352245,-0.0163797,-0.0140661,0,-0.187681,-0.179631
-0.10784,-0.0582038,-0.0162922,-0.013738,0,-0.194288,-0.189014
0.118341,0.0836162,-0.0163987,-0.0134119,0,0.0420928,0.0413418
0.102185,0.0407378,-0.0163104,-0.0130842,0,0.0368397,0.0315637
0.0860293,0.0160293,-0.0162175,-0.0127578,0,0.0323417,0.0235392
0.0698736,-0.000126414,-0.0161634,-0.0124332,0,0.0286557,0.0162117
0.0537178,-0.0162822,-0.0161535,-0.0121094,0,0.0258422,0.00929896
0.0375621,-0.0324379,-0.0161778,-0.0117863,0,0.0239623,0.00323764
0.0214064,-0.0485936,-0.0162272,-0.0114628,0,0.0230652,-0.00203542
0.00525062,-0.0647494,-0.0163821,-0.0111385,0,0.023141,-0.00621349
0,-0.07,-0.0166191,-0.0108117,0,0.0239385,-0.0075419
0,-0.07,-0.0168184,-0.0104805,0,0.0250806,-0.00620198
0,-0.07,-0.0169291,-0.0101455,0,0.0263763,-0.0035688
0,-0.07,-0.0169321,-0.00980774,0,0.0277812,-0.000321065
0,-0.07,-0.0168455,-0.00946911,0,0.0292893,0.003285
0,-0.07,-0.0166806,-0.00913177,0,0.0309056,0.00715517
0,-0.07,-0.0164674,-0.008797,0,0.0326381,0.010981
0,-0.07,-0.0162194,-0.00846606,0,0.034496,0.0147189
0,-0.07,-0.0159395,-0.00814043,0,0.0364897,0.0185545
0,-0.0654612,-0.0156536,-0.00782024,0,0.0386302,0.0224242
0,-0.0587254,-0.0153744,-0.00750588,0,0.0409294,0.0263724
0,-0.0523101,-0.0151049,-0.00719755,0,0.0433999,0.0302953
0,-0.0468922,-0.0148456,-0.00689438,0,0.0460551,0.0341409
0,-0.0423561,-0.0145964,-0.00659669,0,0.0489096,0.0379915
0,-0.0385746,-0.0143572,-0.00630401,0,0.0519793,0.041896
0,-0.0353668,-0.0141274,-0.00601627,0,0.0552813,0.0459206
0,-0.0325774,-0.0139051,-0.00573315,0,0.058834,0.0501238
0,-0.030101,-0.0136777,-0.00545416,0,0.0626574,0.0545544
0,-0.0280115,-0.0134411,-0.00517969,0,0.0667726,0.0592155
0,-0.026436,-0.0131962,-0.00490992,0,0.0712028,0.0641048
0,-0.0254599,-0.0129441,-0.00464502,0,0.0759727,0.0692337
0,-0.0252071,-0.0126861,-0.00438551,0,0.0811087,0.074597
0,-0.0257638,-0.012423,-0.00413075,0,0.0866396,0.0801942
0,-0.0271001,-0.0121556,-0.00388164,0,0.0925961,0.086043
0,-0.0285943,-0.0118841,-0.00363745,0,0.0990114,0.0923021
0,-0.0309761,-0.0116381,-0.00339855,0,0.105894,0.0985275
0,-0.033244,-0.0113583,-0.00316505,0,0.113273,0.105214
0,-0.0348005,-0.0110781,-0.00293705,0,0.121208,0.112284
0,-0.0349192,-0.0107968,-0.00271478,0,0.129723,0.119783
0,-0.0328557,-0.010512,-0.00249772,0,0.138768,0.12773
0.0132838,-0.0278597,-0.0102225,-0.00228635,0,0.148013,0.136135
0.0293854,-0.0214492,-0.00992923,-0.00208074,0,0.157042,0.144401
0.045487,-0.0158117,-0.00963492,-0.00188142,0,0.165669,0.151918
0.0615886,-0.00342712,-0.0093322,-0.00168799,0,0.173821,0.160841
0.0776902,0.0155648,-0.00902201,-0.00149907,0,0.18145,0.170722
0.0937918,0.0371062,-0.00870959,-0.0013163,0,0.188514,0.180388
0.109893,0.0631908,-0.00839382,-0.00114133,0,0.194969,0.190553
-0.115529,-0.0797304,-0.00828932,-0.000972034,0,-0.0407544,-0.0397542
-0.0994273,-0.0365473,-0.00794923,-0.000805829,0,-0.035659,-0.0299365
-0.0833257,-0.0133257,-0.00759178,-0.000645995,0,-0.0313221,-0.0217548
-0.0672241,0.00277586,-0.00719348,-0.000493265,0,-0.0278012,-0.0147036
-0.0511226,0.0188774,-0.00674764,-0.000347404,0,-0.0251572,-0.00777685
-0.035021,0.034979,-0.00626343,-0.000209776,0,-0.0234511,-0.0016397
-0.0189194,0.0510806,-0.00574343,-8.13604e-05,0,-0.0227294,0.00369978
-0.00281778,0.0671822,-0.00507187,3.58482e-05,0,-0.0229705,0.00769339
0,0.07,-0.0042884,0.000140979,0,-0.0238766,0.00875991
0,0.07,-0.00354993,0.000230664,0,-0.0250671,0.00728231
0,0.07,-0.00293089,0.000306463,0,-0.0263956,0.0046778
0,0.07,-0.00242318,0.000369105,0,-0.027829,0.00156147
0,0.07,-0.00203774,0.000421122,0,-0.029365,-0.00194912
0,0.07,-0.00173035,0.000464575,0,-0.0310092,-0.00541883
0,0.07,-0.00149823,0.000500719,0,-0.03277,-0.00902828
0,0.07,-0.00131912,0.000531728,0,-0.034657,-0.0126506
0,0.07,-0.0011813,0.000558916,0,-0.0366807,-0.0162861
0,0.07,-0.00108129,0.000583507,0,-0.0388521,-0.0199753
0,0.0698127,-0.00101593,0.000605633,0,-0.0411835,-0.0237794
0,0.0644331,-0.000959131,0.000626278,0,-0.0436875,-0.0277623
0,0.0576215,-0.000906784,0.000645717,0,-0.0463778,-0.0320809
0,0.051696,-0.000856326,0.000664088,0,-0.0492691,-0.0362877
0,0.0460737,-0.000808263,0.000681416,0,-0.0523776,-0.0406774
0,0.0409533,-0.00076226,0.000697702,0,-0.0557206,-0.0451883
0,0.035968,-0.000718154,0.000713062,0,-0.0593168,-0.0499571
0,0.0322813,-0.000673006,0.000727623,0,-0.0631863,-0.054668
0,0.0289824,-0.000627449,0.000741264,0,-0.0673507,-0.059661
0,0.0264086,-0.00058125,0.000753972,0,-0.0718332,-0.0648277
0,0.024676,-0.000534418,0.000765782,0,-0.0766588,-0.0701807
0,0.0238572,-0.000486996,0.000776658,0,-0.0818545,-0.07573
0,0.0239806,-0.000439058,0.000786588,0,-0.0874492,-0.0814874
0,0.0168374,-0.000399379,0.00079556,0,-0.093474,-0.0897511
0,0.0123105,-0.000357554,0.000803687,0,-0.0999625,-0.0973441
0,0.0146153,-0.000309695,0.000810943,0,-0.106967,-0.103622
0,0.0202286,-0.000258704,0.000817352,0,-0.114528,-0.109535
0,0.0249686,-0.000210085,0.00082273,0,-0.122667,-0.116042
0,0.0276511,-0.000164992,0.000827126,0,-0.131396,-0.123135
0,0.0274759,-0.000123808,0.000830606,0,-0.140657,-0.130825
-0.0142854,0.0238076,-8.70202e-05,0.000833185,0,-0.150099,-0.13908
-0.0306115,0.0178326,-5.32734e-05,0.000835018,0,-0.159297,-0.147405
-0.0469376,0.0129759,-1.89743e-05,0.000836235,0,-0.168078,-0.154828
-0.0632637,0.00123596,7.34623e-06,0.000836786,0,-0.176371,-0.163702
-0.0795898,-0.0153048,2.7793e-05,0.00083681,0,-0.184128,-0.173009
-0.095916,-0.0356153,4.33339e-05,0.000836357,0,-0.191309,-0.182518
-0.112242,-0.0595377,5.40102e-05,0.000835568,0,-0.197867,-0.192194
0.116324,0.0878438,-4.93382e-05,0.00083453,0,0.041135,0.0418952
0.0999975,0.0448283,-5.93744e-05,0.000835259,0,0.0359645,0.0320416
0.0836714,0.0151473,-5.64874e-05,0.000836421,0,0.0315679,0.0239847
0.0673452,-0.00265476,-9.14876e-05,0.000837558,0,0.0280034,0.0169396
0.0510191,-0.0189809,-0.000176213,0.0008393,0,0.025333,0.0102519
0.034693,-0.035307,-0.000308648,0.000842231,0,0.0236181,0.0041654
0.0183669,-0.0516331,-0.00048432,0.000847477,0,0.0229052,-0.00134025
0.00204076,-0.0679592,-0.00076257,0.000855934,0,0.023168,-0.005469
0,-0.07,-0.00113116,0.000869794,0,0.0240878,-0.00649615
0,-0.07,-0.00146415,0.000890759,0,0.0252766,-0.00490021
0,-0.07,-0.00170974,0.000918543,0,0.0266,-0.00215516
0,-0.07,-0.00186371,0.000950896,0,0.0280286,0.00096491
0,-0.07,-0.00194361,0.0009874,0,0.0295604,0.0044902
0,-0.07,-0.00195359,0.00102591,0,0.0312015,0.00816226
0,-0.07,-0.00192203,0.00106493,0,0.0329602,0.0118942
0,-0.07,-0.00185322,0.00110353,0,0.0348463,0.0156306
0,-0.07,-0.00175116,0.00114094,0,0.03687,0.019385
0,-0.0642056,-0.00164695,0.00117668,0,0.0390426,0.0231957
0,-0.0574761,-0.00154629,0.00121035,0,0.0413762,0.0271149
0,-0.0513438,-0.00145067,0.00124163,0,0.0438835,0.0309952
0,-0.0463435,-0.0013605,0.00127088,0,0.0465782,0.0347772
0,-0.0421639,-0.00127529,0.00129831,0,0.049475,0.0385912
0,-0.0385887,-0.00119466,0.00132403,0,0.0525902,0.0425021
0,-0.0355036,-0.00111831,0.00134813,0,0.055941,0.0465534
0,-0.0327122,-0.0010452,0.00137068,0,0.0595463,0.0508192
0,-0.0301969,-0.000973166,0.00139181,0,0.0634262,0.055322
0,-0.0281008,-0.000902012,0.00141145,0,0.0676023,0.0600502
0,-0.0265467,-0.000832023,0.00142967,0,0.0720979,0.0650065
0,-0.0251636,-0.000762964,0.00144649,0,0.0769382,0.070329
0,-0.0254004,-0.000696491,0.00146206,0,0.0821501,0.0756192
0,-0.0261646,-0.000631569,0.00147625,0,0.0877626,0.0812687
0,-0.0276602,-0.000568522,0.00148914,0,0.093807,0.0871695
0,-0.0309925,-0.000510769,0.00150067,0,0.100371,0.0933378
0,-0.0315743,-0.000451079,0.00151103,0,0.10739,0.0998036
0,-0.0329274,-0.000391034,0.00152029,0,0.114817,0.106641
0,-0.0338373,-0.0003328,0.00152835,0,0.122782,0.113805
0,-0.0333489,-0.000275013,0.00153524,0,0.131321,0.121371
0.000400496,-0.0298647,-0.000215346,0.00154097,0,0.140368,0.129587
0.0164203,-0.0247369,-0.000155008,0.00154552,0,0.149538,0.137831
0.0324401,-0.0179419,-9.38492e-05,0.0015488,0,0.158418,0.14605
0.04846,-0.0124234,-3.501e-05,0.00155086,0,0.166877,0.153359
0.0644798,0.000985136,3.11301e-05,0.00155179,0,0.174853,0.162413
0.0804996,0.0201935,0.000102201,0.00155134,0,0.182303,0.172139
0.0965194,0.0427236,0.000175412,0.00154968,0,0.189184,0.181901
0.112539,0.068695,0.000250695,0.00154636,0,0.195453,0.191814
-0.111738,-0.0733662,0.000354813,0.00154165,0,-0.0392355,-0.0374448
-0.0957185,-0.0286252,0.000448316,0.00153481,0,-0.0343358,-0.0273468
-0.0796986,-0.00969863,0.00057535,0.00152622,0,-0.0302001,-0.0195617
-0.0636788,0.00632119,0.000747364,0.00151528,0,-0.0268865,-0.0125184
-0.047659,0.022341,0.000966253,0.00150119,0,-0.0244562,-0.00589247
-0.0316392,0.0383608,0.00122763,0.00148285,0,-0.0229693,0.000102129
-0.0156193,0.0543807,0.00156142,0.00146013,0,-0.0224674,0.00542196
0,0.07,0.00206795,0.00143157,0,-0.0229074,0.00896889
0,0.07,0.00268322,0.00139401,0,-0.023937,0.00957691
0,0.07,0.00323545,0.00134343,0,-0.0251796,0.00785365
0,0.07,0.00366068,0.0012812,0,-0.0265417,0.00512871
0,0.07,0.00397414,0.00121011,0,-0.0280048,0.0020825
0,0.07,0.00418424,0.0011322,0,-0.02957,-0.00121009
0,0.07,0.0043065,0.00104998,0,-0.0312442,-0.00466851
0,0.07,0.0043644,0.00096471,0,-0.0330363,-0.00819267
0,0.07,0.00436439,0.000877741,0,-0.0349559,-0.0117351
0,0.07,0.00433247,0.000790453,0,-0.0370138,-0.0152811
0,0.07,0.00427247,0.000703596,0,-0.0392214,-0.018885
0,0.07,0.00418659,0.000617697,0,-0.0415909,-0.0226002
0,0.07,0.00407549,0.000533535,0,-0.0441353,-0.0265051
0,0.0654499,0.00396063,0.00045147,0,-0.0468683,-0.0306678
0,0.0595229,0.00384903,0.000371741,0,-0.0498051,-0.03503
0,0.0526346,0.00374099,0.000294481,0,-0.052962,-0.0398226
0,0.0459687,0.00363758,0.000219391,0,-0.0563568,-0.0447573
0,0.0406463,0.00353804,0.000146226,0,-0.0600082,-0.0496034
0,0.035668,0.00343747,7.50667e-05,0,-0.0639368,-0.0547225
0,0.0309533,0.00333555,6.0658e-06,0,-0.0681645,-0.0601179
0,0.0285278,0.00323478,-6.10529e-05,0,-0.0727148,-0.0652495
0,0.0259036,0.00313285,-0.000126,0,-0.0776132,-0.0709396
0,0.0245674,0.00303163,-0.000188912,0,-0.0828869,-0.0766752
0,0.0243448,0.00293118,-0.000249848,0,-0.0885654,-0.0825917
0,0.0257095,0.00283225,-0.000308723,0,-0.0946802,-0.0885482
0,0.0301623,0.00274278,-0.000365616,0,-0.101427,-0.0950702
0,0.0332925,0.00264586,-0.000420695,0,-0.108887,-0.101791
0,0.0353158,0.00254893,-0.000473854,0,-0.116945,-0.108998
0,0.0352116,0.00245135,-0.00052522,0,-0.125588,-0.116855
0,0.034459,0.00235394,-0.000574638,0,-0.134785,-0.124751
-0.0069519,0.0307234,0.00225378,-0.000622106,0,-0.14433,-0.133246
-0.0233093,0.0232825,0.00214987,-0.000667582,0,-0.153814,-0.142276
-0.0396667,0.0177893,0.00204816,-0.000710996,0,-0.162932,-0.150126
-0.0560242,0.0116879,0.00194607,-0.000752213,0,-0.17158,-0.157728
-0.0723816,-0.00262984,0.00183579,-0.000791594,0,-0.179704,-0.167036
-0.088739,-0.0222251,0.00172073,-0.000829081,0,-0.18726,-0.176814
-0.105096,-0.0454579,0.00160299,-0.000864301,0,-0.194207,-0.186705
-0.121454,-0.0720706,0.00148313,-0.00089695,0,-0.200498,-0.19668
0.10755,0.0724836,0.00134809,-0.00092901,0,0.0392759,0.0361598
0.0911926,0.0211926,0.00120002,-0.000957118,0,0.0344447,0.0256419
0.0748352,0.00483519,0.000997532,-0.000981563,0,0.030426,0.0175748
0.0584778,-0.0115222,0.000765007,-0.00100293,0,0.0272799,0.0112402
0.0421204,-0.0278796,0.000488914,-0.00101939,0,0.0250681,0.00475121
0.0257629,-0.0442371,0.000168688,-0.0010311,0,0.0238444,-0.0013039
0.00940552,-0.0605945,-0.000313852,-0.00103608,0,0.0236185,-0.00702603
0,-0.07,-0.00103961,-0.00103222,0,0.0242164,-0.0104924
0,-0.07,-0.00186214,-0.00101505,0,0.0252638,-0.0107689
0,-0.07,-0.00260153,-0.000981922,0,0.0264931,-0.00905578
0,-0.07,-0.00321124,-0.000933218,0,0.0278392,-0.00647818
0,-0.07,-0.00367654,-0.000872042,0,0.029291,-0.00343082
0,-0.07,-0.00401443,-0.000801536,0,0.0308515,-0.000257465
0,-0.07,-0.00426365,-0.00072395,0,0.032528,0.00287781
0,-0.07,-0.00443126,-0.000639923,0,0.0343295,0.00607442
0,-0.07,-0.00453803,-0.000552136,0,0.0362659,0.00931861
0,-0.07,-0.00460447,-0.000462176,0,0.0383479,0.0124853
0,-0.07,-0.00463807,-0.000370585,0,0.0405871,0.0156413
0,-0.07,-0.00463758,-0.000278025,0,0.0429958,0.0190447
0,-0.07,-0.00460912,-0.000185272,0,0.0455871,0.0226907
0,-0.07,-0.00456073,-9.29611e-05,0,0.0483752,0.0265405
0,-0.07,-0.00448797,-1.55284e-06,0,0.0513754,0.0308544
0,-0.07,-0.00438817,8.85339e-05,0,0.0546047,0.035569
0,-0.0692991,-0.00426126,0.000176746,0,0.0580809,0.0407413
0,-0.0625341,-0.00412932,0.000262543,0,0.0618236,0.0463878
0,-0.0543652,-0.00399425,0.000345459,0,0.0658536,0.0524485
0,-0.0465943,-0.00385809,0.000425614,0,0.0701933,0.0586759
0,-0.0399671,-0.00372205,0.000503116,0,0.0748671,0.0649786
0,-0.0347373,-0.00358678,0.000577897,0,0.079901,0.0713482
0,-0.0310939,-0.00345284,0.000649903,0,0.085323,0.0777643
0,-0.0290634,-0.00332057,0.000719228,0,0.0911634,0.0842372
0,-0.0284992,-0.0031901,0.00078597,0,0.0974545,0.0908006
0,-0.0301261,-0.00307231,0.000850033,0,0.104309,0.0976567
0,-0.0325984,-0.00294582,0.000911774,0,0.111786,0.104357
0,-0.0341915,-0.00282073,0.000970943,0,0.119845,0.111543
0,-0.033723,-0.0026957,0.00102761,0,0.128488,0.119327
0,-0.0317352,-0.0025702,0.00108196,0,0.137661,0.127346
0.0125384,-0.0278599,-0.00244343,0.00113368,0,0.147047,0.135564
0.0287169,-0.0210708,-0.00231404,0.00118286,0,0.15623,0.144113
0.0448955,-0.0153279,-0.00218628,0.00122947,0,0.16501,0.151759
0.061074,-0.00574117,-0.00205519,0.00127351,0,0.173309,0.16001
0.0772525,0.012772,-0.00191571,0.00131521,0,0.18108,0.170002
0.0934311,0.0347633,-0.00177404,0.00135415,0,0.188279,0.179923
0.10961,0.059896,-0.00163094,0.00139027,0,0.194864,0.189901
-0.11689,-0.0817021,-0.00152381,0.00142324,0,-0.0418894,-0.0408146
-0.100711,-0.037917,-0.00136121,0.00145393,0,-0.0366747,-0.0308589
-0.0845329,-0.0145329,-0.00118481,0.00148156,0,-0.0322234,-0.0227141
-0.0683543,0.00164566,-0.000962639,0.0015057,0,-0.0285928,-0.0153633
-0.0521758,0.0178242,-0.000693324,0.0015264,0,-0.0258437,-0.00846674
-0.0359973,0.0340027,-0.000385976,0.00154148,0,-0.0240371,-0.00241272
-0.0198187,0.0501813,-4.62082e-05,0.00155058,0,-0.0232203,0.00292919
-0.00364017,0.0663598,0.000438374,0.00155303,0,-0.0233754,0.00708263
0,0.07,0.00102608,0.00154644,0,-0.0242188,0.00822692
0,0.07,0.001573,0.00152857,0,-0.0253695,0.00680761
0,0.07,0.00200744,0.00149957,0,-0.0266652,0.00409916
0,0.07,0.00233073,0.00146159,0,-0.028069,0.000899176
0,0.07,0.00254644,0.00141676,0,-0.029577,-0.00261624
