-0.215,0,-0.205,0
-0.215,0,-0.205,0
-0.215,0,-0.205,0
-0.215,0,-0.205,0
-0.215,0,-0.205,0
-0.215,0,-0.205,0
-0.215,0,-0.205,0
-0.215,0,-0.205,0
-0.215,0,-0.205,0
-0.215,0,-0.205,0
-0.215,0,-0.205,0
-0.215,0,-0.205,0
-0.215,0,-0.205,0
-0.215,0,-0.205,0
-0.215,0,-0.205,0
-0.215,0,-0.205,0
-0.215,0,-0.205,0
-0.215,0,-0.205,0
-0.215,0,-0.205,0
-0.215,0,-0.205,0
-0.215,0,-0.205,0
-0.215,0,-0.205,0
-0.215,0,-0.205,0
-0.215,0,-0.205,0
-0.215,0,-0.205,0
-0.215,0,-0.205,0
-0.215,0,-0.205,0
-0.215,0,-0.205,0
-0.215,0,-0.205,0
-0.215,0,-0.205,0
-0.215,0,-0.205,0
-0.215,0,-0.205,0
-0.215,0,-0.205,0
-0.215,0,-0.205,0
-0.215,0,-0.205,0
-0.215,0,-0.205,0
-0.215,0,-0.205,0
-0.215,0,-0.205,0
-0.215,0,-0.205,0
-0.215,0,-0.205,0
-0.215,0,-0.205,0
-0.215,0,-0.205,0
-0.215,0,-0.205,0
-0.215,0,-0.205,0
-0.215,0,-0.205,0
-0.215,0,-0.205,0
-0.215,0,-0.205,0
-0.215,0,-0.205,0
-0.215,0,-0.205,0
-0.215,0,-0.205,0
-0.215,0,-0.205,0
-0.215,0,-0.205,0
-0.215,0,-0.205,0
-0.215,0,-0.205,0
-0.215,0,-0.205,0
-0.215,0,-0.205,0
-0.215,0,-0.205,0
-0.215,0,-0.205,0
-0.215,0,-0.205,0
-0.215,0,-0.205,0
-0.215,0,-0.205,0
-0.215,0,-0.205,0
-0.215,0,-0.205,0
-0.215,0,-0.205,0
-0.215,0,-0.205,0
-0.215,0,-0.205,0
-0.215,0,-0.205,0
-0.215,0,-0.205,0
-0.215,0,-0.205,0
-0.215,0,-0.205,0
-0.215,0,-0.205,0
-0.215,0,-0.205,0
-0.215,0,-0.205,0
-0.215,0,-0.205,0
-0.215,0,-0.205,0
-0.215,0,-0.205,0
-0.215,0,-0.205,0
-0.215,0,-0.205,0
-0.215,0,-0.205,0
-0.215,0,-0.205,0
-0.215,0,-0.205,0
-0.215,0,-0.205,0
-0.215,0,-0.205,0
-0.215,0,-0.205,0
-0.215,0,-0.205,0
-0.215,0,-0.205,0
-0.215,0,-0.205,0
-0.215,0,-0.205,0
-0.215,0,-0.205,0
-0.215,0,-0.205,0
-0.215,0,-0.205,0
-0.215,0,-0.205,0
-0.215,0,-0.205,0
-0.215,0,-0.205,0
-0.215,0,-0.205,0
-0.215,0,-0.205,0
-0.215,0,-0.205,0
-0.215,0,-0.205,0
-0.215,0,-0.205,0
-0.215,0,-0.205,0
-0.215,0,-0.205,0
-0.215,0,-0.205,0
-0.215,0,-0.205,0
-0.215,0,-0.205,0
-0.215,0,-0.205,0
-0.215,0,-0.205,0
-0.215,0,-0.205,0
-0.215,0,-0.20502,0
-0.215,0,-0.205101,-0
-0.215,0,-0.205241,-0
-0.215,0,-0.205413,-0
-0.215,0,-0.205653,-0
-0.215,0,-0.205938,-0
-0.215,0,-0.206274,-0
-0.215,0,-0.206619,-0
-0.215,0,-0.207015,-0
-0.215,0,-0.207493,-0
-0.215,0,-0.207897,-0
-0.215,0,-0.2084,-0
-0.215,0,-0.208835,-0
-0.215,0,-0.209389,-0
-0.215,0,-0.209838,-0
-0.215,0,-0.210325,-0
-0.215,0,-0.210871,-0
-0.215,0,-0.211372,-0
-0.215,0,-0.211859,-0
-0.215,0,-0.212318,-0
-0.215,0,-0.212702,-0
-0.215,0,-0.213157,-0
-0.215,0,-0.213512,-0
-0.215,0,-0.213879,-0
-0.215,0,-0.214196,-0
-0.215,0,-0.21443,-0
-0.215,0,-0.214673,-0
-0.215,0,-0.214826,-0
-0.215,0,-0.214943,-0
-0.215,0,-0.214994,-0
-0.215,0,-0.215,0
-0.215,0,-0.215,0
-0.215,0,-0.215,0
-0.215,0,-0.215,0
-0.215,0,-0.215,0
-0.215,0,-0.215,0
-0.215,0,-0.215,0
0.235,0.210944,0,0
0.235,0.210944,0,0
0.235,0.210944,0,0
0.235,0.210944,0,0
0.235,0.210944,0,0
0.235,0.210944,0,0
0.235,0.210944,0,0
0.235,0.210944,0,0
0.185,0.210884,0,0
0.213971,0.21097,0,-0.0226742
0.183865,0.210365,0,-0.010335
0.184228,0.209824,0,-0.0089645
0.183438,0.209131,0,-0.0083201
0.187673,0.208746,0,-0.00781923
0.193297,0.208734,0,-0.00730346
0.198859,0.208988,0,-0.00654551
0.20357,0.20946,0,-0.00598173
0.207302,0.210068,0,-0.005457
0.219319,0.213363,0,-0.00588141
0.222689,0.214877,0,-0.00557219
0.225733,0.216513,0,-0.00510279
0.22913,0.218747,0,-0.00453312
0.231429,0.220726,0,-0.00388863
0.233584,0.223,0,-0.00328063
0.23504,0.224975,0,-0.00272032
0.236244,0.226953,0,-0.00206444
0.236924,0.228566,0,-0.00130232
0.237468,0.230134,0,-0.00102962
0.237653,0.231537,0,-0.00129698
0.237604,0.232609,0,-0.00123038
0.237343,0.233366,0,-0.00172854
0.236766,0.233788,0,-0.00249484
0.235797,0.233743,0,-0.00464381
0.234191,0.233857,0,-0.00787892
0.231996,0.23439,0,-0.0122928
0.229313,0.234812,0,-0.0174214
0.226401,0.23507,0,-0.0230037
0.224825,0.235178,0,-0.0279729
0.236934,0.23518,0,0
0.236934,0.23518,0,0
0.236934,0.23518,0,0
0.236934,0.23518,0,0
0.236934,0.23518,0,0
0.236934,0.23518,0,0
0.236934,0.23518,0,0
-0.245,0,-0.230968,0
-0.245,0,-0.230968,0
-0.245,0,-0.230968,0
-0.245,0,-0.230968,0
-0.245,0,-0.230968,0
-0.245,0,-0.230968,0
-0.245,0,-0.230968,0
-0.245,0,-0.230968,0
-0.195,0,-0.230807,0
-0.20527,0,-0.230657,0.0132053
-0.184959,0,-0.229759,0.0100407
-0.18624,0,-0.229034,0.0087604
-0.186855,0,-0.227975,0.00814538
-0.196653,0,-0.227554,0.00748588
-0.21322,0,-0.228571,0.00765147
-0.218994,0,-0.228916,0.00686008
-0.223757,0,-0.229451,0.006093
-0.227549,0,-0.230111,0.00523803
-0.231176,0,-0.231028,0.00460338
-0.234848,0,-0.232297,0.00396528
-0.237382,0,-0.233475,0.0028049
-0.239361,0,-0.234672,0.0028049
-0.241109,0,-0.235949,0.00252244
-0.242453,0,-0.237183,0.00226144
-0.24357,0,-0.238429,0.00210239
-0.244361,0,-0.239569,0.00203569
-0.244813,0,-0.240469,0.0019606
-0.2451,0,-0.241299,0.00218733
-0.245174,0,-0.242021,0.00286632
-0.244931,0,-0.242406,0.00371548
-0.244379,0,-0.242457,0.00498126
-0.243393,0,-0.242058,0.006853
-0.241946,0,-0.241107,0.00917013
-0.239598,0,-0.240373,0.0131991
-0.237354,0,-0.240564,0.0171585
-0.233795,0,-0.24072,0.0226753
-0.229626,0,-0.240818,0.0291202
-0.22644,0,-0.240854,0.0334499
-0.245471,0,-0.240854,0
-0.245471,0,-0.240854,0
-0.245471,0,-0.240854,0
-0.245471,0,-0.240854,0
-0.245471,0,-0.240854,0
-0.245471,0,-0.240854,0
-0.245471,0,-0.240854,0
0.245,0.237251,0,0
0.245,0.237251,0,0
0.245,0.237251,0,0
0.245,0.237251,0,0
0.245,0.237251,0,0
0.245,0.237251,0,0
0.245,0.237251,0,0
0.195,0.237249,0,0
0.195,0.237009,0,-0.0167534
0.220104,0.237017,0,-0.0167534
0.182882,0.235719,0,-0.0121182
0.184093,0.234696,0,-0.0109065
0.190487,0.233625,0,-0.00969984
0.201127,0.233396,0,-0.00969984
0.208124,0.233137,0,-0.00904103
0.212995,0.233001,0,-0.00835798
0.218185,0.233073,0,-0.0077196
0.22262,0.233376,0,-0.00728912
0.226386,0.233857,0,-0.00681
0.229251,0.234404,0,-0.00622428
0.232314,0.235272,0,-0.00579639
0.234908,0.236202,0,-0.00531646
0.237369,0.23731,0,-0.00494098
0.2394,0.238435,0,-0.0045381
0.240994,0.239499,0,-0.0041947
0.242243,0.240492,0,-0.00390536
0.243136,0.24135,0,-0.00369772
0.243703,0.242038,0,-0.0036472
0.243953,0.242512,0,-0.00382393
0.243883,0.242713,0,-0.00432397
0.243472,0.242611,0,-0.00528649
0.242609,0.242054,0,-0.00688588
0.241174,0.241078,0,-0.00933166
0.23843,0.24118,0,-0.0139866
0.236657,0.241262,0,-0.0166369
0.233094,0.241322,0,-0.0216978
0.229058,0.241357,0,-0.02704
0.22578,0.241366,0,-0.0314113
0.22578,0.241366,0,0
0.22578,0.241366,0,0
0.22578,0.241366,0,0
0.22578,0.241366,0,0
0.22578,0.241366,0,0
0.22578,0.241366,0,0
0.22578,0.241366,0,0
-0.245,0,-0.240252,0
-0.245,0,-0.240252,0
-0.245,0,-0.240252,0
-0.245,0,-0.240252,0
-0.245,0,-0.240252,0
-0.245,0,-0.240252,0
-0.245,0,-0.240252,0
-0.195,0,-0.240228,0
-0.18513,0,-0.239928,0.00987019
-0.184083,0,-0.239348,0.0109173
-0.183891,0,-0.238512,0.0111093
-0.1842,0,-0.237356,0.0102114
-0.191869,0,-0.236467,0.0102114
-0.200074,0,-0.23592,0.0094465
-0.207222,0,-0.235558,0.00870843
-0.213928,0,-0.235357,0.00796094
-0.21781,0,-0.235264,0.00728704
-0.222544,0,-0.235445,0.00680551
-0.225717,0,-0.235696,0.00628199
-0.228869,0,-0.236172,0.00578014
-0.232001,0,-0.236885,0.00536325
-0.234416,0,-0.237596,0.00492383
-0.236524,0,-0.23837,0.0045456
-0.238313,0,-0.239176,0.00424246
-0.239882,0,-0.240029,0.00415476
-0.241086,0,-0.240798,0.00389477
-0.241913,0,-0.241418,0.00384479
-0.242419,0,-0.241866,0.00396683
-0.242639,0,-0.242137,0.00431044
-0.242526,0,-0.242142,0.00499371
-0.245228,0,-0.244573,0.00613778
-0.250187,0,-0.249246,0.00353928
-0.248645,0,-0.248545,0.00423738
-0.241459,0,-0.248749,0.0187499
-0.240085,0,-0.248926,0.0187499
-0.235275,0,-0.249039,0.0255523
-0.230487,0,-0.249108,0.0314638
-0.248946,0,-0.24912,0
-0.248946,0,-0.24912,0
-0.248946,0,-0.24912,0
-0.248946,0,-0.24912,0
-0.248946,0,-0.24912,0
-0.248946,0,-0.24912,0
-0.248946,0,-0.24912,0
-0.248946,0,-0.24912,0
0.245,0.247761,0,0
0.245,0.247761,0,0
0.245,0.247761,0,0
0.245,0.247761,0,0
0.245,0.247761,0,0
0.245,0.247761,0,0
0.245,0.247761,0,0
0.195,0.247718,0,0
0.185525,0.247346,0,-0.0110821
0.184779,0.246626,0,-0.0102209
0.185464,0.245638,0,-0.00953573
0.185842,0.244229,0,-0.00915816
0.195181,0.243196,0,-0.0085169
0.202923,0.242504,0,-0.00781259
0.208744,0.241915,0,-0.00706665
0.212894,0.241192,0,-0.00582664
0.219498,0.241089,0,-0.00582664
0.22263,0.240722,0,-0.00474947
0.226077,0.24083,0,-0.00474947
0.236247,0.243504,0,-0.0053845
0.239007,0.244062,0,-0.00501303
0.240957,0.244572,0,-0.0046034
0.242896,0.245237,0,-0.00445505
0.244536,0.245926,0,-0.00437443
0.245861,0.246586,0,-0.0042737
0.246783,0.24711,0,-0.00406781
0.247457,0.247543,0,-0.00411688
0.247762,0.247762,0,-0.00438313
0.247761,0.247761,0,-0.00494781
0.247415,0.24747,0,-0.00593075
0.246613,0.246752,0,-0.00752094
0.245324,0.245535,0,-0.00991189
0.243572,0.24456,0,-0.0128907
0.239254,0.244476,0,-0.0202975
0.235056,0.244418,0,-0.0267137
0.230236,0.244381,0,-0.0333365
0.2478,0.244363,0,0
0.247651,0.244362,0,0
0.247651,0.244362,0,0
0.247651,0.244362,0,0
0.247651,0.244362,0,0
0.247651,0.244362,0,0
0.247651,0.244362,0,0
0.247651,0.244362,0,0
-0.245,0,-0.247938,0
-0.245,0,-0.247938,0
-0.245,0,-0.247938,0
-0.245,0,-0.247938,0
-0.245,0,-0.247938,0
-0.245,0,-0.247938,0
-0.245,0,-0.247938,0
-0.245,0,-0.247938,0
-0.278949,0,-0.247996,0
-0.238003,0,-0.247853,-0.00756218
-0.226468,0,-0.247477,-0.00569264
-0.225695,0,-0.247056,-0.00404364
-0.228469,0,-0.246711,-0.00283991
-0.235241,0,-0.24675,-0.00232792
-0.241209,0,-0.247103,-0.00232792
-0.246278,0,-0.247671,-0.00309713
-0.249808,0,-0.248315,-0.00417445
-0.252028,0,-0.248939,-0.00531357
-0.253409,0,-0.249521,-0.00629394
-0.254012,0,-0.249986,-0.00726614
-0.254611,0,-0.250535,-0.00803596
-0.255208,0,-0.2511,-0.0087527
-0.256049,0,-0.251871,-0.00959987
-0.257126,0,-0.252855,-0.0105885
-0.258176,0,-0.253964,-0.0121527
-0.259176,0,-0.25506,-0.0139926
-0.2605,0,-0.256511,-0.0163405
-0.26182,0,-0.25803,-0.0193691
-0.263149,0,-0.259619,-0.0234856
-0.264847,0,-0.261616,-0.0281097
-0.266683,0,-0.263771,-0.0342071
-0.269133,0,-0.266633,-0.0418165
-0.271192,0,-0.269052,-0.0505497
-0.274462,0,-0.270918,-0.0599516
-0.273347,0,-0.271477,-0.0596027
-0.2754,0,-0.271914,-0.067211
-0.275061,0,-0.272195,-0.0699996
-0.272037,0,-0.272386,-0.0699994
-0.249183,0,-0.272409,0
-0.249183,0,-0.272409,0
-0.249183,0,-0.272409,0
-0.249183,0,-0.272409,0
-0.249183,0,-0.272409,0
-0.249183,0,-0.272409,0
-0.249183,0,-0.272409,0
-0.249183,0,-0.272409,0
0.245,0.285917,0,0
0.245,0.285917,0,0
0.245,0.285917,0,0
0.245,0.285917,0,0
0.245,0.285917,0,0
0.245,0.285917,0,0
0.245,0.285917,0,0
0.195,0.285879,0,0
0.186591,0.285386,0,-0.00840928
0.186261,0.284343,0,-0.00873867
0.185472,0.28251,0,-0.00952772
0.185151,0.280293,0,-0.00984912
0.184973,0.277549,0,-0.0100272
0.190305,0.275319,0,-0.0102643
0.195605,0.272792,0,-0.0105472
0.200278,0.269877,0,-0.0109793
0.203445,0.268001,0,-0.0115364
0.206816,0.264562,0,-0.0123288
0.211979,0.26235,0,-0.0134444
0.214972,0.260129,0,-0.013977
0.218547,0.257998,0,-0.0148062
0.221888,0.256138,0,-0.0154746
0.224973,0.254533,0,-0.0159322
0.23497,0.25654,0,-0.0184602
0.237217,0.255596,0,-0.0186981
0.239249,0.254542,0,-0.0180162
0.241374,0.253766,0,-0.0180162
0.242849,0.253138,0,-0.0174161
0.244058,0.252319,0,-0.016563
0.244804,0.251131,0,-0.0156812
0.244988,0.249906,0,-0.0148336
0.244611,0.248253,0,-0.0153685
0.243614,0.246552,0,-0.0164374
0.238185,0.245497,0,-0.0255939
0.237002,0.244786,0,-0.0255939
0.233149,0.244324,0,-0.0303375
0.22926,0.244075,0,-0.0345297
0.248613,0.244052,0,0
0.248613,0.244052,0,0
0.248613,0.244052,0,0
0.248613,0.244052,0,0
0.248613,0.244052,0,0
0.248613,0.244052,0,0
0.248613,0.244052,0,0
-0.245,0,-0.240801,0
-0.245,0,-0.240801,0
-0.245,0,-0.240801,0
-0.245,0,-0.240801,0
-0.245,0,-0.240801,0
-0.245,0,-0.240801,0
-0.245,0,-0.240801,0
-0.245,0,-0.240801,0
-0.195,0,-0.240623,0
-0.223495,0,-0.240615,0.0193291
-0.182097,0,-0.239507,0.0129034
-0.183189,0,-0.238477,0.0118112
-0.183862,0,-0.237038,0.0111382
-0.191553,0,-0.236061,0.010264
-0.199352,0,-0.235468,0.00919735
-0.212671,0,-0.236115,0.00858033
-0.219449,0,-0.236419,0.00858033
-0.223444,0,-0.236536,0.00791929
-0.227293,0,-0.236867,0.00732584
-0.230549,0,-0.237327,0.00666464
-0.233477,0,-0.237994,0.00623285
-0.236479,0,-0.238921,0.00579391
-0.238831,0,-0.239841,0.00536842
-0.24055,0,-0.240667,0.0049267
-0.242165,0,-0.241598,0.00467984
-0.243421,0,-0.242455,0.00471394
-0.244354,0,-0.24321,0.00476029
-0.24503,0,-0.243864,0.00512149
-0.245352,0,-0.244305,0.00555788
-0.245305,0,-0.24447,0.0060394
-0.244964,0,-0.244345,0.00713517
-0.244239,0,-0.24385,0.0088132
-0.242887,0,-0.242723,0.0115948
-0.241032,0,-0.24196,0.0145568
-0.238485,0,-0.241985,0.0186551
-0.234901,0,-0.242005,0.023824
-0.230648,0,-0.242018,0.0292734
-0.22692,0,-0.242024,0.0330719
-0.246105,0,-0.242024,0
-0.246105,0,-0.242024,0
-0.246105,0,-0.242024,0
-0.246105,0,-0.242024,0
-0.246105,0,-0.242024,0
-0.246105,0,-0.242024,0
-0.246105,0,-0.242024,0
0.245,0.245134,0,0
0.245,0.245134,0,0
0.245,0.245134,0,0
0.245,0.245134,0,0
0.245,0.245134,0,0
0.245,0.245134,0,0
0.245,0.245134,0,0
0.295,0.245135,0,0
0.295,0.245533,0,0
0.317379,0.246062,0,0.0348391
0.301298,0.246851,0,0.0236545
0.296314,0.247676,0,0.0218479
0.29262,0.248868,0,0.0203249
0.29278,0.250239,0,0.0194334
0.295065,0.252293,0,0.0195693
0.29888,0.25529,0,0.021075
0.301776,0.258279,0,0.024007
0.303932,0.261424,0,0.0284131
0.304093,0.263665,0,0.0344211
0.304809,0.26687,0,0.0423746
0.301102,0.267527,0,0.052801
0.295622,0.267437,0,0.0612132
0.293218,0.268582,0,0.0696001
0.291802,0.270076,0,0.0699475
0.290663,0.271744,0,0.0699128
0.325744,0.296492,0,0.0698617
0.352521,0.318296,0,0.0698012
0.35715,0.326719,0,0.0697219
0.345539,0.321223,0,0.0695895
0.340331,0.321754,0,0.0693127
0.334851,0.32009,0,0.0683855
0.333571,0.323108,0,0.0639724
0.329333,0.322587,0,0.0569235
0.322925,0.318405,0,0.0540426
0.315986,0.319186,0,0.0540974
0.305925,0.320624,0,0.0547046
0.29606,0.321293,0,0.0551989
0.286062,0.321661,0,0.055703
0.275183,0.321662,0,0
0.275183,0.321662,0,0
0.275183,0.321662,0,0
0.275183,0.321662,0,0
0.275183,0.321662,0,0
0.275183,0.321662,0,0
0.275183,0.321662,0,0
-0.245,0,-0.329003,0
-0.245,0,-0.329003,0
-0.245,0,-0.329003,0
-0.245,0,-0.329003,0
-0.245,0,-0.329003,0
-0.245,0,-0.329003,0
-0.245,0,-0.329003,0
-0.245,0,-0.329003,0
-0.195,0,-0.328561,0
-0.187244,0,-0.327549,0.00775592
-0.192415,0,-0.32523,0.00258497
-0.190052,0,-0.323089,0.00494849
-0.191219,0,-0.320068,0.00378127
-0.191869,0,-0.316069,0.00313059
-0.191665,0,-0.312241,0.003335
-0.191431,0,-0.307319,0.00356881
-0.193348,0,-0.301583,0.0036999
-0.201695,0,-0.298156,0.00371211
-0.217173,0,-0.296672,0.00474663
-0.224237,0,-0.293049,0.00454372
-0.22944,0,-0.289921,0.00346895
-0.233839,0,-0.287581,0.00346895
-0.23785,0,-0.285021,0.00280214
-0.241245,0,-0.282274,0.0020334
-0.243824,0,-0.278982,0.0014326
-0.245167,0,-0.275788,0.000794793
-0.245814,0,-0.272428,0.000766681
-0.245837,0,-0.268515,0.00137279
-0.245479,0,-0.264761,0.00284769
-0.244637,0,-0.260231,0.00519093
-0.243505,0,-0.255912,0.00839093
-0.241972,0,-0.251348,0.0123962
-0.239971,0,-0.246683,0.0170824
-0.237448,0,-0.244384,0.0221599
-0.234884,0,-0.242652,0.0265825
-0.231664,0,-0.241243,0.0306811
-0.227863,0,-0.240297,0.0310291
-0.227726,0,-0.24003,0
-0.227726,0,-0.24003,0
-0.227726,0,-0.24003,0
-0.227726,0,-0.24003,0
-0.227726,0,-0.24003,0
-0.227726,0,-0.24003,0
-0.227726,0,-0.24003,0
-0.227726,0,-0.24003,0
0.245,0.245521,0,0
0.245,0.245521,0,0
0.245,0.245521,0,0
0.245,0.245521,0,0
0.245,0.245521,0,0
0.245,0.245521,0,0
0.245,0.245521,0,0
0.245,0.245521,0,0
0.245,0.245519,0,0
0.17358,0.244409,0,-0.0214198
0.169447,0.243322,0,-0.0255533
0.172851,0.241691,0,-0.0221486
0.170638,0.240076,0,-0.0243623
0.172162,0.237938,0,-0.0228382
0.171982,0.235692,0,-0.0230178
0.173749,0.233484,0,-0.0212514
0.173323,0.230132,0,-0.0216773
0.172638,0.227255,0,-0.0223624
0.184375,0.226897,0,-0.0261131
0.189848,0.226109,0,-0.0278856
0.195021,0.225435,0,-0.0300814
0.199706,0.224947,0,-0.0327526
0.203539,0.224425,0,-0.0355003
0.206802,0.224081,0,-0.0385882
0.209541,0.223399,0,-0.0419616
0.211295,0.222848,0,-0.0447494
0.218975,0.226408,0,-0.052595
0.21943,0.225431,0,-0.0556168
0.219575,0.224355,0,-0.0581327
0.21964,0.223313,0,-0.0603356
0.219547,0.222274,0,-0.0617757
0.219364,0.221392,0,-0.0631931
0.225714,0.22065,0,-0.0652565
0.224761,0.220111,0,-0.0661457
0.223759,0.219771,0,-0.0661598
0.222073,0.219538,0,-0.0661757
0.25308,0.219502,0,0
0.25308,0.219502,0,0
0.25308,0.219502,0,0
0.25308,0.219502,0,0
0.25308,0.219502,0,0
0.25308,0.219502,0,0
0.25308,0.219502,0,0
0.25308,0.219502,0,0
-0.245,0,-0.228033,0
-0.245,0,-0.228033,0
-0.245,0,-0.228033,0
-0.245,0,-0.228033,0
-0.245,0,-0.228033,0
-0.245,0,-0.228033,0
-0.245,0,-0.228033,0
-0.295,0,-0.228098,0
-0.312914,0,-0.228623,-0.016783
-0.311355,0,-0.229702,-0.0127305
-0.311327,0,-0.23116,-0.00946663
-0.305175,0,-0.232698,-0.00946663
-0.299329,0,-0.234394,-0.00810911
-0.300883,0,-0.236949,-0.00759004
-0.305544,0,-0.240686,-0.00809785
-0.309768,0,-0.245341,-0.0102959
-0.310481,0,-0.248953,-0.0142932
-0.311691,0,-0.253259,-0.0205012
-0.315651,0,-0.25841,-0.0293066
-0.300389,0,-0.25506,-0.0553727
-0.313449,0,-0.264259,-0.0553727
-0.31255,0,-0.268066,-0.0674965
-0.303739,0,-0.266827,-0.0674979
-0.35866,0,-0.301251,-0.0674527
-0.362283,0,-0.30898,-0.0673525
-0.365933,0,-0.31788,-0.0671755
-0.358686,0,-0.319813,-0.0662649
-0.357266,0,-0.326164,-0.0613174
-0.353159,0,-0.329938,-0.0542371
-0.348374,0,-0.330647,-0.0540426
-0.343628,0,-0.330415,-0.0540426
-0.339276,0,-0.330366,-0.0540426
-0.334116,0,-0.328034,-0.0540426
-0.321978,0,-0.331258,-0.0540426
-0.311845,0,-0.332435,-0.0545155
-0.29772,0,-0.333316,-0.0545155
-0.290082,0,-0.333641,-0.055042
-0.290082,0,-0.333641,0
-0.290082,0,-0.333641,0
-0.290082,0,-0.333641,0
-0.290082,0,-0.333641,0
-0.290082,0,-0.333641,0
-0.290082,0,-0.333641,0
-0.290082,0,-0.333641,0
0.245,0.339663,0,0
0.245,0.339663,0,0
0.245,0.339663,0,0
0.245,0.339663,0,0
0.245,0.339663,0,0
0.245,0.339663,0,0
0.245,0.339663,0,0
0.195,0.339662,0,0
0.195,0.339164,0,0
0.203183,0.337667,0,0.0081832
0.200303,0.335994,0,0.00530257
0.20102,0.333538,0,0.00601958
0.200567,0.330246,0,0.00556656
0.200966,0.326415,0,0.00596616
0.20084,0.321988,0,0.00584015
0.204036,0.31715,0,0.00591761
0.220286,0.315445,0,0.00534331
0.227884,0.312148,0,0.00567318
0.234312,0.30888,0,0.00602544
0.23903,0.305392,0,0.00665876
0.242456,0.301777,0,0.00768328
0.244316,0.297452,0,0.00768328
0.245269,0.293173,0,0.00768749
0.24571,0.288828,0,0.00721877
0.245756,0.284211,0,0.00637315
0.24577,0.279879,0,0.00489932
0.245606,0.275421,0,0.00306993
0.245317,0.270759,0,0.000864514
0.244912,0.266179,0,-0.00165313
0.244316,0.261372,0,-0.00443063
0.243634,0.257219,0,-0.00736864
0.242701,0.253036,0,-0.0103807
0.241461,0.248577,0,-0.0133352
0.239986,0.246096,0,-0.0159924
0.238417,0.244108,0,-0.0180067
0.236634,0.242745,0,-0.0191169
0.235118,0.241785,0,-0.0184918
0.234729,0.241536,0,-0.0152838
0.234729,0.241536,0,0
0.234729,0.241536,0,0
0.234729,0.241536,0,0
0.234729,0.241536,0,0
0.234729,0.241536,0,0
0.234729,0.241536,0,0
0.234729,0.241536,0,0
-0.245,0,-0.249109,0
-0.245,0,-0.249109,0
-0.245,0,-0.249109,0
-0.245,0,-0.249109,0
-0.245,0,-0.249109,0
-0.245,0,-0.249109,0
-0.245,0,-0.249109,0
-0.245,0,-0.249109,0
-0.245,0,-0.24909,0
-0.179519,0,-0.24786,0.0154806
-0.174044,0,-0.246673,0.0209564
-0.178961,0,-0.245211,0.0160386
-0.177665,0,-0.243687,0.0173353
-0.179647,0,-0.241875,0.0153526
-0.180227,0,-0.239752,0.0147729
-0.180715,0,-0.237277,0.0142851
-0.180883,0,-0.234429,0.0141171
-0.182499,0,-0.231888,0.0142633
-0.18874,0,-0.230477,0.0148501
-0.193726,0,-0.229575,0.015841
-0.19853,0,-0.22879,0.0172118
-0.202944,0,-0.228252,0.0189454
-0.209576,0,-0.229195,0.0233285
-0.210763,0,-0.227703,0.0233285
-0.213908,0,-0.227677,0.0258209
-0.216583,0,-0.227643,0.0283871
-0.218669,0,-0.227654,0.0309226
-0.220467,0,-0.227418,0.0333691
-0.227197,0,-0.231305,0.041185
-0.227551,0,-0.230664,0.0436022
-0.227664,0,-0.230026,0.0454267
-0.227521,0,-0.229159,0.0476185
-0.227051,0,-0.228598,0.0494201
-0.228048,0,-0.228123,0.047924
-0.22652,0,-0.227819,0.0497016
-0.226901,0,-0.227595,0.0467742
-0.249149,0,-0.227513,0
-0.249149,0,-0.227513,0
-0.249149,0,-0.227513,0
-0.249149,0,-0.227513,0
-0.249149,0,-0.227513,0
-0.249149,0,-0.227513,0
-0.249149,0,-0.227513,0
-0.249149,0,-0.227513,0
0.245,0.229971,0,0
0.245,0.229971,0,0
0.245,0.229971,0,0
0.245,0.229971,0,0
0.245,0.229971,0,0
0.245,0.229971,0,0
0.245,0.229971,0,0
0.295,0.230039,0,0
0.295,0.23076,0,0
0.39206,0.232701,0,0.0658556
0.326413,0.233386,0,0.0659295
0.321173,0.234606,0,0.0659972
0.319139,0.236743,0,0.0660619
0.316919,0.239182,0,0.0654899
0.318436,0.242487,0,0.0660214
0.320798,0.246315,0,0.0662268
0.322988,0.251419,0,0.0662251
0.37883,0.271146,0,0.066137
0.380482,0.277772,0,0.0658953
0.389507,0.28833,0,0.0653749
0.413448,0.307351,0,0.0645137
0.419135,0.322355,0,0.0614786
0.413027,0.337885,0,0.0564888
0.400742,0.336616,0,0.0540426
0.38878,0.336421,0,0.0540426
0.376865,0.336592,0,0.0540426
0.361927,0.332606,0,0.0540426
0.34931,0.328479,0,0.0540426
0.337412,0.323352,0,0.0540426
0.326043,0.317288,0,0.0540426
0.320033,0.311631,0,0.0540426
0.317333,0.314015,0,0.0540426
0.313108,0.315476,0,0.0540426
0.3083,0.316788,0,0.0540426
0.304187,0.316946,0,0.0540426
0.304187,0.316946,0,0
0.304187,0.316946,0,0
0.304187,0.316946,0,0
0.304187,0.316946,0,0
0.304187,0.316946,0,0
0.304187,0.316946,0,0
0.304187,0.316946,0,0
-0.245,0,-0.33968,0
-0.245,0,-0.33968,0
-0.245,0,-0.33968,0
-0.245,0,-0.33968,0
-0.245,0,-0.33968,0
-0.245,0,-0.33968,0
-0.245,0,-0.33968,0
-0.245,0,-0.33968,0
-0.245,0,-0.339395,0
-0.188368,0,-0.335745,0.00663187
-0.204537,0,-0.335971,0.0282746
-0.178374,0,-0.331527,0.0166262
-0.174188,0,-0.328383,0.0208116
-0.174892,0,-0.3229,0.0201083
-0.174805,0,-0.317964,0.0201954
-0.172951,0,-0.312718,0.0220494
-0.17104,0,-0.305769,0.0239598
-0.176444,0,-0.299815,0.0261909
-0.183631,0,-0.293809,0.0286285
-0.189413,0,-0.288906,0.031482
-0.203561,0,-0.285653,0.0381719
-0.20678,0,-0.279754,0.0423754
-0.208726,0,-0.272705,0.046929
-0.216284,0,-0.268393,0.0557457
-0.216156,0,-0.261445,0.060398
-0.215934,0,-0.255164,0.0644288
-0.220957,0,-0.250614,0.0695554
-0.222031,0,-0.246945,0.0705692
-0.223157,0,-0.242898,0.070764
-0.224043,0,-0.239375,0.0709566
-0.223668,0,-0.23393,0.0713318
-0.223668,0,-0.230512,0.0713318
-0.223394,0,-0.227715,0.071606
-0.223394,0,-0.225826,0.071606
-0.213258,0,-0.22439,0.0717838
-0.200331,0,-0.223701,0.0719544
-0.231593,0,-0.223668,0
-0.231593,0,-0.223668,0
-0.231593,0,-0.223668,0
-0.231593,0,-0.223668,0
-0.231593,0,-0.223668,0
-0.231593,0,-0.223668,0
-0.231593,0,-0.223668,0
0.245,0.207818,0,0
0.245,0.207818,0,0
0.245,0.207818,0,0
0.245,0.207818,0,0
0.245,0.207818,0,0
0.245,0.207818,0,0
0.245,0.207818,0,0
0.245,0.207818,0,0
0.195,0.207769,0,0
0.189384,0.207612,0,-0.0201179
0.192868,0.207313,0,-0.0109662
0.185381,0.206813,0,-0.0186947
0.18838,0.206491,0,-0.0153729
0.184274,0.205634,0,-0.0187451
0.183153,0.204703,0,-0.0189598
0.182263,0.203708,0,-0.018976
0.179577,0.202394,0,-0.0209647
0.176792,0.200533,0,-0.0233492
0.174068,0.1982,0,-0.0260665
0.177387,0.197678,0,-0.0291979
0.184426,0.199005,0,-0.033092
0.201356,0.205012,0,-0.0415512
0.211365,0.209574,0,-0.0526958
0.208674,0.208281,0,-0.0526958
0.210125,0.209196,0,-0.0579761
0.210535,0.209587,0,-0.061938
0.218187,0.215225,0,-0.0650634
0.221951,0.218639,0,-0.0650472
0.220793,0.218226,0,-0.0650472
0.221897,0.219752,0,-0.0650434
0.222825,0.221042,0,-0.0650427
0.223712,0.222354,0,-0.0650451
0.223486,0.223618,0,-0.0650504
0.223922,0.223967,0,-0.0650324
0.223305,0.224219,0,-0.065049
0.22215,0.224401,0,-0.0650631
0.220679,0.224472,0,-0.0650797
0.247027,0.224472,0,0
0.247027,0.224472,0,0
0.247027,0.224472,0,0
0.247027,0.224472,0,0
0.247027,0.224472,0,0
0.247027,0.224472,0,0
0.247027,0.224472,0,0
-0.245,0,-0.212894,0
-0.245,0,-0.212894,0
-0.245,0,-0.212894,0
-0.245,0,-0.212894,0
-0.245,0,-0.212894,0
-0.245,0,-0.212894,0
-0.245,0,-0.212894,0
-0.195,0,-0.212894,0
-0.209831,0,-0.212882,0
-0.233035,0,-0.213167,0.0116498
-0.235686,0,-0.213534,0.012741
-0.23969,0,-0.214231,0.0128392
-0.24124,0,-0.215026,0.0124488
-0.236298,0,-0.21538,0.0111073
-0.241064,0,-0.216826,0.0111073
-0.24158,0,-0.217775,0.0102993
-0.243544,0,-0.219501,0.00964897
-0.24412,0,-0.220908,0.0090148
-0.250696,0,-0.224584,0.00940368
-0.250859,0,-0.226472,0.00923153
-0.251103,0,-0.228459,0.00921063
-0.251418,0,-0.23049,0.00926593
-0.251812,0,-0.232551,0.00936925
-0.252194,0,-0.234638,0.00947771
-0.252541,0,-0.236824,0.00969876
-0.252658,0,-0.238942,0.00968351
-0.252605,0,-0.240709,0.00980077
-0.252308,0,-0.24234,0.0100502
-0.251773,0,-0.243671,0.0105127
-0.251015,0,-0.244581,0.0113197
-0.249905,0,-0.245042,0.0125928
-0.248372,0,-0.244921,0.0145833
-0.246097,0,-0.244604,0.0175659
-0.240131,0,-0.245404,0.0268971
-0.235065,0,-0.246021,0.0344403
-0.229191,0,-0.246473,0.0420902
-0.223469,0,-0.246732,0.0489485
-0.250063,0,-0.24678,0
-0.250063,0,-0.24678,0
-0.250063,0,-0.24678,0
-0.250063,0,-0.24678,0
-0.250063,0,-0.24678,0
-0.250063,0,-0.24678,0
-0.250063,0,-0.24678,0
0.245,0.246635,0,0
0.245,0.246635,0,0
0.245,0.246635,0,0
0.245,0.246635,0,0
0.245,0.246635,0,0
0.245,0.246635,0,0
0.245,0.246635,0,0
0.245,0.246635,0,0
0.195,0.246552,0,0
0.187033,0.24621,0,-0.00796731
0.186799,0.245525,0,-0.00820067
0.186913,0.244548,0,-0.00808694
0.186955,0.243258,0,-0.00804455
0.187263,0.241656,0,-0.00712133
0.191745,0.240309,0,-0.00712133
0.199533,0.239556,0,-0.00657469
0.206035,0.238928,0,-0.0060509
0.211431,0.238484,0,-0.00566215
0.216539,0.238172,0,-0.00535288
0.220432,0.238061,0,-0.00500272
0.224274,0.238206,0,-0.00480322
0.234117,0.241375,0,-0.00577235
0.237391,0.242256,0,-0.00559936
0.239827,0.243095,0,-0.0051315
0.241886,0.243928,0,-0.0051315
0.243629,0.244773,0,-0.00492041
0.245039,0.24557,0,-0.00480166
0.246053,0.246219,0,-0.00475108
0.246684,0.246673,0,-0.00488411
0.246912,0.246858,0,-0.00528825
0.246774,0.246752,0,-0.00608403
0.246162,0.246219,0,-0.00745767
0.245116,0.245249,0,-0.00961907
0.243284,0.24427,0,-0.0127971
0.239446,0.244217,0,-0.0194436
0.235443,0.244174,0,-0.0255467
0.230726,0.244145,0,-0.0319341
0.22629,0.244132,0,-0.0374174
0.247458,0.244131,0,0
0.247458,0.244131,0,0
0.247458,0.244131,0,0
0.247458,0.244131,0,0
0.247458,0.244131,0,0
0.247458,0.244131,0,0
0.247458,0.244131,0,0
-0.245,0,-0.243885,0
-0.245,0,-0.243885,0
-0.245,0,-0.243885,0
-0.245,0,-0.243885,0
-0.245,0,-0.243885,0
-0.245,0,-0.243885,0
-0.245,0,-0.243885,0
-0.245,0,-0.243885,0
-0.195,0,-0.243714,0
-0.191787,0,-0.243337,0.0112875
-0.185713,0,-0.242508,0.00928681
-0.186443,0,-0.241283,0.00907996
-0.197381,0,-0.240618,0.00825694
-0.205571,0,-0.240192,0.00744548
-0.211539,0,-0.239573,0.00554581
-0.220082,0,-0.23984,0.00554581
-0.224377,0,-0.239849,0.00462694
-0.228539,0,-0.240064,0.0037618
-0.231952,0,-0.240396,0.00298573
-0.234648,0,-0.240766,0.00241929
-0.236964,0,-0.241189,0.00195509
-0.238645,0,-0.241605,0.00168416
-0.240316,0,-0.242136,0.00155827
-0.241555,0,-0.24263,0.00166
-0.242789,0,-0.24324,0.00166
-0.243695,0,-0.243765,0.00185259
-0.244435,0,-0.244261,0.00214209
-0.244866,0,-0.244598,0.0025822
-0.245074,0,-0.244803,0.00323543
-0.24497,0,-0.24477,0.0055066
-0.244552,0,-0.244456,0.0055066
-0.243786,0,-0.243797,0.00740352
-0.242457,0,-0.24257,0.0100684
-0.240341,0,-0.241562,0.0137013
-0.238079,0,-0.241514,0.0174753
-0.234352,0,-0.241473,0.0228727
-0.229953,0,-0.241447,0.0286415
-0.225976,0,-0.241438,0.0335258
-0.245664,0,-0.241438,0
-0.245664,0,-0.241438,0
-0.245664,0,-0.241438,0
-0.245664,0,-0.241438,0
-0.245664,0,-0.241438,0
-0.245664,0,-0.241438,0
-0.245664,0,-0.241438,0
0.245,0.24111,0,0
0.245,0.24111,0,0
0.245,0.24111,0,0
0.245,0.24111,0,0
0.245,0.24111,0,0
0.245,0.24111,0,0
0.245,0.24111,0,0
0.195,0.241108,0,0
0.195,0.240811,0,-0.0194947
0.228388,0.240922,0,-0.0194947
0.181169,0.239339,0,-0.0138309
0.182103,0.238247,0,-0.0128969
0.188176,0.237201,0,-0.0126632
0.194682,0.23642,0,-0.0120524
0.203296,0.235937,0,-0.0120524
0.208712,0.235465,0,-0.011714
0.213079,0.235154,0,-0.0115137
0.217191,0.234988,0,-0.0113784
0.220787,0.234998,0,-0.0112933
0.224237,0.235227,0,-0.0112598
0.227497,0.23569,0,-0.0112161
0.230638,0.236398,0,-0.0110752
0.233317,0.237223,0,-0.0102818
0.235885,0.238269,0,-0.0102818
0.238679,0.239655,0,-0.00975289
0.240529,0.240736,0,-0.00902853
0.242044,0.241756,0,-0.00828162
0.243161,0.242631,0,-0.00764414
0.243679,0.24312,0,-0.00702816
0.243874,0.24338,0,-0.00719259
0.243644,0.243288,0,-0.00760466
0.242907,0.242719,0,-0.00904134
0.241728,0.241703,0,-0.0106918
0.239697,0.24172,0,-0.0136955
0.237344,0.241733,0,-0.0171268
0.233778,0.241743,0,-0.0220989
0.227386,0.241749,0,-0.0317623
0.226112,0.241751,0,-0.0317623
0.226112,0.241751,0,0
0.226112,0.241751,0,0
0.226112,0.241751,0,0
0.226112,0.241751,0,0
0.226112,0.241751,0,0
0.226112,0.241751,0,0
0.226112,0.241751,0,0
-0.245,0,-0.239171,0
-0.245,0,-0.239171,0
-0.245,0,-0.239171,0
-0.245,0,-0.239171,0
-0.245,0,-0.239171,0
-0.245,0,-0.239171,0
-0.245,0,-0.239171,0
-0.195,0,-0.239166,0
-0.195,0,-0.23879,0
-0.225381,0,-0.238951,0.0196649
-0.181495,0,-0.237355,0.0135051
-0.182673,0,-0.236195,0.0123268
-0.185963,0,-0.23512,0.0117261
-0.194734,0,-0.234535,0.0111831
-0.202087,0,-0.234047,0.0104931
-0.207165,0,-0.233517,0.00936716
-0.21391,0,-0.233582,0.00936716
-0.21813,0,-0.233591,0.00893609
-0.221571,0,-0.233771,0.00863866
-0.225165,0,-0.234184,0.00837255
-0.228801,0,-0.2349,0.00808082
-0.231333,0,-0.235604,0.0075942
-0.234053,0,-0.236612,0.00735808
-0.236607,0,-0.237761,0.00691592
-0.238639,0,-0.238852,0.00643022
-0.240406,0,-0.239976,0.00601278
-0.24144,0,-0.240751,0.0054397
-0.242388,0,-0.241554,0.0054212
-0.242857,0,-0.242061,0.0054212
-0.243016,0,-0.242353,0.00599132
-0.242751,0,-0.242272,0.00647155
-0.242061,0,-0.241773,0.00774821
-0.240921,0,-0.240893,0.00980664
-0.238267,0,-0.240941,0.015506
-0.237098,0,-0.24098,0.015506
-0.233817,0,-0.241006,0.0199027
-0.230017,0,-0.241022,0.0246529
-0.226882,0,-0.241026,0.0285318
-0.226882,0,-0.241026,0
-0.226882,0,-0.241026,0
-0.226882,0,-0.241026,0
-0.226882,0,-0.241026,0
-0.226882,0,-0.241026,0
-0.226882,0,-0.241026,0
-0.226882,0,-0.241026,0
0.245,0.239923,0,0
0.245,0.239923,0,0
0.245,0.239923,0,0
0.245,0.239923,0,0
0.245,0.239923,0,0
0.245,0.239923,0,0
0.245,0.239923,0,0
0.195,0.239911,0,0
0.184863,0.239621,0,-0.0101373
0.183824,0.239017,0,-0.0111763
0.183632,0.238074,0,-0.0113684
0.183996,0.236825,0,-0.0110041
0.191732,0.23612,0,-0.0103528
0.200156,0.235604,0,-0.00963157
0.207959,0.235265,0,-0.00887633
0.212817,0.235016,0,-0.00803402
0.217694,0.235006,0,-0.00747559
0.222304,0.235159,0,-0.00691637
0.225937,0.235457,0,-0.00630993
0.228697,0.235888,0,-0.00588652
0.23185,0.236628,0,-0.00547962
0.234205,0.237328,0,-0.00504351
0.236502,0.238183,0,-0.00467287
0.238265,0.238997,0,-0.00438952
0.239657,0.239763,0,-0.00419958
0.240839,0.24052,0,-0.00407463
0.241682,0.241151,0,-0.00405627
0.242223,0.241633,0,-0.00421775
0.242459,0.241926,0,-0.0046095
0.242351,0.241944,0,-0.00532941
0.241898,0.241638,0,-0.00649236
0.240995,0.240892,0,-0.00827337
0.244353,0.244713,0,-0.0144622
0.240367,0.24482,0,-0.0212522
0.236309,0.244922,0,-0.0274523
0.232078,0.244979,0,-0.0332069
0.2281,0.245013,0,-0.037767
0.248931,0.245017,0,0
0.248931,0.245017,0,0
0.248931,0.245017,0,0
0.248931,0.245017,0,0
0.248931,0.245017,0,0
0.248931,0.245017,0,0
0.248931,0.245017,0,0
-0.245,0,-0.242898,0
-0.245,0,-0.242898,0
-0.245,0,-0.242898,0
-0.245,0,-0.242898,0
-0.245,0,-0.242898,0
-0.245,0,-0.242898,0
-0.245,0,-0.242898,0
-0.245,0,-0.242898,0
-0.195,0,-0.242733,0
-0.224398,0,-0.242734,0.0215471
-0.179523,0,-0.241578,0.0154772
-0.180081,0,-0.240479,0.0149187
-0.181298,0,-0.239125,0.0137024
-0.181688,0,-0.237482,0.0133121
-0.187729,0,-0.236266,0.0128902
-0.194383,0,-0.23534,0.0125663
-0.2007,0,-0.234423,0.0123623
-0.205035,0,-0.233767,0.0122864
-0.217512,0,-0.235526,0.0139566
-0.220985,0,-0.235493,0.0139566
-0.224382,0,-0.235733,0.0143627
-0.227249,0,-0.236129,0.0145595
-0.230624,0,-0.236884,0.0148818
-0.233278,0,-0.237701,0.0149078
-0.235955,0,-0.238793,0.0148588
-0.238305,0,-0.239951,0.0145178
-0.239996,0,-0.240928,0.0141806
-0.241774,0,-0.242084,0.0136196
-0.243103,0,-0.243056,0.012898
-0.243697,0,-0.243548,0.0121049
-0.244095,0,-0.243918,0.0121049
-0.243897,0,-0.243783,0.0123551
-0.243109,0,-0.243092,0.0133233
-0.241723,0,-0.242384,0.0152423
-0.239225,0,-0.242372,0.0187618
-0.2359,0,-0.242362,0.0230225
-0.231995,0,-0.242356,0.0277782
-0.22827,0,-0.242354,0.0319249
-0.246932,0,-0.242354,0
-0.246932,0,-0.242354,0
-0.246932,0,-0.242354,0
-0.246932,0,-0.242354,0
-0.246932,0,-0.242354,0
-0.246932,0,-0.242354,0
-0.246932,0,-0.242354,0
0.245,0.240866,0,0
0.245,0.240866,0,0
0.245,0.240866,0,0
0.245,0.240866,0,0
0.245,0.240866,0,0
0.245,0.240866,0,0
0.245,0.240866,0,0
0.245,0.240866,0,0
0.195,0.2407,0,0
0.202583,0.240382,0,-0.0135679
0.184518,0.239342,0,-0.0104822
0.184831,0.238359,0,-0.0101867
0.196007,0.237775,0,-0.00947468
0.203136,0.237037,0,-0.00754475
0.213542,0.237165,0,-0.00754475
0.218511,0.23711,0,-0.00663428
0.223688,0.237277,0,-0.00584087
0.2277,0.237559,0,-0.00432711
0.231135,0.23801,0,-0.00432711
0.234297,0.238609,0,-0.00372692
0.23644,0.239137,0,-0.0032394
0.238342,0.239755,0,-0.00292857
0.239889,0.240389,0,-0.00276372
0.241224,0.241059,0,-0.00274395
0.242413,0.24178,0,-0.00285014
0.243333,0.242444,0,-0.00306581
0.244003,0.243021,0,-0.0033805
0.244408,0.243462,0,-0.00384133
0.244554,0.243724,0,-0.00451928
0.244386,0.243749,0,-0.00549002
0.24393,0.243484,0,-0.00888481
0.242986,0.242759,0,-0.00888481
0.241524,0.241499,0,-0.0116477
0.239569,0.241515,0,-0.014957
0.237024,0.24153,0,-0.0192697
0.233313,0.241541,0,-0.0247377
0.228954,0.241548,0,-0.0303558
0.225152,0.24155,0,-0.0349077
0.225152,0.24155,0,0
0.225152,0.24155,0,0
0.225152,0.24155,0,0
0.225152,0.24155,0,0
0.225152,0.24155,0,0
0.225152,0.24155,0,0
0.225152,0.24155,0,0
-0.245,0,-0.240664,0
-0.245,0,-0.240664,0
-0.245,0,-0.240664,0
-0.245,0,-0.240664,0
-0.245,0,-0.240664,0
-0.245,0,-0.240664,0
-0.245,0,-0.240664,0
-0.195,0,-0.240663,0
-0.195,0,-0.240421,0
-0.209971,0,-0.240224,0.0157809
-0.182638,0,-0.23896,0.0123622
-0.183805,0,-0.237807,0.0111947
-0.192997,0,-0.237056,0.0106254
-0.200235,0,-0.236529,0.00978252
-0.207785,0,-0.236195,0.00910207
-0.213503,0,-0.235983,0.00835069
-0.219238,0,-0.235977,0.00770089
-0.222915,0,-0.236082,0.00712829
-0.226623,0,-0.236392,0.00658291
-0.229877,0,-0.236877,0.00603032
-0.23313,0,-0.237646,0.0055958
-0.235582,0,-0.238383,0.00502238
-0.23768,0,-0.239187,0.00469205
-0.239521,0,-0.240041,0.00435959
-0.241159,0,-0.240961,0.004113
-0.242244,0,-0.241686,0.00382957
-0.243134,0,-0.242376,0.00392524
-0.243684,0,-0.242898,0.00404323
-0.243917,0,-0.24321,0.00439274
-0.243841,0,-0.243281,0.00505298
-0.243423,0,-0.243044,0.00614289
-0.245099,0,-0.244648,0.00781799
-0.245333,0,-0.244979,0.00467154
-0.243735,0,-0.244705,0.00347691
-0.240749,0,-0.24479,0.00737682
-0.236476,0,-0.244854,0.0143114
-0.231461,0,-0.244894,0.0215045
-0.2269,0,-0.244907,0.0276513
-0.244827,0,-0.244907,0
-0.244827,0,-0.244907,0
-0.244827,0,-0.244907,0
-0.244827,0,-0.244907,0
-0.244827,0,-0.244907,0
-0.244827,0,-0.244907,0
-0.244827,0,-0.244907,0
0.245,0.2443,0,0
0.245,0.2443,0,0
0.245,0.2443,0,0
0.245,0.2443,0,0
0.245,0.2443,0,0
0.245,0.2443,0,0
0.245,0.2443,0,0
0.195,0.244299,0,0
0.195,0.24406,0,0
0.204283,0.243756,0,-0.0129538
0.185136,0.242448,0,-0.01056
0.185892,0.241433,0,-0.00935045
0.196383,0.240772,0,-0.00873497
0.205423,0.24025,0,-0.00792586
0.212443,0.2399,0,-0.00703343
0.218271,0.239726,0,-0.00621546
0.222271,0.239426,0,-0.00465284
0.227514,0.239842,0,-0.00465284
0.230447,0.24009,0,-0.00406978
0.233123,0.240403,0,-0.00350867
0.235281,0.240709,0,-0.00306935
0.237139,0.241095,0,-0.00283237
0.238711,0.24152,0,-0.00272764
0.240034,0.241964,0,-0.00273723
0.241208,0.24245,0,-0.00286035
0.242119,0.242892,0,-0.00305944
0.242786,0.243251,0,-0.00334883
0.243188,0.243479,0,-0.00379347
0.24331,0.243522,0,-0.00446009
0.243101,0.24331,0,-0.00520596
0.242581,0.242814,0,-0.00685919
0.241143,0.241457,0,-0.0117552
0.240194,0.240609,0,-0.0117552
0.237256,0.240502,0,-0.0167574
0.23571,0.240423,0,-0.0190183
0.232126,0.240366,0,-0.0240251
0.228065,0.240332,0,-0.0292453
0.224825,0.240323,0,-0.0333486
0.224825,0.240323,0,0
0.224825,0.240323,0,0
0.224825,0.240323,0,0
0.224825,0.240323,0,0
0.224825,0.240323,0,0
0.224825,0.240323,0,0
0.224825,0.240323,0,0
-0.245,0,-0.239587,0
-0.245,0,-0.239587,0
-0.245,0,-0.239587,0
-0.245,0,-0.239587,0
-0.245,0,-0.239587,0
-0.245,0,-0.239587,0
-0.245,0,-0.239587,0
-0.195,0,-0.239556,0
-0.184354,0,-0.239315,0.0106455
-0.182363,0,-0.238731,0.0126369
-0.182916,0,-0.237837,0.0120843
-0.183283,0,-0.236654,0.0117174
-0.1899,0,-0.23556,0.0112072
-0.196366,0,-0.234732,0.00989397
-0.204721,0,-0.234569,0.00989397
-0.211053,0,-0.234308,0.00926293
-0.215593,0,-0.234178,0.00867084
-0.220016,0,-0.234251,0.00823634
-0.223189,0,-0.23446,0.00784494
-0.226588,0,-0.234896,0.00746298
-0.229667,0,-0.235526,0.00702483
-0.232482,0,-0.236362,0.00664627
-0.235226,0,-0.237385,0.00629638
-0.237278,0,-0.238297,0.00517904
-0.23915,0,-0.239321,0.00517904
-0.240501,0,-0.240184,0.00496962
-0.241593,0,-0.240998,0.00472386
-0.242141,0,-0.241486,0.00445626
-0.242563,0,-0.241932,0.00502525
-0.242536,0,-0.242033,0.00529791
-0.242187,0,-0.241837,0.00621522
-0.241408,0,-0.241227,0.00773576
-0.244862,0,-0.245024,0.0139838
-0.240777,0,-0.245162,0.0207597
-0.237051,0,-0.245275,0.0261344
-0.230452,0,-0.245348,0.0352089
-0.229275,0,-0.245382,0.0352089
-0.249002,0,-0.245386,0
-0.249002,0,-0.245386,0
-0.249002,0,-0.245386,0
-0.249002,0,-0.245386,0
-0.249002,0,-0.245386,0
-0.249002,0,-0.245386,0
-0.249002,0,-0.245386,0
0.245,0.243462,0,0
0.245,0.243462,0,0
0.245,0.243462,0,0
0.245,0.243462,0,0
0.245,0.243462,0,0
0.245,0.243462,0,0
0.245,0.243462,0,0
0.245,0.243462,0,0
0.195,0.243342,0,0
0.214621,0.243209,0,-0.0190788
0.181255,0.242179,0,-0.0137452
0.181868,0.241104,0,-0.0131321
0.182046,0.239585,0,-0.0129538
0.183205,0.2378,0,-0.0124751
0.189609,0.236944,0,-0.0116303
0.196427,0.236091,0,-0.0116303
0.202505,0.235236,0,-0.0113116
0.20688,0.234562,0,-0.0110902
0.218863,0.236375,0,-0.0124111
0.222295,0.236435,0,-0.0128381
0.225578,0.236648,0,-0.0128381
0.228634,0.237085,0,-0.0133064
0.231764,0.237819,0,-0.0133064
0.234496,0.238675,0,-0.0133407
0.237059,0.239724,0,-0.0131809
0.239172,0.240768,0,-0.0127646
0.241276,0.241983,0,-0.0123374
0.242886,0.243045,0,-0.0117058
0.243935,0.243826,0,-0.011136
0.244521,0.244319,0,-0.010797
0.244515,0.244358,0,-0.0113596
0.244344,0.244243,0,-0.0113596
0.243488,0.243486,0,-0.0126846
0.241914,0.242738,0,-0.0149796
0.238875,0.242722,0,-0.0193485
0.235162,0.242709,0,-0.0247248
0.230888,0.2427,0,-0.0300328
0.227375,0.242697,0,-0.0337202
0.246952,0.242697,0,0
0.246952,0.242697,0,0
0.246952,0.242697,0,0
0.246952,0.242697,0,0
0.246952,0.242697,0,0
0.246952,0.242697,0,0
0.246952,0.242697,0,0
-0.245,0,-0.241134,0
-0.245,0,-0.241134,0
-0.245,0,-0.241134,0
-0.245,0,-0.241134,0
-0.245,0,-0.241134,0
-0.245,0,-0.241134,0
-0.245,0,-0.241134,0
-0.245,0,-0.241134,0
-0.195,0,-0.240928,0
-0.209544,0,-0.240743,0.0151627
-0.183131,0,-0.239562,0.0118691
-0.184344,0,-0.238444,0.0106556
-0.194276,0,-0.237717,0.0100075
