0.000161463,0.0630127,6.63798e-05,0,0,0.000161403,0.0142709
0.000161463,0.0721472,7.57951e-05,7.96557e-07,0,0.000161265,0.0145472
0.000161463,0.068725,7.18524e-05,2.28892e-06,0,0.000161106,0.0135219
0.000161463,0.0574835,5.96005e-05,3.73386e-06,0,0.000160939,0.0110968
0.000161463,0.048068,4.92647e-05,4.95037e-06,0,0.000160769,0.00930178
0.000161463,0.0390013,3.92915e-05,5.95633e-06,0,0.000160595,0.00753347
0.000161463,0.0309684,3.04146e-05,6.76211e-06,0,0.000160415,0.0059872
0.000161463,0.0234668,2.21098e-05,7.38816e-06,0,0.00016023,0.00453095
0.000161463,0.0166347,1.453e-05,7.84696e-06,0,0.000160039,0.00320988
0.000161463,0.00988639,7.06197e-06,8.15272e-06,0,0.00015984,0.00188871
0.000161463,0.00323575,-2.72851e-07,8.3089e-06,0,0.000159631,0.000587077
0.000161463,-0.00313739,-7.27836e-06,8.31811e-06,0,0.000159413,-0.000655079
0.000161463,-0.00854315,-1.32209e-05,8.18656e-06,0,0.000159183,-0.00168809
0.000161463,-0.0129593,-1.80756e-05,7.93402e-06,0,0.000158941,-0.00252642
0.000161463,-0.0160174,-2.1453e-05,7.58222e-06,0,0.000158685,-0.00308807
0.000161463,-0.017539,-2.31674e-05,7.15991e-06,0,0.000158413,-0.0033434
0.000161463,-0.0175384,-2.32385e-05,6.7e-06,0,0.000158125,-0.00330065
0.000161463,-0.0162418,-2.19115e-05,6.23537e-06,0,0.000157818,-0.00301014
0.000161463,-0.0140439,-1.96099e-05,5.79449e-06,0,0.00015749,-0.00255402
0.000161463,-0.0114457,-1.68695e-05,5.39768e-06,0,0.00015714,-0.00203359
0.000161463,-0.00887433,-1.41463e-05,5.05481e-06,0,0.000156767,-0.00153047
0.000161463,-0.00653999,-1.16657e-05,4.76644e-06,0,0.000156367,-0.00107978
0.000161463,-0.00467313,-9.67353e-06,4.52817e-06,0,0.000155939,-0.000727302
0.000161463,-0.0031578,-8.0485e-06,4.33071e-06,0,0.000155481,-0.000440513
0.000161463,-0.00196101,-6.75671e-06,4.16649e-06,0,0.000154989,-0.000215296
0.000161463,-0.00104089,-5.75461e-06,4.02877e-06,0,0.000154461,-4.31896e-05
0.000161463,-0.000361969,-5.00514e-06,3.91168e-06,0,0.000153895,8.25814e-05
0.000161463,9.38449e-05,-4.48944e-06,3.81008e-06,0,0.000153286,0.000165068
0.000161463,0.000350231,-4.1825e-06,3.71926e-06,0,0.000152633,0.000209068
0.000161463,0.000449125,-4.03989e-06,3.63499e-06,0,0.00015193,0.000223319
0.000161463,0.000416371,-4.03413e-06,3.55391e-06,0,0.000151175,0.000212429
0.000161463,0.000275576,-4.14002e-06,3.47321e-06,0,0.000150363,0.00018096
0.000161463,5.28518e-05,-4.32968e-06,3.39063e-06,0,0.000149489,0.0001341
0.000161463,-0.000206708,-4.55518e-06,3.30441e-06,0,0.000148549,8.12223e-05
0.000161463,-0.000495135,-4.80792e-06,3.21376e-06,0,0.000147538,2.28365e-05
0.000161463,-0.000791205,-5.0653e-06,3.11811e-06,0,0.000146449,-3.65268e-05
0.000161463,-0.00106046,-5.2908e-06,3.01731e-06,0,0.000145278,-8.97439e-05
0.000161463,-0.00126664,-5.44613e-06,2.91195e-06,0,0.000144016,-0.000129658
0.000161463,-0.00139524,-5.51621e-06,2.80334e-06,0,0.000142658,-0.00015405
0.000161463,-0.00143638,-5.49088e-06,2.69326e-06,0,0.000141195,-0.000161117
0.000161463,-0.0014133,-5.39516e-06,2.58338e-06,0,0.00013962,-0.000156363
0.000161463,-0.0013452,-5.24976e-06,2.47523e-06,0,0.000137924,-0.000143452
0.000161463,-0.00126305,-5.08775e-06,2.36995e-06,0,0.000136097,-0.000128796
0.000161463,-0.0011891,-4.93298e-06,2.26787e-06,0,0.000134129,-0.000116529
0.000161463,-0.00113487,-4.79781e-06,2.1689e-06,0,0.000132009,-0.000108611
0.000161463,-0.00109289,-4.67451e-06,2.07267e-06,0,0.000129726,-0.000103046
0.000161463,-0.00105143,-4.55086e-06,1.97894e-06,0,0.000127267,-9.74092e-05
0.000161463,-0.000999731,-4.41567e-06,1.88767e-06,0,0.000124621,-8.95926e-05
0.000161463,-0.000938072,-4.26945e-06,1.79909e-06,0,0.000121778,-7.99306e-05
0.000161463,-0.000875271,-4.12173e-06,1.71341e-06,0,0.000118748,-7.03466e-05
0.000158314,-0.000813447,-3.97493e-06,1.63068e-06,0,0.000115608,-6.10297e-05
0.000155085,-0.000759209,-3.83619e-06,1.55089e-06,0,0.000112444,-5.33853e-05
0.000151856,-0.000700993,-3.69344e-06,1.47388e-06,0,0.00010928,-4.46283e-05
0.000148627,-0.000615752,-3.5225e-06,1.39973e-06,0,0.000106123,-2.99135e-05
0.000145397,-0.000516577,-3.33743e-06,1.32894e-06,0,0.000102975,-1.28266e-05
0.000142168,-0.000416328,-3.15203e-06,1.26182e-06,0,9.98363e-05,4.11786e-06
0.000138939,-0.000340559,-2.99344e-06,1.19813e-06,0,9.67081e-05,1.55509e-05
0.00013571,-0.000302508,-2.8757e-06,1.13771e-06,0,9.35907e-05,1.92251e-05
0.00013248,-0.000288289,-2.78411e-06,1.07978e-06,0,9.0485e-05,1.86286e-05
0.000129251,-0.000297438,-2.71818e-06,1.02391e-06,0,8.73916e-05,1.34749e-05
0.000126022,-0.000326578,-2.67429e-06,9.69419e-07,0,8.43113e-05,4.50929e-06
0.000122793,-0.000366675,-2.64284e-06,9.15846e-07,0,8.12449e-05,-6.33671e-06
0.000119563,-0.000408975,-2.61455e-06,8.62926e-07,0,7.81934e-05,-1.73534e-05
0.000116334,-0.000453493,-2.58942e-06,8.10578e-07,0,7.51577e-05,-2.87897e-05
0.000113105,-0.000484452,-2.55076e-06,7.5874e-07,0,7.21389e-05,-3.71056e-05
0.000109875,-0.000500603,-2.49729e-06,7.07589e-07,0,6.9138e-05,-4.24648e-05
0.000106646,-0.000515128,-2.443e-06,6.57456e-07,0,6.61564e-05,-4.78575e-05
0.000103417,-0.00054256,-2.40324e-06,6.08461e-07,0,6.31953e-05,-5.6171e-05
0.000100188,-0.000589764,-2.38525e-06,5.60316e-07,0,6.02563e-05,-6.8533e-05
9.69585e-05,-0.000647977,-2.37966e-06,5.12548e-07,0,5.7341e-05,-8.27835e-05
9.37292e-05,-0.000700143,-2.36842e-06,4.64935e-07,0,5.4451e-05,-9.5342e-05
9.04999e-05,-0.00072834,-2.33258e-06,4.17522e-07,0,5.15883e-05,-0.000102667
8.72707e-05,-0.000732681,-2.27234e-06,3.70781e-07,0,4.87548e-05,-0.000105289
8.40414e-05,-0.000711914,-2.18646e-06,3.25214e-07,0,4.59528e-05,-0.00010292
8.08122e-05,-0.000660125,-2.06882e-06,2.81184e-07,0,4.31845e-05,-9.42672e-05
7.75829e-05,-0.000594596,-1.93783e-06,2.39396e-07,0,4.04524e-05,-8.33713e-05
7.43537e-05,-0.000528918,-1.80798e-06,2.00312e-07,0,3.77592e-05,-7.27903e-05
7.11244e-05,-0.000474901,-1.69181e-06,1.63763e-07,0,3.51079e-05,-6.47871e-05
6.78951e-05,-0.000430652,-1.58734e-06,1.29694e-07,0,3.25019e-05,-5.86008e-05
6.46659e-05,-0.000398328,-1.49688e-06,9.77383e-08,0,2.99444e-05,-5.47649e-05
6.14366e-05,-0.000377008,-1.41944e-06,6.75745e-08,0,2.74394e-05,-5.30085e-05
5.82074e-05,-0.000365149,-1.35336e-06,3.89146e-08,0,2.49907e-05,-5.30076e-05
5.49781e-05,-0.000364193,-1.30015e-06,1.17152e-08,0,2.26029e-05,-5.51245e-05
5.17489e-05,-0.000371375,-1.25684e-06,-1.44209e-08,0,2.02805e-05,-5.86939e-05
4.85196e-05,-0.000385026,-1.22162e-06,-3.97092e-08,0,1.80287e-05,-6.34146e-05
4.52903e-05,-0.000404113,-1.19336e-06,-6.42649e-08,0,1.58528e-05,-6.90962e-05
4.20611e-05,-0.000427623,-1.17093e-06,-8.8231e-08,0,1.37587e-05,-7.5535e-05
3.88318e-05,-0.000451401,-1.14991e-06,-1.11739e-07,0,1.17528e-05,-8.18207e-05
3.56026e-05,-0.000478546,-1.13353e-06,-1.3479e-07,0,9.84183e-06,-8.87583e-05
3.23733e-05,-0.000507591,-1.1202e-06,-1.57502e-07,0,8.03316e-06,-9.59224e-05
2.9144e-05,-0.000538022,-1.10932e-06,-1.79939e-07,0,6.33468e-06,-0.000103229
2.59148e-05,-0.00057001,-1.10103e-06,-2.02163e-07,0,4.75492e-06,-0.000110721
2.26855e-05,-0.000605157,-1.09699e-06,-2.24209e-07,0,3.30304e-06,-0.000118741
1.94563e-05,-0.000643409,-1.09709e-06,-2.46163e-07,0,1.98893e-06,-0.00012722
1.6227e-05,-0.000687663,-1.10433e-06,-2.68104e-07,0,8.2322e-07,-0.000136803
1.29978e-05,-0.00073475,-1.1153e-06,-2.90177e-07,0,-1.82734e-07,-0.000146694
9.7685e-06,-0.000780351,-1.12538e-06,-3.12444e-07,0,-1.017e-06,-0.000156021
6.53925e-06,-0.00082732,-1.13755e-06,-3.34911e-07,0,-1.66793e-06,-0.000165567
3.30999e-06,-0.000869641,-1.14539e-06,-3.57626e-07,0,-2.12763e-06,-0.000173938
8.07314e-08,-0.000902204,-1.1435e-06,-3.8051e-07,0,-2.40528e-06,-0.000180204
0,-0.000935909,-1.14337e-06,-4.03384e-07,0,-2.5784e-06,-0.00018699
0,-0.00101153,-1.18804e-06,-4.26252e-07,0,-2.73342e-06,-0.000203155
0,-0.00112104,-1.26881e-06,-4.49923e-07,0,-2.8952e-06,-0.00022575
0,-0.00122641,-1.34531e-06,-4.75097e-07,0,-3.02043e-06,-0.000246239
0,-0.00131977,-1.4091e-06,-5.01736e-07,0,-2.98478e-06,-0.000263758
0,-0.00139596,-1.45467e-06,-5.29758e-07,0,-2.6906e-06,-0.000277503
0,-0.00146549,-1.49314e-06,-5.58692e-07,0,-2.12181e-06,-0.000290033
0,-0.00142903,-1.4196e-06,-5.8842e-07,0,-1.29934e-06,-0.000278805
0,-0.00127259,-1.21968e-06,-6.1707e-07,0,-2.54428e-07,-0.000243511
0,-0.000980103,-8.76925e-07,-6.42163e-07,0,9.8197e-07,-0.000180958
0,-0.000604216,-4.47681e-07,-6.60901e-07,0,2.3825e-06,-0.000103429
0,-4.45259e-05,1.73452e-07,-6.70928e-07,0,3.92417e-06,1.30687e-05
0,0.000797415,1.08936e-06,-6.69012e-07,0,5.58823e-06,0.000187776
0,0.00200011,2.38131e-06,-6.49514e-07,0,7.35981e-06,0.000435517
0,0.00363178,4.1192e-06,-6.05764e-07,0,9.22761e-06,0.000769373
0,0.00570761,6.31625e-06,-5.26856e-07,0,1.11835e-05,0.00119083
0,0.00796095,8.68766e-06,-4.04925e-07,0,1.32221e-05,0.00163964
0,0.0102568,1.10887e-05,-2.39472e-07,0,1.53408e-05,0.00209305
0,0.0123168,1.32232e-05,-2.37011e-08,0,1.74886e-05,0.00249221
0,0.0139003,1.48363e-05,2.33292e-07,0,1.95405e-05,0.00279078
0,0.0148417,1.57537e-05,5.26793e-07,0,2.14011e-05,0.00295859
0,0.0149395,1.57644e-05,8.38656e-07,0,2.30584e-05,0.00295515
0,0.0141675,1.48439e-05,1.15392e-06,0,2.45395e-05,0.00278031
0,0.0124178,1.28825e-05,1.45264e-06,0,2.58829e-05,0.00241065
0,0.00989622,1.01028e-05,1.71715e-06,0,2.71286e-05,0.00189539
0,0.00658128,6.48754e-06,1.92894e-06,0,2.83141e-05,0.00122396
0,0.00270002,2.28257e-06,2.07134e-06,0,2.9474e-05,0.000447901
0,-0.00149737,-2.24214e-06,2.13171e-06,0,3.06397e-05,-0.000383051
0,-0.00562279,-6.67133e-06,2.09818e-06,0,3.18403e-05,-0.00118888
0,-0.00954128,-1.08591e-05,1.98026e-06,0,3.31024e-05,-0.00195024
0,-0.0131355,-1.46786e-05,1.77354e-06,0,3.44508e-05,-0.00264459
0,-0.0162891,-1.80051e-05,1.49334e-06,0,3.59087e-05,-0.00324913
0,-0.01881,-2.06349e-05,1.14488e-06,0,3.74984e-05,-0.00372405
0,-0.0207178,-2.2589e-05,7.37442e-07,0,3.92414e-05,-0.00407911
0,-0.0219423,-2.37945e-05,2.92501e-07,0,4.11593e-05,-0.00429796
0,-0.0224632,-2.4232e-05,-1.80978e-07,0,4.32771e-05,-0.00437797
0,-0.0221859,-2.38043e-05,-6.64524e-07,0,4.56331e-05,-0.0042984
-1.81723e-06,-0.021161,-2.25688e-05,-1.14189e-06,0,4.8317e-05,-0.00407318
-5.64299e-06,-0.0191877,-2.0318e-05,-1.59759e-06,0,5.1468e-05,-0.00365577
-9.46875e-06,-0.0155483,-1.62997e-05,-2.00846e-06,0,5.5196e-05,-0.0028908
-1.32945e-05,-0.0102785,-1.05616e-05,-2.34249e-06,0,5.95649e-05,-0.00180648
-1.71203e-05,-0.00390773,-3.67285e-06,-2.5738e-06,0,6.46288e-05,-0.000520489
-2.0946e-05,0.0044157,5.25547e-06,-2.66448e-06,0,7.04415e-05,0.00117319
-2.47718e-05,0.00879173,9.97793e-06,-2.58169e-06,0,7.70597e-05,0.00192722
-2.85975e-05,0.01073,1.20971e-05,-2.39394e-06,0,8.45437e-05,0.00224665
0,0.000831071,3.62381e-06,-2.19438e-06,0,0.000131682,7.18704e-05
0,-0.0186848,-1.70193e-05,-2.10602e-06,0,0.000142842,-0.00406942
0,-0.0237317,-2.23048e-05,-2.3948e-06,0,0.000155025,-0.00463895
0,-0.0214841,-1.98493e-05,-2.83032e-06,0,0.000168189,-0.0039792
0,-0.0184556,-1.65578e-05,-3.2359e-06,0,0.000182493,-0.00334863
0,-0.015161,-1.29803e-05,-3.57529e-06,0,0.000198103,-0.00267907
0,-0.0108112,-8.28844e-06,-3.84384e-06,0,0.000215118,-0.001779
0,-0.00589397,-2.99366e-06,-4.01899e-06,0,0.000253597,-0.000685527
0,-0.000605085,2.67002e-06,-4.0921e-06,0,0.000297524,0.000325937
0,0.0035027,7.05751e-06,-4.05286e-06,0,0.000320391,0.0011106
0,0.00617289,9.90485e-06,-3.92268e-06,0,0.000337516,0.00160931
0,0.00754653,1.13637e-05,-3.73455e-06,0,0.000354717,0.00186111
0,0.00831414,1.21661e-05,-3.51238e-06,0,0.000374396,0.00201756
0,0.00897207,1.28365e-05,-3.27187e-06,0,0.000396983,0.00216719
0,0.00974914,1.36167e-05,-3.01748e-06,0,0.000422233,0.00234968
0,0.0107879,1.46556e-05,-2.74788e-06,0,0.000450352,0.00259029
0,0.0119571,1.58123e-05,-2.4584e-06,0,0.000481521,0.00285577
0,0.0133323,1.71649e-05,-2.14505e-06,0,0.000516556,0.00316992
0,0.0147118,1.84948e-05,-1.80581e-06,0,0.000555861,0.00348123
0,0.0159611,1.96593e-05,-1.43924e-06,0,0.000598979,0.00376635
0,0.016811,2.03726e-05,-1.04838e-06,0,0.000645865,0.00396926
0,0.0170309,2.03904e-05,-6.4307e-07,0,0.000696742,0.00404618
0,0.016472,1.95562e-05,-2.35299e-07,0,0.000751951,0.00397062
0,0.0150363,1.77667e-05,1.58745e-07,0,0.000811568,0.0037237
0,0.0126295,1.49262e-05,5.20343e-07,0,0.00087558,0.00328807
0,0.00945731,1.12565e-05,8.28809e-07,0,0.000944274,0.00271286
0,0.00558695,6.83241e-06,1.06311e-06,0,0.00101844,0.00200973
0,0.00107416,1.7174e-06,1.20861e-06,0,0.00109863,0.00118678
0,-0.00365014,-3.62672e-06,1.26086e-06,0,0.00118492,0.000340568
0,-0.00846897,-9.07218e-06,1.20703e-06,0,0.00127769,-0.000514359
0,-0.0128115,-1.40121e-05,1.04192e-06,0,0.00137747,-0.00125274
0,-0.016774,-1.85497e-05,7.74031e-07,0,0.00148539,-0.00190886
0,-0.0201702,-2.24885e-05,4.16649e-07,0,0.00160291,-0.00243884
0,-0.0229149,-2.57342e-05,-2.32738e-08,0,0.00173028,-0.00283125
0,-0.0248394,-2.81092e-05,-5.29844e-07,0,0.00186747,-0.0030484
0,-0.025847,-2.95136e-05,-1.08371e-06,0,0.00201504,-0.00307261
0,-0.0259078,-2.99193e-05,-1.66907e-06,0,0.00217377,-0.00289912
0,-0.0242993,-2.8567e-05,-2.26604e-06,0,0.00234452,-0.0023658
0,-0.0212379,-2.56934e-05,-2.84211e-06,0,0.00252826,-0.00154065
0,-0.0164505,-2.1018e-05,-3.36316e-06,0,0.002726,-0.000355241
0,-0.0101068,-1.47312e-05,-3.79521e-06,0,0.00293884,0.00114571
0,-0.00266963,-7.33271e-06,-4.11184e-06,0,0.00316796,0.0028644
0,0.00598239,1.29465e-06,-4.27699e-06,0,0.00341465,0.00484237
0,0.00978807,4.73759e-06,-4.28129e-06,0,0.00368026,0.00571805
0.00156383,0.00132054,-8.10837e-06,-4.19515e-06,0,0.00705805,0.0062243
0.00135034,-0.00772921,-1.81841e-05,-4.3252e-06,0,0.00712234,0.0046198
0.00113685,-0.017835,-2.93701e-05,-4.65362e-06,0,0.00719394,0.00274242
0.000923354,-0.0174267,-2.94328e-05,-5.21865e-06,0,0.00730502,0.00329816
0.000709862,-0.014288,-2.66261e-05,-5.80708e-06,0,0.0074654,0.0042177
0.00049637,-0.0108578,-2.35382e-05,-6.34662e-06,0,0.00767928,0.00517422
0.000282877,-0.00711515,-2.01515e-05,-6.82819e-06,0,0.0079493,0.00624075
6.9385e-05,-0.00322289,-1.66432e-05,-7.24138e-06,0,0.00827699,0.00737917
0,0.00141146,-1.23917e-05,-7.58126e-06,0,0.00866055,0.00872638
0,0.0048954,-9.40061e-06,-7.84398e-06,0,0.00909655,0.00984192
0,0.00683326,-8.0837e-06,-8.04246e-06,0,0.00958451,0.0106924
0,0.00717519,-8.48882e-06,-8.20874e-06,0,0.0101263,0.0112805
0,0.00680625,-9.67649e-06,-8.3775e-06,0,0.0107248,0.0118091
0,0.00667676,-1.06406e-05,-8.56806e-06,0,0.0113832,0.0124699
0,0.00730692,-1.08327e-05,-8.7775e-06,0,0.012105,0.0133566
0,0.00883468,-1.011e-05,-8.99348e-06,0,0.0128942,0.0144894
0,0.0113585,-8.37305e-06,-9.19821e-06,0,0.0137553,0.0158911
0,0.0142252,-6.31739e-06,-9.37175e-06,0,0.0146928,0.0174172
0,0.0175447,-3.83112e-06,-9.50221e-06,0,0.0157121,0.019116
0,0.0210053,-1.24817e-06,-9.58505e-06,0,0.0168187,0.0209199
0,0.0244673,1.28006e-06,-9.61905e-06,0,0.0180186,0.0228123
0,0.0269794,2.74565e-06,-9.6023e-06,0,0.0193184,0.0245904
0,0.0286806,3.29583e-06,-9.55252e-06,0,0.0207252,0.0263195
0,0.0292197,2.56104e-06,-9.48853e-06,0,0.0222469,0.0279246
0,0.0283374,2.64574e-07,-9.43474e-06,0,0.023892,0.0293661
0,0.0260025,-3.62341e-06,-9.42141e-06,0,0.0256697,0.0306542
0,0.0219315,-9.39416e-06,-9.48027e-06,0,0.0275898,0.0317372
0,0.0161985,-1.69587e-05,-9.65372e-06,0,0.0296631,0.0326529
0,0.00920168,-2.5885e-05,-9.97777e-06,0,0.0319012,0.0335037
0,0.00106952,-3.60271e-05,-1.04642e-05,0,0.0343164,0.0343242
0,-0.00797088,-4.71337e-05,-1.11493e-05,0,0.0369222,0.03518
0,-0.0172913,-5.853e-05,-1.20586e-05,0,0.0397332,0.0362229
0,-0.0269068,-7.02222e-05,-1.32007e-05,0,0.0427649,0.0374446
0,-0.0341513,-7.92325e-05,-1.45759e-05,0,0.0459387,0.0389947
0,-0.0414771,-8.8301e-05,-1.61291e-05,0,0.0492444,0.0408977
0,-0.048235,-9.67371e-05,-1.78769e-05,0,0.0527878,0.0430932
0,-0.0528158,-0.000102835,-1.97948e-05,0,0.0566008,0.0458536
0,-0.0553159,-0.000106696,-2.18363e-05,0,0.0606665,0.0490177
0.00551688,-0.0550839,-0.000107632,-2.39625e-05,0,0.0648393,0.0526499
0.0118219,-0.0520516,-0.000105574,-2.61118e-05,0,0.0689427,0.0566984
0.0181269,-0.0469274,-0.000101279,-2.82284e-05,0,0.0729052,0.0609783
0.0244319,-0.0401612,-9.5227e-05,-3.02669e-05,0,0.0766982,0.0653911
0.0307369,-0.0252304,-8.05371e-05,-3.21835e-05,0,0.0803039,0.0713955
0.0370419,-0.00704642,-6.243e-05,-3.38237e-05,0,0.0837061,0.0776872
0.0433469,0.00762749,-4.80698e-05,-3.51356e-05,0,0.0868884,0.082867
-0.0449232,-0.066453,-2.63481e-05,-3.61473e-05,0,-0.00474175,-0.0125489
-0.0386182,-0.065339,-2.64817e-05,-3.67503e-05,0,-0.0020528,-0.0110061
-0.0323132,-0.0655765,-2.80483e-05,-3.72795e-05,0,0.000360075,-0.00951114
-0.0260082,-0.0495488,-1.2429e-05,-3.78349e-05,0,0.00247543,-0.00462613
-0.0197031,-0.029832,7.03902e-06,-3.81382e-05,0,0.00427085,0.000345321
-0.0133981,-0.0114158,2.50595e-05,-3.80461e-05,0,0.00572443,0.00467765
-0.00709313,0.00460726,4.04688e-05,-3.7608e-05,0,0.00682086,0.00833414
-0.000788126,0.0173902,5.23659e-05,-3.68448e-05,0,0.00757558,0.0112436
0,0.0259952,5.97594e-05,-3.58272e-05,0,0.00812729,0.0132962
0,0.029136,6.13019e-05,-3.46505e-05,0,0.00864435,0.0142698
0,0.0282778,5.85644e-05,-3.34283e-05,0,0.0091888,0.0145438
0,0.0251876,5.34307e-05,-3.22516e-05,0,0.00977914,0.0144793
0,0.021884,4.80443e-05,-3.11727e-05,0,0.0104226,0.0144832
0,0.0197082,4.38263e-05,-3.0193e-05,0,0.0111239,0.0148033
0,0.0194353,4.15948e-05,-2.93017e-05,0,0.0118871,0.0155797
0,0.0215066,4.18111e-05,-2.8462e-05,0,0.0127165,0.0168937
0,0.0252448,4.37512e-05,-2.76263e-05,0,0.0136166,0.0185858
0,0.0307005,4.74606e-05,-2.67581e-05,0,0.0145926,0.0206913
0,0.0375862,5.26256e-05,-2.58218e-05,0,0.0156496,0.0231497
0,0.0446817,5.79476e-05,-2.479e-05,0,0.0167936,0.025701
0,0.051357,6.27542e-05,-2.3647e-05,0,0.0180307,0.0282444
0,0.056734,6.61145e-05,-2.24087e-05,0,0.0193677,0.0306077
0,0.0608104,6.80262e-05,-2.10932e-05,0,0.020812,0.0328225
0,0.0629086,6.77757e-05,-1.97374e-05,0,0.0223718,0.0347448
0,0.0627894,6.51057e-05,-1.8381e-05,0,0.0240556,0.036349
0,0.0602077,5.97649e-05,-1.70696e-05,0,0.0258729,0.0375968
0,0.0551044,5.17045e-05,-1.58556e-05,0,0.0278337,0.0384937
0,0.0475812,4.10472e-05,-1.47933e-05,0,0.0299491,0.0390775
0,0.0378415,2.80247e-05,-1.3935e-05,0,0.0322309,0.0394065
0,0.0262329,1.30221e-05,-1.3329e-05,0,0.0346916,0.0395706
0,0.0132817,-3.38581e-06,-1.3031e-05,0,0.0373451,0.0396965
0,-0.000425765,-2.05618e-05,-1.30659e-05,0,0.040206,0.0399179
0,-0.0150826,-3.86922e-05,-1.34342e-05,0,0.043316,0.0403192
0,-0.0276419,-5.44811e-05,-1.41446e-05,0,0.0466197,0.0409955
0,-0.039923,-6.98864e-05,-1.51789e-05,0,0.0500872,0.0420863
0,-0.0508079,-8.37382e-05,-1.65228e-05,0,0.0538037,0.0436385
0,-0.0596595,-9.53556e-05,-1.8149e-05,0,0.0577941,0.0456867
0.000161249,-0.0658077,-0.000104026,-2.00155e-05,0,0.0620317,0.0482647
0.00661122,-0.0692698,-0.000109766,-2.20657e-05,0,0.0663498,0.0512663
0.0130612,-0.0693206,-0.000111811,-2.42495e-05,0,0.0705689,0.0548104
0.0195112,-0.0675134,-0.000111807,-2.64786e-05,0,0.0746328,0.0585066
0.0259611,-0.0632445,-0.000109123,-2.87147e-05,0,0.0785167,0.0625172
0.0324111,-0.0530034,-0.000100058,-3.09025e-05,0,0.0822033,0.0675951
0.0388611,-0.0369318,-8.47868e-05,-3.29218e-05,0,0.0856765,0.07359
0.0453111,-0.0192789,-6.78253e-05,-3.4671e-05,0,0.0889195,0.0795316
-0.0449886,-0.0872386,-3.73114e-05,-3.60869e-05,0,-0.00483512,-0.0164244
-0.0385386,-0.104962,-5.78621e-05,-3.69094e-05,0,-0.0021074,-0.0193292
-0.0320886,-0.112424,-6.74683e-05,-3.80255e-05,0,0.000332446,-0.0189227
-0.0256386,-0.0891481,-4.45176e-05,-3.93461e-05,0,0.00246235,-0.012216
-0.0191887,-0.0627807,-1.83188e-05,-4.03168e-05,0,0.00425936,-0.00597029
-0.0127387,-0.0370861,7.11929e-06,-4.07486e-05,0,0.00570141,-0.000206156
-0.00628872,-0.0141362,2.95901e-05,-4.06953e-05,0,0.00677471,0.00479125
0,0.00678343,4.98337e-05,-4.01597e-05,0,0.00750292,0.00933258
0,0.0219845,6.39408e-05,-3.92338e-05,0,0.00804572,0.0126458
0,0.0307705,7.11841e-05,-3.80044e-05,0,0.00857405,0.014714
0,0.0327833,7.12052e-05,-3.66061e-05,0,0.00913477,0.0154879
0,0.0312398,6.74243e-05,-3.5182e-05,0,0.00974245,0.0157046
0,0.0283255,6.21637e-05,-3.38241e-05,0,0.0104035,0.0157675
0,0.0259398,5.74378e-05,-3.25677e-05,0,0.0111222,0.016045
0,0.0251159,5.43396e-05,-3.14071e-05,0,0.0119028,0.0167192
0,0.026566,5.36179e-05,-3.03126e-05,0,0.0127497,0.0179252
0,0.0299052,5.48586e-05,-2.92377e-05,0,0.0136675,0.0195613
0,0.0353142,5.82443e-05,-2.81436e-05,0,0.0146614,0.0216839
0,0.0420511,6.29805e-05,-2.69906e-05,0,0.0157368,0.0241272
0,0.0493435,6.82418e-05,-2.57428e-05,0,0.0168995,0.0267442
0,0.0564396,7.32267e-05,-2.43964e-05,0,0.018156,0.0293945
0,0.0627171,7.72731e-05,-2.29493e-05,0,0.019513,0.0319667
0,0.0673729,7.95311e-05,-2.1416e-05,0,0.0209781,0.0343057
0,0.0696805,7.92354e-05,-1.9831e-05,0,0.0225595,0.0362793
0,0.0698353,7.65874e-05,-1.82457e-05,0,0.0242661,0.0379609
0,0.0671521,7.08724e-05,-1.67086e-05,0,0.0261073,0.0392015
0,0.0616878,6.21653e-05,-1.52712e-05,0,0.0280934,0.040045
0,0.0535754,5.06231e-05,-1.39974e-05,0,0.0302355,0.0405335
0,0.0430967,3.65621e-05,-1.29561e-05,0,0.0325455,0.0407425
0,0.0306731,2.04463e-05,-1.21756e-05,0,0.0350362,0.0407761
0,0.0204874,6.71296e-06,-1.17103e-05,0,0.0377216,0.0415794
0,0.00388684,-1.37724e-05,-1.15417e-05,0,0.0406166,0.0411102
0,-0.0147019,-3.62928e-05,-1.17455e-05,0,0.0437698,0.0407845
0,-0.0320364,-5.74274e-05,-1.23925e-05,0,0.0472079,0.0409325
0,-0.047666,-7.66662e-05,-1.34882e-05,0,0.0509173,0.0416306
0,-0.060525,-9.28739e-05,-1.49542e-05,0,0.0549047,0.0430452
0,-0.0701278,-0.000105531,-1.67712e-05,0,0.0591681,0.0451683
0.00149758,-0.0757886,-0.000113911,-1.88375e-05,0,0.0636463,0.0480408
0.00815348,-0.07777,-0.000118294,-2.10864e-05,0,0.0681631,0.0515066
0.0148094,-0.0751906,-0.000130312,-2.34369e-05,0,0.0725593,0.0553776
0.0214653,-0.0685347,-0.000163884,-2.60131e-05,0,0.0767838,0.0594569
0.0281212,-0.0618788,-0.000195813,-2.91397e-05,0,0.0808131,0.0639555
0.0347771,-0.0544328,-0.000185125,-3.29123e-05,0,0.0846299,0.0695424
0.041433,-0.0388242,-0.000165905,-3.66628e-05,0,0.0882178,0.0755852
0.0480889,-0.0203214,-0.000143752,-4.0029e-05,0,0.0915596,0.0817869
-0.0450937,-0.084175,-0.000105612,-4.29594e-05,0,-0.00520179,-0.0158623
-0.0384378,-0.109643,-0.00013014,-4.51479e-05,0,-0.00240913,-0.020683
-0.0317819,-0.112395,-0.000130697,-4.76649e-05,0,7.76793e-05,-0.0189916
-0.025126,-0.089479,-0.00010421,-5.02769e-05,0,0.00223588,-0.0124979
-0.0184701,-0.06108,-7.20866e-05,-5.24538e-05,0,0.00404209,-0.00578911
-0.0118142,-0.0352492,-4.2866e-05,-5.4008e-05,0,0.00547525,-5.03313e-05
-0.00515832,-0.0125043,-1.71079e-05,-5.49675e-05,0,0.00652845,0.00490923
0,0.00743136,5.46947e-06,-5.53999e-05,0,0.00725493,0.00925794
0,0.0220328,2.2188e-05,-5.53469e-05,0,0.0078226,0.0124911
0,0.0298268,3.14993e-05,-5.4945e-05,0,0.00838183,0.014381
0,0.031657,3.43163e-05,-5.43336e-05,0,0.00897423,0.0151689
0,0.0301663,3.3455e-05,-5.36529e-05,0,0.00961315,0.0154291
0,0.0276483,3.13557e-05,-5.29816e-05,0,0.0103047,0.0156055
0,0.025816,2.98391e-05,-5.23472e-05,0,0.0110535,0.0160217
0,0.0256072,2.99e-05,-5.17451e-05,0,0.0118637,0.016844
0,0.0275419,3.20877e-05,-5.11472e-05,0,0.01274,0.0181671
0,0.0315673,3.63425e-05,-5.0511e-05,0,0.0136871,0.0199693
0,0.0373723,4.23297e-05,-4.9799e-05,0,0.0147102,0.0221877
0,0.0443718,4.94246e-05,-4.89734e-05,0,0.0158152,0.0247053
0,0.0518114,5.68244e-05,-4.80097e-05,0,0.0170078,0.0273751
0,0.0593023,6.41143e-05,-4.68917e-05,0,0.0182947,0.0301377
0,0.0652518,6.96101e-05,-4.56386e-05,0,0.0196829,0.0326541
0,0.069588,7.32397e-05,-4.42629e-05,0,0.0211802,0.0349606
0,0.0719323,7.46061e-05,-4.28053e-05,0,0.0227949,0.0369827
0,0.0719304,7.3337e-05,-4.13159e-05,0,0.0245361,0.0386609
0,0.0689506,6.87777e-05,-3.98467e-05,0,0.0264133,0.0398741
0,0.0630791,6.10374e-05,-3.84597e-05,0,0.0284371,0.0406718
0,0.0544738,5.03019e-05,-3.72119e-05,0,0.0306189,0.0411012
0,0.0433725,3.68437e-05,-3.61683e-05,0,0.0329706,0.0412274
0,0.0303007,2.12411e-05,-3.53977e-05,0,0.0355054,0.0411798
0,0.0158753,4.1688e-06,-3.49417e-05,0,0.0382375,0.0411
0,0.000552049,-1.38725e-05,-3.47986e-05,0,0.041182,0.0410883
0,-0.0165775,-3.38232e-05,-3.50129e-05,0,0.0444125,0.0412312
0,-0.032614,-5.2622e-05,-3.56395e-05,0,0.0479626,0.0417262
0,-0.0468399,-6.9475e-05,-3.66261e-05,0,0.0517952,0.0427809
0,-0.0587871,-8.38763e-05,-3.79566e-05,0,0.0559081,0.0444085
0,-0.0677069,-9.50251e-05,-3.95838e-05,0,0.060285,0.0466695
0.00382283,-0.0732615,-0.000102559,-4.14452e-05,0,0.0648142,0.0495249
0.0104712,-0.0795288,-0.000183932,-4.34701e-05,0,0.0693141,0.0499326
0.0171196,-0.0728804,-0.000539353,-4.69453e-05,0,0.0736713,0.0502709
0.023768,-0.066232,-0.00105288,-5.61329e-05,0,0.0778464,0.0527592
0.0304164,-0.0595836,-0.00159424,-7.41094e-05,-0.00573729,0.0818188,0.056086
0.0370648,-0.0529352,-0.00187595,-0.000102475,-0.0231137,0.0855718,0.0601611
0.0437132,-0.0895623,-0.00181747,-0.000138727,-0.0432755,0.0890888,0.0647943
-0.0493643,-0.139364,-0.00187274,-0.000175427,6.93889e-18,-0.00737355,-0.0307357
-0.0427159,-0.132716,-0.00205778,-0.000212633,0,-0.00438229,-0.0316416
-0.0360675,-0.126068,-0.00264623,-0.000252956,0,-0.00168362,-0.0331124
-0.0294191,-0.119419,-0.00310439,-0.000303233,0,0.00070068,-0.0294885
-0.0227707,-0.112771,-0.00326906,-0.000363259,0,0.0027476,-0.0239607
-0.0161224,-0.106122,-0.00318181,-0.000427899,0,0.0044341,-0.0181014
-0.00947396,-0.0939101,-0.00298144,-0.000491928,0,0.00574196,-0.0118272
-0.00282557,-0.0681764,-0.00277338,-0.000552458,0,0.00667689,-0.0058359
0,-0.043534,-0.00257307,-0.000608342,0,0.00734231,-0.000511252
0,-0.0253287,-0.00238609,-0.000660505,0,0.00791134,0.00341459
0,-0.0148614,-0.0022139,-0.000708694,0,0.0084886,0.00582327
0,-0.0125762,-0.00205692,-0.000753403,0,0.00910384,0.00666011
0,-0.0152505,-0.00191153,-0.000794855,0,0.0097674,0.00666529
0,-0.0192116,-0.00177363,-0.000833449,0,0.0104847,0.00657574
0,-0.0219654,-0.00164036,-0.000869404,0,0.0112603,0.00685141
0,-0.0228375,-0.00151081,-0.000902545,0,0.0120985,0.00757761
0,-0.0220788,-0.00138505,-0.000933085,0,0.013004,0.00868369
0,-0.02011,-0.00126335,-0.000961037,0,0.0139818,0.0100874
0,-0.0163244,-0.00114488,-0.000986548,0,0.0150373,0.0119422
0,-0.0110354,-0.00102981,-0.00100968,0,0.0161762,0.014166
0,-0.00438396,-0.000918137,-0.00103051,0,0.0174049,0.0167423
0,0.00320523,-0.000810147,-0.00104926,0,0.01873,0.0195865
0,0.0108612,-0.000706638,-0.00106573,0,0.0201588,0.0225226
0,0.0187067,-0.000607361,-0.00108007,0,0.0216994,0.0256105
0,0.0255418,-0.000513357,-0.00109242,0,0.0233602,0.0285863
0,0.0308353,-0.000425008,-0.00110302,0,0.0251506,0.0313745
0,0.0338326,-0.000343017,-0.00111174,0,0.0270806,0.0338319
0,0.0337898,-0.000268048,-0.00111888,0,0.0291608,0.0358259
0,0.0301433,-0.00020057,-0.00112451,0,0.031403,0.0372662
0,0.0236767,-0.000139622,-0.00112876,0,0.0338195,0.0383614
0,0.0147266,-8.47203e-05,-0.00113176,0,0.0364239,0.0391831
0,0.00377394,-3.52382e-05,-0.00113365,0,0.0392306,0.0398473
0,-0.00870464,9.43404e-06,-0.00113453,0,0.0422553,0.0404607
0,-0.0195986,5.37281e-05,-0.00113443,0,0.0454065,0.0411654
0,-0.0318697,9.26308e-05,-0.00113351,0,0.0486707,0.0420518
0,-0.0444535,0.000128248,-0.00113179,0,0.0521676,0.0431139
0,-0.0566921,0.000161358,-0.00112935,0,0.0559389,0.0444194
0,-0.0708051,0.000189727,-0.00112621,0,0.0599944,0.0453687
0.000823878,-0.0804848,0.000220172,-0.00112251,0,0.0642895,0.0473392
0.00741491,-0.0825851,0.00025275,-0.00111821,0,0.0686511,0.0506819
0.0140059,-0.0759941,0.000219826,-0.00111324,0,0.0729081,0.0536693
0.020597,-0.069403,0.000146443,-0.0011087,0,0.0770063,0.0570913
0.027188,-0.062812,8.23725e-05,-0.00110544,0,0.0809206,0.0616594
0.033779,-0.056221,6.29018e-05,-0.0011035,0,0.0846336,0.067022
0.04037,-0.0493026,0.000116511,-0.00110216,0,0.0881284,0.0730848
0.0469611,-0.0333443,0.000177042,-0.00110007,0,0.0913876,0.0789065
-0.0453133,-0.0880044,0.000223926,-0.00109668,0,-0.00447281,-0.0158252
-0.0387223,-0.0787332,0.000274424,-0.00109236,0,-0.00174188,-0.0131219
-0.0321313,-0.0676747,0.000324222,-0.00108705,0,0.000693569,-0.00934098
-0.0255402,-0.0491479,0.000379446,-0.00108069,0,0.00281076,-0.00424476
-0.0189492,-0.0349417,0.000427774,-0.0010733,0,0.00458615,-0.000617257
-0.0123582,-0.0228607,0.000471585,-0.00106486,0,0.00599783,0.00241423
-0.00576715,-0.0143142,0.000509448,-0.00105552,0,0.00703513,0.00454861
0,-0.0067884,0.000544078,-0.0010454,0,0.00773631,0.00648176
0,-0.00264589,0.000573049,-0.00103461,0,0.00826594,0.00768562
0,-0.00185984,0.000596465,-0.00102321,0,0.00878561,0.00826632
0,-0.0028614,0.000616082,-0.00101133,0,0.00933973,0.00858594
0,-0.00411257,0.000633613,-0.000999081,0,0.00994221,0.00895042
0,-0.00432022,0.000650505,-0.00098647,0,0.0105992,0.0096104
0,-0.00248092,0.000667892,-0.000973519,0,0.011315,0.0107583
0,0.00175248,0.000686204,-0.000960205,0,0.0120939,0.0124479
0,0.00862661,0.000705759,-0.000946527,0,0.0129401,0.0147289
0,0.0172336,0.000725644,-0.00093248,0,0.0138583,0.0173956
0,0.0325791,0.000751184,-0.000917997,0,0.0148536,0.0216014
0,0.0440399,0.000771156,-0.000903024,0,0.0159315,0.0248279
0,0.0534228,0.000787551,-0.000887661,0,0.0170978,0.0277854
0,0.061683,0.000801448,-0.000871951,0,0.018359,0.0306438
0,0.0684836,0.000812552,-0.000855957,0,0.0197218,0.0333075
0,0.0731602,0.000820222,-0.000839734,0,0.021194,0.0356444
0,0.0754997,0.000824287,-0.000823348,0,0.0227837,0.0376337
0,0.0753283,0.000824583,-0.000806877,0,0.0244998,0.0392516
0,0.0726028,0.000821127,-0.000790386,0,0.0263518,0.0405038
0,0.0672979,0.000813963,-0.000773955,0,0.0283501,0.0413977
0,0.0594993,0.000803248,-0.000757658,0,0.0305058,0.0419673
0,0.0493315,0.000789179,-0.000741566,0,0.0328309,0.0422543
0,0.0371125,0.000772163,-0.000725747,0,0.0353384,0.0423443
0,0.0232023,0.000752649,-0.000710244,0,0.0380422,0.0423274
0,0.00804311,0.000731167,-0.000695123,0,0.0409574,0.0423087
0,-0.00980282,0.000706325,-0.000680446,0,0.0441958,0.0424465
0,-0.0264435,0.000681972,-0.00066627,0,0.0478023,0.0428894
0,-0.0415441,0.000658715,-0.000652545,0,0.0517035,0.0438328
0,-0.0545462,0.000637187,-0.000639289,0,0.0558882,0.0453202
0,-0.0648404,0.000618093,-0.000626503,0,0.0603397,0.0473777
0.0035339,-0.0711094,0.000602882,-0.000614103,0,0.0649515,0.0501881
0.0102651,-0.0743603,0.000590526,-0.000601992,0,0.0695408,0.0534224
0.0169964,-0.0730036,0.000567601,-0.00059015,0,0.0739862,0.0570069
0.0237276,-0.0662724,0.000508023,-0.000578707,0,0.0782463,0.0606957
0.0304589,-0.0595411,0.000437681,-0.000568189,0,0.0823,0.064846
0.0371901,-0.0528099,0.000404744,-0.000559013,0,0.0861303,0.0701025
0.0439214,-0.043256,0.000413855,-0.00055077,0,0.0897208,0.0758424
-0.050316,-0.0892094,0.000472186,-0.000542538,0,-0.00791481,-0.0182512
-0.0435848,-0.100766,0.000457755,-0.00053324,0,-0.00485816,-0.0202292
-0.0368536,-0.126854,0.000335201,-0.000524035,0,-0.00209826,-0.0264956
-0.0301223,-0.120122,0.000274373,-0.000517024,0,0.000342977,-0.0220881
-0.0233911,-0.100945,0.000299645,-0.000511263,0,0.00244237,-0.0148006
-0.0166598,-0.0733523,0.000333118,-0.000505384,0,0.00417662,-0.00821983
-0.00992858,-0.0462958,0.000365307,-0.000498822,0,0.00552692,-0.00221747
-0.00319734,-0.0219025,0.000393974,-0.00049158,0,0.00649727,0.00306871
0,-0.000627513,0.000418652,-0.000483758,0,0.00718517,0.00768436
0,0.0126908,0.000434229,-0.000475471,0,0.00776513,0.0106148
0,0.0225249,0.000445466,-0.000466841,0,0.00834971,0.0130237
0,0.0258815,0.00044924,-0.00045796,0,0.00897075,0.0141225
0,0.0257695,0.000448785,-0.000448985,0,0.00963916,0.0146752
0,0.0242167,0.000446286,-0.000440008,0,0.0103606,0.015056
0,0.0231187,0.000443777,-0.000431073,0,0.0111395,0.0156371
0,0.0233829,0.000442239,-0.000422188,0,0.0119804,0.0165727
0,0.0258273,0.000442554,-0.000413337,0,0.0128878,0.0180256
0,0.0305249,0.000444808,-0.000404487,0,0.013867,0.019994
0,0.0373579,0.000448885,-0.000395597,0,0.0149231,0.0224549
0,0.0448023,0.000453181,-0.000386629,0,0.0160622,0.0250753
0,0.0528944,0.000457745,-0.000377576,0,0.0172903,0.0279124
0,0.0606579,0.000461559,-0.000368433,0,0.0186141,0.030753
0,0.0675825,0.000464099,-0.000359215,0,0.0200411,0.0335175
0,0.0724133,0.000464059,-0.000349942,0,0.021579,0.0359465
0,0.0744538,0.000460703,-0.000340661,0,0.0232367,0.037928
0,0.0738363,0.000454181,-0.000331435,0,0.0250232,0.0395209
0,0.0702476,0.000444197,-0.000322335,0,0.0269485,0.0406625
0,0.0639038,0.000431016,-0.000313431,0,0.0290234,0.0414227
0,0.0549565,0.000414833,-0.000304784,0,0.0312594,0.0418446
0,0.043573,0.000395862,-0.000296455,0,0.033669,0.0419783
0,0.0301661,0.000374576,-0.000288472,0,0.0362655,0.0419298
0,0.0151974,0.000351501,-0.000280916,0,0.0390636,0.0418088
0,-0.000493794,0.000327558,-0.00027384,0,0.0420786,0.0418042
0,-0.0167234,0.000302987,-0.000267205,0,0.0453431,0.0420245
0,-0.0324378,0.000278875,-0.00026106,0,0.048879,0.0425419
0,-0.046437,0.000256532,-0.000255422,0,0.0526881,0.0436053
0,-0.0576339,0.000237132,-0.000250246,0,0.0567769,0.0453511
0,-0.0680054,0.000218607,-0.000245446,0,0.0611264,0.0472084
0.00479184,-0.0852082,0.000136538,-0.000241009,0,0.0656043,0.0458419
0.0114013,-0.0785987,-0.000215352,-0.000238073,0,0.0700279,0.0462364
0.0180107,-0.0719893,-0.00078401,-0.000239916,0,0.0743035,0.0482853
0.0246202,-0.0653798,-0.00153212,-0.000252753,0,0.0783968,0.0511273
0.0312296,-0.0587704,-0.00218864,-0.000278907,-0.0133924,0.0822882,0.0543931
0.037839,-0.052161,-0.0025167,-0.000319726,-0.0316232,0.0859612,0.0580258
0.0444485,-0.102978,-0.00242724,-0.000368583,-0.0574268,0.0893991,0.0619103
-0.0480837,-0.138084,-0.00274138,-0.000417531,3.46945e-18,-0.00655739,-0.0343591
-0.0414742,-0.131474,-0.00316757,-0.000470945,0,-0.00364415,-0.0345556
-0.0348648,-0.124865,-0.00377848,-0.000532378,0,-0.00102327,-0.0332389
-0.0282554,-0.118255,-0.00420233,-0.000603977,0,0.00128326,-0.0292362
-0.0216459,-0.111646,-0.00428543,-0.000686116,0,0.00325234,-0.0233367
-0.0150365,-0.105036,-0.00408909,-0.000771451,0,0.00486108,-0.0165827
-0.00842704,-0.0891646,-0.0038174,-0.000854116,0,0.00609247,-0.0105662
-0.0018176,-0.0631032,-0.00354412,-0.00093223,0,0.00695746,-0.00462786
0,-0.0405359,-0.00328365,-0.00100407,0,0.0075802,0.000211779
0,-0.0255384,-0.00304024,-0.00107078,0,0.008135,0.00347267
0,-0.0172069,-0.00281305,-0.0011322,0,0.00870639,0.00549118
0,-0.0147804,-0.00260113,-0.00118925,0,0.00931885,0.00641985
0,-0.0162568,-0.00240209,-0.00124181,0,0.00998132,0.00669077
0,-0.0197028,-0.00221357,-0.00129054,0,0.0106989,0.00668512
0,-0.0227784,-0.00203282,-0.00133519,0,0.011476,0.00687732
0,-0.0244831,-0.00185848,-0.0013763,0,0.0123169,0.00743015
0,-0.0251022,-0.0016906,-0.00141408,0,0.0132263,0.0082561
0,-0.0245629,-0.00152881,-0.00144848,0,0.0142093,0.00938462
0,-0.0227863,-0.00137279,-0.00147962,0,0.0152712,0.0108368
0,-0.0196848,-0.00122222,-0.00150747,0,0.016418,0.0126355
0,-0.0161059,-0.00107775,-0.00153252,0,0.0176557,0.0145944
0,-0.012462,-0.000939614,-0.00155443,0,0.0189913,0.0166519
0,-0.00933716,-0.000808217,-0.00157357,0,0.0204321,0.0186957
0,-0.00646401,-0.00068309,-0.00159,0,0.0219861,0.0208104
0,-0.00370091,-0.000563733,-0.00160397,0,0.023662,0.0230289
0,-0.0011218,-0.000450018,-0.00161554,0,0.0254692,0.0253406
0,0.000704518,-0.000342419,-0.00162483,0,0.0274177,0.0276315
0,0.00113878,-0.000241463,-0.00163205,0,0.0295184,0.0297874
0,-0.000922303,-0.000148165,-0.00163724,0,0.031783,0.0315941
0,-0.00603702,-6.29654e-05,-0.00164043,0,0.0342241,0.032975
0,-0.0134073,1.51354e-05,-0.00164199,0,0.0368553,0.034143
0,-0.0226797,8.66485e-05,-0.00164188,0,0.0396913,0.0351723
0,-0.0335035,0.000152083,-0.00164033,0,0.0427477,0.036144
0,-0.0429698,0.000215476,-0.00163745,0,0.0458847,0.0369367
0,-0.0603689,0.000266,-0.0016333,0,0.0490744,0.0365331
0,-0.0859011,0.000303849,-0.00162808,0,0.0524814,0.0347062
0,-0.09,0.000150587,-0.00162214,0,0.0561549,0.0325624
0,-0.09,-0.000189133,-0.00161874,0,0.0600919,0.0338013
0.0036245,-0.0863755,-0.000709333,-0.00162049,0,0.0641889,0.0361619
0.00992797,-0.080072,-0.00130892,-0.00163233,0,0.0682735,0.0399102
0.0162314,-0.0737686,-0.00191563,-0.00165581,0,0.0722374,0.0440538
0.0225349,-0.0674651,-0.00252683,-0.0016917,0,0.0760423,0.048037
0.0288384,-0.0611616,-0.00300266,-0.00173826,-0.00981037,0.0796679,0.0518679
0.0351419,-0.0548581,-0.00316916,-0.00179546,-0.027099,0.0830975,0.0557774
0.0414453,-0.0996455,-0.00295976,-0.00185776,-0.0510908,0.0863147,0.0597244
-0.0468033,-0.136803,-0.00348055,-0.0019179,0,-0.00525002,-0.0360213
-0.0404998,-0.111426,-0.00317325,-0.00198386,0,-0.00251078,-0.019651
-0.0341964,-0.0312993,-0.00281894,-0.00204871,0,-3.95322e-05,-0.000746039
-0.0278929,0.00060824,-0.00252643,-0.00210633,0,0.00214256,0.00550588
-0.0215894,0.0125756,-0.00226604,-0.00215744,0,0.00401324,0.00835904
-0.0152859,0.0163505,-0.00202483,-0.00220368,0,0.00555026,0.00968212
-0.00898245,0.018968,-0.00179505,-0.00224502,0,0.00673598,0.0107807
-0.00267898,0.016868,-0.00158027,-0.00228149,0,0.0075755,0.01074
0,0.0127708,-0.00137732,-0.00231385,0,0.00816661,0.0103517
0,0.00631209,-0.00118638,-0.0023418,0,0.00867319,0.00950933
0,-0.000797529,-0.00100558,-0.00236591,0,0.00919425,0.00862818
0,-0.00671719,-0.00083273,-0.00238666,0,0.00975784,0.00808074
0,-0.0105282,-0.000666573,-0.00240374,0,0.0103736,0.00802564
0,-0.0110463,-0.000505523,-0.00241749,0,0.0110467,0.00870637
0,-0.0086685,-0.000349661,-0.00242816,0,0.0117813,0.0100045
0,-0.00325568,-0.00019854,-0.00243555,0,0.0125815,0.0119664
0,0.00463863,-5.24625e-05,-0.00243982,0,0.0134517,0.0144687
0,0.0143987,8.81796e-05,-0.00244138,0,0.0143968,0.0173937
0,0.0252381,0.000222767,-0.00243997,0,0.015422,0.0205876
0,0.0362737,0.000350583,-0.00243585,0,0.0165329,0.0238799
0,0.0468659,0.000471193,-0.00242928,0,0.0177356,0.027158
0,0.0563244,0.000584125,-0.00242028,0,0.0190365,0.0302919
0,0.0637423,0.000688684,-0.002409,0,0.020443,0.0331047
0,0.0685911,0.000784559,-0.00239548,0,0.0219628,0.0355112
0,0.0711963,0.000872386,-0.00237998,0,0.0236044,0.037608
0,0.0706181,0.000951419,-0.00236284,0,0.025377,0.0391847
0,0.0666979,0.0010217,-0.00234409,0,0.0272905,0.0402434
0,0.0593315,0.00108331,-0.00232383,0,0.0293554,0.0407781
0,0.0490304,0.00113702,-0.00230238,0,0.0315834,0.0409213
0,0.0363048,0.00118358,-0.00227978,0,0.0339868,0.0407901
0,0.0218126,0.0012239,-0.00225627,0,0.036579,0.0405358
0,0.00593601,0.00125857,-0.00223193,0,0.0393744,0.0402432
0,-0.0106404,0.00128847,-0.00220688,0,0.0423885,0.0400683
0,-0.0271982,0.00131438,-0.00218122,0,0.0456246,0.0401065
0,-0.0432332,0.00133714,-0.00215502,0,0.0490958,0.0404897
0,-0.0577736,0.00135773,-0.00212833,0,0.0528313,0.0413594
0,-0.0696914,0.00137752,-0.00210122,0,0.0568432,0.0428654
0,-0.0787503,0.00139699,-0.00207374,0,0.061109,0.0449316
0.00566964,-0.0843304,0.00141365,-0.00204587,0,0.0654785,0.0475095
0.0121492,-0.0778508,0.00137029,-0.00201765,0,0.0697699,0.05068
0.0186288,-0.0713712,0.0012851,-0.00198996,0,0.0739105,0.0541044
0.0251084,-0.0648916,0.00118118,-0.00196367,0,0.0778711,0.0580073
0.031588,-0.058412,0.00110158,-0.00193937,0,0.0816337,0.0627261
0.0380676,-0.0519324,0.00106697,-0.00191698,0,0.0851821,0.0679152
0.0445472,-0.0469527,0.00110808,-0.00189548,-0.0014999,0.0884997,0.0734977
-0.0461671,-0.110915,0.00114341,-0.00187357,-2.1684e-19,-0.005625,-0.021515
-0.0396875,-0.123925,0.00116107,-0.00185086,0,-0.00282325,-0.02342
-0.0332079,-0.123208,0.00110318,-0.0018277,0,-0.00030931,-0.0236885
-0.0267283,-0.111062,0.00114604,-0.0018054,0,0.001895,-0.0172006
-0.0202487,-0.0851253,0.00120067,-0.00178276,0,0.0037668,-0.010679
-0.0137691,-0.0603289,0.00125132,-0.00175894,0,0.00528376,-0.00505489
-0.00728954,-0.039808,0.00129478,-0.00173409,0,0.00643025,-0.000541078
-0.000809949,-0.0190534,0.0013359,-0.00170835,0,0.00722227,0.00405275
0,-0.000974037,0.00137171,-0.00168177,0,0.00780246,0.00802578
0,0.0113281,0.00139897,-0.00165441,0,0.00834391,0.0108055
0,0.0172612,0.00141715,-0.00162648,0,0.00891045,0.0123613
0,0.0192026,0.00142891,-0.00159818,0,0.00952112,0.0132494
0,0.0190012,0.00143634,-0.00156964,0,0.0101835,0.0138217
0,0.0184213,0.00144141,-0.00154093,0,0.0109022,0.0144257
0,0.0185642,0.00144538,-0.00151212,0,0.0116815,0.0152628
0,0.0202555,0.00144921,-0.00148323,0,0.0125259,0.0164914
0,0.0239356,0.00145344,-0.00145425,0,0.0134399,0.0181918
0,0.028991,0.00145749,-0.0014252,0,0.0144287,0.0202191
0,0.0356762,0.00146168,-0.00139606,0,0.0154977,0.022653
0,0.0431968,0.00146525,-0.00136684,0,0.0166528,0.0253137
0,0.0505509,0.00146719,-0.00133754,0,0.0179001,0.0280054
0,0.0576793,0.00146753,-0.0013082,0,0.0192466,0.0307497
0,0.0632267,0.0014649,-0.00127885,0,0.0206998,0.0332518
0,0.0665564,0.00145871,-0.00124954,0,0.0222677,0.0354151
0,0.0681369,0.00144944,-0.00122036,0,0.0239591,0.0373716
0,0.0667571,0.00143588,-0.00119134,0,0.0257834,0.0388465
0,0.0625096,0.00141821,-0.00116257,0,0.0277508,0.0399065
0,0.0558722,0.00139705,-0.00113416,0,0.0298723,0.0406694
0,0.0471558,0.00137279,-0.00110617,0,0.0321596,0.0412073
0,0.0366589,0.00134584,-0.00107866,0,0.0346255,0.041596
0,0.0245719,0.00131649,-0.00105169,0,0.0372838,0.041888
0,0.00605263,0.00128073,-0.00102531,0,0.0403756,0.0421714
0,-0.0110394,0.00124442,-0.000999619,0,0.0439826,0.0425605
0,-0.0277518,0.001208,-0.000974604,0,0.0479082,0.0432058
0,-0.0435846,0.00117202,-0.000950316,0,0.0521135,0.0441851
0,-0.057308,0.00113784,-0.000926786,0,0.0565908,0.0456735
0.000505224,-0.0678241,0.00110672,-0.00090391,0,0.0612977,0.0477801
0.00724154,-0.0760335,0.00107776,-0.000881651,0,0.0660585,0.0501877
0.0139779,-0.0760221,0.00082257,-0.000859994,0,0.0706934,0.0492843
0.0207142,-0.0692858,0.000327961,-0.000842905,0,0.0751463,0.0507962
0.0274505,-0.0625495,-0.00034814,-0.00083412,0,0.0793931,0.0537741
0.0341868,-0.0558132,-0.000953175,-0.000836688,-0.00991696,0.0834169,0.057396
0.0409231,-0.0490769,-0.00125803,-0.000853029,-0.0263474,0.087202,0.061537
0.0476594,-0.0899809,-0.0011974,-0.000876818,-0.0476404,0.0907316,0.066004
-0.046649,-0.136649,-0.00137011,-0.000901038,-4.33681e-18,-0.00705673,-0.0325291
-0.0399127,-0.129913,-0.00271041,-0.000927663,-1.92593e-34,-0.00409282,-0.0403679
-0.0331764,-0.123176,-0.00496208,-0.00097584,0,-0.00144232,-0.0413801
-0.02644,-0.11644,-0.00597705,-0.00105932,0,0.000872393,-0.0337485
-0.0197037,-0.109704,-0.00615263,-0.00117176,0,0.00282798,-0.0257652
-0.0129674,-0.102967,-0.00579888,-0.00129402,0,0.00440237,-0.0157737
-0.00623109,-0.0783103,-0.00539749,-0.00141247,0,0.00558347,-0.00865516
0,-0.0566584,-0.005013,-0.00152303,0,0.00640372,-0.00392736
0,-0.0409958,-0.00464842,-0.00162464,0,0.00703108,-0.000465962
0,-0.0298801,-0.00430233,-0.00171852,0,0.00763781,0.00217258
0,-0.0214099,-0.00397277,-0.00180543,0,0.00827145,0.00438585
0,-0.0153424,-0.00365912,-0.00188571,0,0.00894708,0.00618047
0,-0.0115803,-0.00336083,-0.00195952,0,0.00967143,0.00757567
0,-0.0102498,-0.0030776,-0.00202748,0,0.0104493,0.00854459
0,-0.0106332,-0.00280824,-0.00208974,0,0.0112852,0.0092561
0,-0.0108894,-0.00255039,-0.00214658,0,0.0121838,0.0101075
0,-0.00982636,-0.00230237,-0.00219849,0,0.0131501,0.0113193
0,-0.00705678,-0.00206341,-0.00224503,0,0.0141894,0.0129501
0,-0.00269778,-0.00183327,-0.0022869,0,0.0153075,0.0149683
0,0.00320706,-0.00161163,-0.00232414,0,0.0165105,0.0173731
0,0.0103509,-0.0013985,-0.00235715,0,0.0178049,0.0201036
0,0.0182573,-0.00119408,-0.00238565,0,0.0191978,0.0230688
0,0.0258719,-0.000999215,-0.00241025,0,0.0206971,0.0260531
0,0.0326136,-0.000814206,-0.00243072,0,0.0223111,0.0289643
0,0.0373019,-0.000639753,-0.00244737,0,0.0240487,0.0315631
0,0.0396017,-0.000475951,-0.00246052,0,0.0259197,0.0338182
0,0.0396694,-0.000322395,-0.00247044,0,0.0279345,0.0357862
0,0.037609,-0.000178717,-0.00247743,0,0.0301044,0.0374999
0,0.0332902,-4.48139e-05,-0.00248136,0,0.0324413,0.0389434
0,0.0265059,7.9352e-05,-0.00248273,0,0.0349585,0.0400918
0,0.0177047,0.000194504,-0.00248158,0,0.0376698,0.0410699
0,0.00729523,0.0003013,-0.00247797,0,0.0405903,0.0419734
0,-0.0126653,0.000387495,-0.00247221,0,0.0438787,0.0417415
0,-0.0619616,0.000440149,-0.00246464,0,0.0475931,0.035018
0,-0.09,0.000383425,-0.00245602,0,0.0516158,0.0305419
0,-0.09,8.2388e-05,-0.00244821,0,0.0559229,0.0308654
0,-0.09,-0.000354244,-0.00244521,0,0.0604873,0.0338658
0.00488162,-0.0851184,-0.00102957,-0.00245033,0,0.0651731,0.0368426
0.0116149,-0.0783851,-0.00183845,-0.00246788,0,0.0697942,0.0405481
0.0183482,-0.0716518,-0.00284763,-0.00249939,0,0.0742557,0.0440535
0.0250814,-0.0649186,-0.003927,-0.0025518,-0.0105274,0.0785232,0.0471371
0.0318147,-0.0581853,-0.00471017,-0.00262548,-0.0336141,0.0825774,0.0497852
0.038548,-0.051452,-0.00501529,-0.0027146,-0.0548906,0.0864018,0.0521382
0.0452812,-0.138877,-0.00470376,-0.00281292,-0.094158,0.08998,0.0545455
-0.0489845,-0.138985,-0.00571839,-0.00290902,6.93889e-18,-0.00770462,-0.0417762
-0.0422513,-0.10521,-0.00523027,-0.00301628,0,-0.00467306,-0.0197256
-0.035518,-0.0194717,-0.00470397,-0.00312431,0,-0.00194485,0.000363819
-0.0287847,0.00655218,-0.00425805,-0.00322023,0,0.000457956,0.00526929
-0.0220515,0.014943,-0.00384824,-0.0033065,0,0.0025121,0.0075908
-0.0153182,0.0157245,-0.00346316,-0.0033849,0,0.00419458,0.00842785
-0.00858492,0.0144591,-0.0030965,-0.00345513,0,0.00548828,0.00881334
-0.00185165,0.0075127,-0.00275176,-0.00351834,0,0.00640461,0.00786642
0,0.000411541,-0.00242266,-0.00357458,0,0.00707024,0.00701364
0,-0.00620261,-0.00210832,-0.00362419,0,0.00766293,0.00629239
0,-0.0121807,-0.00180851,-0.00366746,0,0.00826895,0.00573725
0,-0.0169584,-0.00152227,-0.00370438,0,0.00891338,0.0054781
0,-0.0194867,-0.00124797,-0.00373539,0,0.00960546,0.00573902
0,-0.0193103,-0.000984566,-0.00376104,0,0.0103505,0.00659662
0,-0.0163627,-0.000731441,-0.00378152,0,0.011153,0.00805722
0,-0.0107757,-0.000488236,-0.00379666,0,0.0120175,0.0100939
0,-0.00297527,-0.000254919,-0.00380703,0,0.0129487,0.0126195
0,0.00606906,-3.20936e-05,-0.00381271,0,0.0139519,0.0154338
0,0.0168547,0.000181128,-0.0038138,0,0.0150327,0.0186813
0,0.0276622,0.000383266,-0.00381071,0,0.0161968,0.0219678
0,0.0387142,0.000574907,-0.00380345,0,0.0174507,0.0253981
0,0.0478462,0.000754141,-0.00379243,0,0.0188012,0.0284873
0,0.054581,0.0009209,-0.00377797,0,0.0202559,0.0311967
0,0.0588199,0.00107549,-0.00376014,0,0.0218228,0.0335258
0,0.059716,0.00121753,-0.00373917,0,0.0235106,0.0352962
0,0.0578291,0.00134798,-0.00371532,0,0.0253288,0.0366674
0,0.0531773,0.00146717,-0.00368868,0,0.0272876,0.0376391
0,0.0459871,0.00157566,-0.00365964,0,0.0293978,0.0382747
0,0.0364945,0.00167403,-0.00362839,0,0.0316712,0.0386364
0,0.0250201,0.00176293,-0.00359511,0,0.0341205,0.0388066
0,0.011887,0.00184301,-0.00356016,0,0.0367592,0.0388672
0,-0.0025725,0.00191489,-0.0035235,0,0.0396022,0.0389009
0,-0.0176192,0.00197951,-0.00348538,0,0.0426652,0.0390766
0,-0.0318648,0.00203862,-0.00344602,0,0.0459125,0.0394456
0,-0.0460478,0.00209174,-0.00340546,0,0.0493465,0.0401315
0,-0.0590392,0.00213999,-0.00336381,0,0.0530329,0.0412416
0,-0.0699253,0.00218464,-0.00332113,0,0.0569922,0.0428731
0,-0.0778243,0.00222698,-0.00327759,0,0.0612014,0.0451002
0.00623969,-0.0820026,0.00226808,-0.0032332,0,0.0654985,0.0479783
0.0126394,-0.0773606,0.00226744,-0.00318798,0,0.0697026,0.0512896
0.019039,-0.070961,0.00222124,-0.00314263,0,0.0737542,0.0546084
0.0254387,-0.0645613,0.00216945,-0.003098,0,0.0776276,0.0587985
0.0318384,-0.0581616,0.00215007,-0.00305438,0,0.0813056,0.0638439
0.0382381,-0.0517619,0.0021819,-0.00301129,0,0.0847721,0.0692438
0.0446378,-0.0374228,0.00223139,-0.00296784,-5.69227e-09,0.0880108,0.0750807
-0.0449577,-0.104585,0.00226206,-0.00292344,8.27181e-25,-0.00499125,-0.0199565
-0.0385581,-0.114183,0.00227945,-0.00287827,0,-0.0022626,-0.0210329
-0.0321584,-0.117686,0.00229913,-0.00283273,0,0.000181205,-0.0199581
-0.0257587,-0.0946929,0.00234297,-0.00278681,0,0.00231841,-0.0134149
-0.019359,-0.0681635,0.00238698,-0.00274011,0,0.00412627,-0.00711253
-0.0129594,-0.0449202,0.0024241,-0.00269245,0,0.00558273,-0.00189153
-0.00655967,-0.0244165,0.00245508,-0.00264405,0,0.00667312,0.00263479
-0.000159992,-0.00407483,0.00248275,-0.00259502,0,0.00741662,0.00712041
0,0.0104674,0.00250122,-0.00254542,0,0.00796792,0.0103044
0,0.0169953,0.00250824,-0.00249544,0,0.0084994,0.0118856
0,0.0183853,0.00250713,-0.0024453,0,0.00906157,0.0125839
0,0.0164813,0.00250005,-0.00239515,0,0.00966996,0.0127372
0,0.0137328,0.00248975,-0.00234513,0,0.0103312,0.012847
0,0.0114724,0.00247776,-0.0022953,0,0.0110497,0.013147
0,0.0107194,0.00246527,-0.00224572,0,0.0118297,0.0138324
0,0.0119006,0.00245285,-0.00219639,0,0.0126755,0.0149745
0,0.0153355,0.00244091,-0.00214731,0,0.0135919,0.0166377
0,0.0208775,0.00242939,-0.00209846,0,0.0145839,0.0187851
0,0.0280895,0.00241791,-0.00204985,0,0.0156569,0.0213285
0,0.0362711,0.00240579,-0.00200145,0,0.0168169,0.0241283
0,0.044656,0.00239231,-0.00195331,0,0.0180701,0.0270391
0,0.0522206,0.00237647,-0.00190543,0,0.0194234,0.0298597
0,0.0583628,0.00235775,-0.00185786,0,0.0208843,0.0324913
0,0.0623978,0.00233552,-0.00181066,0,0.0224611,0.0348054
0,0.0639206,0.00230929,-0.00176387,0,0.0241624,0.0367395
0,0.0627511,0.00227897,-0.00171759,0,0.0259977,0.0382749
0,0.0587767,0.00224456,-0.00167191,0,0.0279773,0.039403
0,0.052146,0.00220635,-0.00162693,0,0.0301123,0.0401742
0,0.0431036,0.00216469,-0.00158267,0,0.0324145,0.040655
0,0.0320314,0.0021201,-0.00153923,0,0.0348967,0.0409417
0,0.0196179,0.00207343,-0.00149667,0,0.0375727,0.0411968
0,0.00635404,0.00202527,-0.00145509,0,0.0404575,0.0415276
0,-0.0112606,0.0019733,-0.00141446,0,0.0437377,0.0420186
0,-0.0271383,0.00192097,-0.00137489,0,0.0474793,0.0427492
0,-0.0415222,0.00186982,-0.00133634,0,0.0515376,0.0439351
0,-0.0551356,0.00181915,-0.00129882,0,0.0558803,0.0453348
0,-0.0809965,0.00175532,-0.00126233,0,0.0604733,0.0439467
0.00585013,-0.0841499,0.00137901,-0.00122707,0,0.0651596,0.0415737
0.012536,-0.077464,0.000489131,-0.00119798,0,0.0697518,0.0415603
0.0192219,-0.0707781,-0.000938006,-0.00118419,0,0.0741755,0.0429247
0.0259077,-0.0640923,-0.00243297,-0.00119653,-0.0185905,0.0784017,0.0451372
0.0325936,-0.0574064,-0.00350766,-0.00123547,-0.0409463,0.0824123,0.0477629
0.0392794,-0.0507206,-0.00400132,-0.00129918,-0.0598069,0.0861913,0.0505993
0.0459653,-0.14251,-0.00382375,-0.00137698,-0.0984752,0.0897225,0.0534029
-0.0476368,-0.137637,-0.00522148,-0.0014547,-5.20417e-18,-0.00729981,-0.0433977
-0.0409509,-0.130951,-0.00607134,-0.00155284,0,-0.00431866,-0.0394341
-0.0342651,-0.124265,-0.00713989,-0.00167044,0,-0.00164252,-0.0377409
-0.0275792,-0.117579,-0.00861995,-0.00180843,0,0.000706532,-0.0370712
-0.0208933,-0.110893,-0.0099284,-0.00197417,0,0.00270534,-0.0342434
-0.0142075,-0.104207,-0.0105731,-0.00216685,0,0.00433123,-0.0291691
-0.0075216,-0.0975216,-0.010563,-0.00237541,0,0.00556846,-0.0230941
-0.000835733,-0.0908357,-0.0101475,-0.00258674,0,0.00643381,-0.0172631
0,-0.09,-0.00957438,-0.00279239,0,0.00707476,-0.0135138
0,-0.09,-0.0089409,-0.00298732,0,0.00767017,-0.0106844
0,-0.0845226,-0.00829978,-0.00316899,0,0.0082861,-0.00809327
0,-0.0775475,-0.00768293,-0.00333915,0,0.0089424,-0.00602811
0,-0.0733589,-0.00709418,-0.00349435,0,0.00964699,-0.00458047
0,-0.0743709,-0.00653526,-0.00363741,0,0.0104049,-0.00416697
0,-0.0804166,-0.00600516,-0.00376952,0,0.0112205,-0.00467779
0,-0.09,-0.00550313,-0.00389095,0,0.0120985,-0.0058228
0,-0.09,-0.0051026,-0.00400226,0,0.0130437,-0.00712689
0,-0.09,-0.00479722,-0.00410612,0,0.0140614,-0.00822229
0,-0.09,-0.00464703,-0.00420344,0,0.0151572,-0.00913412
0,-0.09,-0.00465218,-0.00429705,0,0.0163371,-0.0100745
0,-0.09,-0.00483229,-0.00439007,0,0.0176075,-0.0106831
0,-0.09,-0.00517983,-0.00448591,0,0.0189754,-0.0107913
0,-0.09,-0.00565159,-0.00458794,0,0.0204484,-0.010514
0,-0.09,-0.00620906,-0.00470073,0,0.0220368,-0.00984466
0,-0.09,-0.00688207,-0.00481791,0,0.0237478,-0.00906434
0,-0.09,-0.00769084,-0.00495252,0,0.0255882,-0.00814073
0,-0.09,-0.00864708,-0.00510148,0,0.0275701,-0.00717427
0,-0.09,-0.00979014,-0.00527012,0,0.0297048,-0.00629654
0,-0.09,-0.0112544,-0.00546078,0,0.0320043,-0.00553164
0,-0.09,-0.0132216,-0.00567928,0,0.0344816,-0.00509164
0,-0.09,-0.0152066,-0.00593486,0,0.0366546,-0.00520069
0,-0.09,-0.0177822,-0.00623006,0,0.0383937,-0.00783715
0,-0.09,-0.0225964,-0.00657025,0,0.0401785,-0.0111066
0,-0.09,-0.0318144,-0.00700051,-0.00710976,0.0421363,-0.0157085
0,-0.09,-0.0439153,-0.00757227,-0.0681314,0.044288,-0.0209732
0.00249941,-0.0875006,-0.0552503,-0.00839612,-0.112314,0.0465681,-0.0238823
0.00649847,-0.0835015,-0.0648861,-0.00944446,-0.117496,0.0488668,-0.025052
0.0104975,-0.0795025,-0.0718494,-0.0106555,-0.118674,0.0511179,-0.0251549
0.0144966,-0.0755034,-0.0759903,-0.0120576,-0.11946,0.053297,-0.0252487
0.0184956,-0.0715044,-0.0772989,-0.0135567,-0.120157,0.0553899,-0.0255883
0.0224947,-0.0675053,-0.075925,-0.0150968,-0.120869,0.057385,-0.0259063
0.0264937,-0.185092,-0.0719495,-0.0166222,-0.121586,0.0592707,-0.0261116
-0.029493,-0.245078,-0.0719495,-0.0180791,-0.121586,0.00104943,-0.125657
-0.0246942,-0.245078,-0.0719495,-0.0198059,-0.121586,0.00267794,-0.0820848
-0.0204952,-0.110495,-0.0812375,-0.0213168,-6.82348e-10,0.00415383,-0.0501395
-0.0174959,-0.107496,-0.0841328,-0.0224657,-1.03398e-25,0.00547028,-0.0480825
-0.0134968,-0.103497,-0.0884502,-0.0241295,-5.73972e-42,0.00661755,-0.0487076
-0.00949776,-0.0994978,-0.0948773,-0.0258683,0,0.00757686,-0.0499775
-0.0054987,-0.0954987,-0.10266,-0.0277241,0,0.00833602,-0.0504202
-0.00149965,-0.0914996,-0.110649,-0.0297228,0,0.00889912,-0.0501824
0,-0.09,-0.11797,-0.0318998,0,0.00933261,-0.0495076
0,-0.09,-0.123676,-0.0342263,0,0.00974123,-0.0481093
0,-0.09,-0.12762,-0.0366741,0,0.0101843,-0.0464374
0,-0.09,-0.13061,-0.0392107,0,0.0106792,-0.045189
0,-0.09,-0.132368,-0.041811,0,0.0112325,-0.0435396
0,-0.09,-0.132934,-0.0444513,0,0.0118483,-0.041813
0,-0.09,-0.132366,-0.047106,0,0.0125302,-0.0398399
0,-0.09,-0.130544,-0.0497571,0,0.013282,-0.0374254
0,-0.09,-0.127423,-0.0523761,0,0.0141078,-0.0345782
0,-0.09,-0.122905,-0.0549371,0,0.0150123,-0.0309871
0,-0.09,-0.117177,-0.0574155,0,0.0160004,-0.0267189
0,-0.09,-0.1105,-0.0597963,0,0.0170774,-0.0220252
0,-0.09,-0.103088,-0.062033,0,0.0182493,-0.016571
0,-0.09,-0.0952196,-0.0641281,0,0.0195225,-0.0104659
0,-0.09,-0.0871635,-0.066064,0,0.0209039,-0.00372481
0,-0.09,-0.0791452,-0.0678516,0,0.0224013,0.00358419
0,-0.0669957,-0.071384,-0.0694705,0,0.024023,0.0114109
0,-0.035478,-0.0639236,-0.0709331,0,0.025778,0.019601
0,-0.00670103,-0.0567691,-0.0722265,0,0.0276762,0.02708
0,0.0151583,-0.04992,-0.073387,0,0.0297281,0.0332413
0,0.0301274,-0.0433765,-0.0744025,0,0.0319451,0.0382238
0,0.0374849,-0.0371332,-0.0752864,0,0.0343395,0.0418817
0,0.0385342,-0.0311788,-0.0760446,0,0.0369248,0.0445461
0,0.0223052,-0.0266838,-0.0766891,0,0.0402164,0.0462614
0,0.00691042,-0.0212888,-0.0772385,0,0.0443748,0.047525
0,-0.00836137,-0.0161405,-0.0776831,0,0.0489442,0.0489909
0,-0.022667,-0.0112358,-0.0780188,0,0.0538157,0.0507739
0,-0.0343654,-0.00656885,-0.0782533,0,0.0589476,0.0531141
0.00376217,-0.0432036,-0.00213127,-0.0783941,0,0.0642223,0.0559209
0.0109282,-0.0488115,0.00208759,-0.0784522,0,0.0694453,0.0592011
0.0180942,-0.0521959,0.00609434,-0.0784189,0,0.0744888,0.0626842
0.0252603,-0.0534564,0.00989535,-0.078311,0,0.0793106,0.0663567
0.0324263,-0.0523557,0.0134963,-0.0781226,0,0.0838896,0.0702574
0.0395924,-0.0484435,0.0169034,-0.0778653,0,0.0882095,0.0744616
0.0467584,-0.0409201,0.0201229,-0.0775392,0,0.092254,0.0791148
-0.0535661,-0.0692156,0.0202092,-0.077148,0,-0.0114848,-0.0162034
-0.0464001,-0.0687498,0.0232342,-0.0767441,0,-0.00804494,-0.0158879
-0.0392341,-0.0886542,0.0260479,-0.076287,0,-0.00493744,-0.0182679
-0.032068,-0.0800762,0.0287084,-0.075773,0,-0.00218469,-0.0140404
-0.024902,-0.050131,0.0312256,-0.0752082,0,0.000189523,-0.00617014
-0.0177359,-0.0109554,0.0335987,-0.0745925,0,0.00216118,0.00285609
-0.0105699,0.0186574,0.0358135,-0.0739288,0,0.003711,0.00923134
-0.00340387,0.0335981,0.037857,-0.0732203,0,0.00484388,0.0124326
0,0.0405241,0.0397411,-0.0724713,0,0.0056642,0.0141911
0,0.0387045,0.0414725,-0.0716812,0,0.00635826,0.0142168
0,0.0325263,0.0430642,-0.0708587,0,0.00704634,0.0135405
0,0.0247177,0.0445257,-0.0700038,0,0.00776274,0.0126599
0,0.0172348,0.045865,-0.0691184,0,0.00851938,0.0119423
0,0.0116757,0.0470886,-0.0682044,0,0.00932256,0.0116955
0,0.00874847,0.0482017,-0.0672657,0,0.0101773,0.0120376
0,0.00883965,0.0492092,-0.0663056,0,0.0110883,0.0130403
0,0.0113574,0.0501151,-0.0653249,0,0.0120609,0.0145647
0,0.0161483,0.0509234,-0.0643249,0,0.0131004,0.0165985
0,0.0227645,0.0516379,-0.0633084,0,0.0142125,0.0190513
0,0.0294573,0.0522604,-0.0622782,0,0.0154034,0.0215493
0,0.0362957,0.0527951,-0.0612351,0,0.0166796,0.0241634
0,0.0424386,0.0532452,-0.0601803,0,0.018048,0.0267103
0,0.0472859,0.0536141,-0.0591165,0,0.0195163,0.0290863
0,0.0502566,0.0539055,-0.0580452,0,0.0210926,0.0311862
0,0.0517661,0.0541223,-0.0569676,0,0.0227857,0.0331284
0,0.0511444,0.0542662,-0.0558857,0,0.0246051,0.0347607
0,0.0483305,0.0543412,-0.0548008,0,0.0265609,0.0360996
0,0.0431762,0.054351,-0.0537142,0,0.0286641,0.0371266
0,0.03613,0.0542997,-0.0526272,0,0.0309263,0.0379615
0,0.0274043,0.054191,-0.0515411,0,0.0333602,0.0386563
0,0.0170992,0.0540284,-0.0504569,0,0.0359793,0.0392459
0,0.00563084,0.0538152,-0.0493759,0,0.0387982,0.0398386
0,-0.0117722,0.0535621,-0.048299,0,0.0420623,0.0405424
0,-0.0271475,0.0532373,-0.0472269,0,0.0458545,0.0414355
0,-0.0409842,0.0528716,-0.046161,0,0.0499745,0.0427922
0,-0.052524,0.0524683,-0.0451027,0,0.0543772,0.0447123
0,-0.0613034,0.0520313,-0.0440523,0,0.0590306,0.0471787
0.00486799,-0.0669396,0.0515647,-0.0430106,0,0.0637981,0.0501724
0.0115825,-0.0695471,0.0510708,-0.0419783,0,0.0684943,0.0535999
0.0182969,-0.0706331,0.05055,-0.0409557,0,0.0730251,0.0570984
0.0250114,-0.0649886,0.0499645,-0.0399434,0,0.0773566,0.0605929
0.0317258,-0.0582742,0.0493292,-0.0389426,0,0.0814698,0.0644011
0.0384403,-0.0515597,0.0486621,-0.0379519,0,0.0853489,0.0683876
0.0451548,-0.0548626,0.0480521,-0.0369743,-0.0100174,0.0889779,0.0725947
-0.0488477,-0.110212,0.0481026,-0.0360093,0,-0.00837762,-0.0230228
-0.0421333,-0.121498,0.0474152,-0.0350475,0,-0.00530216,-0.0246702
-0.0354188,-0.125419,0.0466566,-0.0340975,0,-0.0025329,-0.0251033
-0.0287043,-0.104295,0.045974,-0.0331625,0,-9.15573e-05,-0.0170229
-0.0219899,-0.0594225,0.0453056,-0.0322399,0,0.00199895,-0.00635133
-0.0152754,-0.017477,0.0446254,-0.0313325,0,0.00371591,0.00271766
-0.00856094,0.0117904,0.0439247,-0.0304386,0,0.00504249,0.008817
-0.00184648,0.0310937,0.0432032,-0.0295587,0,0.00599027,0.0129215
0,0.0438778,0.0424649,-0.0286921,0,0.00668577,0.0158117
0,0.0475541,0.04171,-0.0278402,0,0.00730642,0.0168592
0,0.0432944,0.0409443,-0.0270034,0,0.00793844,0.0164191
0,0.0350041,0.0401744,-0.0261818,0,0.008607,0.015342
0,0.0262264,0.039405,-0.0253753,0,0.00932145,0.0143172
0,0.0192261,0.038639,-0.0245845,0,0.0100872,0.013757
0,0.015562,0.0378782,-0.023809,0,0.0109089,0.0139516
0,0.0156585,0.0371232,-0.0230488,0,0.0117912,0.0149566
0,0.0195448,0.0363744,-0.0223048,0,0.012739,0.0167716
0,0.0258391,0.0356305,-0.0215747,0,0.0137575,0.0190911
0,0.0341617,0.0348913,-0.0208602,0,0.0148524,0.0218744
0,0.0434754,0.0341561,-0.0201598,0,0.0160298,0.0249052
0,0.0528144,0.0334242,-0.0194741,0,0.0172958,0.0280026
0,0.0611374,0.0326951,-0.0188031,0,0.0186577,0.0309671
0,0.0675916,0.0319684,-0.0181466,0,0.0201228,0.0336443
0,0.0712439,0.0312439,-0.0175054,0,0.0216994,0.035857
0,0.0722894,0.0305201,-0.0168787,0,0.0233962,0.0376842
0,0.0700516,0.029796,-0.0162669,0,0.0252228,0.0389787
0,0.0646043,0.0290729,-0.0156684,0,0.0271893,0.0397876
0,0.0562019,0.0283518,-0.0150848,0,0.0293067,0.0401792
0,0.0451635,0.0276337,-0.0145152,0,0.0315867,0.0402332
0,0.0319301,0.0269198,-0.0139601,0,0.0340422,0.040057
0,0.0171141,0.0262113,-0.0134192,0,0.0366867,0.039794
0,0.00133346,0.0255093,-0.0128925,0,0.0395349,0.0395827
0,-0.0168101,0.0248258,-0.0123798,0,0.0426903,0.0395583
0,-0.0336957,0.024136,-0.0118809,0,0.0461948,0.0398587
0,-0.0488455,0.0234559,-0.0113958,0,0.0499831,0.0407117
0,-0.0615357,0.022787,-0.010925,0,0.0540483,0.0422027
0,-0.0711762,0.0221304,-0.0104679,0,0.0583832,0.0443554
0.00182612,-0.0774977,0.0214869,-0.0100236,0,0.0629192,0.0471155
0.00846655,-0.0804492,0.0208567,-0.0095926,0,0.0674797,0.0504117
0.015107,-0.074893,0.0201981,-0.0091742,0,0.0719127,0.0540245
0.0217474,-0.0682526,0.0195205,-0.00876794,0,0.0761692,0.0578717
0.0283878,-0.0616122,0.0188456,-0.00837312,0,0.0802264,0.0620813
0.0350283,-0.0549717,0.0182126,-0.00799216,0,0.0840674,0.067146
0.0416687,-0.0483313,0.0176529,-0.00762506,0,0.087676,0.0728936
0.0483091,-0.0323838,0.017118,-0.00726949,3.51504e-09,0.0910352,0.0789106
-0.0446569,-0.101788,0.0171502,-0.00692499,-4.1359e-25,-0.00547965,-0.0197066
-0.0380164,-0.128016,0.0165276,-0.00658206,5.73972e-42,-0.00267546,-0.0255039
-0.031376,-0.121376,0.0158918,-0.00624933,0,-0.000179845,-0.0233869
-0.0247356,-0.105144,0.0153779,-0.00592768,0,0.00198463,-0.0159722
-0.0180952,-0.0760501,0.0148887,-0.00561781,0,0.00379483,-0.00891346
-0.0114547,-0.0481874,0.0144091,-0.00531832,0,0.0052303,-0.00273012
-0.00481431,-0.0253541,0.0139353,-0.00502846,0,0.00628608,0.0022043
0,-0.00312175,0.0134719,-0.00474857,0,0.00702256,0.00708095
0,0.0127162,0.0130127,-0.00447751,0,0.00760817,0.0105428
0,0.0242188,0.0125606,-0.00421611,0,0.00818651,0.0132452
0,0.0289533,0.0121134,-0.00396399,0,0.00879754,0.0145949
0,0.029508,0.0116739,-0.00372083,0,0.00945423,0.0152461
0,0.0282464,0.0112442,-0.00348647,0,0.0101627,0.0156602
0,0.0269697,0.010826,-0.00326052,0,0.0109275,0.0161786
0,0.0268894,0.0104204,-0.00304316,0,0.0117531,0.0170265
0,0.0286921,0.0100276,-0.00283394,0,0.0126441,0.0183283
0,0.0324961,0.00964763,-0.0026326,0,0.0136053,0.0200963
0,0.0383013,0.00928013,-0.0024387,0,0.0146421,0.0223323
0,0.044744,0.00892338,-0.00225181,0,0.0157603,0.0247361
0,0.0518617,0.00857719,-0.0020721,0,0.0169659,0.0273602
0,0.0587692,0.0082404,-0.00189934,0,0.0182654,0.0300119
0,0.065147,0.00791248,-0.00173369,0,0.0196661,0.0326516
0,0.0694555,0.00759161,-0.00157429,0,0.0211758,0.0349505
0,0.0719391,0.00727759,-0.00142166,0,0.0228028,0.0370155
0,0.0719324,0.00696896,-0.00127532,0,0.0245563,0.0386996
0,0.0692478,0.0066655,-0.00113533,0,0.026446,0.0399905
0,0.0637379,0.00636707,-0.00100126,0,0.0284825,0.0408726
0,0.0554884,0.00607368,-0.000873169,0,0.0306771,0.0413838
0,0.044682,0.00578546,-0.000750669,0,0.033042,0.041579
0,0.031643,0.00550268,-0.000633951,0,0.0355904,0.041544
0,0.0170332,0.00522598,-0.000523332,0,0.0383365,0.041436
0,0.0014717,0.00495592,-0.000417844,0,0.0412956,0.0413906
0,-0.0159379,0.00469465,-0.000318185,0,0.0445454,0.0415114
0,-0.0320973,0.00443878,-0.000223508,0,0.0481207,0.0420093
0,-0.0466468,0.00419204,-0.000134093,0,0.0519806,0.043015
0,-0.0585666,0.00395546,-4.9759e-05,0,0.0561214,0.0446738
0,-0.0674556,0.00372934,2.99417e-05,0,0.0605249,0.0469513
0.00416244,-0.0733328,0.00351348,0.000105094,0,0.0650718,0.049739
0.0108223,-0.0753383,0.00330863,0.000175795,0,0.0695795,0.0531691
0.0174822,-0.0725178,0.00309404,0.00024248,0,0.0739408,0.0567943
0.0241421,-0.0658579,0.00285263,0.000305112,0,0.0781181,0.060474
0.030802,-0.059198,0.00262586,0.000363251,0,0.082091,0.0650636
0.0374619,-0.0525381,0.0024447,0.000417242,0,0.085843,0.0703104
0.0441218,-0.0399887,0.00229547,0.000467314,-1.91099e-08,0.0893575,0.0761317
-0.0491167,-0.0897774,0.00234855,0.000514193,-3.30872e-24,-0.00728168,-0.0180579
-0.0424568,-0.101647,0.00217636,0.000560978,0,-0.00429642,-0.0200287
-0.0357969,-0.125797,0.0019554,0.000604936,0,-0.00160559,-0.0244911
-0.029137,-0.116946,0.0018193,0.000644817,0,0.000768924,-0.0191741
-0.0224772,-0.0878442,0.00171004,0.00068202,0,0.00280404,-0.0117288
-0.0158173,-0.0589315,0.00160576,0.000716658,0,0.00447673,-0.00517108
-0.00915736,-0.0331655,0.00150318,0.000749033,0,0.00576913,0.000476115
-0.00249746,-0.0102883,0.00140248,0.000779302,0,0.00668878,0.00544196
0,0.00914241,0.00130297,0.000807553,0,0.00734648,0.00967935
0,0.0222333,0.00120158,0.000833961,0,0.00791638,0.0126079
0,0.0291382,0.00109853,0.000858246,0,0.00849679,0.014365
0,0.0302022,0.00099408,0.000880423,0,0.00911582,0.0150319
0,0.0283601,0.000891171,0.00090067,0,0.00978337,0.0152618
0,0.0257746,0.000791917,0.000918854,0,0.0105048,0.0154612
0,0.0241172,0.000697932,0.00093494,0,0.0112847,0.0159479
0,0.0243059,0.000610029,0.000949228,0,0.0121272,0.0168851
0,0.0267512,0.000528494,0.000961736,0,0.0130372,0.0183438
0,0.0316233,0.000453368,0.00097251,0,0.0140197,0.0203556
0,0.0377656,0.000383284,0.000981877,0,0.0150801,0.0226618
0,0.0451393,0.000318067,0.000989753,0,0.0162243,0.0252916
0,0.052785,0.00025657,0.000996278,0,0.0174583,0.0280373
0,0.059985,0.000197895,0.00100162,0,0.0187891,0.0307717
0,0.0662896,0.000141442,0.00100573,0,0.020224,0.0334215
0,0.0701503,8.54527e-05,0.00100876,0,0.0217709,0.0356599
0,0.0718523,3.00539e-05,0.00101066,0,0.0234385,0.0376033
0,0.0707752,-2.55323e-05,0.00101146,0,0.0252361,0.0391144
0,0.0668165,-8.1484e-05,0.00101108,0,0.0271738,0.0401989
0,0.0599855,-0.000137868,0.00100965,0,0.0292623,0.0408748
0,0.050539,-0.000194481,0.00100701,0,0.0315132,0.0412146
0,0.0388411,-0.000251011,0.00100326,0,0.0339391,0.0413099
0,0.0252805,-0.000307127,0.000998435,0,0.0365536,0.0412558
0,0.0103587,-0.000362363,0.000992489,0,0.0393711,0.0411715
0,-0.0051858,-0.000415985,0.000985352,0,0.0424073,0.0412214
0,-0.0203539,-0.000466976,0.000977139,0,0.045664,0.0415473
0,-0.0350769,-0.000515248,0.000967978,0,0.0491544,0.0422072
0,-0.0483682,-0.000559817,0.000957794,0,0.0529091,0.0433479
0,-0.0592483,-0.000599713,0.000946709,0,0.0569416,0.045088
0,-0.0673162,-0.000634613,0.000934855,0,0.061233,0.0473931
0.00507615,-0.0721919,-0.000664215,0.000922284,0,0.0656456,0.0502482
0.011626,-0.0740147,-0.00068875,0.000909104,0,0.0699973,0.0535569
0.0181759,-0.0718241,-0.000720722,0.000895415,0,0.0742017,0.0571337
0.0247257,-0.0652743,-0.000773884,0.000881112,0,0.0782262,0.0609738
0.0312756,-0.0587244,-0.000806704,0.000865874,0,0.0820518,0.0657437
0.0378255,-0.048403,-0.000807623,0.000849953,0,0.0856619,0.0713785
0.0443753,-0.0317813,-0.000800566,0.000833806,0,0.0890399,0.0773699
-0.0473228,-0.0890101,-0.00075711,0.000817777,0,-0.00607996,-0.0173074
-0.0407729,-0.105234,-0.000782988,0.000802548,0,-0.00322065,-0.0201033
-0.0342231,-0.124223,-0.000835101,0.000786953,0,-0.00065067,-0.0229026
-0.0276732,-0.10716,-0.000821909,0.000770381,0,0.00160805,-0.0164635
-0.0211233,-0.0778764,-0.000794848,0.000753864,0,0.00353248,-0.00929114
-0.0145735,-0.0499675,-0.000768388,0.000737872,0,0.00509995,-0.00303234
-0.00802359,-0.0198208,-0.000738791,0.000722478,0,0.00629391,0.00357386
-0.00147372,0.00634536,-0.000712711,0.000707628,0,0.00712696,0.00912027
0,0.027574,-0.000691147,0.000693283,0,0.00772914,0.0136488
0,0.0403674,-0.000677805,0.000679384,0,0.0082739,0.0164478
0,0.0449348,-0.000672532,0.000665781,0,0.00883859,0.01768
0,0.0438712,-0.000672638,0.00065231,0,0.00944576,0.0179286
0,0.0402144,-0.000674941,0.000638857,0,0.0101038,0.017806
0,0.0362909,-0.00067701,0.000625366,0,0.0108178,0.0177526
0,0.0336363,-0.000677245,0.00061183,0,0.0115919,0.018051
0,0.033057,-0.000674823,0.000598286,0,0.0124305,0.0188433
0,0.0348037,-0.000669506,0.000584781,0,0.0133382,0.0201677
0,0.0387756,-0.000661435,0.000571378,0,0.0143202,0.0219995
0,0.0443401,-0.000651308,0.000558133,0,0.0153817,0.024205
0,0.0507563,-0.000639944,0.000545082,0,0.0165287,0.0266415
0,0.0572605,-0.000628181,0.000532254,0,0.0177672,0.0291648
0,0.0631149,-0.000616833,0.000519667,0,0.0191043,0.0316377
0,0.0676479,-0.000606637,0.000507302,0,0.0205471,0.0339379
0,0.0703382,-0.000598169,0.000495144,0,0.0221039,0.0359752
0,0.0706751,-0.000591956,0.000483164,0,0.0237832,0.0376587
0,0.0683903,-0.000588289,0.000471303,0,0.0255945,0.0389526
0,0.0634222,-0.000587254,0.000459528,0,0.0275478,0.0398621
0,0.05591,-0.000588714,0.00044778,0,0.0296541,0.0404334
0,0.0458697,-0.000592663,0.000436012,0,0.0319249,0.0406817
0,0.0336809,-0.000598705,0.000424172,0,0.0343731,0.040709
0,0.0199746,-0.000606179,0.000412213,0,0.0370123,0.0406645
0,0.0053292,-0.000614477,0.000400105,0,0.039857,0.0406775
0,-0.00981104,-0.000623122,0.000387844,0,0.0429232,0.0408433
0,-0.0241455,-0.000630611,0.000375399,0,0.0461923,0.041279
0,-0.0377237,-0.000637178,0.000362813,0,0.0496717,0.0421538
0,-0.0499848,-0.000642169,0.000350092,0,0.0534111,0.0434664
0,-0.059953,-0.000644563,0.000337267,0,0.0574274,0.0453434
0,-0.0670408,-0.00064376,0.000324381,0,0.0616979,0.0477906
0.00600824,-0.0707733,-0.000639276,0.000311504,0,0.066065,0.0508119
0.0125036,-0.0716955,-0.000631706,0.000298703,0,0.0703459,0.0542235
0.018999,-0.0709283,-0.000622249,0.00028605,0,0.0744737,0.057766
0.0254944,-0.0645056,-0.000626508,0.000273586,0,0.078421,0.0617875
0.0319898,-0.0569998,-0.000608734,0.000261073,0,0.0821698,0.0667999
0.0384852,-0.0424606,-0.000583531,0.000248791,0,0.0857039,0.0725808
0.0449806,-0.0255959,-0.000555914,0.000237058,0,0.0890066,0.0784407
-0.045955,-0.0883628,-0.000519178,0.000225884,0,-0.00537092,-0.0168572
-0.0394596,-0.105624,-0.000527336,0.000215409,0,-0.00258577,-0.0197737
-0.0329642,-0.118626,-0.000530986,0.000204879,0,-8.95421e-05,-0.0205743
-0.0264688,-0.0964878,-0.000497534,0.00019427,0,0.00209575,-0.0139212
-0.0199734,-0.068239,-0.000457774,0.000184252,0,0.00394708,-0.00718124
-0.013478,-0.0418926,-0.000420217,0.000175017,0,0.00544204,-0.00129138
-0.00698255,-0.0182019,-0.000385683,0.000166538,0,0.00656532,0.00387656
-0.000487155,0.00385689,-0.000353109,0.000158703,0,0.00733465,0.00866506
0,0.0204073,-0.0003266,0.00015156,0,0.00789999,0.012254
0,0.0301297,-0.000307558,0.000144935,0,0.00843555,0.0144958
0,0.0332615,-0.000295738,0.000138717,0,0.00899894,0.0154946
0,0.0323307,-0.00028846,0.000132761,0,0.00960753,0.0158165
0,0.0296187,-0.000283297,0.000126963,0,0.0102684,0.0159062
0,0.0271779,-0.000278072,0.000121284,0,0.0109862,0.0161635
0,0.026216,-0.000271502,0.000115712,0,0.0117651,0.0168056
0,0.0273139,-0.000262974,0.000110269,0,0.0126095,0.0179331
0,0.0305043,-0.000252456,0.000104988,0,0.0135241,0.0195416
0,0.0355644,-0.000240188,9.99019e-05,0,0.0145139,0.0215853
0,0.0420547,-0.000226641,9.50552e-05,0,0.0155844,0.0239775
0,0.0491927,-0.00021265,9.04953e-05,0,0.0167414,0.0265604
0,0.0565366,-0.000198688,8.62073e-05,0,0.0179912,0.0292634
0,0.0626354,-0.00018629,8.21777e-05,0,0.0193406,0.0317805
0,0.0675142,-0.00017543,7.84209e-05,0,0.0207973,0.0341655
0,0.0702813,-0.000167049,7.48851e-05,0,0.0223692,0.0362259
0,0.0705938,-0.000161489,7.15274e-05,0,0.0240652,0.0379188
0,0.0682209,-0.000158984,6.82837e-05,0,0.0258947,0.0392123
0,0.0631495,-0.000159537,6.50953e-05,0,0.0278679,0.0401217
0,0.0554596,-0.00016305,6.19059e-05,0,0.0299958,0.0406788
0,0.0453706,-0.000169275,5.86537e-05,0,0.0322903,0.0409464
0,0.0332768,-0.000177777,5.52806e-05,0,0.0347641,0.0410244
0,0.0195824,-0.00018811,5.17549e-05,0,0.0374311,0.0410108
0,0.00467455,-0.000199848,4.80288e-05,0,0.040306,0.040998
0,-0.0111064,-0.000212635,4.40729e-05,0,0.043422,0.0411516
0,-0.0250994,-0.000223473,3.98522e-05,0,0.0467335,0.0415912
0,-0.0384982,-0.000233799,3.54099e-05,0,0.0502222,0.0424947
0,-0.0504427,-0.000242653,3.077e-05,0,0.0539639,0.0438648
0,-0.0602641,-0.00024932,2.5948e-05,0,0.0579812,0.0457494
0.00016207,-0.0672091,-0.000252999,2.09849e-05,0,0.0622465,0.0481994
0.00664489,-0.0709523,-0.000253342,1.59378e-05,0,0.0665923,0.0511829
0.0131277,-0.0714696,-0.000250325,1.08721e-05,0,0.070838,0.0546516
0.0196105,-0.0703895,-0.000246761,5.85509e-06,0,0.0749272,0.0581874
0.0260933,-0.0639067,-0.000258499,9.07395e-07,0,0.078835,0.0621435
0.0325762,-0.0557459,-0.000245256,-4.18629e-06,0,0.082544,0.0673306
0.039059,-0.0412001,-0.000225386,-9.17748e-06,0,0.0860381,0.0730578
0.0455418,-0.0228936,-0.000201693,-1.37249e-05,0,0.0893005,0.0792032
-0.0452176,-0.0894228,-0.00016914,-1.7818e-05,0,-0.00492917,-0.0168573
-0.0387348,-0.109727,-0.000186411,-2.12822e-05,0,-0.00218556,-0.0203845
-0.032252,-0.118046,-0.000191085,-2.49759e-05,0,0.000268311,-0.0200886
-0.0257692,-0.0948106,-0.000162511,-2.87882e-05,0,0.0024103,-0.0133598
-0.0192864,-0.0653066,-0.000127503,-3.20956e-05,0,0.00421732,-0.00640411
-0.0128036,-0.0392355,-9.63439e-05,-3.47682e-05,0,0.00566722,-0.000640291
-0.00632075,-0.015856,-6.82616e-05,-3.68041e-05,0,0.00674613,0.00444535
0,0.0057458,-4.23043e-05,-3.82396e-05,0,0.00747784,0.00912935
0,0.0214914,-2.27939e-05,-3.91505e-05,0,0.00802285,0.0125469
0,0.0306775,-1.04668e-05,-3.96747e-05,0,0.00855294,0.0146908
0,0.03339,-5.21543e-06,-3.99272e-05,0,0.00911521,0.0156116
0,0.0323471,-4.14397e-06,-4.00499e-05,0,0.00972433,0.0159219
0,0.0297523,-4.90574e-06,-4.0137e-05,0,0.0103866,0.0160434
0,0.0275894,-5.39142e-06,-4.02333e-05,0,0.0111066,0.0163628
0,0.027094,-4.28925e-06,-4.03399e-05,0,0.0118884,0.0171052
0,0.0283944,-1.46261e-06,-4.04295e-05,0,0.0127363,0.0182692
0,0.0318963,3.51539e-06,-4.04658e-05,0,0.0136551,0.0199467
0,0.0375544,1.05917e-05,-4.0408e-05,0,0.0146499,0.0221214
0,0.04399,1.83035e-05,-4.02209e-05,0,0.0157261,0.0244907
0,0.0511613,2.66031e-05,-3.98818e-05,0,0.0168896,0.0270896
0,0.0581405,3.45067e-05,-3.93788e-05,0,0.0181468,0.0297177
0,0.0642713,4.13205e-05,-3.87163e-05,0,0.0195044,0.0322608
0,0.0688273,4.62789e-05,-3.7907e-05,0,0.0209702,0.034582
0,0.0713052,4.88566e-05,-3.69987e-05,0,0.0225522,0.0365971
0,0.0713847,4.87183e-05,-3.60306e-05,0,0.0242593,0.0382574
0,0.068728,4.55191e-05,-3.50559e-05,0,0.026101,0.0395064
0,0.063322,3.92623e-05,-3.41375e-05,0,0.0280876,0.0403626
0,0.0552606,3.00659e-05,-3.33366e-05,0,0.0302301,0.0408613
0,0.0447847,1.82052e-05,-3.27123e-05,0,0.0325405,0.0410697
0,0.0322442,4.0712e-06,-3.23067e-05,0,0.0350316,0.0410773
0,0.0180373,-1.18928e-05,-3.21758e-05,0,0.0377173,0.0409823
0,0.00285687,-2.89334e-05,-3.23578e-05,0,0.0406126,0.0409452
0,-0.0143391,-4.81524e-05,-3.28768e-05,0,0.0438089,0.0411091
0,-0.0303299,-6.61235e-05,-3.37726e-05,0,0.047345,0.0416113
0,-0.0443427,-8.19972e-05,-3.50502e-05,0,0.0511668,0.0427158
0,-0.0557583,-9.51099e-05,-3.66345e-05,0,0.0552689,0.0444721
0,-0.0643555,-0.000105218,-3.8504e-05,0,0.0596395,0.0468205
0.00283643,-0.0695691,-0.00011172,-4.05831e-05,0,0.0641877,0.0497853
0.00951039,-0.0717129,-0.000114944,-4.28012e-05,0,0.0687338,0.0532105
0.0161844,-0.0715871,-0.000115739,-4.5092e-05,0,0.0731444,0.0568898
0.0228583,-0.0671417,-0.000130393,-4.74052e-05,0,0.0773751,0.0607673
0.0295323,-0.0604677,-0.000158452,-4.99618e-05,0,0.0814041,0.0648646
0.0362062,-0.0536771,-0.000149311,-5.29484e-05,0,0.0852143,0.0701617
0.0428802,-0.0389444,-0.000131863,-5.59941e-05,0,0.0887895,0.0760027
0.0495542,-0.021078,-0.000111217,-5.86924e-05,0,0.0921122,0.0820558
-0.0438813,-0.0962789,-6.58804e-05,-6.13296e-05,0,-0.00494559,-0.0178847
-0.0372073,-0.119124,-8.94473e-05,-6.28122e-05,0,-0.00218521,-0.0223512
-0.0305334,-0.111264,-8.05579e-05,-6.45187e-05,0,0.000262348,-0.0183985
-0.0238594,-0.0837356,-5.09523e-05,-6.61521e-05,0,0.00237416,-0.0112134
-0.0171854,-0.0553188,-2.05425e-05,-6.72303e-05,0,0.00412704,-0.00466745
-0.0105115,-0.0307593,5.63502e-06,-6.7702e-05,0,0.00550153,0.000762347
-0.00383753,-0.00723115,3.05598e-05,-6.76809e-05,0,0.00649798,0.00592784
0,0.0135937,5.24484e-05,-6.71569e-05,0,0.00719864,0.010463
0,0.0277218,6.7071e-05,-6.61846e-05,0,0.00777501,0.0135807
0,0.0345863,7.38435e-05,-6.48797e-05,0,0.00835176,0.0152928
0,0.0356779,7.43666e-05,-6.34164e-05,0,0.00896387,0.0159591
0,0.0338257,7.16523e-05,-6.19301e-05,0,0.00962304,0.016177
0,0.0311202,6.79247e-05,-6.04903e-05,0,0.0103351,0.0163399
0,0.0291852,6.49086e-05,-5.91243e-05,0,0.0111044,0.0167569
0,0.0289064,6.35434e-05,-5.78201e-05,0,0.0119356,0.0175854
0,0.0307239,6.42921e-05,-5.65458e-05,0,0.0128331,0.0189037
0,0.0347083,6.72249e-05,-5.52626e-05,0,0.0138019,0.0207202
0,0.0406569,7.21205e-05,-5.39284e-05,0,0.0148474,0.0229929
0,0.0473164,7.76469e-05,-5.25031e-05,0,0.0159755,0.0254517
0,0.0548051,8.39241e-05,-5.09695e-05,0,0.0171921,0.0281647
0,0.0614341,8.91624e-05,-4.9313e-05,0,0.0185039,0.0307564
0,0.0673992,9.35689e-05,-4.75429e-05,0,0.0199182,0.0333255
0,0.0713179,9.5684e-05,-4.56869e-05,0,0.0214429,0.0355642
0,0.0729495,9.52546e-05,-4.37806e-05,0,0.0230864,0.037466
0,0.0717321,9.16901e-05,-4.1874e-05,0,0.024858,0.0389213
0,0.0678972,8.52505e-05,-4.00277e-05,0,0.0267675,0.0400089
0,0.061314,7.58148e-05,-3.83066e-05,0,0.0288256,0.0407054
0,0.0521768,6.36081e-05,-3.67715e-05,0,0.0310437,0.041073
0,0.0406616,4.88362e-05,-3.54566e-05,0,0.0334341,0.0411622
0,0.0271893,3.19657e-05,-3.44282e-05,0,0.0360103,0.0410808
0,0.0124063,1.37015e-05,-3.37298e-05,0,0.0387865,0.0409796
0,-0.00303223,-5.24293e-06,-3.34192e-05,0,0.0417781,0.0410018
0,-0.018885,-2.45709e-05,-3.34578e-05,0,0.0450171,0.0412752
0,-0.0340664,-4.31512e-05,-3.39009e-05,0,0.0485249,0.0418756
0,-0.0474966,-5.98218e-05,-3.47268e-05,0,0.052304,0.0430277
0,-0.0587069,-7.4078e-05,-3.58815e-05,0,0.0563615,0.0447342
0,-0.0671347,-8.53172e-05,-3.73274e-05,0,0.06068,0.0470128
0.00444309,-0.0723115,-9.30393e-05,-3.90113e-05,0,0.0651351,0.0498618
0.0110254,-0.0744317,-9.74505e-05,-4.08451e-05,0,0.0695455,0.0531657
0.0176078,-0.0723922,-0.000112857,-4.27786e-05,0,0.0738115,0.0567132
0.0241901,-0.0658099,-0.000154189,-4.49819e-05,0,0.0778974,0.0605214
0.0307725,-0.0592275,-0.000184857,-4.78796e-05,0,0.0817833,0.0651134
0.0373548,-0.0505461,-0.000172316,-5.14388e-05,0,0.0854526,0.0708194
0.0439372,-0.0359612,-0.00015367,-5.49603e-05,0,0.0888887,0.0764512
-0.0482157,-0.0893958,-0.000105655,-5.8071e-05,0,-0.00666119,-0.0176818
-0.0416334,-0.103616,-0.000117716,-6.02802e-05,0,-0.00374546,-0.0200988
-0.035051,-0.125051,-0.000180225,-6.26104e-05,0,-0.00111971,-0.0239621
-0.0284687,-0.112756,-0.000162125,-6.60586e-05,0,0.00119425,-0.017968
-0.0218863,-0.0842469,-0.000127109,-6.94187e-05,0,0.00317344,-0.0107918
-0.015304,-0.0561639,-9.28216e-05,-7.20485e-05,0,0.00479507,-0.00443556
-0.00872161,-0.030912,-6.18205e-05,-7.39906e-05,0,0.00604179,0.00109511
-0.00213926,-0.00762025,-3.31964e-05,-7.5289e-05,0,0.00692276,0.00615133
0,0.0103148,-1.05496e-05,-7.60102e-05,0,0.00755451,0.01003
0,0.0226273,5.83963e-06,-7.62665e-05,0,0.00810989,0.0128176
0,0.0283703,1.49846e-05,-7.62071e-05,0,0.00867957,0.0143289
0,0.0291997,1.86592e-05,-7.59394e-05,0,0.0092896,0.0149698
0,0.0275393,1.94478e-05,-7.55754e-05,0,0.00994934,0.0152417
0,0.0254953,1.95939e-05,-7.5188e-05,0,0.010664,0.0155527
0,0.0245418,2.06663e-05,-7.47966e-05,0,0.0114379,0.0161782
0,0.0252843,2.33099e-05,-7.43876e-05,0,0.0122754,0.0172167
0,0.0282753,2.81095e-05,-7.3928e-05,0,0.0131812,0.0187798
0,0.0333056,3.48415e-05,-7.33778e-05,0,0.0141604,0.02081
0,0.0399021,4.30016e-05,-7.26944e-05,0,0.0152182,0.0232125
0,0.0472938,5.17714e-05,-7.18548e-05,0,0.0163605,0.0258332
0,0.0548569,6.049e-05,-7.08501e-05,0,0.0175936,0.0285601
0,0.061812,6.83336e-05,-6.96621e-05,0,0.0189241,0.0312428
0,0.0673947,7.44974e-05,-6.8315e-05,0,0.0203594,0.0337392
0,0.0710893,7.84433e-05,-6.68374e-05,0,0.0219076,0.035963
0,0.0724018,7.96531e-05,-6.52784e-05,0,0.0235773,0.0378267
0,0.0710568,7.78464e-05,-6.36896e-05,0,0.0253777,0.0392924
0,0.0668882,7.28654e-05,-6.21263e-05,0,0.027319,0.0403419
0,0.0599207,6.47559e-05,-6.06516e-05,0,0.0294118,0.0409986
0,0.0503556,5.37527e-05,-5.93281e-05,0,0.031668,0.0413221
0,0.0385821,4.02909e-05,-5.82255e-05,0,0.0341001,0.0414112
0,0.025041,2.48598e-05,-5.73726e-05,0,0.0367216,0.0413723
0,0.0101839,7.96066e-06,-5.68368e-05,0,0.0395471,0.0413114
0,-0.00523544,-9.5889e-06,-5.66184e-05,0,0.0425922,0.0413978
0,-0.0205297,-2.70042e-05,-5.67488e-05,0,0.0458575,0.0416952
0,-0.035104,-4.36752e-05,-5.72453e-05,0,0.0493557,0.042398
0,-0.0479459,-5.85237e-05,-5.80772e-05,0,0.0531186,0.0436387
0,-0.0584642,-7.09133e-05,-5.92105e-05,0,0.0571598,0.0454468
0,-0.066102,-8.02465e-05,-6.05854e-05,0,0.0614586,0.0478328
0.00540077,-0.0705307,-8.61692e-05,-6.21577e-05,0,0.0658701,0.0507667
0.0119472,-0.0723607,-8.93242e-05,-6.38603e-05,0,0.0702118,0.0540497
0.0184935,-0.0715065,-9.06352e-05,-6.56405e-05,0,0.0744036,0.0576639
0.0250399,-0.0649601,-0.00010836,-6.74499e-05,0,0.0784145,0.0616884
0.0315863,-0.0583547,-0.000101253,-6.94931e-05,0,0.0822259,0.0666539
0.0381327,-0.0450107,-8.70654e-05,-7.15679e-05,0,0.0858213,0.0722447
0.0446791,-0.0273638,-6.83998e-05,-7.33447e-05,0,0.089184,0.0783658
-0.0469703,-0.0862428,-2.67278e-05,-7.4778e-05,0,-0.00589952,-0.016682
-0.0404239,-0.102694,-4.43516e-05,-7.54584e-05,0,-0.00305681,-0.0194975
-0.0338775,-0.121052,-6.39933e-05,-7.63014e-05,0,-0.000504173,-0.0214738
-0.0273312,-0.100608,-4.26151e-05,-7.75321e-05,0,0.00173637,-0.0150039
-0.0207848,-0.0706455,-1.12687e-05,-7.84379e-05,0,0.00364176,-0.00779054
-0.0142384,-0.0434244,1.70471e-05,-7.8773e-05,0,0.00518936,-0.00171883
-0.007692,-0.019856,4.13586e-05,-7.85453e-05,0,0.00636301,0.00342151
-0.00114562,0.00233253,6.40553e-05,-7.77667e-05,0,0.00717706,0.00825632
0,0.0194104,8.11793e-05,-7.6531e-05,0,0.00776855,0.0119651
0,0.030201,9.1492e-05,-7.49502e-05,0,0.00831158,0.0144328
0,0.0338762,9.41407e-05,-7.31565e-05,0,0.00887703,0.0155229
0,0.0332554,9.21302e-05,-7.12829e-05,0,0.00948577,0.0158978
0,0.0305491,8.78149e-05,-6.94333e-05,0,0.0101458,0.0159781
0,0.0278378,8.34053e-05,-6.76619e-05,0,0.010862,0.0161721
0,0.0264061,8.02649e-05,-6.59828e-05,0,0.0116386,0.0167133
0,0.0270208,7.92046e-05,-6.43696e-05,0,0.0124799,0.0177418
0,0.0298714,8.04203e-05,-6.27829e-05,0,0.0133907,0.0192832
0,0.0347819,8.37197e-05,-6.11787e-05,0,0.0143759,0.0212977
0,0.041247,8.85608e-05,-5.95126e-05,0,0.0154411,0.0236825
0,0.0485056,9.41317e-05,-5.77535e-05,0,0.016592,0.0262866
0,0.0561252,9.99698e-05,-5.58903e-05,0,0.0178348,0.0290406
0,0.0625214,0.000104397,-5.39114e-05,0,0.0191765,0.0316084
0,0.0677057,0.000107427,-5.18389e-05,0,0.0206245,0.0340444
0,0.0708965,0.000108238,-4.9698e-05,0,0.0221867,0.0361812
0,0.0717413,0.000106451,-4.75352e-05,0,0.023872,0.0379705
0,0.0695407,0.000101337,-4.54e-05,0,0.0256898,0.0392755
0,0.0646655,9.3305e-05,-4.33553e-05,0,0.02765,0.0402105
0,0.057129,8.2387e-05,-4.14651e-05,0,0.0297638,0.0407816
0,0.0471228,6.88048e-05,-3.97792e-05,0,0.0320429,0.0410469
0,0.0349188,5.28669e-05,-3.83555e-05,0,0.0344999,0.0410793
0,0.0210677,3.51766e-05,-3.72424e-05,0,0.0371486,0.0410133
0,0.0102623,2.07118e-05,-3.6477e-05,0,0.0400036,0.041903
0,-0.00651534,-4.94788e-08,-3.60193e-05,0,0.0430809,0.0416051
0,-0.0241943,-2.16801e-05,-3.59684e-05,0,0.0463629,0.0413482
0,-0.0403206,-4.15875e-05,-3.63263e-05,0,0.0498575,0.0417635
0,-0.0547894,-5.96662e-05,-3.70884e-05,0,0.0536135,0.0426743
0,-0.066404,-7.46407e-05,-3.82184e-05,0,0.0576483,0.0442704
0,-0.074526,-8.58297e-05,-3.96588e-05,0,0.0619404,0.0465629
0.00572903,-0.0785413,-9.25818e-05,-4.13475e-05,0,0.0663383,0.0495841
0.0122765,-0.0777235,-0.000102915,-4.31856e-05,0,0.0706583,0.0531824
0.018824,-0.071176,-0.000139562,-4.52077e-05,0,0.0748267,0.0570823
0.0253714,-0.0646286,-0.000178708,-4.78341e-05,0,0.0788141,0.0614241
0.0319189,-0.0580811,-0.000171277,-5.11734e-05,0,0.0826022,0.066935
0.0384663,-0.0429749,-0.000152441,-5.46323e-05,0,0.0861745,0.072968
0.0450138,-0.0245974,-0.000130292,-5.77659e-05,0,0.0895141,0.0791821
-0.0466507,-0.0830794,-8.81829e-05,-6.04493e-05,0,-0.00560874,-0.0158327
-0.0401032,-0.101537,-0.000105226,-6.23182e-05,0,-0.0027894,-0.0191321
-0.0335557,-0.119851,-0.000122191,-6.43801e-05,0,-0.0002605,-0.0210644
-0.0270083,-0.0996155,-9.84773e-05,-6.679e-05,0,0.00195583,-0.0146645
-0.0204608,-0.0704211,-6.54596e-05,-6.8807e-05,0,0.00383643,-0.00763846
-0.0139134,-0.0435637,-3.51127e-05,-7.02317e-05,0,0.00535863,-0.00164486
-0.0073659,-0.0201942,-8.6648e-06,-7.10402e-05,0,0.00650662,0.00344699
-0.000818433,0.00208282,1.64057e-05,-7.13061e-05,0,0.00729648,0.00829817
0,0.018453,3.49953e-05,-7.10406e-05,0,0.0078723,0.0118409
0,0.028837,4.70259e-05,-7.03872e-05,0,0.00840892,0.0142346
0,0.032366,5.15986e-05,-6.94768e-05,0,0.00897077,0.0153016
0,0.0316176,5.14633e-05,-6.84631e-05,0,0.00957705,0.0156508
0,0.0291357,4.9328e-05,-6.74335e-05,0,0.0102353,0.0157843
0,0.0268356,4.72299e-05,-6.64416e-05,0,0.0109502,0.0160639
0,0.0259397,4.64676e-05,-6.54917e-05,0,0.0117261,0.0167138
0,0.0271071,4.77388e-05,-6.45605e-05,0,0.0125672,0.0178517
0,0.0304368,5.11458e-05,-6.36082e-05,0,0.0134782,0.0194859
0,0.0357243,5.64674e-05,-6.25973e-05,0,0.0144642,0.021573
0,0.0424133,6.31097e-05,-6.14865e-05,0,0.0155306,0.0239992
0,0.049768,7.02895e-05,-6.02443e-05,0,0.0166832,0.0266208
0,0.0569509,7.71178e-05,-5.88528e-05,0,0.0179284,0.029277
0,0.0632904,8.28846e-05,-5.73275e-05,0,0.0192728,0.0318476
0,0.0682457,8.70205e-05,-5.56843e-05,0,0.0207241,0.0342377
0,0.0711833,8.88618e-05,-5.39521e-05,0,0.0222902,0.0363284
0,0.0717067,8.79888e-05,-5.21795e-05,0,0.0239799,0.0380576
0,0.0695395,8.41208e-05,-5.04175e-05,0,0.0258027,0.0393846
0,0.0645646,7.71509e-05,-4.87255e-05,0,0.0277687,0.0403024
0,0.0569124,6.72365e-05,-4.7165e-05,0,0.0298889,0.0408573
0,0.046786,5.46127e-05,-4.57955e-05,0,0.032175,0.0411066
0,0.0344613,3.95925e-05,-4.46528e-05,0,0.0346398,0.0411242
0,0.0203771,2.26627e-05,-4.38083e-05,0,0.037297,0.041019
0,0.00527693,4.63101e-06,-4.32958e-05,0,0.0401615,0.0409626
0,-0.0108212,-1.44638e-05,-4.31581e-05,0,0.0432747,0.0410824
0,-0.0248554,-3.13139e-05,-4.34092e-05,0,0.0465965,0.041544
0,-0.0383819,-4.75893e-05,-4.39765e-05,0,0.0501013,0.0424349
0,-0.0504601,-6.23027e-05,-4.48713e-05,0,0.0538603,0.0437931
0,-0.0601948,-7.44976e-05,-4.60659e-05,0,0.0578946,0.0457149
0.000162274,-0.0666914,-8.3221e-05,-4.75132e-05,0,0.0621765,0.0482764
0.00665324,-0.0704907,-8.90413e-05,-4.9147e-05,0,0.0665381,0.0512472
0.0131442,-0.0713265,-9.16758e-05,-5.09133e-05,0,0.0707988,0.0546577
0.0196352,-0.0699055,-9.18738e-05,-5.27403e-05,0,0.074902,0.0583205
0.0261261,-0.0638739,-0.000106394,-5.4577e-05,0,0.0788229,0.0622257
0.0326171,-0.055629,-9.8272e-05,-5.66686e-05,0,0.0825442,0.0673734
0.039108,-0.0409707,-8.33831e-05,-5.86747e-05,0,0.0860496,0.0731321
0.045599,-0.0235597,-6.56237e-05,-6.03721e-05,0,0.0893225,0.0790814
-0.0452745,-0.0896456,-3.24714e-05,-6.17467e-05,0,-0.0050197,-0.0169512
-0.0387835,-0.10906,-5.38221e-05,-6.24791e-05,0,-0.00226724,-0.0202882
-0.0322925,-0.116331,-6.22975e-05,-6.34808e-05,0,0.000194662,-0.0197767
-0.0258016,-0.092055,-3.74175e-05,-6.46971e-05,0,0.00234386,-0.0128392
-0.0193106,-0.0630389,-7.60341e-06,-6.55076e-05,0,0.00415728,-0.00601797
-0.0128197,-0.0371049,1.88448e-05,-6.57193e-05,0,0.00561275,-0.000267456
-0.00632869,-0.013575,4.26345e-05,-6.5435e-05,0,0.00669641,0.00485899
0,0.0079301,6.41527e-05,-6.46656e-05,0,0.0074321,0.00951991
0,0.0234136,7.91623e-05,-6.34578e-05,0,0.00798054,0.012884
0,0.0315708,8.62941e-05,-6.19046e-05,0,0.00851374,0.0148069
0,0.0336477,8.68909e-05,-6.0193e-05,0,0.00907889,0.0156163
0,0.0321786,8.36526e-05,-5.84563e-05,0,0.00969065,0.015851
0,0.0294036,7.89614e-05,-5.67752e-05,0,0.0103554,0.015946
0,0.0272232,7.48342e-05,-5.51795e-05,0,0.0110777,0.0162682
0,0.0265834,7.22734e-05,-5.36684e-05,0,0.0118616,0.0169804
0,0.0280398,7.18639e-05,-5.22165e-05,0,0.0127115,0.0181849
0,0.0315877,7.35953e-05,-5.07778e-05,0,0.0136321,0.0198698
0,0.0369543,7.71719e-05,-4.9312e-05,0,0.0146285,0.0219791
0,0.0436471,8.20649e-05,-4.77811e-05,0,0.0157063,0.0244155
0,0.0509205,8.74785e-05,-4.6152e-05,0,0.0168713,0.0270311
0,0.0579824,9.25699e-05,-4.4416e-05,0,0.0181297,0.0296759
0,0.0638519,9.62999e-05,-4.25748e-05,0,0.0194887,0.0321591
0,0.0685777,9.87212e-05,-4.06562e-05,0,0.0209556,0.0345267
0,0.0712475,9.88724e-05,-3.86866e-05,0,0.0225387,0.0365808
0,0.0710038,9.58422e-05,-3.67097e-05,0,0.0242468,0.0381639
0,0.0681692,8.99837e-05,-3.47823e-05,0,0.0260894,0.0393828
0,0.0626655,8.12308e-05,-3.29709e-05,0,0.0280768,0.0402228
0,0.0543822,6.94836e-05,-3.13156e-05,0,0.0302201,0.0406751
0,0.0438093,5.52807e-05,-2.99025e-05,0,0.0325312,0.0408685
0,0.0313439,3.90619e-05,-2.87684e-05,0,0.035023,0.0408963
0,0.0173879,2.1272e-05,-2.79467e-05,0,0.0377093,0.0408558
0,0.00248525,2.50554e-06,-2.74856e-05,0,0.0406052,0.0408745
0,-0.0143996,-1.83017e-05,-2.7398e-05,0,0.0438018,0.0410999
0,-0.0300612,-3.78069e-05,-2.77224e-05,0,0.047338,0.041667
0,-0.0438744,-5.52855e-05,-2.84298e-05,0,0.0511598,0.0428069
0,-0.0552233,-7.00781e-05,-2.94743e-05,0,0.0552618,0.0445725
0,-0.0642947,-8.23748e-05,-3.08241e-05,0,0.0596322,0.0468125
0.00283621,-0.0700498,-9.1072e-05,-3.24286e-05,0,0.0641803,0.0496689
0.00950963,-0.0722552,-9.59227e-05,-3.42196e-05,0,0.0687262,0.0530955
0.0161831,-0.0728196,-9.89471e-05,-3.6121e-05,0,0.0731367,0.0566216
0.0228565,-0.0671435,-0.000121923,-3.80924e-05,0,0.0773672,0.0605646
0.0295299,-0.0604701,-0.000160434,-4.0439e-05,0,0.081396,0.0645899
0.0362033,-0.0537967,-0.000160565,-4.33973e-05,0,0.0852061,0.0698818
0.0428768,-0.0401198,-0.000144145,-4.66078e-05,0,0.0887811,0.0757349
0.0495502,-0.0222576,-0.000123404,-4.95646e-05,0,0.0921037,0.0818167
-0.0438778,-0.0982191,-7.88869e-05,-5.24475e-05,0,-0.00494619,-0.0182876
-0.0372043,-0.122689,-0.000104043,-5.42536e-05,0,-0.0021859,-0.0230967
-0.0305309,-0.115184,-9.53865e-05,-5.62716e-05,0,0.000261572,-0.0191781
-0.0238575,-0.0868923,-6.48222e-05,-5.82096e-05,0,0.00237333,-0.0118116
-0.0171841,-0.0576701,-3.34042e-05,-5.95825e-05,0,0.00412618,-0.00510655
-0.0105106,-0.0336111,-7.59251e-06,-6.03605e-05,0,0.00550066,0.00018829
-0.00383722,-0.0105522,1.70046e-05,-6.05769e-05,0,0.00649713,0.00526269
0,0.0101606,3.89488e-05,-6.02983e-05,0,0.00719784,0.00978602
0,0.0250347,5.45386e-05,-5.95742e-05,0,0.00777426,0.0130742
0,0.0329626,6.26154e-05,-5.85224e-05,0,0.00835107,0.0150038
0,0.0348538,6.41627e-05,-5.72862e-05,0,0.00896323,0.0158195
0,0.033508,6.21612e-05,-5.60069e-05,0,0.00962244,0.0161285
0,0.0311336,5.89596e-05,-5.47566e-05,0,0.0103345,0.0163514
0,0.029337,5.62645e-05,-5.35646e-05,0,0.0111039,0.0167902
0,0.0291384,5.51573e-05,-5.24326e-05,0,0.0119351,0.0176328
0,0.0312645,5.64047e-05,-5.13267e-05,0,0.0128326,0.0190181
0,0.0353393,5.96036e-05,-5.02036e-05,0,0.0138015,0.0208462
0,0.0407775,6.41294e-05,-4.90243e-05,0,0.0148471,0.0230018
0,0.0475415,6.99363e-05,-4.77576e-05,0,0.0159751,0.0254986
0,0.0547406,7.60763e-05,-4.63733e-05,0,0.0171917,0.0281437
0,0.0612211,8.1326e-05,-4.48641e-05,0,0.0185036,0.0307102
0,0.0668537,8.5549e-05,-4.32481e-05,0,0.0199179,0.0332089
0,0.070902,8.79692e-05,-4.15455e-05,0,0.0214426,0.0354861
0,0.0727681,8.79545e-05,-3.9791e-05,0,0.0230862,0.0374369
0,0.0720627,8.50967e-05,-3.80319e-05,0,0.0248578,0.0390004
0,0.0685657,7.91772e-05,-3.63242e-05,0,0.0267673,0.0401493
0,0.0622358,7.01699e-05,-3.47288e-05,0,0.0288254,0.0408932
0,0.0532523,5.82836e-05,-3.33074e-05,0,0.0310435,0.041288
0,0.0419175,4.38583e-05,-3.2118e-05,0,0.033434,0.0414135
0,0.0286641,2.73731e-05,-3.1212e-05,0,0.0360101,0.041376
0,0.0140161,9.40314e-06,-3.06315e-05,0,0.0387863,0.041299
0,-0.00141775,-9.38817e-06,-3.04075e-05,0,0.041778,0.0413184
0,-0.0180967,-2.94532e-05,-3.05577e-05,0,0.0450494,0.0415687
0,-0.0337299,-4.83921e-05,-3.11067e-05,0,0.0486317,0.0421634
0,-0.0474837,-6.52866e-05,-3.20366e-05,0,0.0524962,0.0433236
0,-0.0585234,-7.92447e-05,-3.33086e-05,0,0.0566416,0.0451361
0,-0.066725,-9.01294e-05,-3.48516e-05,0,0.0610447,0.0475072
0.00513239,-0.072018,-9.78611e-05,-3.66324e-05,0,0.0655657,0.0503592
0.0117548,-0.0739152,-0.000101924,-3.85742e-05,0,0.0700207,0.0537445
0.0183773,-0.0716227,-0.000116661,-4.06045e-05,0,0.0743224,0.0573739
0.0249997,-0.0650003,-0.000159333,-4.29083e-05,0,0.0784382,0.061153
0.0316222,-0.0583778,-0.000189837,-4.59242e-05,0,0.0823491,0.0658071
0.0382446,-0.0505595,-0.000178036,-4.9599e-05,0,0.0860387,0.0713292
0.0448671,-0.035061,-0.000158255,-5.32069e-05,0,0.0894902,0.0771947
-0.0478472,-0.0880501,-0.000109131,-5.64116e-05,0,-0.00665053,-0.0173769
-0.0412247,-0.104371,-0.000123245,-5.86924e-05,0,-0.00372936,-0.0203002
-0.0346023,-0.124602,-0.000174673,-6.11291e-05,0,-0.00110344,-0.0235738
-0.0279798,-0.109294,-0.000153748,-6.45197e-05,0,0.00120522,-0.0172225
-0.0213574,-0.0801828,-0.000118452,-6.76784e-05,0,0.00317348,-0.0100108
-0.0147349,-0.0521303,-8.45463e-05,-7.0118e-05,0,0.00477855,-0.00369138
-0.0081125,-0.0272575,-5.42871e-05,-7.18767e-05,0,0.00600379,0.00174757
-0.00149005,-0.00384871,-2.58707e-05,-7.3023e-05,0,0.00686206,0.00684113
0,0.0142202,-3.40591e-06,-7.35972e-05,0,0.00748495,0.0107538
0,0.0260736,1.21828e-05,-7.37103e-05,0,0.00804789,0.0134447
0,0.0311238,2.02904e-05,-7.34978e-05,0,0.00862917,0.0148244
0,0.0311363,2.2809e-05,-7.31123e-05,0,0.00925165,0.0153125
0,0.0288304,2.26362e-05,-7.26611e-05,0,0.0099239,0.0154735
