-5.73864e-05,0,-5.47174e-05,0,0.9
-5.73864e-05,0,-5.47174e-05,0,0.9
-5.73864e-05,0,-5.47174e-05,0,0.9
-5.73864e-05,0,-5.47174e-05,0,0.9
-5.73864e-05,0,-5.47174e-05,0,0.9
-5.73864e-05,0,-5.47174e-05,0,0.9
-5.73864e-05,0,-5.47174e-05,0,0.9
-5.73864e-05,0,-5.47174e-05,0,0.9
-5.73864e-05,0,-5.47174e-05,0,0.9
-5.73864e-05,0,-5.47174e-05,0,0.9
-5.73864e-05,0,-5.47174e-05,0,0.9
-5.73864e-05,0,-5.47174e-05,0,0.9
-5.73864e-05,0,-5.47174e-05,0,0.9
-5.73864e-05,0,-5.47174e-05,0,0.9
-5.73864e-05,0,-5.47174e-05,0,0.9
-5.73864e-05,0,-5.47174e-05,0,0.9
-5.73864e-05,0,-5.47174e-05,0,0.9
-5.73864e-05,0,-5.47174e-05,0,0.9
-5.73864e-05,0,-5.47174e-05,0,0.9
-5.73864e-05,0,-5.47174e-05,0,0.9
-5.73864e-05,0,-5.47174e-05,0,0.9
-5.73864e-05,0,-5.47174e-05,0,0.9
-5.73864e-05,0,-5.47174e-05,0,0.9
-5.73864e-05,0,-5.47174e-05,0,0.9
-5.73864e-05,0,-5.47174e-05,0,0.9
-5.73864e-05,0,-5.47174e-05,0,0.9
-5.73864e-05,0,-5.47174e-05,0,0.9
-5.73864e-05,0,-5.47174e-05,0,0.9
-5.73864e-05,0,-5.47174e-05,0,0.9
-5.73864e-05,0,-5.47174e-05,0,0.9
-5.73864e-05,0,-5.47174e-05,0,0.9
-5.73864e-05,0,-5.47174e-05,0,0.9
-5.73864e-05,0,-5.47174e-05,0,0.9
-5.73864e-05,0,-5.47174e-05,0,0.9
-5.73864e-05,0,-5.47174e-05,0,0.9
-5.73864e-05,0,-5.47174e-05,0,0.9
-5.73864e-05,0,-5.47174e-05,0,0.9
-5.73864e-05,0,-5.47174e-05,0,0.9
-5.73864e-05,0,-5.47174e-05,0,0.9
-5.73864e-05,0,-5.47174e-05,0,0.9
-5.73864e-05,0,-5.47174e-05,0,0.9
-5.73864e-05,0,-5.47174e-05,0,0.9
-5.73864e-05,0,-5.47174e-05,0,0.9
-5.73864e-05,0,-5.47174e-05,0,0.9
-5.73864e-05,0,-5.47174e-05,0,0.9
-5.73864e-05,0,-5.47174e-05,0,0.9
-5.73864e-05,0,-5.47174e-05,0,0.9
-5.73864e-05,0,-5.47174e-05,0,0.9
-5.73864e-05,0,-5.47174e-05,0,0.9
-5.73864e-05,0,-5.47174e-05,0,0.9
-5.73864e-05,0,-5.47174e-05,0,0.9
-5.73864e-05,0,-5.47174e-05,0,0.9
-5.73864e-05,0,-5.47174e-05,0,0.9
-5.73864e-05,0,-5.47174e-05,0,0.9
-5.73864e-05,0,-5.47174e-05,0,0.9
-5.73864e-05,0,-5.47174e-05,0,0.9
-5.73864e-05,0,-5.47174e-05,0,0.9
-5.73864e-05,0,-5.47174e-05,0,0.9
-5.73864e-05,0,-5.47174e-05,0,0.9
-5.73864e-05,0,-5.47174e-05,0,0.9
-5.73864e-05,0,-5.47174e-05,0,0.9
-5.73864e-05,0,-5.47174e-05,0,0.9
-5.73864e-05,0,-5.47174e-05,0,0.9
-5.73864e-05,0,-5.47174e-05,0,0.9
-5.73864e-05,0,-5.47174e-05,0,0.9
-5.73864e-05,0,-5.47174e-05,0,0.9
-5.73864e-05,0,-5.47174e-05,0,0.9
-5.73864e-05,0,-5.47174e-05,0,0.9
-5.73864e-05,0,-5.47174e-05,0,0.9
-5.73864e-05,0,-5.47174e-05,0,0.9
-5.73864e-05,0,-5.47174e-05,0,0.9
-5.73864e-05,0,-5.47174e-05,0,0.9
-5.73864e-05,0,-5.47174e-05,0,0.9
-5.73864e-05,0,-5.47174e-05,0,0.9
-5.73864e-05,0,-5.47174e-05,0,0.9
-5.73864e-05,0,-5.47174e-05,0,0.9
-5.73864e-05,0,-5.47174e-05,0,0.9
-5.73864e-05,0,-5.47174e-05,0,0.9
-5.73864e-05,0,-5.47174e-05,0,0.9
-5.73864e-05,0,-5.47174e-05,0,0.9
-5.73864e-05,0,-5.47174e-05,0,0.9
-5.73864e-05,0,-5.47174e-05,0,0.9
-5.73864e-05,0,-5.47174e-05,0,0.9
-5.73864e-05,0,-5.47174e-05,0,0.9
-5.73864e-05,0,-5.47174e-05,0,0.9
-5.73864e-05,0,-5.47174e-05,0,0.9
-5.73864e-05,0,-5.47174e-05,0,0.9
-5.73864e-05,0,-5.47174e-05,0,0.9
-5.73864e-05,0,-5.47174e-05,0,0.9
-5.73864e-05,0,-5.47174e-05,0,0.9
-5.73864e-05,0,-5.47174e-05,0,0.9
-5.73864e-05,0,-5.47174e-05,0,0.9
-5.73864e-05,0,-5.47174e-05,0,0.9
-5.73864e-05,0,-5.47174e-05,0,0.9
-5.73864e-05,0,-5.47174e-05,0,0.9
-5.73864e-05,0,-5.47174e-05,0,0.9
-5.73864e-05,0,-5.47174e-05,0,0.9
-5.73864e-05,0,-5.47174e-05,0,0.9
-5.73864e-05,0,-5.47174e-05,0,0.9
-5.73864e-05,0,-5.47174e-05,0,0.9
-5.73864e-05,0,-5.47174e-05,0,0.9
-5.73864e-05,0,-5.47174e-05,0,0.9
-5.73864e-05,0,-5.47174e-05,0,0.9
-5.73864e-05,0,-5.47174e-05,0,0.9
-5.73864e-05,0,-5.47174e-05,0,0.9
-5.73864e-05,0,-5.47174e-05,0,0.9
-5.73864e-05,0,-5.47174e-05,0,0.9
-5.73864e-05,0,-5.47226e-05,0,0.9
-5.73864e-05,0,-5.47443e-05,-0,0.9
-5.73864e-05,0,-5.47817e-05,-0,0.9
-5.73864e-05,0,-5.48277e-05,-0,0.9
-5.73864e-05,0,-5.48916e-05,-0,0.9
-5.73864e-05,0,-5.49678e-05,-0,0.9
-5.73864e-05,0,-5.50573e-05,-0,0.9
-5.73864e-05,0,-5.51495e-05,-0,0.9
-5.73864e-05,0,-5.52551e-05,-0,0.9
-5.73864e-05,0,-5.53828e-05,-0,0.9
-5.73864e-05,0,-5.54907e-05,-0,0.9
-5.73864e-05,0,-5.5625e-05,-0,0.9
-5.73864e-05,0,-5.57408e-05,-0,0.9
-5.73864e-05,0,-5.58888e-05,-0,0.9
-5.73864e-05,0,-5.60085e-05,-0,0.9
-5.73864e-05,0,-5.61386e-05,-0,0.9
-5.73864e-05,0,-5.62844e-05,-0,0.9
-5.73864e-05,0,-5.6418e-05,-0,0.9
-5.73864e-05,0,-5.65481e-05,-0,0.9
-5.73864e-05,0,-5.66706e-05,-0,0.9
-5.73864e-05,0,-5.67731e-05,-0,0.9
-5.73864e-05,0,-5.68945e-05,-0,0.9
-5.73864e-05,0,-5.69892e-05,-0,0.9
-5.73864e-05,0,-5.70871e-05,-0,0.9
-5.73864e-05,0,-5.71717e-05,-0,0.9
-5.73864e-05,0,-5.72343e-05,-0,0.9
-5.73864e-05,0,-5.72992e-05,-0,0.9
-5.73864e-05,0,-5.73398e-05,-0,0.9
-5.73864e-05,0,-5.73712e-05,-0,0.9
-5.73864e-05,0,-5.73848e-05,-0,0.9
-5.73864e-05,0,-5.73864e-05,0,0.9
-5.73864e-05,0,-5.73864e-05,0,0.9
-5.73864e-05,0,-5.73864e-05,0,0.9
-5.73864e-05,0,-5.73864e-05,0,0.9
-5.73864e-05,0,-5.73864e-05,0,0.9
-5.73864e-05,0,-5.73864e-05,0,0.9
-5.73864e-05,0,-5.73864e-05,0,0.9
0,-0.00769007,0,0,0.9
0,-0.00769007,0,0,0.9
0,-0.00769007,0,0,0.9
0,-0.00769007,0,0,0.9
0,-0.00769007,0,0,0.9
0,-0.00769007,0,0,0.9
0,-0.00769007,0,0,0.9
0,-0.00769007,0,0,0.9
-0.00351338,-0.00768034,0,0,0.78
0.005084,-0.00757948,0,-0.000938445,0.903
0.00541943,-0.00740971,0,4.3958e-05,0.915
0.00569325,-0.00712918,0,0.000448219,0.916
0.00516273,-0.00684313,0,0.000713399,0.913
0.00481789,-0.00650874,0,0.000856075,0.911
0.00470127,-0.00613796,0,0.000951654,0.91
0.00478714,-0.00567102,0,0.001062,0.91
0.00493041,-0.00514989,0,0.00119872,0.909
0.00496788,-0.00464631,0,0.00138428,0.908
0.00499761,-0.00402613,0,0.00168369,0.904
0.00495811,-0.00345426,0,0.00196248,0.903
0.00475241,-0.00300471,0,0.00227972,0.902
0.00443543,-0.00248724,0,0.00261154,0.901
0.00393902,-0.0021371,0,0.00290804,0.9
0.00326677,-0.00185518,0,0.00312075,0.899
0.00250669,-0.00175246,0,0.00320598,0.899
0.00168652,-0.00175689,0,0.00312261,0.898
0.000917863,-0.00185138,0,0.00280067,0.898
0.000137079,-0.00202723,0,0.00223728,0.898
-0.000697556,-0.00229867,0,0.00135768,0.898
-0.00135832,-0.0025448,0,7.56258e-05,0.898
-0.00191645,-0.00278621,0,-0.00161466,0.898
-0.00250597,-0.00310376,0,-0.00386316,0.898
-0.0031935,-0.00356514,0,-0.00658271,0.897
-0.00405388,-0.00341917,0,-0.00999515,0.896
-0.0051724,-0.00331977,0,-0.0140249,0.896
-0.00657632,-0.00324117,0,-0.0184749,0.896
-0.00800766,-0.00319301,0,-0.0227464,0.896
-0.00913601,-0.00317296,0,-0.025847,0.896
-0.00139785,-0.00317249,0,0,0.896
-0.00139785,-0.00317249,0,0,0.896
-0.00139785,-0.00317249,0,0,0.896
-0.00139785,-0.00317249,0,0,0.896
-0.00139785,-0.00317249,0,0,0.896
-0.00139785,-0.00317249,0,0,0.896
-0.00139785,-0.00317249,0,0,0.896
0.1,0,-0.00485816,0,0.899
0.1,0,-0.00485816,0,0.899
0.1,0,-0.00485816,0,0.899
0.1,0,-0.00485816,0,0.899
0.1,0,-0.00485816,0,0.899
0.1,0,-0.00485816,0,0.899
0.1,0,-0.00485816,0,0.899
0.1,0,-0.00485816,0,0.899
0.0948317,0,-0.0044137,0,0.812
0.121593,0,-0.00332983,0.00109861,0.901
0.110631,0,-0.00182433,0.00104392,0.915
0.106524,0,-4.2598e-05,0.00119332,0.918
0.104537,0,0.00256394,0.00116798,0.913
0.104043,0,0.00597662,0.00108737,0.912
0.106995,0,0.0102476,0.00101915,0.907
0.107464,0,0.0143891,0.00108538,0.906
0.107995,0,0.0188851,0.00128053,0.904
0.108411,0,0.0235112,0.00163473,0.903
0.108699,0,0.0282488,0.00206393,0.902
0.109007,0,0.0341612,0.00261346,0.901
0.109006,0,0.0396589,0.00324539,0.901
0.10868,0,0.045254,0.00395461,0.9
0.108122,0,0.0506435,0.00456688,0.9
0.107296,0,0.0558408,0.00512115,0.9
0.106218,0,0.0609024,0.00552144,0.9
0.10499,0,0.0656887,0.00568314,0.899
0.103777,0,0.0696907,0.00555145,0.899
0.102473,0,0.0736056,0.00496547,0.899
0.100974,0,0.0774885,0.0038186,0.899
0.0995923,0,0.0807018,0.0020453,0.899
0.0982709,0,0.0834936,-0.000587859,0.898
0.0967398,0,0.0858283,-0.00436496,0.897
0.0949642,0,0.0873358,-0.00945324,0.896
0.0923341,0,0.089796,-0.0163995,0.896
0.0903151,0,0.0917212,-0.0227568,0.896
0.0862519,0,0.0932867,-0.032642,0.896
0.0813511,0,0.0942726,-0.0437008,0.896
0.0771321,0,0.0946336,-0.0528159,0.896
0.0977487,0,0.0946345,0,0.896
0.0977487,0,0.0946345,0,0.896
0.0977487,0,0.0946345,0,0.896
0.0977487,0,0.0946345,0,0.896
0.0977487,0,0.0946345,0,0.896
0.0977487,0,0.0946345,0,0.896
0.0977487,0,0.0946345,0,0.896
0.1,-0.106827,0,0,0.9
0.1,-0.106827,0,0,0.9
0.1,-0.106827,0,0,0.9
0.1,-0.106827,0,0,0.9
0.1,-0.106827,0,0,0.9
0.1,-0.106827,0,0,0.9
0.1,-0.106827,0,0,0.9
0.101685,-0.106821,0,0,0.769
0.106118,-0.10561,0,0.00391107,0.774
0.134933,-0.103531,0,0.00391107,0.894
0.122295,-0.100371,0,0.00314851,0.908
0.115775,-0.0961279,0,0.00294846,0.911
0.113288,-0.0897618,0,0.00233872,0.909
0.111108,-0.0835747,0,0.00233872,0.909
0.111273,-0.0760223,0,0.00216487,0.907
0.11208,-0.0684715,0,0.00222511,0.906
0.113423,-0.0585634,0,0.0025999,0.905
0.114851,-0.0481257,0,0.00322052,0.903
0.116054,-0.0372156,0,0.0041468,0.902
0.116419,-0.0273876,0,0.00537643,0.901
0.116387,-0.0173728,0,0.00674962,0.901
0.115949,-0.00711548,0,0.0082023,0.9
0.115246,0.00393172,0,0.00958962,0.9
0.11401,0.0148916,0,0.0109253,0.9
0.112435,0.0248691,0,0.0120466,0.9
0.110592,0.0343216,0,0.0128752,0.9
0.108599,0.0431999,0,0.0132904,0.9
0.106546,0.0514637,0,0.0131791,0.9
0.104495,0.0590715,0,0.012415,0.9
0.102628,0.0656832,0,0.0108222,0.9
0.100757,0.0720393,0,0.00816663,0.899
0.0987125,0.0774351,0,0.00415854,0.899
0.0963037,0.0825723,0,-0.00157761,0.897
0.0930589,0.08764,0,-0.010212,0.897
0.0900614,0.0916878,0,-0.0190832,0.897
0.0849881,0.0946239,0,-0.0319307,0.897
0.0787992,0.0963563,0,-0.046297,0.897
0.0732733,0.0968144,0,-0.0596596,0.897
0.0732733,0.0968144,0,0,0.897
0.0732733,0.0968144,0,0,0.897
0.0732733,0.0968144,0,0,0.897
0.0732733,0.0968144,0,0,0.897
0.0732733,0.0968144,0,0,0.897
0.0732733,0.0968144,0,0,0.897
0.0732733,0.0968144,0,0,0.897
0.1,0,-0.115679,0,0.88
0.1,0,-0.115679,0,0.88
0.1,0,-0.115679,0,0.88
0.1,0,-0.115679,0,0.88
0.1,0,-0.115679,0,0.88
0.1,0,-0.115679,0,0.88
0.1,0,-0.115679,0,0.88
0.0996718,0,-0.115562,0,0.779
0.132463,0,-0.114217,0.00103402,0.9
0.129614,0,-0.11173,0.00237053,0.912
0.124644,0,-0.108257,0.00318167,0.913
0.119218,0,-0.103543,0.00335413,0.91
0.115285,0,-0.0976117,0.00322004,0.909
0.11343,0,-0.0909775,0.00296652,0.908
0.112764,0,-0.0832097,0.00279255,0.907
0.113329,0,-0.0730901,0.0028159,0.906
0.114195,0,-0.0645837,0.00314644,0.905
0.115799,0,-0.0528326,0.00375354,0.903
0.116639,0,-0.0428501,0.00471603,0.902
0.117226,0,-0.0321898,0.00595944,0.902
0.117471,0,-0.020526,0.0074118,0.901
0.117171,0,-0.00970241,0.00898528,0.901
0.116372,0,0.00150648,0.0105978,0.9
0.115136,0,0.0124001,0.0121049,0.9
0.113509,0,0.0228221,0.0133472,0.9
0.111448,0,0.0330738,0.0143447,0.901
0.109293,0,0.0422255,0.014856,0.901
0.107191,0,0.050314,0.014801,0.901
0.10487,0,0.0585205,0.0140464,0.901
0.102733,0,0.0659061,0.0124256,0.9
0.101609,0,0.0730054,0.00971136,0.898
0.10127,0,0.0807268,0.00860783,0.897
0.0987067,0,0.08595,0.000450407,0.896
0.0928155,0,0.0908897,-0.026872,0.896
0.0893487,0,0.0951937,-0.026872,0.896
0.0827105,0,0.0979508,-0.0440947,0.896
0.0754204,0,0.0996371,-0.0605251,0.896
0.0979777,0,0.0999176,0,0.896
0.0979777,0,0.0999176,0,0.896
0.0979777,0,0.0999176,0,0.896
0.0979777,0,0.0999176,0,0.896
0.0979777,0,0.0999176,0,0.896
0.0979777,0,0.0999176,0,0.896
0.0979777,0,0.0999176,0,0.896
0.0979777,0,0.0999176,0,0.896
0.1,-0.118653,0,0,0.899
0.1,-0.118653,0,0,0.899
0.1,-0.118653,0,0,0.899
0.1,-0.118653,0,0,0.899
0.1,-0.118653,0,0,0.899
0.1,-0.118653,0,0,0.899
0.1,-0.118653,0,0,0.899
0.103141,-0.118475,0,0,0.817
0.138043,-0.116942,0,0.00115248,0.895
0.129485,-0.114182,0,0.00219979,0.909
0.122906,-0.11042,0,0.00286378,0.914
0.117497,-0.105183,0,0.00303923,0.91
0.114049,-0.0984494,0,0.00292209,0.909
0.112672,-0.0915303,0,0.00272547,0.909
0.112469,-0.0840249,0,0.0026264,0.908
0.112206,-0.0751601,0,0.00313767,0.907
0.114558,-0.0635978,0,0.00313767,0.905
0.113962,-0.0535066,0,0.00488784,0.905
0.116501,-0.0434935,0,0.00488784,0.903
0.11894,-0.030823,0,0.00650033,0.898
0.119289,-0.0181176,0,0.00810549,0.898
0.118746,-0.00739228,0,0.00991008,0.898
0.117952,0.00410749,0,0.0116248,0.897
0.116668,0.015221,0,0.0132692,0.897
0.114992,0.0258188,0,0.0147439,0.897
0.113028,0.0354722,0,0.0159384,0.898
0.110785,0.0455119,0,0.0166171,0.898
0.10861,0.054115,0,0.0166827,0.898
0.106658,0.0614613,0,0.0159587,0.898
0.104633,0.0690051,0,0.0141738,0.897
0.10246,0.0757613,0,0.0110161,0.897
0.100239,0.0812811,0,0.00605885,0.896
0.0978772,0.0870744,0,-0.00133138,0.893
0.0933336,0.0925023,0,-0.013199,0.893
0.0881615,0.0962179,0,-0.0272348,0.893
0.08165,0.0986238,0,-0.043236,0.893
0.0747455,0.0997449,0,0,0.893
0.0978378,0.0998009,0,0,0.893
0.0978378,0.0998009,0,0,0.893
0.0978378,0.0998009,0,0,0.893
0.0978378,0.0998009,0,0,0.893
0.0978378,0.0998009,0,0,0.893
0.0978378,0.0998009,0,0,0.893
0.0978378,0.0998009,0,0,0.893
0.1,0,-0.107856,0,0.899
0.1,0,-0.107856,0,0.899
0.1,0,-0.107856,0,0.899
0.1,0,-0.107856,0,0.899
0.1,0,-0.107856,0,0.899
0.1,0,-0.107856,0,0.899
0.1,0,-0.107856,0,0.899
0.1,0,-0.107856,0,0.899
0.0550145,0,-0.107552,0,0.876
0.100407,0,-0.106059,-0.00418574,0.904
0.0996409,0,-0.103401,-0.00251173,0.908
0.0966342,0,-0.0997461,-0.00167237,0.909
0.0932457,0,-0.0951802,-0.00164725,0.908
0.0911698,0,-0.0892257,-0.00211014,0.906
0.0914234,0,-0.083124,-0.00268932,0.904
0.0924776,0,-0.075613,-0.00312239,0.902
0.0939496,0,-0.0671992,-0.00334159,0.9
0.095701,0,-0.0580771,-0.0033693,0.899
0.0978183,0,-0.0483316,-0.0032389,0.899
0.1001,0,-0.0377467,-0.00281277,0.898
0.102586,0,-0.0259517,-0.0021121,0.898
0.10432,0,-0.0155708,-0.00110781,0.898
0.105932,0,-0.00417925,0.0001737,0.898
0.107063,0,0.00714492,0.00161325,0.898
0.107887,0,0.0191365,0.00330194,0.898
0.108035,0,0.0289668,0.00500073,0.899
0.107723,0,0.0392598,0.00662336,0.9
0.106812,0,0.0481982,0.0079612,0.901
0.105652,0,0.0561037,0.00872834,0.903
0.104335,0,0.0637949,0.008553,0.904
0.103011,0,0.0702588,0.00739028,0.906
0.101387,0,0.0767056,0.00485986,0.907
0.100039,0,0.0809115,0.000498202,0.909
0.0976555,0,0.0863367,-0.00631494,0.909
0.0956038,0,0.0910564,-0.0134635,0.909
0.0916688,0,0.0947521,-0.0256508,0.909
0.0864871,0,0.0971301,-0.0407302,0.909
0.0794501,0,0.0987385,-0.056692,0.909
0.0958881,0,0.0989385,0,0.909
0.0958881,0,0.0989385,0,0.909
0.0958881,0,0.0989385,0,0.909
0.0958881,0,0.0989385,0,0.909
0.0958881,0,0.0989385,0,0.909
0.0958881,0,0.0989385,0,0.909
0.0958881,0,0.0989385,0,0.909
0.0958881,0,0.0989385,0,0.909
0.1,-0.108804,0,0,0.898
0.1,-0.108804,0,0,0.898
0.1,-0.108804,0,0,0.898
0.1,-0.108804,0,0,0.898
0.1,-0.108804,0,0,0.898
0.1,-0.108804,0,0,0.898
0.1,-0.108804,0,0,0.898
0.0916207,-0.108719,0,0,0.843
0.112116,-0.107623,0,-0.000300142,0.907
0.102961,-0.105459,0,-3.33029e-05,0.918
0.101177,-0.101681,0,-6.09675e-05,0.92
0.100217,-0.0971365,0,-0.000244728,0.917
0.100627,-0.0914431,0,-0.000438158,0.913
0.102625,-0.0853682,0,-0.000503389,0.911
0.105585,-0.0776465,0,-0.000314101,0.91
0.109376,-0.0679393,0,0.000191697,0.909
0.110977,-0.0610578,0,0.00108594,0.908
0.118545,-0.0474258,0,0.0022793,0.905
0.118759,-0.0362715,0,0.00464261,0.904
0.119043,-0.0259817,0,0.00644103,0.903
0.119197,-0.0143172,0,0.00816906,0.902
0.118615,-0.0030353,0,0.009945,0.901
0.117402,0.00768595,0,0.0116827,0.901
0.117204,0.0215172,0,0.0141498,0.895
0.115332,0.0307467,0,0.0156567,0.894
0.113308,0.0402573,0,0.017684,0.894
0.111134,0.0499495,0,0.017684,0.893
0.109302,0.0571972,0,0.0180122,0.893
0.107373,0.064707,0,0.0176903,0.893
0.105262,0.0723201,0,0.0164593,0.893
0.1035,0.0779924,0,0.0139749,0.894
0.101633,0.0830765,0,0.00971417,0.893
0.09936,0.0885074,0,0.00301561,0.892
0.0949693,0.0936906,0,-0.0225721,0.892
0.090216,0.0973587,0,-0.0225721,0.892
0.0842106,0.0996754,0,-0.03854,0.892
0.0774644,0.100925,0,-0.0545456,0.892
0.0982006,0.101039,0,0,0.892
0.0982006,0.101039,0,0,0.892
0.0982006,0.101039,0,0,0.892
0.0982006,0.101039,0,0,0.892
0.0982006,0.101039,0,0,0.892
0.0982006,0.101039,0,0,0.892
0.0982006,0.101039,0,0,0.892
0.1,0,-0.121303,0,0.899
0.1,0,-0.121303,0,0.899
0.1,0,-0.121303,0,0.899
0.1,0,-0.121303,0,0.899
0.1,0,-0.121303,0,0.899
0.1,0,-0.121303,0,0.899
0.1,0,-0.121303,0,0.899
0.1,0,-0.121303,0,0.899
0.0840535,0,-0.120504,0,0.739
0.13807,0,-0.118514,0.000265042,0.889
0.125409,0,-0.115862,0.00109011,0.911
0.119256,0,-0.111598,0.00204404,0.916
0.114609,0,-0.105709,0.00235108,0.912
0.11164,0,-0.098881,0.0023653,0.91
0.110594,0,-0.0914655,0.00225897,0.91
0.112826,0,-0.0823008,0.00244458,0.906
0.114097,0,-0.0729885,0.00244458,0.904
0.11536,0,-0.0631526,0.00293256,0.902
0.116799,0,-0.0519631,0.00378498,0.901
0.117917,0,-0.0402427,0.00503728,0.9
0.118445,0,-0.0294144,0.00648668,0.899
0.118826,0,-0.0168333,0.00821422,0.899
0.118555,0,-0.00438175,0.0100732,0.898
0.117561,0,0.00621242,0.0120106,0.898
0.116171,0,0.0175662,0.0137757,0.899
0.114431,0,0.0275243,0.0152088,0.899
0.112457,0,0.0371876,0.0163008,0.899
0.110319,0,0.046454,0.0168732,0.899
0.108155,0,0.0553681,0.0168553,0.898
0.10585,0,0.0637402,0.0160694,0.898
0.103893,0,0.0703852,0.0142243,0.898
0.101858,0,0.0766045,0.0109586,0.897
0.0994023,0,0.0820642,0.0057422,0.896
0.0966591,0,0.0877105,-0.00187213,0.896
0.092913,0,0.0922404,-0.0127972,0.896
0.0878291,0,0.0957886,-0.026783,0.896
0.081287,0,0.0982152,-0.0427241,0.896
0.0742264,0,0.0992051,-0.0576337,0.896
0.096809,0,0.0992167,0,0.896
0.096809,0,0.0992167,0,0.896
0.096809,0,0.0992167,0,0.896
0.096809,0,0.0992167,0,0.896
0.096809,0,0.0992167,0,0.896
0.096809,0,0.0992167,0,0.896
0.096809,0,0.0992167,0,0.896
0.1,-0.0989066,0,0,0.9
0.1,-0.0989066,0,0,0.9
0.1,-0.0989066,0,0,0.9
0.1,-0.0989066,0,0,0.9
0.1,-0.0989066,0,0,0.9
0.1,-0.0989066,0,0,0.9
0.1,-0.0989066,0,0,0.9
0.05,-0.0989038,0,0,0.7
0.0579949,-0.0976515,0,0,0.709
0.121701,-0.096072,0,-0.00521264,0.875
0.0960743,-0.0929451,0,-0.00257108,0.878
0.0945737,-0.0892964,0,-0.00192007,0.882
0.092332,-0.0838654,0,-0.00185588,0.884
0.0909561,-0.0785632,0,-0.00219687,0.883
0.0907118,-0.0717181,0,-0.00276418,0.881
0.091238,-0.0629766,0,-0.00328559,0.879
0.0922914,-0.0545347,0,-0.00365117,0.879
0.0939627,-0.0454714,0,-0.00390595,0.88
0.0960915,-0.0376178,0,-0.00401338,0.885
0.09873,-0.0269184,0,-0.00393673,0.89
0.101284,-0.0188103,0,-0.00362806,0.897
0.0999377,-0.0110658,0,-0.00304097,0.904
0.101209,-0.00132132,0,-0.00259235,0.907
0.102093,0.00851928,0,-0.00219512,0.909
0.102892,0.0190396,0,-0.00178035,0.91
0.103488,0.0300444,0,-0.00131759,0.911
0.103578,0.0390448,0,-0.000817715,0.912
0.103201,0.0482945,0,-0.000430301,0.913
0.0997812,0.0516647,0,-0.000184484,0.918
0.0982951,0.0598121,0,-0.00083088,0.918
0.0972619,0.0649881,0,-0.00260032,0.918
0.094517,0.0716328,0,-0.00558655,0.913
0.0915139,0.0762566,0,-0.0102099,0.907
0.0893824,0.0864037,0,-0.02039,0.903
0.0881343,0.0883794,0,-0.0285902,0.903
0.079078,0.0920174,0,-0.0482569,0.903
0.069201,0.0937088,0,-0.0789138,0.903
0.0600002,0.0946398,0,-0.0899998,0.903
0.0950825,0.0946414,0,0,0.903
0.0950825,0.0946414,0,0,0.903
0.0950825,0.0946414,0,0,0.903
0.0950825,0.0946414,0,0,0.903
0.0950825,0.0946414,0,0,0.903
0.0950825,0.0946414,0,0,0.903
0.0950825,0.0946414,0,0,0.903
0.1,0,-0.0771731,0,0.898
0.1,0,-0.0771731,0,0.898
0.1,0,-0.0771731,0,0.898
0.1,0,-0.0771731,0,0.898
0.1,0,-0.0771731,0,0.898
0.1,0,-0.0771731,0,0.898
0.1,0,-0.0771731,0,0.898
0.1,0,-0.0771731,0,0.898
0.0911889,0,-0.0766171,0,0.747
0.117542,0,-0.0751764,0.00228487,0.895
0.0927558,0,-0.0724789,0.00076996,0.874
0.10186,0,-0.0695527,4.22637e-05,0.907
0.0971841,0,-0.0658659,-0.000674454,0.915
0.097239,0,-0.0607235,-0.00104047,0.922
0.100341,0,-0.0555071,-0.00113131,0.921
0.103607,0,-0.0486787,-0.000897264,0.917
0.107066,0,-0.0399333,-0.000269047,0.911
0.11033,0,-0.0317398,0.000722939,0.91
0.115462,0,-0.0214806,0.00207455,0.905
0.1178,0,-0.0102609,0.00375352,0.903
0.115941,0,-0.00136793,0.00764741,0.903
0.118561,0,0.00802415,0.00764741,0.901
0.117955,0,0.0169769,0.00970141,0.9
0.117057,0,0.0262505,0.0116292,0.9
0.115705,0,0.0360938,0.0133156,0.899
0.113869,0,0.0440908,0.0148119,0.9
0.111782,0,0.0513302,0.0158184,0.9
0.109352,0,0.0584886,0.0162032,0.9
0.10709,0,0.0645509,0.0157499,0.9
0.10453,0,0.0709458,0.014338,0.899
0.102227,0,0.0761935,0.0117215,0.898
0.0998236,0,0.0807555,0.00758091,0.896
0.0971206,0,0.0842232,0.00130864,0.894
0.0937004,0,0.0887296,-0.0076602,0.894
0.0895781,0,0.0921262,-0.0195422,0.894
0.0835092,0,0.0948888,-0.0351375,0.894
0.072239,0,0.0967433,-0.06969,0.894
0.0688836,0,0.0972673,-0.06969,0.894
0.0688836,0,0.0972673,0,0.894
0.0688836,0,0.0972673,0,0.894
0.0688836,0,0.0972673,0,0.894
0.0688836,0,0.0972673,0,0.894
0.0688836,0,0.0972673,0,0.894
0.0688836,0,0.0972673,0,0.894
0.0688836,0,0.0972673,0,0.894
0.1,-0.116262,0,0,0.876
0.1,-0.116262,0,0,0.876
0.1,-0.116262,0,0,0.876
0.1,-0.116262,0,0,0.876
0.1,-0.116262,0,0,0.876
0.1,-0.116262,0,0,0.876
0.1,-0.116262,0,0,0.876
0.1,-0.116244,0,0,0.876
0.1,-0.11542,0,0,0.876
0.113807,-0.112705,0,0.000154773,0.857
0.123303,-0.109337,0,0.00144891,0.9
0.112649,-0.104195,0,0.00172675,0.9
0.116147,-0.0993613,0,0.00197793,0.912
0.112852,-0.0925762,0,0.00189167,0.917
0.112743,-0.0856527,0,0.00187245,0.917
0.111184,-0.0781139,0,0.00196588,0.921
0.112451,-0.067511,0,0.00226712,0.918
0.11302,-0.0587968,0,0.00285858,0.915
0.116571,-0.0453435,0,0.00376067,0.907
0.11731,-0.0348206,0,0.00496028,0.906
0.117709,-0.023199,0,0.00640589,0.905
0.117454,-0.0113036,0,0.00796994,0.903
0.116536,0.000718161,0,0.00968981,0.901
0.115056,0.01183,0,0.0113089,0.899
0.113147,0.0247908,0,0.0127069,0.896
0.110973,0.0342718,0,0.0139787,0.895
0.11008,0.0467039,0,0.016174,0.885
0.107992,0.0564142,0,0.0166359,0.882
0.106052,0.0650906,0,0.0165282,0.88
0.104202,0.0729162,0,0.0156834,0.878
0.102438,0.0794749,0,0.013817,0.877
0.100533,0.0853091,0,0.0104244,0.876
0.0981705,0.0915079,0,0.000330935,0.876
0.09424,0.0960086,0,-0.0112842,0.876
0.0892164,0.0988507,0,-0.0264852,0.876
0.0825504,0.100794,0,-0.0435833,0.876
0.100971,0.101097,0,0,0.876
0.100971,0.101097,0,0,0.876
0.100971,0.101097,0,0,0.876
0.100971,0.101097,0,0,0.876
0.100971,0.101097,0,0,0.876
0.100971,0.101097,0,0,0.876
0.100971,0.101097,0,0,0.876
0.100971,0.101097,0,0,0.876
0.1,0,-0.110769,0,0.897
0.1,0,-0.110769,0,0.897
0.1,0,-0.110769,0,0.897
0.1,0,-0.110769,0,0.897
0.1,0,-0.110769,0,0.897
0.1,0,-0.110769,0,0.897
0.1,0,-0.110769,0,0.897
0.05,0,-0.110612,0,0.741
0.103284,0,-0.109281,-0.00754416,0.821
0.0972053,0,-0.106603,-0.00503648,0.841
0.0997424,0,-0.102865,-0.00387331,0.858
0.100069,0,-0.0980173,-0.00298919,0.868
0.0986006,0,-0.0920899,-0.00237648,0.873
0.0979745,0,-0.0852197,-0.00204695,0.872
0.0968518,0,-0.0768772,-0.0019967,0.868
0.0966784,0,-0.0668396,-0.00215267,0.863
0.0977174,0,-0.0578674,-0.00226524,0.862
0.0995905,0,-0.0473386,-0.00216884,0.864
0.102206,0,-0.036932,-0.0017891,0.869
0.105211,0,-0.0300956,-0.000136096,0.899
0.106854,0,-0.0184707,-0.000136096,0.891
0.110116,0,-0.00614178,0.00116367,0.898
0.108694,0,0.0016917,0.00259729,0.903
0.109658,0,0.012783,0.00420533,0.906
0.109611,0,0.0221112,0.00585305,0.908
0.109061,0,0.0324584,0.00728344,0.91
0.108012,0,0.0429185,0.00840555,0.91
0.105505,0,0.0534544,0.00920502,0.903
0.102779,0,0.0631481,0.00961694,0.894
0.104048,0,0.0724044,0.0107793,0.891
0.102691,0,0.0782916,0.0096929,0.889
0.100982,0,0.0840234,0.00721049,0.887
0.0971432,0,0.0898126,0.00279513,0.887
0.0833113,0,0.0962784,-0.01153,0.887
0.0751711,0,0.0986399,-0.0534621,0.887
0.0604981,0,0.100407,-0.0895019,0.887
0.0600001,0,0.101059,-0.0899999,0.887
0.0600001,0,0.101059,0,0.887
0.0600001,0,0.101059,0,0.887
0.0600001,0,0.101059,0,0.887
0.0600001,0,0.101059,0,0.887
0.0600001,0,0.101059,0,0.887
0.0600001,0,0.101059,0,0.887
0.0600001,0,0.101059,0,0.887
0.1,-0.0676648,0,0,0.885
0.1,-0.0676648,0,0,0.885
0.1,-0.0676648,0,0,0.885
0.1,-0.0676648,0,0,0.885
0.1,-0.0676648,0,0,0.885
0.1,-0.0676648,0,0,0.885
0.1,-0.0676648,0,0,0.885
0.109896,-0.0676634,0,0,0.912
0.100845,-0.0670832,0,0,0.912
0.0865649,-0.0654087,0,-0.00059724,0.859
0.099578,-0.0632621,0,-0.00128083,0.904
0.0909823,-0.0606563,0,-0.00189753,0.915
0.0929777,-0.0567893,0,-0.00245145,0.92
0.0924953,-0.0523667,0,-0.00261435,0.923
0.0953999,-0.0469033,0,-0.00264159,0.918
0.098845,-0.0400252,0,-0.00234896,0.913
0.105124,-0.0326107,0,-0.00186278,0.908
0.108364,-0.024334,0,-0.00086051,0.906
0.111279,-0.0153778,0,0.000393633,0.904
0.113515,-0.00596252,0,0.00204632,0.902
0.115099,0.00356693,0,0.00384461,0.901
0.11577,0.0135433,0,0.00590012,0.901
0.115431,0.0225121,0,0.00781832,0.901
0.114442,0.0308679,0,0.00953536,0.902
0.112909,0.0389641,0,0.0110048,0.902
0.111146,0.0461882,0,0.0119707,0.902
0.109167,0.0531129,0,0.0124985,0.902
0.107064,0.0599446,0,0.0124582,0.901
0.104928,0.0661891,0,0.0117476,0.9
0.102614,0.0721549,0,0.0101908,0.899
0.1006,0.0767951,0,0.0075341,0.898
0.0984033,0.0807028,0,0.00337618,0.897
0.0956385,0.0843185,0,-0.00285596,0.895
0.0923734,0.0884574,0,-0.0116293,0.895
0.0886504,0.0917754,0,-0.0222268,0.895
0.0832482,0.0940491,0,-0.0370437,0.895
0.0761578,0.0956506,0,-0.0539488,0.895
0.0700005,0.0960672,0,-0.069923,0.895
0.0700005,0.0960672,0,0,0.895
0.0700005,0.0960672,0,0,0.895
0.0700005,0.0960672,0,0,0.895
0.0700005,0.0960672,0,0,0.895
0.0700005,0.0960672,0,0,0.895
0.0700005,0.0960672,0,0,0.895
0.0700005,0.0960672,0,0,0.895
0.1,0,-0.114002,0,0.881
0.1,0,-0.114002,0,0.881
0.1,0,-0.114002,0,0.881
0.1,0,-0.114002,0,0.881
0.1,0,-0.114002,0,0.881
0.1,0,-0.114002,0,0.881
0.1,0,-0.114002,0,0.881
0.1,0,-0.113985,0,0.881
0.1,0,-0.11298,0,0.881
0.107174,0,-0.110032,0.00126147,0.841
0.122748,0,-0.106318,0.00218391,0.902
0.10827,0,-0.101651,0.00183318,0.901
0.111645,0,-0.0968762,0.00166728,0.913
0.108367,0,-0.0908409,0.00132187,0.917
0.108633,0,-0.0837575,0.00109554,0.918
0.109389,0,-0.0753551,0.00105498,0.916
0.110651,0,-0.0656615,0.001267,0.913
0.112121,0,-0.0555421,0.00180732,0.91
0.114429,0,-0.0434999,0.00269411,0.909
0.115657,0,-0.0329986,0.00391091,0.908
0.116528,0,-0.0213921,0.00539928,0.907
0.116621,0,-0.00980652,0.00707781,0.906
0.116017,0,0.00129247,0.010467,0.904
0.114859,0,0.0137583,0.010467,0.904
0.11309,0,0.024264,0.0119438,0.902
0.111006,0,0.0344938,0.0131134,0.9
0.108861,0,0.0430798,0.0138768,0.899
0.106371,0,0.0528931,0.0141064,0.897
0.105862,0,0.0646423,0.0153735,0.887
0.103812,0,0.0723588,0.0142266,0.885
0.102123,0,0.0783157,0.0118737,0.884
0.100127,0,0.0840014,0.00800705,0.882
0.097828,0,0.0895662,0.00211553,0.882
0.0931776,0,0.0942805,-0.0104894,0.882
0.0887931,0,0.0973006,-0.0233429,0.882
0.0829339,0,0.0995248,-0.0385622,0.882
0.0973404,0,0.100341,0,0.882
0.0973404,0,0.100342,0,0.882
0.0973404,0,0.100342,0,0.882
0.0973404,0,0.100342,0,0.882
0.0973404,0,0.100342,0,0.882
0.0973404,0,0.100342,0,0.882
0.0973404,0,0.100342,0,0.882
0.0973404,0,0.100342,0,0.882
0.1,-0.0898174,0,0,0.899
0.1,-0.0898174,0,0,0.899
0.1,-0.0898174,0,0,0.899
0.1,-0.0898174,0,0,0.899
0.1,-0.0898174,0,0,0.899
0.1,-0.0898174,0,0,0.899
0.1,-0.0898174,0,0,0.899
0.05,-0.0896718,0,0,0.7
0.05,-0.088122,0,0,0.7
0.0937139,-0.0867266,0,-0.0160053,0.872
0.0669483,-0.084266,0,-0.0106417,0.893
0.0657906,-0.0819092,0,-0.00953567,0.897
0.0687109,-0.0777785,0,-0.00910371,0.898
0.0636596,-0.0735595,0,-0.00868232,0.899
0.0612484,-0.0684457,0,-0.00924404,0.898
0.058668,-0.0630977,0,-0.0104575,0.897
0.0564236,-0.0560974,0,-0.0122286,0.894
0.0566555,-0.0493028,0,-0.0144983,0.895
0.0579471,-0.0428894,0,-0.0168902,0.896
0.0585244,-0.0355537,0,-0.0195632,0.897
0.0598337,-0.0267036,0,-0.0226342,0.892
0.0657892,-0.0138218,0,-0.0274931,0.881
0.0648852,0.00138223,0,-0.0311251,0.867
0.0712899,0.0107929,0,-0.0376639,0.861
0.0720559,0.0186859,0,-0.0424673,0.858
0.0718567,0.0275309,0,-0.0611859,0.856
0.0756615,0.0388916,0,-0.0611859,0.851
0.0735852,0.0450628,0,-0.0702887,0.849
0.070024,0.0491059,0,-0.0875863,0.847
0.0624137,0.0485401,0,-0.0875863,0.845
0.0599858,0.0508327,0,-0.0900142,0.845
0.0599836,0.0549387,0,-0.0900164,0.845
0.0599809,0.057454,0,-0.0900191,0.845
0.0528659,0.0597146,0,-0.0900244,0.845
-0.00816528,0.0599858,0,-0.0900338,0.845
-0.00816528,0.0599858,0,0,0.845
-0.00816528,0.0599858,0,0,0.845
-0.00816528,0.0599858,0,0,0.845
-0.00816528,0.0599858,0,0,0.845
-0.00816528,0.0599858,0,0,0.845
-0.00816528,0.0599858,0,0,0.845
-0.00816528,0.0599858,0,0,0.845
0.1,0,-0.0335627,0,0.878
0.1,0,-0.0335627,0,0.878
0.1,0,-0.0335627,0,0.878
0.1,0,-0.0335627,0,0.878
0.1,0,-0.0335627,0,0.878
0.1,0,-0.0335627,0,0.878
0.1,0,-0.0335627,0,0.878
0.1,0,-0.0335627,0,0.878
0.1,0,-0.033161,0,0.878
0.0109559,0,-0.0324048,-0.0390441,0.7
0.0876143,0,-0.0302364,-0.0595966,0.886
0.0101609,0,-0.0313527,-0.0398391,0.873
0.0141489,0,-0.0303057,-0.042426,0.911
0.0103156,0,-0.0290945,-0.0396844,0.917
0.0114912,0,-0.0276286,-0.0385088,0.922
0.0205753,0,-0.024808,-0.0387986,0.922
0.030838,0,-0.0206125,-0.0387097,0.918
0.0408498,0,-0.01539,-0.0382406,0.915
0.0509871,0,-0.00870881,-0.0370315,0.913
0.0579891,0,-0.00262771,-0.0352184,0.91
0.071386,0,0.00809269,-0.0349743,0.9
0.0774743,0,0.0165051,-0.0319926,0.895
0.0842425,0,0.0266876,-0.0283446,0.89
0.0920596,0,0.0390104,-0.0257554,0.877
0.0967536,0,0.048975,-0.0205055,0.873
0.1007,0,0.0581356,-0.014762,0.87
0.106223,0,0.0713039,-0.00867995,0.861
0.107378,0,0.0775319,-0.000880172,0.863
0.10836,0,0.0843163,0.0063904,0.864
0.108349,0,0.0895341,0.0131158,0.865
0.107425,0,0.0949534,0.0218478,0.862
0.107529,0,0.0991606,0.0218478,0.862
0.100849,0,0.102561,0.00189006,0.862
0.0998175,0,0.104857,0.00189006,0.862
0.0963622,0,0.106603,-0.00920494,0.862
0.0917951,0,0.107441,-0.0226789,0.862
0.104541,0,0.107481,0,0.862
0.104541,0,0.107481,0,0.862
0.104541,0,0.107481,0,0.862
0.104541,0,0.107481,0,0.862
0.104541,0,0.107481,0,0.862
0.104541,0,0.107481,0,0.862
0.104541,0,0.107481,0,0.862
0.1,-0.111261,0,0,0.897
0.1,-0.111261,0,0,0.897
0.1,-0.111261,0,0,0.897
0.1,-0.111261,0,0,0.897
0.1,-0.111261,0,0,0.897
0.1,-0.111261,0,0,0.897
0.1,-0.111261,0,0,0.897
0.1,-0.111261,0,0,0.897
0.0979965,-0.110456,0,0,0.7
0.136994,-0.108491,0,0.00468254,0.894
0.100358,-0.104111,0,0.00242125,0.817
0.118797,-0.100962,0,0.00249554,0.899
0.104281,-0.0965435,0,0.00118012,0.889
0.109073,-0.0908237,0,0.000538007,0.909
0.10704,-0.0836906,0,-2.68062e-05,0.914
0.106093,-0.0763047,0,-0.000208421,0.918
0.108174,-0.0691124,0,-7.52606e-05,0.92
0.110154,-0.059271,0,0.000360005,0.918
0.111462,-0.0477882,0,0.00113001,0.913
0.112231,-0.0367883,0,0.00221649,0.91
0.112659,-0.0268974,0,0.00338448,0.909
0.114417,-0.0132848,0,0.00492887,0.902
0.110744,-0.00138129,0,0.00771817,0.893
0.111904,0.00959522,0,0.00771817,0.895
0.110246,0.0210146,0,0.00888132,0.891
0.108507,0.0317938,0,0.00993249,0.888
0.108403,0.0456596,0,0.0117619,0.881
0.10679,0.0555237,0,0.0121958,0.879
0.105384,0.0625324,0,0.0121958,0.88
0.103671,0.0709175,0,0.0114539,0.88
0.102373,0.076988,0,0.00976294,0.879
0.100787,0.0826626,0,0.00663293,0.878
0.0985445,0.0899002,0,0.00157796,0.876
0.093727,0.0943489,0,-0.0115648,0.876
0.0897071,0.0975541,0,-0.0237733,0.876
0.084198,0.0998674,0,-0.0382177,0.876
0.0781829,0.100767,0,-0.0524682,0.876
0.100277,0.100772,0,0,0.876
0.100277,0.100772,0,0,0.876
0.100277,0.100772,0,0,0.876
0.100277,0.100772,0,0,0.876
0.100277,0.100772,0,0,0.876
0.100277,0.100772,0,0,0.876
0.100277,0.100772,0,0,0.876
0.1,0,-0.114249,0,0.899
0.1,0,-0.114249,0,0.899
0.1,0,-0.114249,0,0.899
0.1,0,-0.114249,0,0.899
0.1,0,-0.114249,0,0.899
0.1,0,-0.114249,0,0.899
0.1,0,-0.114249,0,0.899
0.14722,0,-0.114248,0,0.9
0.15,0,-0.113268,0,0.89
0.135027,0,-0.110861,0.00374394,0.895
0.123162,0,-0.10758,0.00398088,0.899
0.11399,0,-0.102857,0.00358925,0.899
0.108494,0,-0.0974897,0.00280328,0.898
0.108062,0,-0.0906266,0.00129925,0.898
0.105782,0,-0.0835301,0.00129925,0.896
0.10698,0,-0.0766007,0.0010097,0.895
0.109239,0,-0.0660703,0.00117576,0.894
0.111321,0,-0.0563586,0.00185801,0.893
0.115738,0,-0.0431251,0.0030847,0.888
0.11742,0,-0.0313942,0.00462363,0.888
0.118456,0,-0.0194525,0.00647717,0.888
0.118727,0,-0.00783597,0.00853792,0.889
0.11819,0,0.00315465,0.0106531,0.889
0.117106,0,0.01376,0.0126761,0.89
0.115577,0,0.0244663,0.014393,0.89
0.113583,0,0.0349929,0.0158275,0.891
0.111529,0,0.0438942,0.0167088,0.891
0.109251,0,0.0527275,0.0169265,0.892
0.107035,0,0.0609233,0.0163216,0.892
0.105034,0,0.0680231,0.0146359,0.892
0.103042,0,0.0744902,0.0114983,0.892
0.101013,0,0.0800744,0.00644195,0.891
0.0983438,0,0.0859379,-0.00112222,0.889
0.0938227,0,0.0909874,-0.0139073,0.889
0.0886187,0,0.0948835,-0.0284872,0.889
0.0818297,0,0.0977401,-0.045262,0.889
0.0745441,0,0.0993714,-0.0615115,0.889
0.0985753,0,0.0996794,0,0.889
0.0985753,0,0.0996794,0,0.889
0.0985753,0,0.0996794,0,0.889
0.0985753,0,0.0996794,0,0.889
0.0985753,0,0.0996794,0,0.889
0.0985753,0,0.0996794,0,0.889
0.0985753,0,0.0996794,0,0.889
0.1,-0.120358,0,0,0.898
0.1,-0.120358,0,0,0.898
0.1,-0.120358,0,0,0.898
0.1,-0.120358,0,0,0.898
0.1,-0.120358,0,0,0.898
0.1,-0.120358,0,0,0.898
0.1,-0.120358,0,0,0.898
0.1,-0.120358,0,0,0.898
0.0941796,-0.120015,0,0,0.816
0.131277,-0.118564,0,-0.000224926,0.895
0.127593,-0.115757,0,0.00112468,0.906
0.123035,-0.111854,0,0.00221187,0.915
0.119502,-0.106784,0,0.00266229,0.916
0.115716,-0.10056,0,0.00274769,0.912
0.113559,-0.0933989,0,0.00268255,0.91
0.113096,-0.0852723,0,0.00264562,0.909
0.113604,-0.0759459,0,0.00277504,0.908
0.114635,-0.0659486,0,0.00316924,0.907
0.116084,-0.0538737,0,0.00386941,0.905
0.117001,-0.0426942,0,0.00491855,0.905
0.117689,-0.0306231,0,0.00614064,0.904
0.119129,-0.0197326,0,0.00801127,0.899
0.118866,-0.00703374,0,0.00971301,0.899
0.116079,0.00259625,0,0.0131641,0.899
0.116604,0.0147173,0,0.0131641,0.898
0.114961,0.0253911,0,0.0146774,0.898
0.113076,0.0354892,0,0.0158711,0.898
0.110978,0.0451643,0,0.0166427,0.898
0.108748,0.0543093,0,0.0168284,0.898
0.106622,0.0622525,0,0.0162479,0.898
0.104746,0.0689358,0,0.0146209,0.898
0.102535,0.0760009,0,0.0115457,0.897
0.100562,0.0810971,0,0.00659064,0.896
0.0977722,0.0876917,0,-0.000826693,0.893
0.0936405,0.0923944,0,-0.0128174,0.893
0.0884649,0.0962031,0,-0.0268405,0.893
0.081881,0.0987413,0,-0.0430712,0.893
0.0750196,0.0999076,0,-0.0585624,0.893
0.0977659,0.0999748,0,0,0.893
0.0977659,0.0999748,0,0,0.893
0.0977659,0.0999748,0,0,0.893
0.0977659,0.0999748,0,0,0.893
0.0977659,0.0999748,0,0,0.893
0.0977659,0.0999748,0,0,0.893
0.0977659,0.0999748,0,0,0.893
0.1,0,-0.11928,0,0.899
0.1,0,-0.11928,0,0.899
0.1,0,-0.11928,0,0.899
0.1,0,-0.11928,0,0.899
0.1,0,-0.11928,0,0.899
0.1,0,-0.11928,0,0.899
0.1,0,-0.11928,0,0.899
0.1,0,-0.11928,0,0.899
0.103677,0,-0.118503,0,0.822
0.135665,0,-0.116602,0.001201,0.896
0.126848,0,-0.113456,0.00209823,0.911
0.120583,0,-0.108415,0.00276986,0.907
0.116609,0,-0.102712,0.00287759,0.908
0.11425,0,-0.0967746,0.00272633,0.907
0.113247,0,-0.0882839,0.00244076,0.907
0.11303,0,-0.0798001,0.00244076,0.905
0.113856,0,-0.0710507,0.00260874,0.903
0.115091,0,-0.0609249,0.00310157,0.902
0.116196,0,-0.050435,0.00398593,0.901
0.1172,0,-0.0394296,0.00512317,0.9
0.118101,0,-0.0268042,0.00657775,0.9
0.118117,0,-0.0159733,0.00822375,0.9
0.117887,0,-0.00307166,0.00997832,0.899
0.116869,0,0.00793733,0.0133316,0.9
0.115469,0,0.0188314,0.0133316,0.9
0.113697,0,0.0283211,0.0146759,0.9
0.111546,0,0.0387819,0.0156075,0.9
0.109499,0,0.0471133,0.0160197,0.9
0.107255,0,0.0556842,0.0157635,0.9
0.104984,0,0.0636558,0.0125381,0.9
0.102885,0,0.0707428,0.0125381,0.899
0.100968,0,0.0764851,0.00895329,0.898
0.0986618,0,0.0814384,0.00342991,0.897
0.0956151,0,0.0872656,-0.00451269,0.897
0.0921717,0,0.0915662,-0.0148725,0.897
0.0868912,0,0.0951732,-0.0286178,0.897
0.080217,0,0.0974982,-0.0443663,0.897
0.0735458,0,0.0983204,-0.0592489,0.897
0.0970551,0,0.0983245,0,0.897
0.0970551,0,0.0983245,0,0.897
0.0970551,0,0.0983245,0,0.897
0.0970551,0,0.0983245,0,0.897
0.0970551,0,0.0983245,0,0.897
0.0970551,0,0.0983245,0,0.897
0.0970551,0,0.0983245,0,0.897
0.1,-0.118152,0,0,0.9
0.1,-0.118152,0,0,0.9
0.1,-0.118152,0,0,0.9
0.1,-0.118152,0,0,0.9
0.1,-0.118152,0,0,0.9
0.1,-0.118152,0,0,0.9
0.1,-0.118152,0,0,0.9
0.0939965,-0.118145,0,0,0.748
0.107079,-0.116691,0,0,0.755
0.147482,-0.114228,0,0.00431125,0.884
0.134304,-0.110694,0,0.00423718,0.903
0.126625,-0.106276,0,0.00453645,0.908
0.121195,-0.100477,0,0.00447248,0.907
0.119161,-0.0941804,0,0.00386603,0.907
0.116194,-0.0860917,0,0.00386603,0.907
0.115806,-0.0773855,0,0.00371792,0.906
0.116188,-0.0683634,0,0.00383765,0.904
0.11703,-0.0579575,0,0.00428445,0.903
0.117776,-0.0472001,0,0.00508519,0.902
0.118292,-0.0357161,0,0.00619038,0.901
0.118393,-0.0239744,0,0.00753463,0.9
0.118034,-0.0118706,0,0.0090332,0.899
0.115491,-0.00162278,0,0.0120865,0.9
0.115822,0.00907691,0,0.0120865,0.899
0.114098,0.0208508,0,0.0134259,0.898
0.112255,0.0301515,0,0.014468,0.898
0.110196,0.0396852,0,0.0150963,0.898
0.107843,0.0494199,0,0.0151999,0.898
0.10575,0.0570096,0,0.0146668,0.899
0.103818,0.0642128,0,0.0132558,0.898
0.101799,0.0708809,0,0.0107313,0.898
0.0995956,0.0768099,0,0.00681599,0.898
0.097431,0.0813735,0,0.0010828,0.897
0.0943241,0.0872933,0,-0.00705372,0.897
0.0908636,0.0916922,0,-0.0171098,0.897
0.0856821,0.0949235,0,-0.0304521,0.897
0.0760029,0.0968232,0,-0.0599537,0.897
0.0731369,0.0974984,0,-0.0599537,0.897
0.0731369,0.0974984,0,0,0.897
0.0731369,0.0974984,0,0,0.897
0.0731369,0.0974984,0,0,0.897
0.0731369,0.0974984,0,0,0.897
0.0731369,0.0974984,0,0,0.897
0.0731369,0.0974984,0,0,0.897
0.0731369,0.0974984,0,0,0.897
0.1,0,-0.116495,0,0.88
0.1,0,-0.116495,0,0.88
0.1,0,-0.116495,0,0.88
0.1,0,-0.116495,0,0.88
0.1,0,-0.116495,0,0.88
0.1,0,-0.116495,0,0.88
0.1,0,-0.116495,0,0.88
0.091033,0,-0.116475,0,0.739
0.102403,0,-0.114611,0,0.749
0.140537,0,-0.112407,0.00333025,0.889
0.127151,0,-0.108827,0.00318407,0.907
0.120169,0,-0.104029,0.00336532,0.911
0.116322,0,-0.0987689,0.00329306,0.909
0.114387,0,-0.0924108,0.00306214,0.909
0.113633,0,-0.0847005,0.0028854,0.908
0.113248,0,-0.0759151,0.00318852,0.907
0.11496,0,-0.0652912,0.00318852,0.905
0.116172,0,-0.0548001,0.00378634,0.904
0.116984,0,-0.0448587,0.00470149,0.903
0.117748,0,-0.0330881,0.00591433,0.902
0.118239,0,-0.0198296,0.00734625,0.901
0.117686,0,-0.00991264,0.00897047,0.901
0.116797,0,0.000150911,0.0105428,0.9
0.115537,0,0.0111054,0.0121029,0.9
0.113922,0,0.0216187,0.0134469,0.9
0.111908,0,0.0323313,0.0144788,0.9
0.109899,0,0.04117,0.0151551,0.9
0.1078,0,0.0496493,0.0151551,0.9
0.105658,0,0.0576733,0.0145617,0.9
0.103346,0,0.0654269,0.0131278,0.9
0.101298,0,0.0721386,0.0106282,0.899
0.0990931,0,0.0776309,0.00669808,0.899
0.096969,0,0.081967,0.00079995,0.898
0.0937433,0,0.0873476,-0.0175236,0.898
0.0903611,0,0.0919461,-0.0175236,0.898
0.0851624,0,0.0950189,-0.0309097,0.898
0.0787537,0,0.0968319,-0.0460284,0.898
0.0729422,0,0.0973113,-0.0602643,0.898
0.0729422,0,0.0973113,0,0.898
0.0729422,0,0.0973113,0,0.898
0.0729422,0,0.0973113,0,0.898
0.0729422,0,0.0973113,0,0.898
0.0729422,0,0.0973113,0,0.898
0.0729422,0,0.0973113,0,0.898
0.0729422,0,0.0973113,0,0.898
0.1,-0.116912,0,0,0.881
0.1,-0.116912,0,0,0.881
0.1,-0.116912,0,0,0.881
0.1,-0.116912,0,0,0.881
0.1,-0.116912,0,0,0.881
0.1,-0.116912,0,0,0.881
0.1,-0.116912,0,0,0.881
0.0971055,-0.116855,0,0,0.775
0.132107,-0.115546,0,0.000928164,0.899
0.130087,-0.112923,0,0.00231588,0.911
0.125082,-0.108962,0,0.00316378,0.912
0.11926,-0.10383,0,0.00341372,0.909
0.116084,-0.0985221,0,0.00333315,0.909
0.114258,-0.0918026,0,0.00311758,0.908
0.113625,-0.0833163,0,0.00297503,0.907
0.113953,-0.0751133,0,0.00304913,0.906
0.114902,-0.0656287,0,0.00336279,0.905
0.116348,-0.0538428,0,0.00400944,0.903
0.117465,-0.0420688,0,0.00502223,0.902
0.117695,-0.0325843,0,0.00622579,0.901
0.117868,-0.0210938,0,0.00767971,0.901
0.117463,-0.0105326,0,0.00925089,0.901
0.116723,0.00194939,0,0.0108547,0.9
0.115421,0.012876,0,0.0123627,0.9
0.113804,0.0221911,0,0.0136666,0.901
0.111855,0.0320957,0,0.0146654,0.901
0.109739,0.0413861,0,0.015215,0.901
0.107535,0.0500076,0,0.0152114,0.901
0.105131,0.0584669,0,0.0145163,0.901
0.102881,0.0660332,0,0.012953,0.9
0.100797,0.0721203,0,0.0102649,0.9
0.0985346,0.0777604,0,0.00606176,0.899
0.0984848,0.0872158,0,-3.39965e-05,0.892
0.0945801,0.0917926,0,-0.0118908,0.892
0.0894288,0.0961305,0,-0.0255654,0.892
0.0835638,0.0985646,0,-0.0410273,0.892
0.0771446,0.100015,0,-0.0557584,0.892
0.09845,0.100181,0,0,0.892
0.09845,0.100181,0,0,0.892
0.09845,0.100181,0,0,0.892
0.09845,0.100181,0,0,0.892
0.09845,0.100181,0,0,0.892
0.09845,0.100181,0,0,0.892
0.09845,0.100181,0,0,0.892
0.1,0,-0.118957,0,0.898
0.1,0,-0.118957,0,0.898
0.1,0,-0.118957,0,0.898
0.1,0,-0.118957,0,0.898
0.1,0,-0.118957,0,0.898
0.1,0,-0.118957,0,0.898
0.1,0,-0.118957,0,0.898
0.1,0,-0.118957,0,0.898
0.0907388,0,-0.118237,0,0.709
0.145368,0,-0.116608,0.00232808,0.886
0.132479,0,-0.113721,0.00275804,0.906
0.125919,0,-0.109528,0.00331059,0.91
0.119463,0,-0.104354,0.00335345,0.914
0.115559,0,-0.0982061,0.00322583,0.911
0.11373,0,-0.0909853,0.00303287,0.91
0.1133,0,-0.0827741,0.00294519,0.909
0.114039,0,-0.072161,0.00306885,0.908
0.115098,0,-0.0625152,0.00347891,0.907
0.118394,0,-0.0500301,0.005526,0.902
0.119183,0,-0.038484,0.005526,0.901
0.119514,0,-0.0266841,0.0068805,0.899
0.119184,0,-0.0159443,0.00853415,0.899
0.118672,0,-0.00252682,0.0101985,0.898
0.117336,0,0.00867972,0.0119692,0.897
0.115628,0,0.0197416,0.0135494,0.897
0.113595,0,0.0302734,0.0148918,0.896
0.111804,0,0.0376988,0.0158073,0.896
0.109682,0,0.0466204,0.0162809,0.896
0.107365,0,0.0557281,0.0161274,0.896
0.105943,0,0.0642282,0.0131698,0.896
0.10322,0,0.0703724,0.0131698,0.896
0.101416,0,0.0763243,0.00970751,0.895
0.0990572,0,0.0815619,0.00437594,0.895
0.096587,0,0.0867478,-0.00334537,0.895
0.0928078,0,0.091582,-0.0142512,0.895
0.0877308,0,0.0953387,-0.0280599,0.895
0.081469,0,0.0976897,-0.0436758,0.895
0.0748879,0,0.0987649,-0.058707,0.895
0.097447,0,0.0988108,0,0.895
0.097447,0,0.0988108,0,0.895
0.097447,0,0.0988108,0,0.895
0.097447,0,0.0988108,0,0.895
0.097447,0,0.0988108,0,0.895
0.097447,0,0.0988108,0,0.895
0.097447,0,0.0988108,0,0.895
0.1,-0.118865,0,0,0.9
0.1,-0.118865,0,0,0.9
0.1,-0.118865,0,0,0.9
0.1,-0.118865,0,0,0.9
0.1,-0.118865,0,0,0.9
0.1,-0.118865,0,0,0.9
0.1,-0.118865,0,0,0.9
0.1,-0.118865,0,0,0.9
0.0998737,-0.118073,0,0,0.798
0.137296,-0.115628,0,0.00154603,0.895
0.125219,-0.112266,0,0.00224244,0.911
0.120139,-0.108171,0,0.00278327,0.907
0.116583,-0.102642,0,0.00287249,0.908
0.114624,-0.0951689,0,0.00259241,0.908
0.113246,-0.0874242,0,0.00259241,0.906
0.113491,-0.079822,0,0.00259616,0.905
0.114459,-0.0701154,0,0.00282923,0.903
0.11569,-0.0599503,0,0.00430007,0.902
0.116703,-0.0497229,0,0.00430007,0.901
0.117779,-0.0375491,0,0.00551903,0.9
0.118225,-0.0262553,0,0.00697968,0.899
0.118278,-0.0145151,0,0.00862539,0.899
0.117731,-0.00323275,0,0.0103504,0.899
0.116741,0.00807518,0,0.012031,0.899
0.115263,0.0194578,0,0.0135682,0.9
0.113412,0.0296951,0,0.0148327,0.9
0.111327,0.0393011,0,0.0157128,0.9
0.109128,0.0482375,0,0.0160767,0.9
0.107099,0.0562331,0,0.015784,0.899
0.104776,0.0643293,0,0.0146607,0.899
0.102892,0.0706061,0,0.00889488,0.899
0.10058,0.0770841,0,0.00889488,0.898
0.0981958,0.0820264,0,0.0033889,0.897
0.095515,0.0872271,0,-0.00449217,0.897
0.0918387,0.091824,0,-0.0149522,0.897
0.0867256,0.095189,0,-0.0285897,0.897
0.0801036,0.0975113,0,-0.0439382,0.897
0.0736122,0.0982613,0,-0.0584643,0.897
0.0736122,0.0982617,0,0,0.897
0.0736122,0.0982617,0,0,0.897
0.0736122,0.0982617,0,0,0.897
0.0736122,0.0982617,0,0,0.897
0.0736122,0.0982617,0,0,0.897
0.0736122,0.0982617,0,0,0.897
0.0736122,0.0982617,0,0,0.897
0.1,0,-0.117295,0,0.879
0.1,0,-0.117295,0,0.879
0.1,0,-0.117295,0,0.879
0.1,0,-0.117295,0,0.879
0.1,0,-0.117295,0,0.879
0.1,0,-0.117295,0,0.879
0.1,0,-0.117295,0,0.879
0.0965873,0,-0.117292,0,0.781
0.10699,0,-0.116102,0,0.78
0.140204,0,-0.113602,0.00282759,0.893
0.12785,0,-0.110099,0.00316472,0.905
0.120778,0,-0.105334,0.00339244,0.908
0.116723,0,-0.0995841,0.00335421,0.908
0.114693,0,-0.0935695,0.0031247,0.908
0.113618,0,-0.0859072,0.00291781,0.907
0.113741,0,-0.0774828,0.00287562,0.906
0.114809,0,-0.0665296,0.00310652,0.904
0.115831,0,-0.0571124,0.00366191,0.903
0.116989,0,-0.0460253,0.00455758,0.902
0.117744,0,-0.0347861,0.0057652,0.901
0.118108,0,-0.022994,0.00721393,0.9
0.117885,0,-0.011739,0.00888235,0.9
0.117196,0,-0.0012218,0.0105042,0.9
0.116076,0,0.00988001,0.0121213,0.9
0.114439,0,0.0216081,0.0135569,0.9
0.112511,0,0.0313432,0.0147173,0.9
0.110448,0,0.0405162,0.0153702,0.9
0.108207,0,0.0494927,0.0155239,0.9
0.106002,0,0.0575351,0.0150137,0.9
0.103837,0,0.0648321,0.0136597,0.9
0.101744,0,0.0716376,0.0111844,0.899
0.100447,0,0.0782903,0.00727329,0.897
0.0979584,0,0.0816627,0.00378319,0.899
0.0945677,0,0.0880484,-0.0052634,0.899
0.0907438,0,0.0923505,-0.0174394,0.899
0.0847999,0,0.0956208,-0.0327291,0.899
0.0773782,0,0.0976393,-0.0501978,0.899
0.0701623,0,0.0983081,-0.0664041,0.899
0.0962453,0,0.0983099,0,0.899
0.0962453,0,0.0983099,0,0.899
0.0962453,0,0.0983099,0,0.899
0.0962453,0,0.0983099,0,0.899
0.0962453,0,0.0983099,0,0.899
0.0962453,0,0.0983099,0,0.899
0.0962453,0,0.0983099,0,0.899
0.1,-0.118048,0,0,0.901
0.1,-0.118048,0,0,0.901
0.1,-0.118048,0,0,0.901
0.1,-0.118048,0,0,0.901
0.1,-0.118048,0,0,0.901
0.1,-0.118048,0,0,0.901
0.1,-0.118048,0,0,0.901
0.098366,-0.118043,0,0,0.819
0.109237,-0.116941,0,0,0.814
0.137672,-0.114573,0,0.00260401,0.895
0.126169,-0.110403,0,0.00306604,0.904
0.119884,-0.106368,0,0.0032815,0.908
0.116442,-0.100785,0,0.00322156,0.908
0.114219,-0.0938555,0,0.00301396,0.907
0.113438,-0.0860791,0,0.0028496,0.906
0.113763,-0.0773117,0,0.00286777,0.905
0.113728,-0.066773,0,0.00378106,0.905
0.116261,-0.0558258,0,0.00378106,0.902
0.116887,-0.0466534,0,0.00472925,0.901
0.117572,-0.0358993,0,0.00597164,0.901
0.117928,-0.0240968,0,0.00744026,0.9
0.117786,-0.012492,0,0.00903359,0.9
0.117156,-0.00103406,0,0.0106626,0.9
0.116003,0.0100799,0,0.0122396,0.9
0.114419,0.0210087,0,0.0136298,0.9
0.112538,0.030818,0,0.014722,0.9
0.110431,0.040273,0,0.0153934,0.9
0.108241,0.0490697,0,0.0155155,0.9
0.105774,0.0578979,0,0.0149683,0.9
0.10366,0.0649873,0,0.0135678,0.9
0.10149,0.0717065,0,0.011034,0.899
0.0999247,0.0781954,0,0.00106539,0.896
0.0970965,0.0819192,0,0.00106539,0.897
0.0935699,0.0877244,0,-0.00789914,0.897
0.0903183,0.0920076,0,-0.017461,0.897
0.0850557,0.0951143,0,-0.0308867,0.897
0.0785943,0.0969475,0,-0.0460753,0.897
0.0727852,0.0974322,0,-0.0601949,0.897
0.0727852,0.0974322,0,0,0.897
0.0727852,0.0974322,0,0,0.897
0.0727852,0.0974322,0,0,0.897
0.0727852,0.0974322,0,0,0.897
0.0727852,0.0974322,0,0,0.897
0.0727852,0.0974322,0,0,0.897
0.0727852,0.0974322,0,0,0.897
0.1,0,-0.116388,0,0.88
0.1,0,-0.116388,0,0.88
0.1,0,-0.116388,0,0.88
0.1,0,-0.116388,0,0.88
0.1,0,-0.116388,0,0.88
0.1,0,-0.116388,0,0.88
0.1,0,-0.116388,0,0.88
0.0972338,0,-0.116239,0,0.757
0.13172,0,-0.115169,0.00110354,0.897
0.13181,0,-0.112677,0.00254545,0.908
0.125275,0,-0.108925,0.00320768,0.913
0.119864,0,-0.104082,0.00340304,0.911
0.115632,0,-0.0975831,0.00328262,0.909
0.114409,0,-0.0904634,0.00290973,0.909
0.113521,0,-0.0832979,0.00290973,0.907
0.114069,0,-0.073757,0.00296329,0.906
0.115087,0,-0.0642051,0.00330091,0.905
0.116434,0,-0.0529155,0.00395036,0.903
0.117165,0,-0.0433744,0.00491421,0.903
0.117835,0,-0.0318636,0.00616451,0.902
0.117955,0,-0.0204597,0.00762878,0.901
0.117432,0,-0.0102607,0.00921179,0.901
0.116623,0,0.00128266,0.0107601,0.9
0.114046,0,0.0123171,0.0136483,0.901
0.11355,0,0.0234115,0.0136483,0.9
0.111673,0,0.0324889,0.0145608,0.9
0.109386,0,0.0424124,0.0150676,0.9
0.107346,0,0.0500015,0.0150305,0.901
0.105121,0,0.0582023,0.0142497,0.9
0.102952,0,0.0655447,0.0126315,0.9
0.100931,0,0.0717304,0.00993763,0.9
0.0987862,0,0.0773652,0.00580107,0.899
0.0987572,0,0.0866777,-0.000231177,0.892
0.0946461,0,0.091804,-0.011909,0.892
0.0896991,0,0.096049,-0.0253286,0.892
0.0802865,0,0.0987639,-0.0552234,0.892
0.0774265,0,0.100039,-0.0552234,0.892
0.0984031,0,0.100171,0,0.892
0.0984031,0,0.100171,0,0.892
0.0984031,0,0.100171,0,0.892
0.0984031,0,0.100171,0,0.892
0.0984031,0,0.100171,0,0.892
0.0984031,0,0.100171,0,0.892
0.0984031,0,0.100171,0,0.892
0.1,-0.119621,0,0,0.898
0.1,-0.119621,0,0,0.898
0.1,-0.119621,0,0,0.898
0.1,-0.119621,0,0,0.898
0.1,-0.119621,0,0,0.898
0.1,-0.119621,0,0,0.898
0.1,-0.119621,0,0,0.898
0.1,-0.119621,0,0,0.898
0.0909061,-0.1191,0,0,0.731
0.14445,-0.117297,0,0.00173939,0.889
0.13061,-0.114459,0,0.00238458,0.909
0.124278,-0.11028,0,0.00308324,0.916
0.119126,-0.104547,0,0.00328166,0.914
0.114985,-0.0975731,0,0.00320026,0.91
0.113803,-0.0913653,0,0.00296492,0.91
0.113412,-0.0831017,0,0.00296492,0.909
0.11421,-0.0726568,0,0.00309799,0.908
0.115275,-0.0624706,0,0.00355297,0.907
0.118252,-0.0510853,0,0.00446818,0.902
0.118917,-0.0404271,0,0.00553121,0.901
0.11933,-0.0285748,0,0.00691743,0.9
0.119139,-0.0169331,0,0.00851571,0.899
0.118586,-0.00469904,0,0.0101572,0.898
0.117477,0.00696502,0,0.0118583,0.897
0.115925,0.0178948,0,0.0134711,0.897
0.114155,0.0272168,0,0.0148611,0.897
0.112142,0.0371663,0,0.0159028,0.896
0.109964,0.0466415,0,0.016464,0.896
0.107826,0.0551961,0,0.0163976,0.896
0.105806,0.0628565,0,0.0155358,0.896
0.1038,0.0699392,0,0.0103352,0.896
0.101737,0.07624,0,0.0103352,0.896
0.0996391,0.0814036,0,0.00517036,0.895
0.0969105,0.0877414,0,-0.00241543,0.893
0.0929073,0.0924164,0,-0.0140313,0.893
0.0877027,0.0961252,0,-0.0279603,0.893
0.081142,0.0985312,0,-0.0437246,0.893
0.0748218,0.0993965,0,-0.0585235,0.893
0.0975484,0.0994132,0,0,0.893
0.0975484,0.0994132,0,0,0.893
0.0975484,0.0994132,0,0,0.893
0.0975484,0.0994132,0,0,0.893
0.0975484,0.0994132,0,0,0.893
0.0975484,0.0994132,0,0,0.893
0.0975484,0.0994132,0,0,0.893
0.1,0,-0.118678,0,0.9
0.1,0,-0.118678,0,0.9
0.1,0,-0.118678,0,0.9
0.1,0,-0.118678,0,0.9
0.1,0,-0.118678,0,0.9
0.1,0,-0.118678,0,0.9
0.1,0,-0.118678,0,0.9
0.1,0,-0.118678,0,0.9
0.0998795,0,-0.117698,0,0.785
0.139208,0,-0.115478,0.00201994,0.893
0.127294,0,-0.112009,0.00258883,0.905
0.120333,0,-0.107353,0.0029734,0.908
0.116317,0,-0.101538,0.0029881,0.908
