-0.215,0,-0.205,0
-0.215,0,-0.205,0
-0.215,0,-0.205,0
-0.215,0,-0.205,0
-0.215,0,-0.205,0
-0.215,0,-0.205,0
-0.215,0,-0.205,0
-0.215,0,-0.205,0
-0.215,0,-0.205,0
-0.215,0,-0.205,0
-0.215,0,-0.205,0
-0.215,0,-0.205,0
-0.215,0,-0.205,0
-0.215,0,-0.205,0
-0.215,0,-0.205,0
-0.215,0,-0.205,0
-0.215,0,-0.205,0
-0.215,0,-0.205,0
-0.215,0,-0.205,0
-0.215,0,-0.205,0
-0.215,0,-0.205,0
-0.215,0,-0.205,0
-0.215,0,-0.205,0
-0.215,0,-0.205,0
-0.215,0,-0.205,0
-0.215,0,-0.205,0
-0.215,0,-0.205,0
-0.215,0,-0.205,0
-0.215,0,-0.205,0
-0.215,0,-0.205,0
-0.215,0,-0.205,0
-0.215,0,-0.205,0
-0.215,0,-0.205,0
-0.215,0,-0.205,0
-0.215,0,-0.205,0
-0.215,0,-0.205,0
-0.215,0,-0.205,0
-0.215,0,-0.205,0
-0.215,0,-0.205,0
-0.215,0,-0.205,0
-0.215,0,-0.205,0
-0.215,0,-0.205,0
-0.215,0,-0.205,0
-0.215,0,-0.205,0
-0.215,0,-0.205,0
-0.215,0,-0.205,0
-0.215,0,-0.205,0
-0.215,0,-0.205,0
-0.215,0,-0.205,0
-0.215,0,-0.205,0
-0.215,0,-0.205,0
-0.215,0,-0.205,0
-0.215,0,-0.205,0
-0.215,0,-0.205,0
-0.215,0,-0.205,0
-0.215,0,-0.205,0
-0.215,0,-0.205,0
-0.215,0,-0.205,0
-0.215,0,-0.205,0
-0.215,0,-0.205,0
-0.215,0,-0.205,0
-0.215,0,-0.205,0
-0.215,0,-0.205,0
-0.215,0,-0.205,0
-0.215,0,-0.205,0
-0.215,0,-0.205,0
-0.215,0,-0.205,0
-0.215,0,-0.205,0
-0.215,0,-0.205,0
-0.215,0,-0.205,0
-0.215,0,-0.205,0
-0.215,0,-0.205,0
-0.215,0,-0.205,0
-0.215,0,-0.205,0
-0.215,0,-0.205,0
-0.215,0,-0.205,0
-0.215,0,-0.205,0
-0.215,0,-0.205,0
-0.215,0,-0.205,0
-0.215,0,-0.205,0
-0.215,0,-0.205,0
-0.215,0,-0.205,0
-0.215,0,-0.205,0
-0.215,0,-0.205,0
-0.215,0,-0.205,0
-0.215,0,-0.205,0
-0.215,0,-0.205,0
-0.215,0,-0.205,0
-0.215,0,-0.205,0
-0.215,0,-0.205,0
-0.215,0,-0.205,0
-0.215,0,-0.205,0
-0.215,0,-0.205,0
-0.215,0,-0.205,0
-0.215,0,-0.205,0
-0.215,0,-0.205,0
-0.215,0,-0.205,0
-0.215,0,-0.205,0
-0.215,0,-0.205,0
-0.215,0,-0.205,0
-0.215,0,-0.205,0
-0.215,0,-0.205,0
-0.215,0,-0.205,0
-0.215,0,-0.205,0
-0.215,0,-0.205,0
-0.215,0,-0.205,0
-0.215,0,-0.205,0
-0.215,0,-0.20502,0
-0.215,0,-0.20509,-0
-0.215,0,-0.20522,-0
-0.215,0,-0.205435,-0
-0.215,0,-0.205679,-0
-0.215,0,-0.205977,-0
-0.215,0,-0.206308,-0
-0.215,0,-0.206667,-0
-0.215,0,-0.207025,-0
-0.215,0,-0.207493,-0
-0.215,0,-0.207943,-0
-0.215,0,-0.208412,-0
-0.215,0,-0.208859,-0
-0.215,0,-0.209339,-0
-0.215,0,-0.209838,-0
-0.215,0,-0.210362,-0
-0.215,0,-0.210883,-0
-0.215,0,-0.211372,-0
-0.215,0,-0.211848,-0
-0.215,0,-0.212273,-0
-0.215,0,-0.212713,-0
-0.215,0,-0.213167,-0
-0.215,0,-0.213512,-0
-0.215,0,-0.213887,-0
-0.215,0,-0.214203,-0
-0.215,0,-0.214467,-0
-0.215,0,-0.214644,-0
-0.215,0,-0.214822,-0
-0.215,0,-0.214937,-0
-0.215,0,-0.214995,-0
-0.215,0,-0.215,-0
-0.215,0,-0.215,0
-0.215,0,-0.215,0
-0.215,0,-0.215,0
-0.215,0,-0.215,0
-0.215,0,-0.215,0
-0.215,0,-0.215,0
0.235,0.217958,0,0
0.235,0.217958,0,0
0.235,0.217958,0,0
0.235,0.217958,0,0
0.235,0.217958,0,0
0.235,0.217958,0,0
0.235,0.217958,0,0
0.235,0.217958,0,0
0.185,0.217907,0,0
0.185892,0.217643,0,-0.00148027
0.186264,0.217261,0,-0.00146931
0.197178,0.217128,0,-0.00108582
0.209617,0.217402,0,-0.000259445
0.216782,0.217851,0,0.000903912
0.231313,0.219614,0,0.00177343
0.236054,0.220811,0,0.00297967
0.240445,0.222479,0,0.00420666
0.242146,0.223847,0,0.00561624
0.243235,0.225244,0,0.0066263
0.243186,0.226297,0,0.00731707
0.24288,0.227393,0,0.00788904
0.242225,0.228338,0,0.0080115
0.241481,0.229162,0,0.0078278
0.241241,0.230356,0,0.00685844
0.23983,0.230661,0,0.00685844
0.238859,0.231119,0,0.00598541
0.23799,0.231457,0,0.00466366
0.236959,0.231649,0,0.00284759
0.235554,0.231473,0,-9.29793e-05
0.234167,0.231106,0,-0.00326048
0.232457,0.230306,0,-0.007759
0.230018,0.228695,0,-0.0136711
0.226979,0.226283,0,-0.0208872
0.223003,0.224936,0,-0.0294905
0.218443,0.225099,0,-0.038648
0.213625,0.225212,0,-0.0481734
0.209183,0.225284,0,-0.0565747
0.206838,0.22531,0,-0.0611655
0.235236,0.22531,0,0
0.235236,0.22531,0,0
0.235236,0.22531,0,0
0.235236,0.22531,0,0
0.235236,0.22531,0,0
0.235236,0.22531,0,0
0.235236,0.22531,0,0
-0.245,0,-0.228541,0
-0.245,0,-0.228541,0
-0.245,0,-0.228541,0
-0.245,0,-0.228541,0
-0.245,0,-0.228541,0
-0.245,0,-0.228541,0
-0.245,0,-0.228541,0
-0.195,0,-0.228536,0
-0.195,0,-0.228307,0
-0.237009,0,-0.228651,0.0219222
-0.180822,0,-0.227176,0.0141776
-0.181979,0,-0.226287,0.0130215
-0.182605,0,-0.225128,0.0123949
-0.191425,0,-0.224658,0.0115682
-0.208904,0,-0.225801,0.0117593
-0.2157,0,-0.22626,0.00973901
-0.221446,0,-0.226991,0.00973901
-0.226372,0,-0.227978,0.00877697
-0.23119,0,-0.229357,0.00749864
-0.234659,0,-0.230668,0.00644296
-0.238226,0,-0.232363,0.00520539
-0.241435,0,-0.234296,0.00395843
-0.243443,0,-0.235955,0.00246927
-0.244821,0,-0.237516,0.001245
-0.245371,0,-0.238629,0.000278698
-0.245373,0,-0.239448,-0.00028066
-0.245008,0,-0.239952,-0.000282016
-0.244306,0,-0.240201,0.00039096
-0.243362,0,-0.240145,0.00185476
-0.24342,0,-0.240773,0.004238
-0.241949,0,-0.240106,0.00574451
-0.240275,0,-0.239081,0.0094593
-0.237898,0,-0.237595,0.0144915
-0.233936,0,-0.237844,0.0225975
-0.232444,0,-0.238032,0.0266485
-0.228951,0,-0.238164,0.0340802
-0.225559,0,-0.238256,0.0405258
-0.224074,0,-0.238278,0.0443223
-0.224074,0,-0.238278,0
-0.224074,0,-0.238278,0
-0.224074,0,-0.238278,0
-0.224074,0,-0.238278,0
-0.224074,0,-0.238278,0
-0.224074,0,-0.238278,0
-0.224074,0,-0.238278,0
0.245,0.239522,0,0
0.245,0.239522,0,0
0.245,0.239522,0,0
0.245,0.239522,0,0
0.245,0.239522,0,0
0.245,0.239522,0,0
0.245,0.239522,0,0
0.195,0.239503,0,0
0.188606,0.239238,0,-0.00639409
0.188283,0.238749,0,-0.00671684
0.188874,0.237969,0,-0.00612574
0.189382,0.236935,0,-0.00561777
0.210829,0.237204,0,-0.00557199
0.218171,0.237203,0,-0.00436716
0.225006,0.237485,0,-0.00313828
0.231323,0.238074,0,-0.00192384
0.237079,0.238986,0,-0.000714646
0.240649,0.239818,0,0.000677144
0.243363,0.240713,0,0.00190616
0.243877,0.241089,0,0.00369441
0.245483,0.241941,0,0.00369441
0.245604,0.242276,0,0.00415759
0.245405,0.2425,0,0.00421464
0.244782,0.24244,0,0.00406958
0.244005,0.242235,0,0.00236532
0.24318,0.241913,0,0.00236532
0.242299,0.241467,0,-0.00122714
0.242022,0.241396,0,-0.00387237
0.240323,0.240155,0,-0.00387237
0.239002,0.239089,0,-0.00702994
0.242924,0.242505,0,-0.0146041
0.240799,0.240685,0,-0.0202606
0.237875,0.239438,0,-0.0265208
0.233582,0.239436,0,-0.0353712
0.229615,0.239435,0,-0.0431035
0.225984,0.239434,0,-0.0499876
0.223791,0.239434,0,-0.0543379
0.248363,0.239433,0,0
0.248363,0.239433,0,0
0.248363,0.239433,0,0
0.248363,0.239433,0,0
0.248363,0.239433,0,0
0.248363,0.239433,0,0
0.248363,0.239433,0,0
-0.245,0,-0.241667,0
-0.245,0,-0.241667,0
-0.245,0,-0.241667,0
-0.245,0,-0.241667,0
-0.245,0,-0.241667,0
-0.245,0,-0.241667,0
-0.245,0,-0.241667,0
-0.245,0,-0.241667,0
-0.195,0,-0.241518,0
-0.19031,0,-0.241063,0.00469008
-0.190667,0,-0.240404,0.00433276
-0.197875,0,-0.239649,0.00399929
-0.209155,0,-0.239361,0.00312613
-0.226843,0,-0.240154,0.00265824
-0.233011,0,-0.240533,0.00143948
-0.238939,0,-0.241214,0.000114347
-0.243034,0,-0.241946,-0.00136134
-0.256486,0,-0.245448,-0.00261779
-0.282455,0,-0.254585,-0.00562267
-0.310675,0,-0.268425,-0.0158137
-0.333932,0,-0.285738,-0.0389316
-0.360488,0,-0.301714,-0.0699717
-0.434086,0,-0.35605,-0.0694071
-0.413688,0,-0.357544,-0.0540426
-0.393173,0,-0.36308,-0.0540426
-0.368663,0,-0.354412,-0.0540426
-0.344456,0,-0.359758,-0.0540426
-0.32329,0,-0.364158,-0.0540426
-0.31133,0,-0.366891,-0.0540426
-0.310651,0,-0.368328,-0.0540426
-0.257378,0,-0.368663,0
-0.257378,0,-0.368663,0
-0.257378,0,-0.368663,0
-0.257378,0,-0.368663,0
-0.257378,0,-0.368663,0
-0.257378,0,-0.368663,0
-0.257378,0,-0.368663,0
-0.257378,0,-0.368663,0
0.245,0.353625,0,0
0.245,0.353625,0,0
0.245,0.353625,0,0
0.245,0.353625,0,0
0.245,0.353625,0,0
0.245,0.353625,0,0
0.245,0.353625,0,0
0.195,0.353547,0,0
0.20235,0.352145,0,0.00735038
0.197726,0.350935,0,0.00272559
0.205654,0.348164,0,0.0106541
0.205654,0.345121,0,0.0106541
0.206046,0.341472,0,0.013391
0.206046,0.337283,0,0.013391
0.202009,0.332034,0,0.0137129
0.199452,0.325247,0,0.0133712
0.200542,0.319579,0,0.0126219
0.215496,0.316756,0,0.00990175
0.215788,0.310686,0,0.00990175
0.221338,0.306873,0,0.00809073
0.225193,0.301679,0,0.00630521
0.22912,0.297048,0,0.00458216
0.233553,0.292697,0,0.00218543
0.235975,0.287803,0,0.00101353
0.237256,0.283381,0,0.00101353
0.239248,0.278908,0,6.49097e-05
0.240893,0.274536,0,-0.000704932
0.24224,0.270175,0,-0.00128303
0.248757,0.26981,0,-0.00397364
0.249335,0.265779,0,-0.00458648
0.249604,0.262242,0,-0.00482994
0.249558,0.258834,0,-0.00492048
0.249151,0.255617,0,-0.00515091
0.246141,0.253257,0,-0.0101412
0.244445,0.251335,0,-0.0126882
0.242553,0.250109,0,-0.0161827
0.241221,0.249434,0,-0.0183228
0.249662,0.249363,0,0
0.249662,0.249363,0,0
0.249662,0.249363,0,0
0.249662,0.249363,0,0
0.249662,0.249363,0,0
0.249662,0.249363,0,0
0.249662,0.249363,0,0
-0.245,0,-0.246427,0
-0.245,0,-0.246427,0
-0.245,0,-0.246427,0
-0.245,0,-0.246427,0
-0.245,0,-0.246427,0
-0.245,0,-0.246427,0
-0.245,0,-0.246427,0
-0.245,0,-0.246427,0
-0.195,0,-0.246327,0
-0.193348,0,-0.245889,0.00165173
-0.194404,0,-0.245185,0.000595688
-0.194735,0,-0.244295,0.000265194
-0.196407,0,-0.243351,-0.00140736
-0.198444,0,-0.242273,-0.00344391
-0.199739,0,-0.240767,-0.0047394
-0.201125,0,-0.239307,-0.00612544
-0.202406,0,-0.23809,-0.0074059
-0.204924,0,-0.236937,-0.00848991
-0.211911,0,-0.237024,-0.00946275
-0.21785,0,-0.237352,-0.0104635
-0.223116,0,-0.23783,-0.0114713
-0.226322,0,-0.238045,-0.012451
-0.228478,0,-0.238026,-0.0135337
-0.231058,0,-0.238497,-0.0135337
-0.232819,0,-0.238737,-0.0137089
-0.234364,0,-0.23901,-0.0136704
-0.235624,0,-0.239271,-0.0133941
-0.236624,0,-0.239501,-0.0128474
-0.237503,0,-0.239726,-0.0119823
-0.238285,0,-0.239942,-0.0105736
-0.244823,0,-0.245081,-0.00697282
-0.24494,0,-0.245119,-0.00445066
-0.244751,0,-0.244898,0.00180749
-0.244154,0,-0.244549,0.00180749
-0.243317,0,-0.244507,0.00498321
-0.241933,0,-0.244471,0.00937705
-0.240622,0,-0.244448,0.0130807
-0.239921,0,-0.244437,0.0154547
-0.247205,0,-0.244435,0
-0.247205,0,-0.244435,0
-0.247205,0,-0.244435,0
-0.247205,0,-0.244435,0
-0.247205,0,-0.244435,0
-0.247205,0,-0.244435,0
-0.247205,0,-0.244435,0
0.245,0.246763,0,0
0.245,0.246763,0,0
0.245,0.246763,0,0
0.245,0.246763,0,0
0.245,0.246763,0,0
0.245,0.246763,0,0
0.245,0.246763,0,0
0.245,0.246763,0,0
0.195,0.246685,0,0
0.221632,0.246515,0,-0.0100997
0.239196,0.246589,0,-0.0109105
0.247562,0.246797,0,-0.0101898
0.255226,0.247335,0,-0.00877738
0.26027,0.248034,0,-0.00696399
0.271124,0.24994,0,-0.00535002
0.274832,0.251566,0,-0.00310137
0.276539,0.253137,0,-0.000835287
0.27676,0.254517,0,0.00121137
0.275662,0.255508,0,0.00297533
0.273928,0.256192,0,0.00419518
0.271996,0.256659,0,0.00486712
0.269715,0.256927,0,0.00520284
0.262226,0.25428,0,0.00521865
0.259713,0.253678,0,0.00481262
0.257161,0.252822,0,0.0040232
0.254657,0.251752,0,0.00276265
0.251961,0.250309,0,0.000906264
0.250224,0.249298,0,-0.00473618
0.246913,0.246879,0,-0.00473618
0.244282,0.244742,0,-0.00907101
0.241488,0.242258,0,-0.0147
0.237885,0.238817,0,-0.0216345
0.234185,0.23562,0,-0.0294039
0.233643,0.235301,0,-0.0434421
0.228523,0.23507,0,-0.0531336
0.223643,0.234887,0,-0.0618373
0.221192,0.234793,0,-0.0665868
0.251586,0.234765,0,0
0.251586,0.234765,0,0
0.251586,0.234765,0,0
0.251586,0.234765,0,0
0.251586,0.234765,0,0
0.251586,0.234765,0,0
0.251586,0.234765,0,0
0.251586,0.234765,0,0
-0.245,0,-0.236234,0
-0.245,0,-0.236234,0
-0.245,0,-0.236234,0
-0.245,0,-0.236234,0
-0.245,0,-0.236234,0
-0.245,0,-0.236234,0
-0.245,0,-0.236234,0
-0.195,0,-0.23621,0
-0.190273,0,-0.236009,0.00472712
-0.190472,0,-0.235543,0.00452781
-0.190106,0,-0.234729,0.00489405
-0.190538,0,-0.233699,0.00446233
-0.201276,0,-0.233451,0.00363117
-0.212058,0,-0.233507,0.00252745
-0.218903,0,-0.23377,0.00140086
-0.226884,0,-0.234537,0.00029839
-0.232477,0,-0.235405,-0.000964936
-0.237048,0,-0.236449,-0.00212141
-0.241797,0,-0.237953,-0.00311437
-0.244119,0,-0.239072,-0.00578433
-0.245112,0,-0.239849,-0.00578433
-0.245476,0,-0.240464,-0.00647567
-0.24523,0,-0.240799,-0.00682626
-0.244788,0,-0.241,-0.00659275
-0.244054,0,-0.240975,-0.00598917
-0.243242,0,-0.24082,-0.00489547
-0.242416,0,-0.240562,-0.00329943
-0.241442,0,-0.240123,-0.00127673
-0.24038,0,-0.239517,0.00159669
-0.239169,0,-0.238677,0.00506864
-0.243116,0,-0.242271,0.012521
-0.240994,0,-0.240569,0.0184115
-0.23816,0,-0.239434,0.0249561
-0.233945,0,-0.239511,0.0338747
-0.229868,0,-0.239569,0.0419628
-0.22562,0,-0.239611,0.0498988
-0.223739,0,-0.239625,0.053438
-0.248013,0,-0.239626,0
-0.248013,0,-0.239626,0
-0.248013,0,-0.239626,0
-0.248013,0,-0.239626,0
-0.248013,0,-0.239626,0
-0.248013,0,-0.239626,0
-0.248013,0,-0.239626,0
0.245,0.242174,0,0
0.245,0.242174,0,0
0.245,0.242174,0,0
0.245,0.242174,0,0
0.245,0.242174,0,0
0.245,0.242174,0,0
0.245,0.242174,0,0
0.245,0.242174,0,0
0.190825,0.242053,0,-0.00417518
0.190825,0.24163,0,-0.00417518
0.191169,0.240825,0,-0.00383083
0.194507,0.240107,0,-0.00348603
0.206564,0.239751,0,-0.00264686
0.222511,0.24033,0,-0.00209612
0.230736,0.24072,0,-0.000871418
0.237884,0.241457,0,0.000463634
0.242532,0.242249,0,0.00184329
0.245115,0.242912,0,0.00322003
0.246901,0.243572,0,0.00424518
0.247595,0.244025,0,0.00507703
0.247722,0.244336,0,0.00559178
0.247426,0.24448,0,0.00576862
0.246862,0.244471,0,0.00559824
0.246144,0.244307,0,0.00515134
0.245426,0.244082,0,0.00418449
0.244717,0.243788,0,0.00289146
0.243891,0.243348,0,0.00117095
0.242984,0.242768,0,-0.00100744
0.242054,0.242081,0,-0.00371743
0.240931,0.241156,0,-0.00705959
0.239494,0.239869,0,-0.0111474
0.237604,0.238076,0,-0.0161025
0.235113,0.235953,0,-0.0220175
0.23052,0.235796,0,-0.0317372
0.229606,0.235649,0,-0.0347982
0.226549,0.235558,0,-0.0410371
0.223807,0.235494,0,-0.0482207
0.223169,0.235479,0,-0.0482207
0.223169,0.235479,0,0
0.223169,0.235479,0,0
0.223169,0.235479,0,0
0.223169,0.235479,0,0
0.223169,0.235479,0,0
0.223169,0.235479,0,0
0.223169,0.235479,0,0
-0.245,0,-0.237102,0
-0.245,0,-0.237102,0
-0.245,0,-0.237102,0
-0.245,0,-0.237102,0
-0.245,0,-0.237102,0
-0.245,0,-0.237102,0
-0.245,0,-0.237102,0
-0.195,0,-0.237094,0
-0.187575,0,-0.236855,0.00742459
-0.187272,0,-0.23638,0.00772769
-0.19118,0,-0.235593,0.00792002
-0.202451,0,-0.235277,0.00735869
-0.212105,0,-0.235147,0.00631091
-0.220644,0,-0.235322,0.00518583
-0.227119,0,-0.235706,0.0038384
-0.234186,0,-0.236577,0.00256808
-0.239128,0,-0.23755,0.00121954
-0.242516,0,-0.238526,-0.000158958
-0.24485,0,-0.239492,-0.00145509
-0.24524,0,-0.240027,-0.0033241
-0.246674,0,-0.240973,-0.0033241
-0.246657,0,-0.241487,-0.00379649
-0.246158,0,-0.241698,-0.00392549
-0.24539,0,-0.24171,-0.00366954
-0.244458,0,-0.241554,-0.00298982
-0.243523,0,-0.241291,-0.00184617
-0.242512,0,-0.240893,-0.000226373
-0.241405,0,-0.240316,0.00191705
-0.240377,0,-0.239683,0.00465274
-0.239029,0,-0.238701,0.00807051
-0.242801,0,-0.242089,0.0155869
-0.240492,0,-0.240192,0.0215643
-0.23761,0,-0.239039,0.0278934
-0.233247,0,-0.239085,0.0365482
-0.229057,0,-0.23912,0.0447961
-0.225603,0,-0.239143,0.0510832
-0.248343,0,-0.239153,0
-0.248359,0,-0.239153,0
-0.248359,0,-0.239153,0
-0.248359,0,-0.239153,0
-0.248359,0,-0.239153,0
-0.248359,0,-0.239153,0
-0.248359,0,-0.239153,0
-0.248359,0,-0.239153,0
0.245,0.241354,0,0
0.245,0.241354,0,0
0.245,0.241354,0,0
0.245,0.241354,0,0
0.245,0.241354,0,0
0.245,0.241354,0,0
0.245,0.241354,0,0
0.195,0.241354,0,0
0.195,0.241191,0,0
0.19064,0.240729,0,-0.00435969
0.190992,0.239979,0,-0.00400814
0.194756,0.239231,0,-0.00366145
0.20607,0.238906,0,-0.00283879
0.223549,0.239597,0,-0.00239953
0.230497,0.239954,0,-0.00119621
0.237064,0.240641,0,9.87408e-05
0.242298,0.241552,0,0.00144832
0.245202,0.242327,0,0.00273358
0.246873,0.242993,0,0.00381278
0.24764,0.2435,0,0.0046398
0.24787,0.243917,0,0.00516586
0.247561,0.244109,0,0.00535165
0.246983,0.244112,0,0.00525557
0.246317,0.244021,0,0.00474694
0.245559,0.243827,0,0.00378101
0.244723,0.2435,0,0.00247765
0.243752,0.243004,0,0.000743777
0.24286,0.242461,0,-0.00145377
0.2419,0.24178,0,-0.00419358
0.240661,0.240784,0,-0.00758064
0.239149,0.239454,0,-0.0117235
0.237183,0.237606,0,-0.0167356
0.234752,0.23561,0,-0.0227134
0.236776,0.235455,0,-0.0331862
0.232605,0.235323,0,-0.0413971
0.229119,0.235236,0,-0.047929
0.226791,0.235187,0,-0.0526021
0.250028,0.235175,0,0
0.250028,0.235175,0,0
0.250028,0.235175,0,0
0.250028,0.235175,0,0
0.250028,0.235175,0,0
0.250028,0.235175,0,0
0.250028,0.235175,0,0
0.250028,0.235175,0,0
-0.245,0,-0.236636,0
-0.245,0,-0.236636,0
-0.245,0,-0.236636,0
-0.245,0,-0.236636,0
-0.245,0,-0.236636,0
-0.245,0,-0.236636,0
-0.245,0,-0.236636,0
-0.195,0,-0.236605,0
-0.187666,0,-0.236329,0.00733401
-0.188043,0,-0.235788,0.00695712
-0.18787,0,-0.235039,0.00713026
-0.198975,0,-0.234591,0.00654556
-0.209433,0,-0.234438,0.00555678
-0.218299,0,-0.234585,0.00437572
-0.221927,0,-0.234499,0.00171524
-0.231814,0,-0.235751,0.00171524
-0.237274,0,-0.23678,0.000456299
-0.241026,0,-0.237821,-0.000906783
-0.243397,0,-0.238771,-0.00218474
-0.244761,0,-0.239587,-0.00325065
-0.245367,0,-0.240233,-0.00454058
-0.245406,0,-0.240683,-0.00454058
-0.245029,0,-0.240926,-0.00468564
-0.244338,0,-0.240965,-0.00445076
-0.243528,0,-0.240841,-0.00379213
-0.242637,0,-0.240586,-0.00266929
-0.241745,0,-0.240232,-0.00106948
-0.240846,0,-0.239786,0.00105462
-0.245633,0,-0.243832,0.00577548
-0.244423,0,-0.243195,0.00953326
-0.242947,0,-0.242172,0.0138206
-0.240716,0,-0.24037,0.0191959
-0.237952,0,-0.239468,0.0248704
-0.23389,0,-0.239531,0.0334115
-0.229718,0,-0.239583,0.0413663
-0.226002,0,-0.239614,0.0487337
-0.223131,0,-0.239628,0.0544753
-0.24773,0,-0.239628,0
-0.24773,0,-0.239628,0
-0.24773,0,-0.239628,0
-0.24773,0,-0.239628,0
-0.24773,0,-0.239628,0
-0.24773,0,-0.239628,0
-0.24773,0,-0.239628,0
0.245,0.242032,0,0
0.245,0.242032,0,0
0.245,0.242032,0,0
0.245,0.242032,0,0
0.245,0.242032,0,0
0.245,0.242032,0,0
0.245,0.242032,0,0
0.195,0.242032,0,0
0.195,0.241901,0,0
0.189807,0.241389,0,-0.00519331
0.190149,0.240708,0,-0.00485055
0.193473,0.239874,0,-0.00454314
0.207529,0.239515,0,-0.00378913
0.224547,0.240239,0,-0.00331761
0.229878,0.240455,0,-0.00199213
0.236445,0.241104,0,-0.000768788
0.241885,0.242001,0,0.000588414
0.245026,0.24279,0,0.00190589
0.246941,0.2435,0,0.00305432
0.246978,0.243745,0,0.00465359
0.248042,0.244396,0,0.00465359
0.247889,0.244625,0,0.00486706
0.24735,0.244651,0,0.00480083
0.246697,0.244545,0,0.00437235
0.245804,0.244265,0,0.00347356
0.244879,0.243856,0,0.00231337
0.244918,0.244023,0,-0.001528
0.243178,0.242871,0,-0.001528
0.242169,0.242139,0,-0.0043896
0.240796,0.241015,0,-0.00762033
0.239361,0.239735,0,-0.011733
0.23743,0.237909,0,-0.0166944
0.234622,0.235696,0,-0.0229558
0.236838,0.235532,0,-0.0326579
0.233045,0.235407,0,-0.0406935
0.22924,0.235303,0,-0.0477257
0.226795,0.235248,0,-0.0525299
0.249933,0.235236,0,0
0.249933,0.235236,0,0
0.249933,0.235236,0,0
0.249933,0.235236,0,0
0.249933,0.235236,0,0
0.249933,0.235236,0,0
0.249933,0.235236,0,0
0.249933,0.235236,0,0
-0.245,0,-0.236508,0
-0.245,0,-0.236508,0
-0.245,0,-0.236508,0
-0.245,0,-0.236508,0
-0.245,0,-0.236508,0
-0.245,0,-0.236508,0
-0.245,0,-0.236508,0
-0.195,0,-0.236491,0
-0.187731,0,-0.236191,0.00726945
-0.188124,0,-0.235732,0.0068762
-0.187993,0,-0.234946,0.00700738
-0.197115,0,-0.234251,0.0053919
-0.210024,0,-0.234349,0.0053919
-0.21831,0,-0.234472,0.00412535
-0.225505,0,-0.234914,0.00287698
-0.231781,0,-0.235649,0.00161819
-0.237473,0,-0.236725,0.000283458
-0.241004,0,-0.237722,-0.00115313
-0.243452,0,-0.238701,-0.00232797
-0.244764,0,-0.239507,-0.00336793
-0.245338,0,-0.240145,-0.00413785
-0.24536,0,-0.24057,-0.00471968
-0.244985,0,-0.240841,-0.00471968
-0.244324,0,-0.240892,-0.00446573
-0.243606,0,-0.240812,-0.00379292
-0.242664,0,-0.240552,-0.00266388
-0.241707,0,-0.240173,-0.00106721
-0.240858,0,-0.239762,0.00104301
-0.245782,0,-0.243897,0.00590584
-0.244555,0,-0.243263,0.0095049
-0.242909,0,-0.242134,0.0137794
-0.240904,0,-0.240519,0.0187869
-0.238201,0,-0.239582,0.0247059
-0.231989,0,-0.239659,0.0408881
-0.229979,0,-0.239712,0.0408881
-0.226253,0,-0.239745,0.0481771
-0.223585,0,-0.23976,0.0531813
-0.247758,0,-0.23976,0
-0.247758,0,-0.23976,0
-0.247758,0,-0.23976,0
-0.247758,0,-0.23976,0
-0.247758,0,-0.23976,0
-0.247758,0,-0.23976,0
-0.247758,0,-0.23976,0
0.245,0.242183,0,0
0.245,0.242183,0,0
0.245,0.242183,0,0
0.245,0.242183,0,0
0.245,0.242183,0,0
0.245,0.242183,0,0
0.245,0.242183,0,0
0.195,0.242183,0,0
0.195,0.242017,0,0
0.190237,0.241526,0,-0.00476331
0.190621,0.240771,0,-0.00437949
0.197417,0.24007,0,-0.00406524
0.217378,0.240374,0,-0.00395613
0.22636,0.240543,0,-0.00273999
0.232446,0.240894,0,-0.00151697
0.23854,0.241567,0,-0.000204688
0.243205,0.242399,0,0.00117452
0.245756,0.243087,0,0.00256454
0.247358,0.243714,0,0.00359921
0.248058,0.24419,0,0.00443618
0.24816,0.244534,0,0.00511293
0.247768,0.244656,0,0.00511293
0.247226,0.244648,0,0.00492108
0.246457,0.244485,0,0.00438216
0.245582,0.244187,0,0.00346273
0.244768,0.24383,0,0.00215079
0.243901,0.243359,0,0.000419009
0.242867,0.242686,0,-0.00177782
0.241852,0.241925,0,-0.00787743
0.240598,0.240877,0,-0.00787743
0.239116,0.23954,0,-0.0120032
0.236597,0.237145,0,-0.0229529
0.234555,0.2356,0,-0.0229529
0.236577,0.235425,0,-0.0333896
0.23274,0.235286,0,-0.0410123
0.22913,0.235187,0,-0.0479471
0.226735,0.23513,0,-0.0526478
0.250038,0.235117,0,0
0.250038,0.235117,0,0
0.250038,0.235117,0,0
0.250038,0.235117,0,0
0.250038,0.235117,0,0
0.250038,0.235117,0,0
0.250038,0.235117,0,0
0.250038,0.235117,0,0
-0.245,0,-0.236457,0
-0.245,0,-0.236457,0
-0.245,0,-0.236457,0
-0.245,0,-0.236457,0
-0.245,0,-0.236457,0
-0.245,0,-0.236457,0
-0.245,0,-0.236457,0
-0.195,0,-0.236438,0
-0.187654,0,-0.236182,0.00696185
-0.188038,0,-0.235697,0.00696185
-0.187905,0,-0.234867,0.00709482
-0.199002,0,-0.234424,0.00650022
-0.209153,0,-0.23427,0.00550846
-0.218645,0,-0.23445,0.00432375
-0.22449,0,-0.234756,0.0029984
-0.231335,0,-0.235532,0.00174476
-0.237399,0,-0.23667,0.000496218
-0.24098,0,-0.237678,-0.000927323
-0.243465,0,-0.238678,-0.00218567
-0.244647,0,-0.239413,-0.0032445
-0.245324,0,-0.240088,-0.00404413
-0.245413,0,-0.240589,-0.00453696
-0.245033,0,-0.240841,-0.00467991
-0.244342,0,-0.24087,-0.00451852
-0.243648,0,-0.240818,-0.00377891
-0.242775,0,-0.240593,-0.00265735
-0.241789,0,-0.24021,-0.00106123
-0.240785,0,-0.239702,0.00104427
-0.245661,0,-0.243819,0.00570408
-0.244515,0,-0.24323,0.00948842
-0.242956,0,-0.242158,0.0138039
-0.240809,0,-0.240432,0.0192033
-0.238096,0,-0.239459,0.0248738
-0.233751,0,-0.239537,0.033418
-0.229921,0,-0.239588,0.0408022
-0.226005,0,-0.23962,0.0486248
-0.223579,0,-0.239635,0.0529989
-0.247732,0,-0.239635,0
-0.247732,0,-0.239635,0
-0.247732,0,-0.239635,0
-0.247732,0,-0.239635,0
-0.247732,0,-0.239635,0
-0.247732,0,-0.239635,0
-0.247732,0,-0.239635,0
0.245,0.242032,0,0
0.245,0.242032,0,0
0.245,0.242032,0,0
0.245,0.242032,0,0
0.245,0.242032,0,0
0.245,0.242032,0,0
0.245,0.242032,0,0
0.195,0.242032,0,0
0.195,0.241902,0,0
0.190328,0.241377,0,-0.00467151
0.190657,0.240716,0,-0.00434275
0.197387,0.239924,0,-0.00395739
0.215973,0.240207,0,-0.00383142
0.224689,0.24032,0,-0.00267436
0.232549,0.240777,0,-0.00145862
0.235582,0.240939,0,0.0012143
0.243042,0.242244,0,0.0012143
0.245865,0.243002,0,0.00251537
0.247273,0.243576,0,0.00361484
0.247467,0.243914,0,0.00495813
0.248141,0.24442,0,0.00495813
0.247758,0.244574,0,0.0051194
0.247145,0.24455,0,0.00493208
0.246357,0.244367,0,0.00446216
0.245463,0.244059,0,0.00354158
0.244672,0.243713,0,0.00222208
0.243787,0.243235,0,0.000378497
0.242911,0.242675,0,-0.00185402
0.241771,0.241828,0,-0.0046258
0.240568,0.240828,0,-0.00802046
0.239049,0.239461,0,-0.0121482
0.237072,0.237576,0,-0.0171357
0.234493,0.235532,0,-0.0230875
0.23662,0.235367,0,-0.033496
0.232736,0.235225,0,-0.0411293
0.229086,0.235124,0,-0.0480406
0.226709,0.235068,0,-0.0526959
0.250036,0.235055,0,0
0.250036,0.235055,0,0
0.250036,0.235055,0,0
0.250036,0.235055,0,0
0.250036,0.235055,0,0
0.250036,0.235055,0,0
0.250036,0.235055,0,0
0.250036,0.235055,0,0
-0.245,0,-0.236421,0
-0.245,0,-0.236421,0
-0.245,0,-0.236421,0
-0.245,0,-0.236421,0
-0.245,0,-0.236421,0
-0.245,0,-0.236421,0
-0.245,0,-0.236421,0
-0.195,0,-0.236402,0
-0.187306,0,-0.236097,0.00845654
-0.187858,0,-0.235571,0.0071423
-0.190961,0,-0.23484,0.00697753
-0.202255,0,-0.23454,0.00610721
-0.21203,0,-0.234468,0.00494967
-0.222309,0,-0.234792,0.00225326
-0.228191,0,-0.235226,0.00225326
-0.234648,0,-0.236095,0.000907159
-0.239108,0,-0.237022,-0.000493278
-0.242718,0,-0.238129,-0.0018591
-0.244257,0,-0.238887,-0.00313527
-0.245275,0,-0.239638,-0.00406233
-0.245603,0,-0.240204,-0.00461977
-0.24538,0,-0.240555,-0.00491447
-0.244852,0,-0.24072,-0.00486113
-0.244678,0,-0.241063,-0.00362535
-0.24324,0,-0.240581,-0.00362535
-0.242364,0,-0.240326,-0.00247675
-0.241475,0,-0.239984,-0.000717259
-0.240586,0,-0.239546,0.00143379
-0.245492,0,-0.243676,0.00617658
-0.24432,0,-0.243075,0.0098953
-0.242776,0,-0.242013,0.0141033
-0.240801,0,-0.240426,0.019022
-0.237975,0,-0.23949,0.0248257
-0.233959,0,-0.239558,0.0332322
-0.230087,0,-0.239613,0.0404882
-0.226168,0,-0.239647,0.0482255
-0.223578,0,-0.239661,0.0532634
-0.247752,0,-0.239661,0
-0.247752,0,-0.239661,0
-0.247752,0,-0.239661,0
-0.247752,0,-0.239661,0
-0.247752,0,-0.239661,0
-0.247752,0,-0.239661,0
-0.247752,0,-0.239661,0
0.245,0.242071,0,0
0.245,0.242071,0,0
0.245,0.242071,0,0
0.245,0.242071,0,0
0.245,0.242071,0,0
0.245,0.242071,0,0
0.245,0.242071,0,0
0.195,0.24207,0,0
0.195,0.241905,0,0
0.190209,0.24146,0,-0.00479122
0.190623,0.240662,0,-0.00437657
0.196764,0.239957,0,-0.00401792
0.217081,0.240254,0,-0.00389647
0.226238,0.240429,0,-0.00274572
0.23133,0.240677,0,-0.00146144
0.238364,0.241444,0,-0.000228917
0.242831,0.242231,0,0.00113632
0.245674,0.242982,0,0.00242961
0.247309,0.243632,0,0.0035237
0.247936,0.244095,0,0.00442191
0.248104,0.244444,0,0.00487142
0.24776,0.24459,0,0.00505527
0.247227,0.244598,0,0.00489133
0.246511,0.244462,0,0.0043841
0.245695,0.244203,0,0.00349777
0.244856,0.243845,0,0.00221881
0.243998,0.24339,0,0.00052179
0.242963,0.242727,0,-0.00164029
0.242498,0.242406,0,-0.00768669
0.240875,0.241091,0,-0.00768669
0.239229,0.239622,0,-0.0117799
0.237399,0.237885,0,-0.016749
0.234841,0.235742,0,-0.0226582
0.236706,0.23556,0,-0.0331004
0.233084,0.235429,0,-0.0402253
0.229406,0.235336,0,-0.0476693
0.22693,0.235278,0,-0.0525164
0.250028,0.235263,0,0
0.250028,0.235263,0,0
0.250028,0.235263,0,0
0.250028,0.235263,0,0
0.250028,0.235263,0,0
0.250028,0.235263,0,0
0.250028,0.235263,0,0
0.250028,0.235263,0,0
-0.245,0,-0.236596,0
-0.245,0,-0.236596,0
-0.245,0,-0.236596,0
-0.245,0,-0.236596,0
-0.245,0,-0.236596,0
-0.245,0,-0.236596,0
-0.245,0,-0.236596,0
-0.195,0,-0.236567,0
-0.188086,0,-0.236281,0.00691405
-0.188483,0,-0.235757,0.00651736
-0.188343,0,-0.235016,0.00665668
-0.200358,0,-0.234651,0.00603245
-0.210888,0,-0.234537,0.00503318
-0.220868,0,-0.234799,0.00380539
-0.226846,0,-0.23518,0.00243606
-0.233564,0,-0.236038,0.00121783
-0.238012,0,-0.236911,-0.000138736
-0.241894,0,-0.238027,-0.00148723
-0.244018,0,-0.238949,-0.00269903
-0.244999,0,-0.239659,-0.00374302
-0.245337,0,-0.240176,-0.00443003
-0.245354,0,-0.240616,-0.00472954
-0.24486,0,-0.240821,-0.00475678
-0.244234,0,-0.240852,-0.00440221
-0.243292,0,-0.240681,-0.00363901
-0.242495,0,-0.240465,-0.00243276
-0.241499,0,-0.240053,-0.000776719
-0.240664,0,-0.239639,0.00138266
-0.245574,0,-0.243749,0.0061588
-0.244338,0,-0.243102,0.00993758
-0.242808,0,-0.242054,0.0142161
-0.240602,0,-0.240265,0.019214
-0.238032,0,-0.239428,0.0247246
-0.233732,0,-0.239498,0.0335602
-0.229663,0,-0.239548,0.0414931
-0.225805,0,-0.23958,0.0488296
-0.223233,0,-0.239592,0.0538396
-0.247729,0,-0.239592,0
-0.247729,0,-0.239592,0
-0.247729,0,-0.239592,0
-0.247729,0,-0.239592,0
-0.247729,0,-0.239592,0
-0.247729,0,-0.239592,0
-0.247729,0,-0.239592,0
0.245,0.242054,0,0
0.245,0.242054,0,0
0.245,0.242054,0,0
0.245,0.242054,0,0
0.245,0.242054,0,0
0.245,0.242054,0,0
0.245,0.242054,0,0
0.245,0.242054,0,0
0.195,0.241886,0,0
0.189925,0.241396,0,-0.0050746
0.190271,0.24064,0,-0.00472944
0.195901,0.239875,0,-0.00437847
0.215373,0.24015,0,-0.00430625
0.224518,0.240269,0,-0.00311565
0.230348,0.240535,0,-0.00186914
0.236697,0.241164,0,-0.000574899
0.241578,0.241956,0,0.000783632
0.245102,0.242825,0,0.00209861
0.246678,0.243417,0,0.00322523
0.247704,0.24399,0,0.00409347
0.24796,0.244377,0,0.00466522
0.247696,0.244559,0,0.00489824
0.247183,0.244561,0,0.00485514
0.246605,0.244505,0,0.0042567
0.245627,0.244169,0,0.00224451
0.244778,0.243799,0,0.00224451
0.243902,0.243326,0,0.000567761
0.242975,0.242731,0,-0.0015919
0.241947,0.241971,0,-0.00431328
0.240856,0.241072,0,-0.00768374
0.239291,0.239678,0,-0.0118131
0.237213,0.237701,0,-0.0165392
0.234617,0.23569,0,-0.022733
0.236773,0.235526,0,-0.0327427
0.232797,0.235391,0,-0.0408596
0.229112,0.235295,0,-0.0479597
0.226653,0.235241,0,-0.0527944
0.250023,0.235229,0,0
0.250023,0.235229,0,0
0.250023,0.235229,0,0
0.250023,0.235229,0,0
0.250023,0.235229,0,0
0.250023,0.235229,0,0
0.250023,0.235229,0,0
0.250023,0.235229,0,0
-0.245,0,-0.236528,0
-0.245,0,-0.236528,0
-0.245,0,-0.236528,0
-0.245,0,-0.236528,0
-0.245,0,-0.236528,0
-0.245,0,-0.236528,0
-0.245,0,-0.236528,0
-0.195,0,-0.236507,0
-0.187713,0,-0.236222,0.0072871
-0.188069,0,-0.235685,0.00693092
-0.188207,0,-0.234852,0.00706139
-0.201178,0,-0.234502,0.00644908
-0.210286,0,-0.23437,0.0053812
-0.220148,0,-0.234629,0.00424613
-0.224644,0,-0.234839,0.00284876
-0.229449,0,-0.235225,0.00031692
-0.237486,0,-0.236744,0.00031692
-0.241167,0,-0.23778,-0.00102712
-0.243569,0,-0.23876,-0.00228315
-0.244641,0,-0.239465,-0.0034034
-0.24533,0,-0.240143,-0.00409184
-0.245341,0,-0.240583,-0.00454613
-0.244904,0,-0.240778,-0.00472329
-0.244267,0,-0.240859,-0.00436072
-0.243387,0,-0.240713,-0.00365497
-0.242497,0,-0.240457,-0.00248585
-0.241519,0,-0.240046,-0.000951026
-0.240525,0,-0.239525,0.00119183
-0.245501,0,-0.243696,0.00610262
-0.244197,0,-0.242988,0.00976481
-0.242609,0,-0.241881,0.0143806
-0.240489,0,-0.240152,0.0192093
-0.237621,0,-0.239212,0.0255904
-0.23329,0,-0.239271,0.0345802
-0.228875,0,-0.239323,0.042752
-0.225304,0,-0.23935,0.0496101
-0.222388,0,-0.239362,0.05522
-0.247715,0,-0.239362,0
-0.247715,0,-0.239362,0
-0.247715,0,-0.239362,0
-0.247715,0,-0.239362,0
-0.247715,0,-0.239362,0
-0.247715,0,-0.239362,0
-0.247715,0,-0.239362,0
0.245,0.241795,0,0
0.245,0.241795,0,0
0.245,0.241795,0,0
0.245,0.241795,0,0
0.245,0.241795,0,0
0.245,0.241795,0,0
0.245,0.241795,0,0
0.245,0.241795,0,0
0.245,0.241806,0,0
0.245,0.241835,0,-0.00444691
0.245,0.241888,0,-0.00472543
0.245,0.241963,0,-0.00422811
0.245,0.242049,0,-0.00311586
0.245,0.242131,0,-0.00167621
0.245,0.242246,0,-0.000256766
0.245,0.242366,0,0.00134523
0.245,0.242493,0,0.0029349
0.245,0.242643,0,0.00434538
0.245,0.242785,0,0.00544371
0.245,0.24294,0,0.00616536
0.245,0.243116,0,0.00649125
0.245,0.243275,0,0.00642723
0.245,0.243438,0,0.00601489
0.245,0.243602,0,0.00530596
0.245,0.243763,0,0.00434008
0.245,0.243917,0,0.00317218
0.245,0.244067,0,0.00167728
0.245,0.244221,0,-0.000193761
0.245,0.244359,0,-0.0023045
0.245,0.244491,0,-0.00481234
0.245,0.244606,0,-0.00775724
0.245,0.244712,0,-0.0111671
0.245,0.244803,0,-0.0150101
0.245,0.244879,0,-0.0222936
0.245,0.244939,0,-0.0311807
0.245,0.244978,0,-0.0311807
0.245,0.244998,0,-0.0323322
0.245,0.245,0,0
0.245,0.245,0,0
0.245,0.245,0,0
0.245,0.245,0,0
0.245,0.245,0,0
0.245,0.245,0,0
0.245,0.245,0,0
0.245,0.245,0,0
0.245,0.245,0,0
0.245,0.245,0,0
0.245,0.245,0,0
0.245,0.245,0,0
0.245,0.245,0,0
0.245,0.245,0,0
0.245,0.245,0,0
0.245,0.245,0,0
0.245,0.245,0,0
0.245,0.245,0,0
0.245,0.245,0,0
0.245,0.245,0,0
0.245,0.245,0,0
0.245,0.245,0,0
0.245,0.245,0,0
0.245,0.245,0,0
0.245,0.245,0,0
0.245,0.245,0,0
0.245,0.245,0,0
0.245,0.245,0,0
0.245,0.245,0,0
0.245,0.245,0,0
0.245,0.245,0,0
0.245,0.245,0,0
0.245,0.245,0,0
0.245,0.245,0,0
0.245,0.245,0,0
0.245,0.245,0,0
0.245,0.245,0,0
0.245,0.245,0,0
0.245,0.245,0,0
0.245,0.245,0,0
0.245,0.245,0,0
0.245,0.245,0,0
0.245,0.245,0,0
0.245,0.245,0,0
0.245,0.245,0,0
0.245,0.245,0,0
0.245,0.245,0,0
0.245,0.245,0,0
0.245,0.245,0,0
0.245,0.245,0,0
0.245,0.245,0,0
0.245,0.245,0,0
0.245,0.245,0,0
0.245,0.245,0,0
0.245,0.245,0,0
0.245,0.245,0,0
0.245,0.245,0,0
0.245,0.245,0,0
0.245,0.245,0,0
0.245,0.245,0,0
0.245,0.245,0,0
0.245,0.245,0,0
0.245,0.245,0,0
0.245,0.245,0,0
0.245,0.245,0,0
0.245,0.245,0,0
0.245,0.245,0,0
0.245,0.245,0,0
0.245,0.245,0,0
0.245,0.245,0,0
0.245,0.245,0,0
0.245,0.245,0,0
0.245,0.245,0,0
0.245,0.245,0,0
0.245,0.245,0,0
0.245,0.245,0,0
0.245,0.245,0,0
0.245,0.245,0,0
0.245,0.245,0,0
0.245,0.245,0,0
0.245,0.245,0,0
0.245,0.245,0,0
0.245,0.245,0,0
0.245,0.245,0,0
0.245,0.245,0,0
0.245,0.245,0,0
0.245,0.245,0,0
0.245,0.245,0,0
0.245,0.245,0,0
0.245,0.245,0,0
0.245,0.245,0,0
0.245,0.245,0,0
0.245,0.245,0,0
0.245,0.245,0,0
0.245,0.245,0,0
0.245,0.245,0,0
0.245,0.245,0,0
0.245,0.245,0,0
0.245,0.245,0,0
0.245,0.245,0,0
0.245,0.245,0,0
0.245,0.245,0,0
0.245,0.245,0,0
0.245,0.245,0,0
0.245,0.245,0,0
0.245,0.245,0,0
0.245,0.245,0,0
0.245,0.245,0,0
0.245,0.245,0,0
0.245,0.245,0,0
0.245,0.245,0,0
