-0.102528,-0.074698,2.94966e-05,0,-0.015001,-0.102526,-0.102504
-0.102528,-0.0698984,3.44337e-05,-3.98205e-07,-0.0150011,-0.10252,-0.10251
-0.102528,-0.0698457,3.43161e-05,-1.05479e-06,-0.0149837,-0.102514,-0.102723
-0.102528,-0.0724065,3.14128e-05,-1.74164e-06,-0.0149451,-0.102507,-0.103435
-0.102528,-0.0765327,2.68425e-05,-2.39022e-06,-0.0149392,-0.1025,-0.104457
-0.102528,-0.0816341,2.12389e-05,-2.95677e-06,-0.0149689,-0.102493,-0.105675
-0.102528,-0.0871628,1.51897e-05,-3.41237e-06,-0.0149969,-0.102486,-0.106964
-0.102528,-0.0929772,8.85237e-06,-3.74339e-06,-0.0150196,-0.102479,-0.108313
-0.102528,-0.098779,2.5489e-06,-3.94895e-06,-0.0150241,-0.102471,-0.109643
-0.102528,-0.104079,-3.19905e-06,-4.0283e-06,-0.0150112,-0.102463,-0.110834
-0.102528,-0.109002,-8.51893e-06,-3.99018e-06,-0.0149946,-0.102455,-0.111943
-0.102528,-0.11322,-1.30632e-05,-3.84374e-06,-0.014983,-0.102446,-0.112874
-0.102528,-0.116544,-1.663e-05,-3.60293e-06,-0.0149789,-0.102437,-0.113588
-0.102528,-0.118649,-1.88777e-05,-3.28995e-06,-0.0149816,-0.102427,-0.114006
-0.102528,-0.119574,-1.98517e-05,-2.92251e-06,-0.0149894,-0.102417,-0.114153
-0.102528,-0.119332,-1.95697e-05,-2.52985e-06,-0.0150001,-0.102408,-0.114032
-0.102528,-0.118064,-1.81869e-05,-2.13719e-06,-0.015012,-0.102397,-0.113681
-0.102528,-0.115958,-1.59061e-05,-1.76723e-06,-0.0150231,-0.102387,-0.113145
-0.102528,-0.113222,-1.29526e-05,-1.43885e-06,-0.0150314,-0.102376,-0.112472
-0.102528,-0.11007,-9.55956e-06,-1.1665e-06,-0.0150359,-0.102365,-0.111714
-0.102528,-0.106721,-5.96159e-06,-9.60043e-07,-0.0150359,-0.102353,-0.110921
-0.102528,-0.103432,-2.43506e-06,-8.2462e-07,-0.0150339,-0.10234,-0.110153
-0.102528,-0.100451,7.55719e-07,-7.6005e-07,-0.0150327,-0.102327,-0.109467
-0.102528,-0.0978608,3.5209e-06,-7.60806e-07,-0.0150326,-0.102313,-0.108874
-0.102528,-0.0958696,5.64032e-06,-8.1878e-07,-0.015026,-0.102297,-0.108428
-0.102528,-0.0944248,7.16981e-06,-9.22049e-07,-0.0150102,-0.102281,-0.108105
-0.102528,-0.0935449,8.09012e-06,-1.05856e-06,-0.015002,-0.102263,-0.107911
-0.102528,-0.0932163,8.41706e-06,-1.21622e-06,-0.0149996,-0.102243,-0.107843
-0.102528,-0.0934173,8.17574e-06,-1.38309e-06,-0.0150001,-0.102222,-0.107893
-0.102528,-0.094103,7.41612e-06,-1.54769e-06,-0.0150009,-0.102199,-0.10805
-0.102528,-0.0951814,6.23807e-06,-1.69944e-06,-0.0150015,-0.102174,-0.108291
-0.102528,-0.0965311,4.77207e-06,-1.8295e-06,-0.0150014,-0.102146,-0.108586
-0.102528,-0.0980305,3.14905e-06,-1.93154e-06,-0.0150012,-0.102115,-0.108908
-0.102528,-0.0995429,1.51445e-06,-2.00182e-06,-0.0150009,-0.102081,-0.109223
-0.102528,-0.100923,1.65783e-08,-2.03947e-06,-0.0150004,-0.102044,-0.109497
-0.102528,-0.102084,-1.25753e-06,-2.04654e-06,-0.0149994,-0.102005,-0.109714
-0.102528,-0.102985,-2.26561e-06,-2.02712e-06,-0.0149983,-0.101962,-0.109866
-0.102528,-0.103634,-3.01839e-06,-1.98634e-06,-0.0149993,-0.101915,-0.109956
-0.102528,-0.104067,-3.55531e-06,-1.92936e-06,-0.0150018,-0.101865,-0.109995
-0.102528,-0.104295,-3.89035e-06,-1.86067e-06,-0.0150048,-0.101811,-0.109984
-0.102528,-0.104321,-4.02674e-06,-1.78438e-06,-0.0150074,-0.101752,-0.109921
-0.102528,-0.104148,-3.97144e-06,-1.70445e-06,-0.0150092,-0.10169,-0.109809
-0.102528,-0.103794,-3.74281e-06,-1.62478e-06,-0.0150101,-0.101622,-0.109651
-0.102528,-0.103295,-3.38232e-06,-1.54889e-06,-0.0150107,-0.10155,-0.109456
-0.102528,-0.102715,-2.95869e-06,-1.47962e-06,-0.0150108,-0.101471,-0.10924
-0.102528,-0.102126,-2.55022e-06,-1.41854e-06,-0.0150107,-0.101387,-0.10902
-0.102528,-0.101583,-2.21552e-06,-1.3657e-06,-0.0150107,-0.101297,-0.108806
-0.102528,-0.101125,-1.99629e-06,-1.31988e-06,-0.0150109,-0.101199,-0.108607
-0.102528,-0.100779,-1.92276e-06,-1.27897e-06,-0.0150108,-0.101095,-0.108428
-0.102528,-0.100556,-2.00543e-06,-1.24019e-06,-0.0150089,-0.100982,-0.10827
-0.102528,-0.100421,-2.2084e-06,-1.20045e-06,-0.0150075,-0.100861,-0.108121
-0.102528,-0.100338,-2.49452e-06,-1.15719e-06,-0.0150065,-0.10073,-0.107974
-0.102528,-0.100293,-2.84914e-06,-1.10859e-06,-0.0150057,-0.10059,-0.107825
-0.102528,-0.100327,-3.3143e-06,-1.0532e-06,-0.0150052,-0.100439,-0.107685
-0.102528,-0.100455,-3.90513e-06,-9.89012e-07,-0.0150049,-0.100276,-0.107556
-0.102528,-0.100652,-4.59366e-06,-9.13568e-07,-0.0150047,-0.100101,-0.107429
-0.102528,-0.100911,-5.37344e-06,-8.24793e-07,-0.0150046,-0.099912,-0.107303
-0.102528,-0.101218,-6.22852e-06,-7.20833e-07,-0.0150047,-0.0997089,-0.107173
-0.102528,-0.101555,-7.14106e-06,-6.00111e-07,-0.0150048,-0.0994901,-0.107032
-0.102528,-0.101906,-8.09478e-06,-4.61396e-07,-0.0150049,-0.0992541,-0.106876
-0.102528,-0.102255,-9.07208e-06,-3.03792e-07,-0.0150051,-0.0989994,-0.1067
-0.102528,-0.102587,-1.00576e-05,-1.26748e-07,-0.0150054,-0.0987246,-0.106499
-0.102528,-0.102892,-1.10396e-05,6.99688e-08,-0.0150059,-0.0984281,-0.10627
-0.102528,-0.103137,-1.19923e-05,2.86342e-07,-0.0150065,-0.0981084,-0.106003
-0.102528,-0.103388,-1.2972e-05,5.219e-07,-0.0150071,-0.0977639,-0.105715
-0.102528,-0.103585,-1.38971e-05,7.76932e-07,-0.0150077,-0.0973926,-0.105385
-0.102528,-0.103744,-1.47781e-05,1.05071e-06,-0.0150083,-0.0969926,-0.105018
-0.102528,-0.103836,-1.55796e-05,1.34231e-06,-0.0150087,-0.0965618,-0.104604
-0.102528,-0.10398,-1.6424e-05,1.64989e-06,-0.015009,-0.0960976,-0.104174
-0.102528,-0.104092,-1.72172e-05,1.97457e-06,-0.0150093,-0.0955978,-0.103697
-0.102528,-0.104199,-1.79858e-05,2.31535e-06,-0.0150095,-0.0950594,-0.103181
-0.102528,-0.104316,-1.8744e-05,2.67161e-06,-0.0150096,-0.0944796,-0.102627
-0.102528,-0.104399,-1.94444e-05,3.04307e-06,-0.0150097,-0.0938551,-0.102018
-0.102528,-0.104551,-2.01967e-05,3.42881e-06,-0.0150097,-0.0931826,-0.101383
-0.102528,-0.104751,-2.09791e-05,3.82823e-06,-0.0150098,-0.0924587,-0.100707
-0.102528,-0.105005,-2.17992e-05,4.24273e-06,-0.0150098,-0.0916795,-0.0999893
-0.102528,-0.105378,-2.27248e-05,4.6742e-06,-0.0150098,-0.0908409,-0.0992431
-0.102528,-0.105584,-2.34544e-05,5.12453e-06,-0.0150099,-0.089938,-0.0983807
-0.102528,-0.106028,-2.44193e-05,5.58851e-06,-0.0150101,-0.0889658,-0.0975245
-0.102528,-0.106483,-2.53969e-05,6.07063e-06,-0.0150106,-0.0879189,-0.0965858
-0.102528,-0.106979,-2.6424e-05,6.57172e-06,-0.0150111,-0.0867913,-0.0955781
-0.102528,-0.107527,-2.75045e-05,7.09301e-06,-0.0150117,-0.0855766,-0.0944954
-0.102528,-0.108132,-2.864e-05,7.6377e-06,-0.0150122,-0.0842682,-0.093331
-0.102528,-0.108801,-2.98314e-05,8.20369e-06,-0.0150127,-0.0828586,-0.0920769
-0.102528,-0.109544,-3.10854e-05,8.79495e-06,-0.015013,-0.08134,-0.0907246
-0.102528,-0.110377,-3.24144e-05,9.40914e-06,-0.0150132,-0.0797038,-0.0892657
-0.102528,-0.111323,-3.38372e-05,1.00514e-05,-0.0150134,-0.077941,-0.0876911
-0.102528,-0.112395,-3.53648e-05,1.07218e-05,-0.0150135,-0.0760417,-0.0859878
-0.102528,-0.113626,-3.70299e-05,1.14192e-05,-0.0150137,-0.0739952,-0.0841482
-0.102528,-0.115226,-3.9041e-05,1.21506e-05,-0.0150137,-0.0717903,-0.0822134
-0.102528,-0.116653,-4.08163e-05,1.29224e-05,-0.0150136,-0.0694145,-0.0800086
-0.102528,-0.118341,-4.2818e-05,1.37307e-05,-0.0150131,-0.0668547,-0.0776736
-0.102528,-0.120362,-4.51252e-05,1.45781e-05,-0.0150124,-0.0640965,-0.0752081
-0.102528,-0.121886,-4.68632e-05,1.54702e-05,-0.0150114,-0.0611247,-0.0723922
-0.102528,-0.123303,-4.84432e-05,1.63953e-05,-0.0150095,-0.0579228,-0.0694078
-0.102528,-0.1242,-4.94256e-05,1.73531e-05,-0.0150075,-0.0544733,-0.0661768
-0.102528,-0.124154,-4.93589e-05,1.83347e-05,-0.0150053,-0.0507588,-0.0626831
-0.102528,-0.123017,-4.80825e-05,1.93223e-05,-0.015003,-0.046765,-0.0590132
-0.102528,-0.119232,-4.3943e-05,2.02897e-05,-0.0150012,-0.0424943,-0.0548655
-0.102528,-0.113168,-3.7329e-05,2.11871e-05,-0.0149998,-0.0380169,-0.0505542
-0.0891998,-0.103767,-2.71207e-05,2.19701e-05,-0.0149985,-0.0336674,-0.0459014
-0.0755293,-0.0919807,-1.43308e-05,2.2584e-05,-0.014995,-0.0298171,-0.0413107
-0.0618588,-0.076946,1.94851e-06,2.29601e-05,-0.0149858,-0.0266047,-0.0365068
-0.0481884,-0.0590851,2.12631e-05,2.30432e-05,-0.0149671,-0.0241041,-0.0316251
-0.0345179,-0.0405423,4.1339e-05,2.27242e-05,-0.0149348,-0.0223725,-0.0271914
-0.0208475,-0.0214089,6.20668e-05,2.20078e-05,-0.0148824,-0.0214553,-0.0230494
-0.00717699,-0.00293043,8.21142e-05,2.09116e-05,-0.0148758,-0.0213579,-0.0194484
0,0.0142298,0.000100766,1.93996e-05,-0.015041,-0.0219239,-0.0164083
0,0.0280023,0.000115836,1.75149e-05,-0.0149855,-0.0228448,-0.0143839
0,0.037746,0.000126622,1.5266e-05,-0.0147021,-0.0239125,-0.0134099
0,0.0431457,0.000132778,1.27821e-05,-0.0142094,-0.0250773,-0.0135362
0,0.0445885,0.000134717,1.01696e-05,-0.0135737,-0.026331,-0.0146422
0,0.0428779,0.000133294,7.48881e-06,-0.012827,-0.0276766,-0.0165282
0,0.038564,0.000129097,4.81226e-06,-0.0120044,-0.0291206,-0.0190865
0,0.0324108,0.000122942,2.20094e-06,-0.0111256,-0.0306707,-0.0221382
0,0.0261269,0.00011664,-3.00986e-07,-0.010212,-0.0323355,-0.0252516
0,0.0198163,0.000110306,-2.6653e-06,-0.00928662,-0.0341241,-0.0284897
0,0.0140026,0.000104496,-4.91577e-06,-0.0083742,-0.0360465,-0.0317213
0,0.00984583,0.000100435,-7.04636e-06,-0.00749319,-0.0381132,-0.0346582
0,0.00686776,9.76183e-05,-9.08348e-06,-0.0066639,-0.0403354,-0.0375022
0,0.00531086,9.62997e-05,-1.10499e-05,-0.0058993,-0.0427253,-0.0401766
0,0.00524548,9.65511e-05,-1.29825e-05,-0.0052127,-0.0452961,-0.0426895
0,0.00661059,9.83044e-05,-1.49123e-05,-0.00460219,-0.048062,-0.045079
0,0.00910293,0.000101238,-1.68679e-05,-0.004046,-0.0510387,-0.0474467
0,0.0124197,0.000105058,-1.88721e-05,-0.00349187,-0.0542427,-0.0498848
0,0.0160245,0.000109208,-2.09465e-05,-0.002925,-0.0576919,-0.0525523
0,0.020386,0.000114175,-2.31016e-05,-0.00237834,-0.0614057,-0.0553174
0,0.0247063,0.000119105,-2.53578e-05,-0.00186569,-0.0654046,-0.0584506
0,0.0286069,0.000123589,-2.77128e-05,-0.00138827,-0.069711,-0.0620413
0,0.0329106,0.00012849,-3.01509e-05,-0.00094136,-0.074349,-0.0658586
0,0.0366915,0.00013282,-3.26938e-05,-0.000528886,-0.0793444,-0.0702086
0,0.0394955,0.000136093,-3.53199e-05,-0.000144104,-0.0847249,-0.075167
0,0.0419332,0.000138954,-3.80172e-05,-1.72286e-20,-0.0905202,-0.0805156
0,0.0440129,0.000141409,-4.07748e-05,0,-0.0967617,-0.0862327
0,0.0443876,0.000142019,-4.35944e-05,0,-0.10348,-0.0926199
0,0.0429034,0.000140609,-4.64323e-05,0,-0.110697,-0.0995543
0,0.0391308,0.000136724,-4.92495e-05,0,-0.118395,-0.107028
-0.00680833,0.0318926,0.000129121,-5.19995e-05,0,-0.126391,-0.115213
-0.0211417,0.0229639,0.000119684,-5.46085e-05,0,-0.134351,-0.12343
-0.035475,0.0103553,0.000106311,-5.70399e-05,0,-0.142038,-0.132239
-0.0498083,-0.00409965,9.09464e-05,-5.92196e-05,-0.000285446,-0.149368,-0.140976
-0.0641417,-0.0204993,7.3489e-05,-6.11077e-05,-0.000856274,-0.156301,-0.149712
-0.078475,-0.0394415,5.331e-05,-6.26735e-05,-0.00149194,-0.162802,-0.158558
-0.0928083,-0.061388,2.99282e-05,-6.38809e-05,-0.0019117,-0.168834,-0.167566
-0.107142,-0.086616,3.06407e-06,-6.46081e-05,-0.00204841,-0.174352,-0.176747
0.093525,0.0448554,-0.000112208,-6.52067e-05,0.00184302,0.0407604,0.0322085
0.0791917,0.00919167,-0.000179294,-6.36732e-05,0.00154554,0.0361189,0.0239021
0.0648583,-0.00514167,-0.000288626,-6.04227e-05,0.000632119,0.0322567,0.0169611
0.050525,-0.019475,-0.000416134,-5.51422e-05,-1.0842e-19,0.0292178,0.0117174
0.0361917,-0.0338083,-0.000549281,-4.77121e-05,0,0.0270548,0.0076109
0.0218583,-0.0481417,-0.000672864,-3.76585e-05,0,0.025814,0.00469954
0.007525,-0.062475,-0.000774381,-2.50045e-05,0.000147536,0.0254994,0.00276767
0,-0.07,-0.000856353,-1.00245e-05,0.00237217,0.0259038,0.0022797
0,-0.07,-0.000921151,6.65174e-06,0.00273344,0.0266607,0.00378457
0,-0.07,-0.000948873,2.45888e-05,0.00201741,0.0275747,0.00647845
0,-0.07,-0.000926801,4.34138e-05,0.000832581,0.0286224,0.00991937
0,-0.0617231,-0.000884758,6.20601e-05,5.91267e-20,0.0297967,0.0140236
0,-0.0488694,-0.000839559,8.00706e-05,0,0.0310987,0.0185905
0,-0.035836,-0.000796781,9.70652e-05,0,0.0325523,0.0231968
0,-0.0242534,-0.000756142,0.000113172,0,0.0341716,0.0274901
0,-0.0130077,-0.000716745,0.000128396,0,0.0359502,0.0318899
0,-0.00480348,-0.000681262,0.000142889,0,0.0378845,0.0355826
0,0.00117849,-0.000649989,0.000156656,0,0.0399824,0.0389893
0,0.00508254,-0.000620776,0.000169781,0,0.0422487,0.0420328
0,0.00683347,-0.000595657,0.000182269,0,0.0446876,0.044776
0,0.00688937,-0.000573431,0.000194245,0,0.047317,0.0473438
0,0.00589353,-0.000552627,0.00020577,0,0.0501447,0.0498665
0,0.00391852,-0.000534568,0.000216874,0,0.0531846,0.0524248
0,0.00144134,-0.000517995,0.000227638,0,0.0564611,0.0551427
0,-0.002033,-0.000502888,0.000238072,0,0.0599945,0.0578841
0,-0.0063995,-0.000488728,0.000248198,0,0.0638049,0.0607292
0,-0.0124165,-0.000476835,0.000258015,0,0.0679251,0.0635606
0,-0.0183803,-0.000464396,0.000267581,0,0.0723813,0.066804
0,-0.0252697,-0.000453492,0.000276919,0,0.0772007,0.0702585
0,-0.0328972,-0.000443814,0.000286033,0,0.0824392,0.0740869
0,-0.0408185,-0.000434541,0.000294943,0,0.0881514,0.0783559
0,-0.048691,-0.000425296,0.000303671,0,0.0943798,0.0831216
0,-0.0553692,-0.000414273,0.000312209,0,0.101131,0.0884321
0,-0.0604319,-0.000401872,0.000320533,0,0.108401,0.0944177
0,-0.0628887,-0.000387136,0.000328626,0,0.116212,0.101232
0,-0.0611659,-0.00036826,0.000336428,0,0.124581,0.109139
0,-0.0566551,-0.000346612,0.000343869,0,0.133455,0.117525
0.012925,-0.0470389,-0.000319701,0.000350877,0,0.142513,0.126945
0.0285917,-0.0321619,-0.00028735,0.000357338,0,0.151352,0.137199
0.0442583,-0.0133704,-0.000251015,0.000363166,0,0.159793,0.147832
0.059925,0.00743436,-0.000212746,0.00036835,0,0.167763,0.158328
0.0755917,0.0307555,-0.000172064,0.000372758,0,0.175217,0.168878
0.0912583,0.0563346,-0.000129304,0.000376341,0,0.182114,0.179341
0.106925,0.0842571,-8.44418e-05,0.000379034,0,0.188413,0.189716
-0.107744,-0.0549533,6.74702e-06,0.000380902,0,-0.0314961,-0.0284092
-0.0927271,-0.0227271,0.00011618,0.000381178,0,-0.0272262,-0.0187955
-0.0777106,-0.00771055,0.000301054,0.000379292,0,-0.0237419,-0.0102667
-0.062694,0.00730598,0.000558675,0.000374565,0,-0.0210115,-0.00339859
-0.0476775,0.0223225,0.000868773,0.000364808,0,-0.0190715,0.00219164
-0.032661,0.037339,0.00119165,0.000349604,0,-0.0179751,0.00622142
-0.0176444,0.0523556,0.00153544,0.000327224,0,-0.0177669,0.00915348
-0.00262789,0.0673721,0.00195141,0.000299093,0,-0.0184287,0.010742
0,0.07,0.00244119,0.000262977,0,-0.0196865,0.0108735
0,0.07,0.00293143,0.000216847,0,-0.0211898,0.00979255
0,0.07,0.00333704,0.000160424,0,-0.0228047,0.00746716
0,0.07,0.00362171,9.65226e-05,0,-0.0245029,0.00435298
0,0.07,0.00379988,2.60811e-05,0,-0.0262841,0.000843324
0,0.07,0.00388235,-4.86693e-05,0,-0.0281557,-0.00287755
0,0.07,0.00389453,-0.000125698,0,-0.0301274,-0.00674842
0,0.07,0.00384489,-0.000203497,0,-0.0322101,-0.0108985
0,0.07,0.00375616,-0.000280767,0,-0.0344153,-0.0150195
0,0.07,0.00362407,-0.000356511,0,-0.0367553,-0.0195568
0,0.0638231,0.00348311,-0.000429785,0,-0.0392431,-0.0240954
0,0.0544684,0.00334471,-0.000500434,0,-0.0418924,-0.0290012
0,0.0449561,0.00321188,-0.000567813,0,-0.0447175,-0.0339771
0,0.03502,0.00308417,-0.000632382,0,-0.0477342,-0.0392623
0,0.0266283,0.00296346,-0.000694449,0,-0.0509591,-0.0443141
0,0.0199906,0.00284974,-0.000754141,0,-0.0544104,-0.0491921
0,0.0154481,0.00274216,-0.000811647,0,-0.0581073,-0.0538362
0,0.0132183,0.00263709,-0.000866974,0,-0.0620705,-0.0582299
0,0.0132479,0.00253372,-0.000920189,0,-0.0663222,-0.0624281
0,0.0153182,0.00243213,-0.000971225,0,-0.0708861,-0.0665196
0,0.0191152,0.00233229,-0.00102027,0,-0.0757876,-0.0706106
0,0.020712,0.0022303,-0.00106732,0,-0.0810542,-0.0758073
0,0.0250546,0.00213162,-0.00111218,0,-0.0867151,-0.0805542
0,0.03057,0.00203479,-0.00115521,0,-0.092802,-0.0855338
0,0.0382649,0.00194541,-0.00119624,0,-0.0994203,-0.0908164
0,0.041396,0.00185759,-0.00123551,0,-0.106461,-0.0965327
0,0.0447304,0.0017598,-0.00127305,0,-0.113844,-0.102883
0,0.0460145,0.00166241,-0.00130864,0,-0.121744,-0.109974
0,0.044324,0.00156387,-0.00134213,0,-0.130209,-0.117828
-0.000397051,0.038935,0.00146267,-0.00137381,0,-0.139176,-0.12645
-0.0162791,0.0284174,0.00135704,-0.00140346,0,-0.148264,-0.136041
-0.0321611,0.0140364,0.00124815,-0.00143108,0,-0.157063,-0.146053
-0.0480431,-0.00422108,0.00113611,-0.00145642,0,-0.165444,-0.15649
-0.0639252,-0.0226383,0.00102503,-0.00147954,0,-0.173345,-0.166266
-0.0798072,-0.0438064,0.000912417,-0.00150032,0,-0.180724,-0.17624
-0.0956892,-0.0678931,0.000798389,-0.00151896,0,-0.187538,-0.18629
-0.111571,-0.0948966,0.000683241,-0.00153538,0,-0.193743,-0.196368
0.110777,0.0541232,0.000588689,-0.00154951,0,0.0389358,0.0332638
0.0948951,0.0248951,0.000403979,-0.00156161,0,0.034089,0.0238394
0.0790131,0.00901309,0.000170238,-0.00157052,0,0.0300004,0.0159262
0.0631311,-0.00686894,-9.01056e-05,-0.00157556,0,0.0267276,0.00965271
0.047249,-0.022751,-0.000359074,-0.00157558,0,0.0243315,0.00474191
0.031367,-0.038633,-0.000620004,-0.00157029,0,0.0228716,0.00112615
0.015485,-0.054515,-0.000857202,-0.00155932,0,0.022389,-0.00126558
0,-0.07,-0.00108382,-0.00154384,0,0.022841,-0.00247285
0,-0.07,-0.00132713,-0.00152386,0,0.0238783,-0.00210372
0,-0.07,-0.00154831,-0.00149914,0,0.025127,-0.000514678
0,-0.07,-0.00170884,-0.00146939,0,0.0264948,0.00233821
0,-0.07,-0.00180244,-0.0014361,0,0.0279632,0.00592501
0,-0.07,-0.0018388,-0.00140047,0,0.0295335,0.00999677
0,-0.0692219,-0.00182552,-0.00136395,0,0.0312125,0.0141059
0,-0.0597564,-0.00180292,-0.00132737,0,0.0330092,0.0184899
0,-0.0491399,-0.00177909,-0.00129124,0,0.0349334,0.0229013
0,-0.037925,-0.00175467,-0.00125559,0,0.0369957,0.0275624
0,-0.0280155,-0.00173174,-0.00122043,0,0.0392075,0.0319797
0,-0.019872,-0.00171084,-0.00118574,0,0.0415813,0.0361294
0,-0.0136983,-0.00169219,-0.00115145,0,0.0441298,0.0399896
0,-0.00950794,-0.00167584,-0.00111753,0,0.0468669,0.0435826
0,-0.00749421,-0.001662,-0.00108395,0,0.0498078,0.0468727
0,-0.00667867,-0.00164963,-0.00105068,0,0.0529689,0.0501627
0,-0.00767091,-0.0016394,-0.00101764,0,0.0563677,0.0532572
0,-0.0101049,-0.00163046,-0.000984813,0,0.0600234,0.0563133
0,-0.0136534,-0.00162145,-0.000952168,0,0.0639563,0.0594322
0,-0.0180537,-0.00161202,-0.000919703,0,0.0681884,0.062701
0,-0.0230846,-0.00160203,-0.000887425,0,0.0727432,0.0661986
0,-0.0281881,-0.001591,-0.000855344,0,0.0776463,0.0700985
0,-0.0341689,-0.00157985,-0.000823486,0,0.0829249,0.0741724
0,-0.0395983,-0.00156717,-0.000791844,0,0.0886085,0.0788727
0,-0.0442042,-0.00155275,-0.000760456,0,0.0947287,0.0842058
0,-0.0504016,-0.00154349,-0.000729365,0,0.101434,0.0901038
0,-0.054098,-0.00152579,-0.000698458,0,0.108792,0.0965904
0,-0.0556278,-0.00150529,-0.000667872,0,0.116729,0.103766
0,-0.0543395,-0.00148147,-0.000637684,0,0.125239,0.111697
0,-0.0496348,-0.00145356,-0.000607959,0,0.134275,0.12037
0.0107724,-0.0409692,-0.00142096,-0.00057879,0,0.143556,0.129744
0.0267314,-0.0281652,-0.00138346,-0.000550257,0,0.152673,0.139705
0.0426905,-0.0108395,-0.00134067,-0.000522494,0,0.161403,0.150269
0.0586496,0.00837196,-0.00129546,-0.000495574,0,0.169661,0.160628
0.0746086,0.0295434,-0.00124782,-0.000469506,0,0.177398,0.170885
0.0905677,0.0531518,-0.00119733,-0.000444359,0,0.184573,0.181129
0.106527,0.0796017,-0.00114365,-0.00042021,0,0.191143,0.191406
-0.1169,-0.073857,-0.00105258,-0.000397123,0,-0.0423229,-0.0400262
-0.100941,-0.0328422,-0.000982553,-0.000375707,0,-0.0371006,-0.0300819
-0.084982,-0.014982,-0.000859806,-0.000355776,0,-0.0326284,-0.0214381
-0.069023,0.000977048,-0.000702271,-0.00033815,0,-0.0289625,-0.0146636
-0.0530639,0.0169361,-0.00052228,-0.000323396,0,-0.0261622,-0.00904829
-0.0371048,0.0328952,-0.000340417,-0.00031214,0,-0.0242878,-0.00494618
-0.0211458,0.0488542,-0.000174096,-0.000304513,0,-0.0233877,-0.00215112
-0.0051867,0.0648133,-3.94689e-05,-0.000300283,0,-0.0234517,-0.000515091
0,0.07,9.12932e-05,-0.000298888,0,-0.0242317,-0.000534781
0,0.07,0.000212309,-0.000299733,0,-0.0253549,-0.00185288
0,0.07,0.000298581,-0.000303132,0,-0.0266324,-0.00440764
0,0.07,0.000337481,-0.000308629,0,-0.0280204,-0.00788989
0,0.07,0.000322551,-0.000315107,0,-0.029513,-0.0118755
0,0.0610815,0.00029495,-0.000321662,0,-0.031115,-0.0161472
0,0.0495966,0.000265479,-0.000327768,0,-0.0328343,-0.0206323
0,0.0374252,0.000236111,-0.00033321,0,-0.0346804,-0.0253111
0,0.0269177,0.000209312,-0.000338035,0,-0.0366632,-0.0296284
0,0.00892008,0.000175387,-0.000342289,0,-0.0387939,-0.0362659
0,-0.0409141,0.000108603,-0.000345932,0,-0.0410842,-0.0515904
0,-0.07,-0.000625666,-0.000348371,0,-0.0435467,-0.0734851
0,-0.07,-0.0167569,-0.000338795,0,-0.0461948,-0.0998521
0,-0.07,-0.313577,-0.000132707,-0.0782457,-0.0490429,-0.129212
0,-0.07,-15,0.00331904,-0.0648617,-0.0521071,-0.163693
0,-0.07,-15,0.0903659,-0.0441302,-0.0554042,-0.200634
0,-0.07,-15,0.390366,-0.0196204,-0.0589529,-0.242002
0,-0.07,-15,0.690366,0.00458697,-0.0677456,-0.283525
0,-0.07,-15,0.990366,0.0257526,-0.0832486,-0.325718
0,-0.07,-15,1.29037,0.0377123,-0.100814,-0.358485
0,-0.07,-15,1.59037,0.0383911,-0.119284,-0.369772
0,-0.07,-15,1.89037,0.0376222,-0.138375,-0.381061
-0.00307219,-0.0730722,-15,2.19037,0.0380789,-0.157865,-0.395046
-0.0276497,-0.0976497,-15,2.49037,0.0399874,-0.177144,-0.391424
-0.0522273,-0.122227,-15,2.79037,0.0393159,-0.195625,-0.388594
-0.0768048,-0.146805,-15,3.09037,0.0354218,-0.213134,-0.385739
-0.101382,-0.171382,-15,3.39037,0.0296837,-0.229601,-0.38284
-0.12596,-0.19596,-15,3.69037,0.0226114,-0.24498,-0.379104
-0.150537,-0.220537,-14.4982,3.99037,0.0146962,-0.259224,-0.374231
-0.175115,-0.238389,-13.7402,4.28936,0.00672551,-0.272284,-0.368614
0.168971,0.0989705,-13.7657,4.56985,-3.24346e-10,0.0845601,-0.0133658
0.144393,0.074393,-13.0454,4.84474,1.29247e-26,0.074044,-0.0143803
0.119815,0.0498155,-12.2809,5.11069,1.43493e-42,0.0649012,-0.0151649
0.0952379,0.0252379,-11.5334,5.36166,-3.98273e-59,0.0572084,-0.0150277
0.0706604,0.000660406,-10.8112,5.5957,-2.76357e-75,0.0510475,-0.0140846
0.0460829,-0.0239171,-10.11,5.81734,0,0.0464966,-0.0123612
0.0215053,-0.0484947,-9.42586,6.02444,0,0.0435954,-0.0103111
0,-0.07,-8.75938,6.21638,0,0.0422123,-0.00809265
0,-0.07,-8.11142,6.39524,0,0.0417716,-0.00424799
0,-0.07,-7.48835,6.56135,0,0.0417098,0.000792318
0,-0.07,-6.89438,6.71423,0,0.0418794,0.0063823
0,-0.07,-6.32837,6.85479,0,0.0422426,0.0117307
0,-0.07,-5.7898,6.98561,-0.00234527,0.0427912,0.0165143
0,-0.07,-5.27772,7.10517,-0.0067039,0.0435252,0.0207385
0,-0.0649211,-4.79111,7.21431,-0.00891949,0.0444479,0.0241371
0,-0.0588591,-4.32884,7.31281,-0.00876854,0.045564,0.0270302
0,-0.0551964,-3.88975,7.40262,-0.0062256,0.0468794,0.0293821
0,-0.0541522,-3.47286,7.48283,-0.001648,0.0484013,0.0313048
0,-0.054794,-3.07722,7.55458,-2.1684e-19,0.0501379,0.0330788
0,-0.055494,-2.70194,7.6183,0,0.0520986,0.0351241
0,-0.0557216,-2.34614,7.67366,0,0.0542937,0.0375237
0,-0.0540103,-2.00888,7.722,0,0.0567354,0.0406773
0,-0.0510266,-1.68916,7.76353,0,0.0594371,0.0443458
0,-0.0480528,-1.38601,7.79859,0,0.0624137,0.0482246
0,-0.0442879,-1.09455,7.82752,0,0.065682,0.0526247
0,-0.0398577,-0.807796,7.85014,0,0.06926,0.0575
0,-0.0349939,-0.52523,7.86702,0,0.0731677,0.0628196
0,-0.0299148,-0.247358,7.87823,0,0.0774267,0.068562
0,-0.0254168,0.0253152,7.88401,0,0.0820608,0.0745419
0,-0.0209215,0.292295,7.88432,0,0.0870959,0.0809807
0,-0.0168268,0.553108,7.87954,0,0.0925598,0.0877509
0,-0.0135752,0.807263,7.86952,0,0.0984829,0.0947446
0,-0.0152218,1.02625,7.85439,0,0.105115,0.102106
0,-0.0159621,1.26238,7.83475,0,0.112555,0.109454
0,-0.0171045,1.48899,7.81032,0,0.120631,0.116898
0,-0.0165089,1.70504,7.78145,0,0.129317,0.124964
0,-0.0136222,1.91232,7.748,0,0.138579,0.133549
0.00706511,-0.00715142,2.11308,7.71048,0,0.148203,0.142822
0.0236889,0.00315668,2.30822,7.66882,0,0.157772,0.152634
0.0403127,0.0123716,2.49822,7.62324,0,0.166976,0.161493
0.0569365,0.0242486,2.68307,7.57375,0,0.175707,0.17063
0.0735603,0.039228,2.86241,7.52074,0,0.18391,0.179936
0.090184,0.0561456,3.03574,7.46411,0,0.191541,0.189019
0.106808,0.0771436,3.20249,7.40383,0,0.198556,0.19849
0.123432,0.101262,3.3621,7.34037,0,0.204909,0.207939
-0.109301,-0.0484593,3.36223,7.27632,0,-0.0388073,-0.0295017
-0.0926776,-0.0226776,3.51363,7.20971,0,-0.0339323,-0.0208125
-0.0760538,-0.00605382,3.65825,7.14012,0,-0.0298806,-0.0133496
-0.05943,0.01057,3.795,7.0679,0,-0.0267134,-0.0073725
-0.0428062,0.0271938,3.92037,6.99295,0,-0.0244937,-0.00251099
-0.0261825,0.0438175,4.03527,6.91536,0,-0.0232766,0.00131964
-0.00955868,0.0604413,4.14168,6.83517,0,-0.0230718,0.00419414
0,0.07,4.24033,6.75287,0,-0.0237021,0.0057825
0,0.07,4.33143,6.66866,0,-0.0247863,0.00508028
0,0.07,4.41549,6.58266,0,-0.0260513,0.00262232
0,0.07,4.49317,6.49494,0,-0.0274313,-0.00077351
0,0.07,4.56505,6.40562,0,-0.0289146,-0.00457711
0,0.07,4.63152,6.31472,0,-0.0305045,-0.00873045
0,0.07,4.69302,6.22242,0,-0.0322085,-0.0130018
0,0.0631296,4.74982,6.12902,0,-0.0340357,-0.0173667
0,0.0537958,4.80237,6.03445,0,-0.0359961,-0.0215752
0,0.0449637,4.85102,5.93861,0,-0.0381006,-0.0256688
0,0.0364822,4.89607,5.84171,0,-0.0403609,-0.0298455
0,0.0284502,4.93777,5.74391,0,-0.0427893,-0.0340825
0,0.0210571,4.97635,5.64525,0,-0.0453992,-0.0383457
0,0.0154647,5.012,5.54588,0,-0.0482048,-0.0423365
0,0.0115147,5.04485,5.44578,0,-0.0512216,-0.0461741
0,0.00891342,5.07502,5.34502,0,-0.0544665,-0.0499538
0,0.0073764,5.10265,5.24364,0,-0.0579576,-0.0537642
0,0.00677694,5.12714,5.14168,0,-0.0617144,-0.0576533
0,0.00701941,5.14695,5.03924,0,-0.0657579,-0.0616704
0,0.0080476,5.16191,4.93638,0,-0.0701106,-0.0658562
0,0.0101678,5.17218,4.83318,0,-0.0747969,-0.0701517
0,0.0120237,5.17797,4.72976,0,-0.0798429,-0.074977
0,0.014486,5.17943,4.62622,0,-0.0852766,-0.0800429
0,0.0169626,5.17671,4.52264,0,-0.0911285,-0.0855655
0,0.019051,5.16995,4.41909,0,-0.0974309,-0.0916199
0,0.0201867,5.16049,4.31566,0,-0.104224,-0.0983421
0,0.0218574,5.1457,4.21241,0,-0.111547,-0.10517
0,0.0221792,5.12699,4.10945,0,-0.119429,-0.112634
0,0.0208848,5.10431,4.00683,0,-0.127895,-0.120592
0,0.0173205,5.07769,3.90465,0,-0.13692,-0.129068
-0.00774014,0.0107797,5.04753,3.80301,0,-0.146283,-0.138064
-0.0240352,0.000758047,5.01413,3.70194,0,-0.155573,-0.147534
-0.0403302,-0.0150844,4.9776,3.60152,0,-0.164502,-0.15801
-0.0566252,-0.0342132,4.93809,3.50182,0,-0.172969,-0.168614
-0.0729202,-0.0539693,4.89577,3.40294,0,-0.180919,-0.17868
-0.0892152,-0.0775307,4.85082,3.30492,0,-0.188309,-0.189179
-0.10551,-0.102589,4.8034,3.20779,0,-0.195096,-0.199269
-0.121805,-0.128683,4.75369,3.11153,0,-0.201234,-0.208897
0.106325,0.036325,4.7535,3.01547,0,0.0433132,0.02916
0.09003,0.02003,4.69932,2.9202,0,0.0381837,0.0220504
0.073735,0.00373498,4.64034,2.82583,0,0.0339185,0.0163833
0.05744,-0.01256,4.57894,2.7327,0,0.0305557,0.0118162
0.0411449,-0.0288551,4.51556,2.64069,0,0.0281499,0.00806
0.0248499,-0.0451501,4.4507,2.54994,0,0.0267511,0.00548137
0.00855489,-0.0614451,4.38403,2.46057,0,0.026363,0.00404675
0,-0.07,4.31533,2.37252,0,0.0267946,0.00405238
0,-0.07,4.24339,2.28583,0,0.0276699,0.00536617
0,-0.07,4.16919,2.20046,0,0.0287353,0.0082569
0,-0.07,4.09441,2.11667,0,0.0299292,0.0122292
0,-0.0595043,4.01962,2.03445,0,0.0312404,0.0171168
0,-0.0441632,3.94525,1.95368,0,0.0326715,0.0223384
0,-0.027751,3.87168,1.87459,0,0.034229,0.0277474
0,-0.0120704,3.79921,1.79697,0,0.0359214,0.0330323
0,0.00136598,3.72801,1.72073,0,0.0377579,0.0378674
0,0.0121183,3.65812,1.64589,0,0.0397486,0.0422138
0,0.0191618,3.58963,1.57241,0,0.0419045,0.0458177
0,0.0226515,3.52272,1.50034,0,0.0442375,0.0487843
0,0.0238179,3.45756,1.42969,0,0.0467602,0.0514635
0,0.0233976,3.39429,1.36038,0,0.0494864,0.0540175
0,0.0209504,3.33298,1.29227,0,0.0524313,0.056306
0,0.0170123,3.2737,1.22545,0,0.0556111,0.0585209
0,0.0117014,3.21607,1.15983,0,0.0590438,0.0606922
0,0.00501662,3.15695,1.09537,0,0.0627483,0.0628392
0,-0.00236358,3.0953,1.03208,0,0.0667455,0.0651792
0,-0.010846,3.03139,0.969928,0,0.0710576,0.0675954
0,-0.0202281,2.96549,0.909044,0,0.0757087,0.0701932
0,-0.0302968,2.89785,0.849471,0,0.0807246,0.0730483
0,-0.0404166,2.82877,0.791277,0,0.0861334,0.0763472
0,-0.0493462,2.7585,0.734529,0,0.0919651,0.0804132
0,-0.056823,2.70511,0.679043,0,0.0982316,0.0851637
0,-0.0621946,2.63105,0.624754,0,0.104961,0.0907633
0,-0.0651702,2.55724,0.571799,0,0.112209,0.0971958
0,-0.0639442,2.48399,0.520396,0,0.12001,0.104844
0,-0.0583178,2.41125,0.470423,0,0.128375,0.113542
0.0011735,-0.0479435,2.33857,0.42198,0,0.137216,0.123225
0.0168201,-0.0343331,2.26577,0.374918,0,0.146154,0.133294
0.0324667,-0.019583,2.19275,0.329347,0,0.154801,0.143118
0.0481133,-0.00305969,2.11956,0.2852,0,0.163031,0.152916
0.0637599,0.0165774,2.04639,0.242516,0,0.170786,0.162984
0.0794065,0.0386647,1.97343,0.201296,0,0.178022,0.173029
0.0950531,0.0631227,1.90091,0.161572,0,0.184699,0.183019
0.1107,0.0903497,1.82907,0.1233,0,0.190775,0.19303
-0.108353,-0.0565592,1.82916,0.0864313,0,-0.0384968,-0.0332931
-0.0927061,-0.0227061,1.75488,0.0498484,0,-0.0337666,-0.0238331
-0.0770595,-0.00705954,1.6829,0.0144165,0,-0.0297867,-0.0157872
-0.0614129,0.00858707,1.61201,-0.0196014,0,-0.026614,-0.00938476
-0.0457663,0.0242337,1.54307,-0.0521605,0,-0.0243082,-0.00438511
-0.0301197,0.0398803,1.47633,-0.0833322,0,-0.0229271,-0.000678045
-0.0144731,0.0555269,1.41105,-0.113159,0,-0.0225076,0.00178914
0,0.07,1.34688,-0.14187,0,-0.022992,0.00305542
0,0.07,1.28376,-0.169289,0,-0.0240352,0.00254156
0,0.07,1.22203,-0.195248,0,-0.0252837,0.000878788
0,0.07,1.16248,-0.219966,0,-0.0266502,-0.0020617
0,0.07,1.10518,-0.243603,0,-0.0281177,-0.00566895
0,0.07,1.05018,-0.266108,0,-0.0296878,-0.00975662
0,0.0697403,0.997474,-0.287414,0,-0.0313675,-0.0138556
0,0.060477,0.947059,-0.307732,0,-0.0331658,-0.0182235
0,0.0491311,0.898883,-0.326875,0,-0.0350924,-0.0228638
0,0.0385486,0.852883,-0.34507,0,-0.037158,-0.0273286
0,0.0294915,0.808995,-0.362288,0,-0.0393741,-0.0315545
0,0.0185804,0.767144,-0.3786,0,-0.041753,-0.036535
0,0.0101999,0.727253,-0.394047,0,-0.0443077,-0.0408938
0,0.00453631,0.689265,-0.408752,0,-0.0470519,-0.0448084
0,0.00110875,0.653115,-0.42267,0,-0.050001,-0.04844
0,0.000452172,0.618729,-0.435877,0,-0.0531713,-0.0516358
0,0.0015387,0.586016,-0.448389,0,-0.0565806,-0.0547317
0,0.00425427,0.554417,-0.460241,0,-0.0602479,-0.057735
0,0.00824513,0.522952,-0.471455,0,-0.0641936,-0.0607669
0,0.0128962,0.49156,-0.48204,0,-0.0684399,-0.0640116
0,0.0187768,0.460331,-0.491981,0,-0.0730103,-0.06731
0,0.0249319,0.429343,-0.501297,0,-0.0779305,-0.0709847
0,0.0312911,0.398656,-0.510008,0,-0.0832278,-0.0750319
0,0.0373212,0.368316,-0.518088,0,-0.0889318,-0.0796107
0,0.0425361,0.338369,-0.525561,0,-0.0950741,-0.0848297
0,0.0490355,0.311966,-0.532403,0,-0.101789,-0.0906125
0,0.0531772,0.282943,-0.538709,0,-0.109139,-0.09699
0,0.0558146,0.254715,-0.54444,0,-0.117067,-0.103878
0,0.0536798,0.227234,-0.549605,0,-0.125567,-0.112101
0,0.0499525,0.200261,-0.554273,0,-0.134595,-0.120461
-0.010781,0.0418862,0.1737,-0.558373,0,-0.143869,-0.129718
-0.0267528,0.0296291,0.147477,-0.561953,0,-0.152981,-0.139558
-0.0427246,0.013809,0.121601,-0.565007,0,-0.161705,-0.14973
-0.0586964,-0.00574213,0.0961143,-0.567504,0,-0.169959,-0.16026
-0.0746682,-0.0268701,0.0710836,-0.56949,0,-0.177692,-0.170492
-0.09064,-0.0503809,0.0465872,-0.570999,0,-0.184863,-0.180713
-0.106612,-0.0775533,0.022713,-0.571992,0,-0.191429,-0.191201
0.116993,0.0782546,0.0226242,-0.572554,0,0.0422308,0.0410795
0.101022,0.0375202,-0.000764125,-0.573007,0,0.0370116,0.0311047
0.0850498,0.0150498,-0.0234744,-0.573074,0,0.0325427,0.0223443
0.069078,-0.000921965,-0.0455484,-0.572695,0,0.02888,0.0152691
0.0531062,-0.0168938,-0.0668199,-0.571938,0,0.0260832,0.0096959
0.0371344,-0.0328656,-0.0869017,-0.570751,0,0.0242125,0.00542224
0.0211626,-0.0488374,-0.105878,-0.569164,0,0.0233164,0.00262016
0.00519083,-0.0648092,-0.12399,-0.567179,0,0.0233849,0.000863171
0,-0.07,-0.141343,-0.564781,0,0.0241695,0.000767238
0,-0.07,-0.157989,-0.562032,0,0.0252971,0.00201209
0,-0.07,-0.17378,-0.558955,0,0.0265789,0.00455001
0,-0.07,-0.188688,-0.555598,0,0.0279708,0.00793024
0,-0.0699264,-0.202726,-0.551891,0,0.029467,0.0120006
0,-0.0603479,-0.215965,-0.547907,0,0.0310724,0.0162648
0,-0.0488183,-0.228447,-0.543621,0,0.0327948,0.0207295
0,-0.0372731,-0.240214,-0.539083,0,0.0346438,0.0252304
0,-0.0263711,-0.251304,-0.534326,0,0.0366293,0.0296875
0,-0.0179214,-0.261754,-0.529344,0,0.0387625,0.0336385
0,-0.0113133,-0.271587,-0.524151,0,0.0410551,0.0373538
0,-0.00683836,-0.280825,-0.518758,0,0.0435197,0.0407345
0,-0.00441157,-0.289494,-0.513174,0,0.0461697,0.0438334
0,-0.00380552,-0.297621,-0.507415,0,0.0490197,0.0467271
0,-0.004473,-0.305239,-0.501495,0,0.0520856,0.0495763
0,-0.00691441,-0.31238,-0.495421,0,0.0553843,0.0522363
0,-0.0102546,-0.31907,-0.489198,0,0.0589344,0.0549999
0,-0.0143688,-0.325303,-0.48284,0,0.0627556,0.0578864
0,-0.0190145,-0.331067,-0.476349,0,0.0668694,0.0609861
0,-0.0240228,-0.336366,-0.469745,0,0.0712986,0.0643642
0,-0.0292688,-0.341206,-0.463039,0,0.076068,0.0680765
0,-0.0346318,-0.345602,-0.456235,0,0.0812042,0.0721756
0,-0.0399919,-0.34957,-0.44934,0,0.0867358,0.076707
0,-0.0451935,-0.353125,-0.442365,0,0.0926936,0.081713
0,-0.0528467,-0.356018,-0.435316,0,0.0992358,0.0872207
0,-0.0538434,-0.359892,-0.428208,0,0.106199,0.0931216
0,-0.0541988,-0.362309,-0.421019,0,0.113433,0.100056
0,-0.0527875,-0.36426,-0.413783,0,0.121163,0.107608
0,-0.0486099,-0.365826,-0.406503,0,0.129452,0.115881
0.000392388,-0.0410786,-0.367052,-0.399192,0,0.138238,0.12484
0.0160879,-0.0296133,-0.367958,-0.391856,0,0.147148,0.134457
0.0317834,-0.0140247,-0.368559,-0.384499,0,0.155777,0.144634
0.0474789,0.00565923,-0.368861,-0.37713,0,0.163996,0.155293
0.0631744,0.0251917,-0.368876,-0.369753,0,0.171745,0.165202
0.0788699,0.0481347,-0.368607,-0.362376,0,0.178981,0.175518
0.0945654,0.0728982,-0.368058,-0.355003,0,0.185662,0.185581
0.110261,0.101121,-0.367231,-0.347639,0,0.191745,0.195887
-0.109476,-0.0480215,-0.36714,-0.340291,0,-0.038249,-0.0316808
-0.0937806,-0.0237806,-0.365697,-0.332948,0,-0.0335036,-0.0224238
-0.0780851,-0.00808513,-0.363948,-0.325629,0,-0.0295052,-0.0147086
-0.0623896,0.00761038,-0.36193,-0.318342,0,-0.0263107,-0.00860597
-0.0466941,0.0233059,-0.359591,-0.31109,0,-0.0239805,-0.00385945
-0.0309986,0.0390014,-0.356967,-0.303885,0,-0.0225734,-0.000379053
-0.0153031,0.0546969,-0.354101,-0.296734,0,-0.0221304,0.0018516
0,0.07,-0.350994,-0.289636,0,-0.0226093,0.0028448
0,0.07,-0.347635,-0.282601,0,-0.0236656,0.00246275
0,0.07,-0.344079,-0.275628,0,-0.0249305,0.000740653
0,0.07,-0.340505,-0.26873,0,-0.0263128,-0.00220299
0,0.07,-0.336965,-0.261895,0,-0.0277945,-0.00594462
0,0.07,-0.333469,-0.255136,0,-0.029377,-0.00988474
0,0.0689443,-0.330034,-0.24845,0,-0.0310675,-0.0141611
0,0.0592017,-0.32663,-0.241833,0,-0.0328748,-0.0186157
0,0.0478853,-0.323263,-0.235291,0,-0.0348088,-0.0232153
0,0.036716,-0.319941,-0.228812,0,-0.0368802,-0.0278353
0,0.0266011,-0.316676,-0.222401,0,-0.0391005,-0.0323174
0,0.018663,-0.313474,-0.21606,0,-0.041482,-0.0364045
0,0.0121646,-0.310338,-0.209782,0,-0.0440377,-0.0403698
0,0.00799787,-0.30727,-0.203565,0,-0.0467816,-0.0439444
0,0.00583778,-0.304272,-0.197411,0,-0.0497287,-0.0472803
0,0.00552693,-0.301346,-0.191314,0,-0.0528956,-0.0504256
0,0.00688818,-0.298494,-0.185275,0,-0.0562998,-0.0534447
0,0.00970323,-0.295611,-0.179294,0,-0.0599604,-0.0564151
0,0.0136271,-0.292481,-0.17337,0,-0.0638979,-0.0594502
0,0.0183738,-0.289094,-0.16751,0,-0.0681342,-0.0626427
0,0.0236973,-0.285472,-0.161716,0,-0.072693,-0.0660773
0,0.0293818,-0.281637,-0.155992,0,-0.0775998,-0.0698309
0,0.035214,-0.277612,-0.15035,0,-0.0828818,-0.0739759
0,0.0410291,-0.273415,-0.144787,0,-0.0885685,-0.0785625
0,0.0456768,-0.269067,-0.139309,0,-0.0946916,-0.0839036
0,0.0515096,-0.265543,-0.133916,0,-0.101411,-0.0899746
0,0.0556809,-0.260792,-0.128597,0,-0.108799,-0.0963258
0,0.0565361,-0.255986,-0.123369,0,-0.11677,-0.103722
0,0.0556816,-0.251146,-0.118237,0,-0.125313,-0.111501
0,0.0500451,-0.246247,-0.113202,0,-0.134377,-0.120448
-0.0115567,0.0409573,-0.241278,-0.108258,0,-0.143665,-0.12988
-0.027497,0.027893,-0.23623,-0.103415,0,-0.152769,-0.139871
-0.0434374,0.0102917,-0.231111,-0.09867,0,-0.161477,-0.150474
-0.0593777,-0.00920162,-0.225928,-0.0940299,0,-0.169711,-0.16087
-0.075318,-0.0306979,-0.220698,-0.0894906,0,-0.177421,-0.171175
-0.0912583,-0.054599,-0.215436,-0.0850584,0,-0.184567,-0.181453
-0.107199,-0.0812458,-0.21016,-0.0807365,0,-0.191105,-0.191738
0.115966,0.0719735,-0.210251,-0.0765175,0,0.0421121,0.0394466
0.100025,0.0311125,-0.204773,-0.0723128,0,0.0369253,0.0295788
0.0840852,0.0140852,-0.199356,-0.0681954,0,0.032491,0.0210468
0.0681448,-0.00185516,-0.193995,-0.0641893,0,0.0288653,0.0142308
0.0522045,-0.0177955,-0.188706,-0.0602719,0,0.0261078,0.00887963
0.0362642,-0.0337358,-0.183511,-0.0564607,0,0.0242784,0.00485357
0.0203239,-0.0496761,-0.178365,-0.0527541,0,0.0234247,0.00212329
0.00438359,-0.0656164,-0.173213,-0.0491508,0,0.0235327,0.000517744
0,-0.07,-0.168084,-0.0456505,0,0.0243386,0.000549001
0,-0.07,-0.16295,-0.0422504,0,0.0254685,0.00186643
0,-0.07,-0.157892,-0.0389554,0,0.0267483,0.00446336
0,-0.07,-0.152937,-0.0357597,0,0.0281378,0.00788609
0,-0.07,-0.14809,-0.0326737,0,0.0296323,0.0118679
0,-0.061422,-0.143397,-0.0296876,0,0.0312367,0.0161272
0,-0.0501048,-0.138874,-0.0267986,0,0.0329592,0.020587
0,-0.0385665,-0.134522,-0.0240098,0,0.034809,0.0251028
0,-0.0279485,-0.13034,-0.0213085,0,0.0367964,0.0294879
0,-0.0191151,-0.126328,-0.018685,0,0.0389323,0.0335675
0,-0.0123044,-0.122482,-0.0161423,0,0.0412286,0.037329
0,-0.00761001,-0.118799,-0.0136792,0,0.0436979,0.0407701
0,-0.0049921,-0.115275,-0.0112941,0,0.0463537,0.0439216
0,-0.0039713,-0.111905,-0.00897446,0,0.0492104,0.0469325
0,-0.00471802,-0.108685,-0.00672118,0,0.052284,0.0497512
0,-0.00711446,-0.105609,-0.00453621,0,0.0555916,0.0524404
0,-0.0104336,-0.10265,-0.00241633,0,0.0591517,0.055222
0,-0.0145472,-0.0996795,-0.000355935,0,0.0629843,0.0581231
0,-0.0192168,-0.0966634,0.00164508,0,0.0671106,0.0612332
0,-0.0242801,-0.0936089,0.00359041,0,0.0715538,0.0646158
0,-0.0296133,-0.0905262,0.00547481,0,0.0763385,0.0683263
0,-0.0350754,-0.0874242,0.00729612,0,0.0814915,0.0724233
0,-0.0405218,-0.0843106,0.00905701,0,0.0870416,0.0769573
0,-0.0457973,-0.0811928,0.0107557,0,0.0930195,0.0819688
0,-0.0489898,-0.0787742,0.012392,0,0.0993771,0.087489
0,-0.0525495,-0.0756026,0.0139735,0,0.106126,0.0934059
0,-0.0535688,-0.0724629,0.0154935,0,0.113378,0.100308
0,-0.0526759,-0.0693796,0.0169553,0,0.121184,0.107774
0,-0.0488504,-0.0663347,0.0183553,0,0.129554,0.115985
0.0019594,-0.0422837,-0.0633102,0.0196926,0,0.138383,0.124687
0.0176346,-0.0300401,-0.0602954,0.0209664,0,0.147293,0.134548
0.0333098,-0.0138583,-0.0572886,0.0221828,0,0.155906,0.144825
0.048985,0.00583111,-0.0542942,0.0233361,0,0.164101,0.155423
0.0646601,0.0263335,-0.0513212,0.024434,0,0.17182,0.165563
0.0803353,0.0486032,-0.048377,0.0254723,0,0.179019,0.175599
0.0960105,0.0733978,-0.0454701,0.0264501,0,0.185658,0.185654
0.111686,0.100814,-0.0426093,0.0273668,0,0.191693,0.195679
-0.107767,-0.0467446,-0.0425165,0.0282304,0,-0.0380491,-0.0312211
-0.0920917,-0.0220917,-0.0395649,0.0290811,0,-0.0333636,-0.0220277
-0.0764165,-0.00641653,-0.0366163,0.0298857,0,-0.0294314,-0.014366
-0.0607413,0.00925866,-0.0337016,0.0306343,0,-0.0263096,-0.00832363
-0.0450662,0.0249338,-0.0308774,0.0313287,0,-0.0240581,-0.00364341
-0.029391,0.040609,-0.0281708,0.031959,0,-0.0227343,-0.000237179
-0.0137158,0.0562842,-0.0255671,0.0325413,0,-0.022371,0.00194411
0,0.07,-0.0230239,0.0330709,0,-0.0228952,0.00288366
0,0.07,-0.0205239,0.0335504,0,-0.0239596,0.00234231
0,0.07,-0.0181157,0.0339784,0,-0.025224,0.000574612
0,0.07,-0.01586,0.0343576,0,-0.0266048,-0.00241818
0,0.07,-0.0137622,0.0346861,0,-0.0280861,-0.00609141
0,0.07,-0.0118098,0.0349718,0,-0.0296697,-0.0101312
0,0.0687138,-0.009996,0.0352178,0,-0.0313627,-0.0144073
0,0.0585614,-0.00827807,0.0354268,0,-0.0331743,-0.0189723
0,0.0476205,-0.00664442,0.0355992,0,-0.0351142,-0.0234557
0,0.0365712,-0.00509156,0.0357386,0,-0.0371932,-0.0280707
0,0.0265359,-0.00361509,0.0358467,0,-0.0394229,-0.0325482
0,0.0182642,-0.00221118,0.0359249,0,-0.0418156,-0.0367459
0,0.0120072,-0.000876835,0.0359747,0,-0.0443844,-0.0406429
0,0.0077935,0.000390244,0.0359976,0,-0.0471432,-0.0442598
0,0.00554947,0.00159246,0.0359948,0,-0.0501074,-0.0476365
0,0.00514293,0.00273262,0.0359678,0,-0.0532933,-0.0508266
0,0.00642258,0.00381383,0.0359177,0,-0.0567189,-0.0538888
0,0.00917532,0.00485066,0.0358463,0,-0.0604032,-0.0569007
0,0.0130571,0.00586269,0.0357534,0,-0.0643669,-0.0599757
0,0.0177819,0.00684997,0.0356402,0,-0.068632,-0.0632067
0,0.0230938,0.00781028,0.0355067,0,-0.0732224,-0.0666811
0,0.0283348,0.00874158,0.0353529,0,-0.0781637,-0.070598
0,0.0331093,0.00964299,0.0351818,0,-0.0834834,-0.0750587
0,0.0380746,0.010515,0.0349925,0,-0.0892112,-0.0798733
0,0.0420182,0.0113556,0.0347844,0,-0.095379,-0.0854099
0,0.0480334,0.0121241,0.0345602,0,-0.10212,-0.0912768
0,0.0521344,0.0128915,0.0343208,0,-0.109499,-0.0976496
0,0.0543143,0.0136163,0.0340653,0,-0.117455,-0.104666
0,0.0544905,0.0143043,0.0337959,0,-0.125986,-0.112216
0,0.0498426,0.0149601,0.0335115,0,-0.13504,-0.120934
-0.0115797,0.0424138,0.0155885,0.0332139,0,-0.144321,-0.129948
-0.0275518,0.02921,0.0161887,0.0329037,0,-0.15342,-0.140057
-0.0435238,0.0116374,0.0167623,0.0325824,0,-0.162124,-0.150643
-0.0594958,-0.00811409,0.0173108,0.0322494,0,-0.170354,-0.161112
-0.0754679,-0.030029,0.017833,0.0319054,0,-0.178061,-0.17152
-0.0914399,-0.0543313,0.0183267,0.0315508,0,-0.185204,-0.181888
-0.107412,-0.0813262,0.0187895,0.0311863,0,-0.191741,-0.192249
0.116197,0.0725292,0.0186987,0.0308121,0,0.041955,0.0395122
0.100225,0.031291,0.0191093,0.0304377,0,0.0367708,0.0295335
0.0842525,0.0142525,0.0194287,0.030057,0,0.0323395,0.0208754
0.0682804,-0.00171956,0.0196846,0.0296697,0,0.0287174,0.0139537
0.0523084,-0.0176916,0.0198867,0.0292778,0,0.0259644,0.00836778
0.0363364,-0.0336636,0.0200439,0.0288813,0,0.0241404,0.0042756
0.0203643,-0.0496357,0.0201797,0.0284814,0,0.0232933,0.00156953
0.00439231,-0.0656077,0.0203147,0.0280788,0,0.0234091,-0.000100932
0,-0.07,0.0204112,0.0276734,0,0.0242233,-0.000121045
0,-0.07,0.0204882,0.0272657,0,0.0253615,0.00116227
0,-0.07,0.0205842,0.0268565,0,0.0266491,0.00364969
0,-0.07,0.0207033,0.0264453,0,0.0280459,0.00697614
0,-0.07,0.0208593,0.0260318,0,0.029547,0.0110579
0,-0.0639059,0.0210262,0.0256158,0,0.0311577,0.0154172
0,-0.0534413,0.0211803,0.0251964,0,0.032886,0.0197627
0,-0.0419691,0.0213198,0.0247733,0,0.0347411,0.0243042
0,-0.0311323,0.0214442,0.0243472,0,0.0367335,0.0287562
0,-0.0218534,0.0215541,0.0239188,0,0.038874,0.0329519
0,-0.014517,0.0216499,0.0234882,0,0.0411746,0.0368407
0,-0.00896411,0.0217325,0.0230556,0,0.0436479,0.040498
0,-0.00604845,0.0218015,0.0226213,0,0.0463073,0.0436927
0,-0.00484192,0.0218589,0.0221855,0,0.0491674,0.0467426
0,-0.00525507,0.0219054,0.0217486,0,0.0522441,0.0496469
0,-0.00736684,0.0219421,0.0213106,0,0.0555546,0.0524008
0,-0.0102094,0.0219684,0.0208719,0,0.0591175,0.0553028
0,-0.0141284,0.0219733,0.0204326,0,0.0629525,0.0582362
0,-0.0187311,0.0219537,0.0199932,0,0.0670812,0.0613564
0,-0.024128,0.0219103,0.019554,0,0.0715265,0.0646433
0,-0.0292383,0.0218454,0.0191157,0,0.0763132,0.068433
0,-0.0346668,0.0217598,0.0186787,0,0.0814681,0.072529
0,-0.0400886,0.0216553,0.0182431,0,0.0870199,0.0770687
0,-0.0458409,0.0215327,0.0178097,0,0.0929994,0.0819462
0,-0.0481895,0.0214933,0.0173787,0,0.0993599,0.0877341
0,-0.0515672,0.021338,0.0169487,0,0.106113,0.093664
0,-0.0531941,0.0211679,0.0165213,0,0.11337,0.100391
0,-0.0525075,0.0209865,0.0160975,0,0.121182,0.107832
0,-0.048011,0.0207974,0.0156771,0,0.129556,0.116244
0.0019599,-0.0412905,0.0205991,0.0152604,0,0.13839,0.124959
0.0176391,-0.0298803,0.0203943,0.0148476,0,0.147305,0.134582
0.0333183,-0.0138447,0.0201832,0.014439,0,0.155923,0.144862
0.0489975,0.00582714,0.0199652,0.0140345,0,0.164122,0.155464
0.0646767,0.0263547,0.0197383,0.0136343,0,0.171845,0.165614
0.0803559,0.0486679,0.0195043,0.0132386,0,0.179048,0.175663
0.0960351,0.0735042,0.019265,0.0128478,0,0.18569,0.185729
0.111714,0.100846,0.019021,0.0124619,0,0.191729,0.195733
-0.107794,-0.0461872,0.0191144,0.0120809,0,-0.038071,-0.0310628
-0.0921153,-0.0221153,0.0189381,0.011699,0,-0.0333828,-0.0218956
-0.0764361,-0.00643609,0.0188035,0.0113195,0,-0.0294481,-0.0142643
-0.0607569,0.00924311,0.0186892,0.0109425,0,-0.0263242,-0.0082576
-0.0450777,0.0249223,0.0185793,0.0105679,0,-0.024071,-0.00358758
-0.0293985,0.0406015,0.0184583,0.0101956,0,-0.0227456,-0.000266103
-0.0137193,0.0562807,0.0183108,0.00982586,0,-0.0223811,0.00198857
0,0.07,0.0181592,0.00945898,0,-0.0229045,0.00290524
0,0.07,0.0180136,0.00909512,0,-0.0239681,0.00232941
0,0.07,0.0178372,0.00873375,0,-0.0252319,0.000490703
0,0.07,0.017602,0.00837613,0,-0.0266122,-0.00255235
0,0.07,0.0173087,0.00802303,0,-0.0280929,-0.00625341
0,0.07,0.0169675,0.0076748,0,-0.0296759,-0.0104181
0,0.068024,0.0165928,0.00733357,0,-0.0313686,-0.0145977
0,0.0581329,0.0162212,0.00699985,0,-0.0331797,-0.0190564
0,0.0468366,0.01586,0.00667393,0,-0.0351192,-0.023652
0,0.0353588,0.0155105,0.00635565,0,-0.0371978,-0.0283696
0,0.025768,0.015175,0.00604404,0,-0.0394272,-0.0327023
0,0.0177156,0.0148532,0.0057392,0,-0.0418196,-0.0368605
0,0.0116392,0.0145452,0.00544085,0,-0.0443881,-0.0407179
0,0.00758615,0.0142508,0.00514871,0,-0.0471467,-0.0442989
0,0.00546302,0.0139698,0.00486252,0,-0.0501105,-0.0476499
0,0.0051427,0.0137018,0.00458228,0,-0.0532962,-0.050822
0,0.00647738,0.0134462,0.00430717,0,-0.0567216,-0.0538732
0,0.00924849,0.0131956,0.00403723,0,-0.0604057,-0.0568827
0,0.013113,0.012938,0.00377269,0,-0.0643692,-0.0599637
0,0.0177892,0.0126727,0.00351303,0,-0.0686342,-0.0632076
0,0.0233788,0.012401,0.00325851,0,-0.0732244,-0.0666022
0,0.0283451,0.0121225,0.00300981,0,-0.0781656,-0.0706096
0,0.0330494,0.0118384,0.00276667,0,-0.0834852,-0.0750767
0,0.0374699,0.0115498,0.00252919,0,-0.0892128,-0.0800402
0,0.0417169,0.0112575,0.00229718,0,-0.0953804,-0.0854659
0,0.0475283,0.0110093,0.0020713,0,-0.102125,-0.0914238
0,0.051549,0.0107076,0.00185037,0,-0.109511,-0.0978164
0,0.053702,0.0104055,0.00163501,0,-0.117476,-0.104844
0,0.053192,0.0101028,0.00142569,0,-0.126015,-0.112592
0,0.0492553,0.00979643,0.00122273,0,-0.135078,-0.121085
-0.0115861,0.0412365,0.00948504,0.00102558,0,-0.144368,-0.130305
-0.027567,0.0289364,0.00916778,0.000834475,0,-0.153475,-0.140139
-0.0435479,0.0116192,0.00884412,0.000649691,0,-0.162187,-0.150704
-0.0595288,-0.00800053,0.00851759,0.000471514,0,-0.170425,-0.161154
-0.0755097,-0.0297975,0.00818915,0.000299857,0,-0.178139,-0.171541
-0.0914906,-0.0540383,0.00785953,0.00013476,0,-0.185289,-0.181903
-0.107471,-0.0810621,0.00752937,-2.37495e-05,0,-0.191832,-0.192279
0.116261,0.0729334,0.00743852,-0.000175658,0,0.0419915,0.039625
0.10028,0.0325969,0.0070894,-0.0003247,0,0.0368021,0.0298945
0.0842992,0.0142992,0.00668873,-0.000467361,0,0.0323663,0.0210641
0.0683183,-0.00168171,0.00625443,-0.000602338,0,0.0287402,0.014193
0.0523374,-0.0176626,0.00580751,-0.000729598,0,0.0259836,0.00878518
0.0363565,-0.0336435,0.00536826,-0.000847759,0,0.0241569,0.00474457
0.0203756,-0.0496244,0.00495375,-0.00095754,0,0.0233076,0.00206245
0.00439474,-0.0656053,0.00457497,-0.00105848,0,0.0234218,0.000404977
0,-0.07,0.00420078,-0.00115263,0,0.0242349,0.000493486
0,-0.07,0.00384062,-0.00123945,0,0.0253723,0.00184045
0,-0.07,0.00352238,-0.00131897,0,0.0266591,0.00436432
0,-0.07,0.00326011,-0.0013918,0,0.0280551,0.00785625
0,-0.07,0.00306028,-0.00145884,0,0.0295556,0.0118408
0,-0.0614131,0.0028835,-0.00152144,0,0.0311656,0.0161146
0,-0.0500621,0.00271752,-0.00158044,0,0.0328933,0.020586
0,-0.0384204,0.00255955,-0.00163554,0,0.0347479,0.0251313
0,-0.0273126,0.00240853,-0.00168736,0,0.0367398,0.0296504
0,-0.0186736,0.00226223,-0.00173621,0,0.0388798,0.0336538
0,-0.0119176,0.00212106,-0.00178204,0,0.04118,0.0374112
0,-0.0073408,0.00198454,-0.00182488,0,0.0436529,0.0408238
0,-0.0048928,0.00185251,-0.00186492,0,0.0463119,0.043935
0,-0.00431083,0.00172503,-0.00190249,0,0.0491717,0.0468329
0,-0.00526317,0.00160218,-0.00193751,0,0.0522481,0.0496166
0,-0.00754297,0.00148392,-0.00196986,0,0.0555583,0.0523496
0,-0.0108677,0.00136966,-0.00199983,0,0.0591209,0.0551249
0,-0.0149743,0.00125616,-0.00202757,0,0.0629557,0.0580291
0,-0.0196351,0.0011427,-0.00205297,0,0.0670841,0.061142
0,-0.0246665,0.00102974,-0.00207611,0,0.0715292,0.0645337
0,-0.0299467,0.000917634,-0.00209716,0,0.0763158,0.068258
0,-0.0353593,0.000806727,-0.00211596,0,0.0814705,0.0723666
0,-0.0407569,0.000697328,-0.00213254,0,0.087022,0.0769121
0,-0.045991,0.00058976,-0.00214692,0,0.0930014,0.081933
0,-0.0491329,0.000502244,-0.00215899,0,0.099359,0.0874577
0,-0.0520422,0.000399058,-0.00216938,0,0.106106,0.0935508
0,-0.0534764,0.000300414,-0.00217777,0,0.113356,0.100302
0,-0.0526476,0.000207745,-0.00218418,0,0.121159,0.107768
0,-0.0488095,0.000121025,-0.0021887,0,0.129526,0.115982
0.00195892,-0.0413735,4.01903e-05,-0.00219147,0,0.138353,0.124923
0.0176302,-0.02977,-3.44502e-05,-0.0021926,0,0.147259,0.13456
0.0333016,-0.0136505,-0.000102694,-0.00219224,0,0.15587,0.144848
0.0489729,0.00606197,-0.000165444,-0.00219036,0,0.164062,0.155453
0.0646442,0.0265693,-0.000225517,-0.0021873,0,0.171778,0.165591
0.0803155,0.0488419,-0.000281683,-0.00218303,0,0.178976,0.175625
0.0959869,0.0736127,-0.00033293,-0.00217762,0,0.185612,0.18567
0.111658,0.101006,-0.000378881,-0.00217112,0,0.191646,0.195689
-0.10774,-0.0460806,-0.000285632,-0.00216372,0,-0.038041,-0.0310334
-0.092069,-0.022069,-0.0002383,-0.00215764,0,-0.0333571,-0.0218503
-0.0763977,-0.0063977,-0.000140454,-0.00215266,0,-0.0294263,-0.0142022
-0.0607264,0.00927362,-1.41976e-05,-0.00214922,0,-0.0263058,-0.00817695
-0.0450551,0.0249449,0.000125229,-0.00214824,0,-0.0240553,-0.00350553
-0.0293837,0.0406163,0.000261783,-0.00214997,0,-0.0227322,-0.000121148
-0.0137124,0.0562876,0.00037853,-0.0021546,0,-0.0223694,0.0020875
0,0.07,0.000498979,-0.00216135,0,-0.0228939,0.00296253
0,0.07,0.000634139,-0.00217067,0,-0.0239584,0.00240407
0,0.07,0.000743766,-0.00218261,0,-0.0252229,0.000566634
0,0.07,0.000793398,-0.00219699,0,-0.0266039,-0.00244625
0,0.07,0.000779848,-0.00221261,0,-0.0280852,-0.0061312
0,0.07,0.000715499,-0.00222827,0,-0.0296688,-0.01018
0,0.0685203,0.000607078,-0.00224286,0,-0.031362,-0.0144583
0,0.0587407,0.000495029,-0.0022556,0,-0.0331735,-0.0189103
0,0.0479049,0.000386855,-0.00226578,0,-0.0351135,-0.0233829
0,0.0365463,0.00028295,-0.00227379,0,-0.0371926,-0.0280898
0,0.0265351,0.000185087,-0.00227987,0,-0.0394223,-0.032546
0,0.0182893,9.35297e-05,-0.00228396,0,-0.0418151,-0.0367379
0,0.0120265,8.34197e-06,-0.00228624,0,-0.0443839,-0.0406382
0,0.00779173,-7.05636e-05,-0.00228666,0,-0.0471428,-0.044261
0,0.00554421,-0.000143383,-0.00228549,0,-0.0501069,-0.0476381
0,0.00486823,-0.000210739,-0.00228291,0,-0.0532929,-0.0509036
0,0.00637564,-0.000272184,-0.00227897,0,-0.0567185,-0.0538894
0,0.00916504,-0.000329478,-0.00227374,0,-0.0604029,-0.0569023
0,0.0130396,-0.00038388,-0.00226729,0,-0.0643666,-0.0599814
0,0.0177137,-0.00043572,-0.00225975,0,-0.0686317,-0.0632265
0,0.0229017,-0.000485209,-0.00225122,0,-0.0732222,-0.0667333
0,0.0281866,-0.000532735,-0.00224171,0,-0.0781635,-0.0706322
0,0.033028,-0.000578857,-0.00223125,0,-0.0834832,-0.0750766
0,0.0380466,-0.000622924,-0.00221979,0,-0.089211,-0.0798798
0,0.0419953,-0.000666235,-0.00220744,0,-0.0953788,-0.0854178
0,0.0480161,-0.000703613,-0.00219422,0,-0.10212,-0.0912846
0,0.0514974,-0.000742939,-0.00218024,0,-0.109499,-0.0978313
0,0.0541517,-0.000780734,-0.00216556,0,-0.117456,-0.104686
0,0.052998,-0.000820514,-0.0021501,0,-0.125987,-0.112631
0,0.0496714,-0.000860986,-0.00213381,0,-0.135042,-0.120916
-0.0115801,0.0417475,-0.000904882,-0.00211675,0,-0.144324,-0.130133
-0.0275526,0.0285584,-0.000953028,-0.00209883,0,-0.153423,-0.140214
-0.0435251,0.0119386,-0.00100348,-0.00207996,0,-0.162127,-0.150535
-0.0594976,-0.00755576,-0.00105561,-0.00206009,0,-0.170358,-0.160979
-0.0754701,-0.0293812,-0.00110877,-0.00203919,0,-0.178065,-0.171375
-0.0914426,-0.0536671,-0.00116298,-0.00201717,0,-0.185209,-0.181743
-0.107415,-0.0806132,-0.00121831,-0.00199405,0,-0.191746,-0.192092
0.1162,0.0733246,-0.00130908,-0.00196987,0,0.041957,0.0396957
0.100227,0.0323148,-0.00137672,-0.00194392,0,0.0367726,0.0297769
0.084255,0.014255,-0.00149279,-0.00191659,0,0.032341,0.021228
0.0682825,-0.00171752,-0.00164466,-0.0018872,0,0.0287187,0.0143702
0.05231,-0.01769,-0.00181612,-0.00185537,0,0.0259655,0.00884432
0.0363375,-0.0336625,-0.00198436,-0.00182024,0,0.0241414,0.00491365
0.0203649,-0.0496351,-0.00213433,-0.00178131,0,0.0232942,0.00218138
0.00439244,-0.0656076,-0.00225026,-0.00173968,0,0.0234098,0.000594306
0,-0.07,-0.00236395,-0.00169548,0,0.024224,0.000621429
0,-0.07,-0.00246837,-0.00164877,0,0.0253622,0.00188229
0,-0.07,-0.00253546,-0.00160019,0,0.0266497,0.00452509
0,-0.07,-0.00255441,-0.00154985,0,0.0280464,0.00803152
0,-0.07,-0.00252143,-0.00149889,0,0.0295475,0.0119235
0,-0.0611004,-0.00247568,-0.0014483,0,0.0311582,0.0161953
0,-0.04972,-0.0024281,-0.00139858,0,0.0328864,0.0206602
0,-0.0381624,-0.00238122,-0.0013498,0,0.0347415,0.025181
0,-0.0275288,-0.00233624,-0.00130199,0,0.0367338,0.0295721
0,-0.0186599,-0.00229411,-0.00125509,0,0.0388743,0.0336631
0,-0.0118869,-0.00225519,-0.00120904,0,0.0411749,0.0374145
0,-0.00731893,-0.00221959,-0.00116383,0,0.0436482,0.040824
0,-0.00487627,-0.00218721,-0.0011193,0,0.0463075,0.0439344
0,-0.00427845,-0.00215775,-0.00107546,0,0.0491676,0.0468373
0,-0.0049828,-0.00213064,-0.00103217,0,0.0522443,0.0496898
0,-0.00723568,-0.00210613,-0.00098945,0,0.0555549,0.0524184
0,-0.0105975,-0.00208342,-0.000947254,0,0.0591177,0.0551823
0,-0.0150416,-0.00206086,-0.000905506,0,0.0629527,0.0579943
0,-0.0198494,-0.00203718,-0.000864233,0,0.0670814,0.0610827
0,-0.0249839,-0.00201247,-0.000823418,0,0.0715266,0.0644529
0,-0.0303066,-0.00198672,-0.000783107,0,0.0763134,0.0681705
0,-0.035696,-0.00195994,-0.00074327,0,0.0814682,0.0722878
0,-0.0410496,-0.00193214,-0.000703964,0,0.08702,0.0768446
0,-0.0462377,-0.0019033,-0.00066521,0,0.0929995,0.0818764
0,-0.0493035,-0.00188211,-0.000627028,0,0.0993558,0.0874116
0,-0.0521946,-0.00184848,-0.000589301,0,0.1061,0.093503
0,-0.0535854,-0.0018128,-0.000552231,0,0.113346,0.100263
0,-0.0526978,-0.00177459,-0.00051585,0,0.121146,0.107739
0,-0.0488446,-0.00173305,-0.000480205,0,0.129508,0.115952
0.0019584,-0.0413895,-0.00168734,-0.000445378,0,0.138331,0.124894
0.0176256,-0.0297702,-0.00163681,-0.000411448,0,0.147234,0.134532
0.0332928,-0.013643,-0.00158108,-0.00037851,0,0.155841,0.144818
0.04896,0.00514291,-0.00152217,-0.000346749,0,0.164029,0.155161
0.0646272,0.0264085,-0.00146039,-0.000316158,0,0.171742,0.165554
0.0802944,0.0487756,-0.00139732,-0.000286796,0,0.178936,0.175575
0.0959615,0.0734963,-0.00133175,-0.000258597,0,0.18557,0.1856
0.111629,0.100827,-0.00126355,-0.0002317,0,0.191601,0.195602
-0.107712,-0.046306,-0.00117042,-0.000206156,0,-0.0380262,-0.0310822
-0.0920447,-0.0220447,-0.00101102,-0.000182375,0,-0.0333446,-0.0218897
-0.0763776,-0.00637755,-0.000800341,-0.000161677,0,-0.0294158,-0.0140768
-0.0607104,0.00928964,-0.000567905,-0.000144195,0,-0.0262969,-0.0082215
-0.0450432,0.0249568,-0.000326804,-0.00013121,0,-0.0240479,-0.00353819
-0.029376,0.040624,-9.34145e-05,-0.000123348,0,-0.0227259,-0.000138905
-0.0137088,0.0562912,0.000160716,-0.000120429,0,-0.0223639,0.00398434
0,0.07,0.000398587,-0.000121738,0,-0.022889,0.00382017
0,0.07,0.0006277,-0.000128401,0,-0.0239539,0.00268711
0,0.07,0.000812178,-0.000139237,0,-0.0252187,0.000387685
0,0.07,0.000919738,-0.000154189,0,-0.0266,-0.00302289
0,0.07,0.00096294,-0.000171831,0,-0.0280816,-0.0069802
0,0.07,0.000948156,-0.000190852,0,-0.0296655,-0.0112293
0,0.0642145,0.000903987,-0.000209882,0,-0.0313589,-0.0156586
0,0.0532424,0.000855909,-0.000228271,0,-0.0331707,-0.0202345
0,0.0415652,0.000808647,-0.000245581,0,-0.0351108,-0.0248843
0,0.0305668,0.000763639,-0.000261943,0,-0.0371901,-0.0294498
0,0.0207653,0.000721397,-0.000277351,0,-0.0394201,-0.033865
0,0.0133925,0.000683183,-0.000291969,0,-0.041813,-0.0378235
0,0.00855094,0.000649065,-0.000305766,0,-0.044382,-0.0413693
0,0.00555134,0.00061827,-0.000318884,0,-0.047141,-0.0447164
0,0.00439818,0.000590756,-0.000331373,0,-0.0501053,-0.0478479
0,0.00466382,0.000566015,-0.000343298,0,-0.0532913,-0.0509037
0,0.006844,0.00054451,-0.000354705,0,-0.0567171,-0.0537474
0,0.00981257,0.000524603,-0.000365681,0,-0.0604015,-0.0567431
0,0.0141325,0.00050623,-0.000376253,0,-0.0643653,-0.0597066
0,0.0189218,0.00048843,-0.000386432,0,-0.0686306,-0.0629412
0,0.024104,0.000471181,-0.000396272,0,-0.0732211,-0.0664552
0,0.0291548,0.000453974,-0.000405756,0,-0.0781625,-0.0704193
0,0.0336866,0.000436432,-0.000414904,0,-0.0834823,-0.0749389
0,0.037888,0.000418785,-0.000423703,0,-0.0892102,-0.0799552
0,0.0419113,0.000401225,-0.00043215,0,-0.095378,-0.0854328
0,0.0477815,0.000387914,-0.000440227,0,-0.10212,-0.0913493
0,0.0511318,0.000370182,-0.000448045,0,-0.109501,-0.0979267
0,0.0537224,0.000352211,-0.000455511,0,-0.11746,-0.104794
0,0.0532637,0.000331504,-0.000462627,0,-0.125992,-0.112544
0,0.0493287,0.000307434,-0.000469329,0,-0.135049,-0.121033
-0.0115814,0.0413015,0.000279285,-0.000475562,0,-0.144333,-0.130251
-0.0275557,0.0290049,0.000246827,-0.00048126,0,-0.153433,-0.140079
-0.0435301,0.0117623,0.000209357,-0.000486327,0,-0.16214,-0.150619
-0.0595044,-0.00787611,0.000169615,-0.000490664,0,-0.170372,-0.161074
-0.0754787,-0.0287581,0.000128874,-0.000494175,0,-0.178081,-0.171201
-0.0914531,-0.0537338,8.41868e-05,-0.000496855,0,-0.185226,-0.181808
-0.107427,-0.0816908,3.68119e-05,-0.000498673,0,-0.191764,-0.192407
0.116213,0.0721882,-5.40572e-05,-0.000499622,0,0.041965,0.0394345
0.100239,0.0328586,-0.000112923,-0.000498859,0,0.0367794,0.0299884
0.0842646,0.0142646,-0.000229968,-0.000496748,0,0.0323469,0.0209222
0.0682903,-0.00170971,-0.000387874,-0.000492441,0,0.0287238,0.013859
0.052316,-0.017684,-0.000561647,-0.000485473,0,0.0259698,0.00854535
0.0363416,-0.0336584,-0.000734223,-0.000475109,0,0.0241451,0.00458047
0.0203673,-0.0496327,-0.000888734,-0.000461201,0,0.0232974,0.00189554
0.00439294,-0.0656071,-0.00101036,-0.000444199,0,0.0234127,0.000303145
0,-0.07,-0.00113088,-0.000424904,0,0.0242266,0.000436243
0,-0.07,-0.00123853,-0.00040319,0,0.0253646,0.00183236
0,-0.07,-0.00130989,-0.000379065,0,0.026652,0.00442948
0,-0.07,-0.00133364,-0.000353403,0,0.0280485,0.00793589
0,-0.07,-0.001306,-0.000326884,0,0.0295495,0.0118223
0,-0.0611107,-0.00126378,-0.000300571,0,0.03116,0.016194
0,-0.0501519,-0.00122053,-0.000274979,0,0.0328881,0.0205416
0,-0.0386553,-0.00117787,-0.000250438,0,0.0347431,0.0250657
0,-0.0280546,-0.00113732,-0.00022671,0,0.0367353,0.0294505
0,-0.0191978,-0.00109978,-0.000203802,0,0.0388757,0.0335397
0,-0.0120989,-0.00106524,-0.000181656,0,0.0411761,0.0373825
0,-0.00773095,-0.00103471,-0.000160213,0,0.0436493,0.0407203
0,-0.00521536,-0.00100722,-0.000139396,0,0.0463086,0.0438608
0,-0.00449766,-0.0009827,-0.000119142,0,0.0491686,0.0467935
0,-0.005301,-0.000960809,-9.93899e-05,0,0.0522452,0.0496125
0,-0.00744066,-0.00094132,-8.0108e-05,0,0.0555557,0.0523775
0,-0.0106446,-0.000923744,-6.12329e-05,0,0.0591185,0.0551799
0,-0.0146468,-0.000906893,-4.27141e-05,0,0.0629534,0.0581076
0,-0.0192247,-0.000890273,-2.45341e-05,0,0.067082,0.0612387
0,-0.0242173,-0.000873764,-6.68706e-06,0,0.0715273,0.0646373
0,-0.029472,-0.000857272,1.08543e-05,0,0.0763139,0.068367
0,-0.0348649,-0.000840725,2.80657e-05,0,0.0814688,0.07248
0,-0.0402711,-0.000824044,4.49215e-05,0,0.0870205,0.0770223
0,-0.0454849,-0.000807058,6.14691e-05,0,0.093,0.0820494
0,-0.0487025,-0.000792732,7.76528e-05,0,0.0993611,0.0875724
0,-0.0511294,-0.000772059,9.35432e-05,0,0.106116,0.0938116
0,-0.0531378,-0.000751108,0.000109067,0,0.113375,0.100387
0,-0.0525171,-0.000727709,0.000124163,0,0.121188,0.10783
0,-0.0488399,-0.000701288,0.000138775,0,0.129564,0.116018
0.00196013,-0.0415103,-0.000671085,0.000152867,0,0.1384,0.124944
0.0176412,-0.0299949,-0.00063649,0.000166364,0,0.147316,0.134569
0.0333223,-0.0129997,-0.000596116,0.00017925,0,0.155936,0.145112
0.0490033,0.00581123,-0.000553877,0.000191334,0,0.164137,0.155429
0.0646844,0.026096,-0.000510188,0.00020258,0,0.171861,0.165554
0.0803655,0.048272,-0.000464676,0.000212893,0,0.179066,0.175577
0.0960466,0.072951,-0.000416768,0.000222369,0,0.185709,0.185607
0.111728,0.100307,-0.00036636,0.000230848,0,0.191749,0.195623
-0.107807,-0.046858,-0.000273037,0.000238301,0,-0.0380777,-0.0312314
-0.0921263,-0.0221263,-0.000135247,0.000243995,0,-0.0333885,-0.022069
-0.0764452,-0.00644521,4.83502e-05,0.000247044,0,-0.029453,-0.0145104
-0.0607641,0.00923585,0.000255889,0.000246904,0,-0.0263283,-0.00855587
-0.0450831,0.0249169,0.000470552,0.00024272,0,-0.0240744,-0.00395311
-0.029402,0.040598,0.000676224,0.000234382,0,-0.0227485,-0.00063067
-0.0137209,0.0562791,0.000857098,0.000221783,0,-0.0223837,0.00150949
0,0.07,0.00102909,0.000205998,0,-0.0229067,0.00231204
0,0.07,0.00121224,0.000186706,0,-0.0239702,0.00171098
0,0.07,0.00136876,0.000163835,0,-0.0252338,-9.32374e-05
0,0.07,0.00146191,0.000137555,0,-0.026614,-0.00312636
0,0.07,0.00149723,0.000108783,0,-0.0280945,-0.00684684
0,0.07,0.00147813,7.89969e-05,0,-0.0296775,-0.0109314
0,0.0653224,0.00142444,4.93484e-05,0,-0.03137,-0.0153569
0,0.0552303,0.00136691,2.05106e-05,0,-0.033181,-0.0197403
0,0.0438829,0.00130993,-7.05772e-06,0,-0.0351204,-0.0243403
0,0.0329495,0.00125525,-3.34843e-05,0,-0.037199,-0.0289032
0,0.0233781,0.00120385,-5.8726e-05,0,-0.0394283,-0.0332569
0,0.0154088,0.00115593,-8.30086e-05,0,-0.0418206,-0.0373927
0,0.00980664,0.00111225,-0.000106343,0,-0.044389,-0.0411215
0,0.00658498,0.00107278,-0.000128784,0,-0.0471475,-0.0444933
0,0.00502986,0.00103672,-0.000150358,0,-0.0501113,-0.0477259
0,0.00520079,0.00100407,-0.000171201,0,-0.053297,-0.0507883
0,0.00692569,0.000974578,-0.000191413,0,-0.0567223,-0.0537543
0,0.00997902,0.000947331,-0.000210978,0,-0.0604064,-0.0567039
0,0.0140133,0.000920945,-0.000230034,0,-0.0643698,-0.0597511
0,0.0187794,0.000895118,-0.000248532,0,-0.0686347,-0.062978
0,0.0240484,0.000869702,-0.000266538,0,-0.0732249,-0.0664665
0,0.0292286,0.000844154,-0.000283995,0,-0.0781661,-0.0703985
0,0.0338888,0.000818084,-0.000300942,0,-0.0834856,-0.0748882
0,0.0382043,0.000791735,-0.000317382,0,-0.0892132,-0.0798788
0,0.0418262,0.000764798,-0.000333283,0,-0.0953808,-0.0854738
0,0.0481762,0.000744409,-0.000348686,0,-0.102121,-0.0912266
0,0.0522734,0.000718165,-0.000363636,0,-0.109498,-0.097615
0,0.0544065,0.000690435,-0.000378104,0,-0.117452,-0.104643
0,0.0538403,0.000660383,-0.000392024,0,-0.12598,-0.112396
0,0.0498138,0.00062697,-0.000405352,0,-0.135032,-0.120902
-0.011578,0.0416844,0.000589429,-0.000418025,0,-0.144311,-0.13014
-0.0275478,0.028729,0.000546933,-0.000429963,0,-0.153407,-0.140144
-0.0435175,0.0110033,0.000499568,-0.000441051,0,-0.162109,-0.150784
-0.0594872,-0.00967706,0.000449313,-0.000451255,0,-0.170337,-0.161503
-0.0754569,-0.0307552,0.000398952,-0.000460468,0,-0.178042,-0.171632
-0.0914266,-0.0548403,0.000345821,-0.000468673,0,-0.185183,-0.181978
-0.107396,-0.0817443,0.000290228,-0.000475802,0,-0.191718,-0.192324
0.11618,0.0723658,0.000199677,-0.000481829,0,0.0419446,0.0394777
0.10021,0.0311684,0.000129313,-0.000486185,0,0.0367618,0.0294971
0.0842403,0.0142403,1.62923e-06,-0.000489053,0,0.0323318,0.0208464
0.0682705,-0.00172947,-0.00016686,-0.00048966,0,0.0287108,0.0137812
0.0523008,-0.0176992,-0.000350331,-0.000487418,0,0.0259587,0.00850144
0.0363311,-0.0336689,-0.000534988,-0.000481604,0,0.0241356,0.00441123
0.0203614,-0.0496386,-0.000704749,-0.000471735,0,0.0232891,0.00155986
0.00439167,-0.0656083,-0.000841361,-0.000458743,0,0.0234052,-3.7642e-05
0,-0.07,-0.000984252,-0.000442599,0,0.0242198,-7.01574e-06
0,-0.07,-0.00111728,-0.000423986,0,0.0253583,0.00127947
0,-0.07,-0.00120672,-0.000402638,0,0.0266462,0.0038427
0,-0.07,-0.00124857,-0.000379174,0,0.028043,0.00731434
0,-0.07,-0.00123672,-0.000354496,0,0.0295441,0.011276
0,-0.0634856,-0.00120086,-0.00032969,0,0.031154,0.0155234
0,-0.0525801,-0.00116133,-0.00030544,0,0.0328807,0.019969
0,-0.0410597,-0.00112217,-0.000282095,0,0.0347338,0.0244995
0,-0.030269,-0.00108479,-0.000259554,0,0.0367234,0.028933
0,-0.0211434,-0.00105019,-0.000237765,0,0.0388608,0.0330845
0,-0.0140579,-0.00101874,-0.000216623,0,0.0411577,0.0369067
0,-0.0090722,-0.000990499,-0.000196169,0,0.0436271,0.0404146
0,-0.0061634,-0.000965405,-0.000176274,0,0.0462827,0.0436324
0,-0.00484872,-0.000942923,-0.000156866,0,0.0491394,0.0467107
0,-0.00583492,-0.00092377,-0.000137906,0,0.0522131,0.0494476
0,-0.00756962,-0.000906271,-0.000119383,0,0.0555209,0.0523329
0,-0.0105834,-0.000890811,-0.000101214,0,0.0590812,0.055167
0,-0.0144928,-0.000876155,-8.33358e-05,0,0.0629139,0.0581097
0,-0.0190556,-0.000861802,-6.5754e-05,0,0.0670404,0.0612389
0,-0.0240933,-0.000847609,-4.84606e-05,0,0.0714836,0.0646225
0,-0.0294268,-0.000833449,-3.14516e-05,0,0.0762682,0.0683306
0,-0.0349035,-0.000819216,-1.4726e-05,0,0.081421,0.0724221
0,-0.0399225,-0.000804323,1.69388e-06,0,0.0869706,0.0770746
0,-0.045529,-0.000789922,1.7825e-05,0,0.0929479,0.081971
0,-0.0482855,-0.00077695,3.36883e-05,0,0.0993057,0.0876343
0,-0.0517853,-0.000759551,4.92856e-05,0,0.106056,0.0935469
0,-0.0534708,-0.000740341,6.45463e-05,0,0.11331,0.10026
0,-0.0527952,-0.000718897,7.94299e-05,0,0.121117,0.107697
0,-0.0490599,-0.000694373,9.38936e-05,0,0.129487,0.115893
0.00195984,-0.0416541,-0.000666009,0.000107879,0,0.138318,0.124832
0.0176386,-0.029147,-0.000632253,0.000121313,0,0.147227,0.134724
0.0333173,-0.0137495,-0.000595428,0.000134093,0,0.15584,0.144767
0.048996,0.0058349,-0.000554198,0.000146149,0,0.164034,0.155371
0.0646747,0.0264159,-0.000511991,0.000157398,0,0.171751,0.165534
0.0803535,0.0496639,-0.000467103,0.000167806,0,0.178948,0.175835
0.0960322,0.0764441,-0.000418692,0.00017735,0,0.185584,0.186392
0.111711,0.103223,-0.00037057,0.000185942,0,0.191615,0.196137
-0.107791,-0.0449043,-0.000278304,0.000193522,0,-0.0381854,-0.0309393
-0.0921125,-0.0221125,-0.00013001,0.000199319,0,-0.0335058,-0.0216027
-0.0764338,-0.00643379,6.25693e-05,0.000202586,0,-0.0295803,-0.0141094
-0.0607551,0.00924494,0.000278793,0.000202394,0,-0.0264663,-0.00816501
-0.0450763,0.0249237,0.000501876,0.000197791,0,-0.0242234,-0.00357305
-0.0293976,0.0406024,0.000715636,0.000189204,0,-0.0229087,-0.00026704
-0.0137189,0.0562811,0.000903982,0.000176387,0,-0.022555,0.00184378
0,0.07,0.00109188,0.000159626,0,-0.0230896,0.0027015
0,0.07,0.00129317,0.000138916,0,-0.0241649,0.00217298
0,0.07,0.00146583,0.000114461,0,-0.025441,0.000322354
0,0.07,0.00157427,8.63534e-05,0,-0.0268344,-0.00272739
0,0.07,0.00161455,5.56271e-05,0,-0.0283291,-0.00654398
0,0.07,0.00160252,2.36381e-05,0,-0.0299273,-0.0105289
0,0.0677159,0.00154447,-8.48444e-06,0,-0.0316363,-0.0149503
0,0.0581346,0.00148076,-3.98092e-05,0,-0.0334651,-0.0193255
0,0.0468798,0.00141736,-6.95836e-05,0,-0.0354239,-0.0239441
0,0.0358741,0.00135553,-9.81844e-05,0,-0.0375234,-0.028553
0,0.0259607,0.00129498,-0.000125542,0,-0.0397755,-0.0330218
0,0.0174676,0.00123616,-0.000151684,0,-0.0421925,-0.0373127
0,0.0116509,0.00118058,-0.000176672,0,-0.0447881,-0.0411047
0,0.00765237,0.00112743,-0.000200478,0,-0.0475765,-0.0447148
0,0.00530641,0.00107661,-0.000223213,0,-0.0505734,-0.0481652
0,0.00532762,0.00102895,-0.000244923,0,-0.0537955,-0.0512687
0,0.00681577,0.000983555,-0.000265621,0,-0.0572606,-0.0543344
0,0.00971056,0.000940414,-0.000285451,0,-0.060988,-0.0573611
0,0.0133902,0.000898919,-0.000304432,0,-0.0649986,-0.0605474
0,0.0180936,0.000859366,-0.000322576,0,-0.0693145,-0.0638262
0,0.0237432,0.000821712,-0.000339922,0,-0.0739599,-0.067261
0,0.0288048,0.000784365,-0.000356507,0,-0.0789606,-0.0713045
0,0.0340426,0.000748157,-0.000372325,0,-0.0843443,-0.0756917
0,0.0381883,0.000711766,-0.000387433,0,-0.0901412,-0.0808273
0,0.0429334,0.000677002,-0.000401796,0,-0.0963834,-0.0861751
0,0.0494402,0.000646493,-0.000415457,0,-0.10322,-0.0921114
0,0.0537288,0.000613154,-0.000428494,0,-0.11072,-0.0985642
0,0.0552775,0.000578231,-0.00044084,0,-0.118809,-0.105876
0,0.0552206,0.000542828,-0.000452562,0,-0.127479,-0.11357
0,0.0511685,0.000504198,-0.000463525,0,-0.136677,-0.12222
-0.0123646,0.042871,0.000461976,-0.000473763,0,-0.146089,-0.131614
-0.0283189,0.0303268,0.000416101,-0.000483151,0,-0.155306,-0.141608
-0.0442731,0.0127839,0.000365813,-0.000491587,0,-0.164132,-0.152336
-0.0602274,-0.00699679,0.000314139,-0.00049908,0,-0.17249,-0.162941
-0.0761817,-0.0290318,0.000261373,-0.000505569,0,-0.180335,-0.173518
-0.092136,-0.0534529,0.000207266,-0.000511008,0,-0.187626,-0.184059
-0.10809,-0.0805179,0.000151335,-0.000515369,0,-0.194322,-0.194593
0.11527,0.0731702,6.0582e-05,-0.00051862,0,0.0389368,0.0367423
0.0993154,0.0320032,-9.33209e-06,-0.000520058,0,0.033568,0.0265923
0.0833611,0.0133611,-0.00012475,-0.000520046,0,0.0289378,0.0178522
0.0674069,-0.00259315,-0.000274688,-0.00051784,0,0.0251013,0.0108154
0.0514526,-0.0185474,-0.000439883,-0.000513021,0,0.0221166,0.00523782
0.0354983,-0.0345017,-0.000602756,-0.000504967,0,0.0200419,0.00100311
0.019544,-0.050456,-0.00074567,-0.000493726,0,0.0189223,-0.00193655
0.00358971,-0.0664103,-0.000852821,-0.000479813,0,0.0187379,-0.00374133
0,-0.07,-0.000953231,-0.000463507,0,0.0192074,-0.00384581
0,-0.07,-0.00104088,-0.000445044,0,0.0199527,-0.00272581
0,-0.07,-0.00109146,-0.000424621,0,0.020812,-0.000335116
0,-0.07,-0.00108943,-0.00040307,0,0.0217464,0.00296065
0,-0.064296,-0.00105326,-0.000381267,0,0.0227497,0.0068612
0,-0.0528359,-0.00101155,-0.000359949,0,0.0238245,0.0108491
0,-0.0399229,-0.000968905,-0.000339572,0,0.0249762,0.0150399
0,-0.0275301,-0.000927419,-0.000320023,0,0.0262108,0.0190976
0,-0.0168464,-0.000888368,-0.00030133,0,0.0275351,0.0227927
0,-0.00859142,-0.000852517,-0.000283465,0,0.0289567,0.0259893
0,-0.0029691,-0.000820072,-0.000266289,0,0.0304833,0.0286735
0,0.000167656,-0.000790872,-0.000249806,0,0.0321235,0.0309056
0,0.0011525,-0.000764558,-0.000233916,0,0.0338864,0.0327821
0,0.000482195,-0.000740598,-0.000218506,0,0.0357818,0.0344378
0,-0.001318,-0.000718432,-0.000203598,0,0.0378202,0.0360092
0,-0.00380573,-0.000697585,-0.000189141,0,0.0400131,0.0376105
0,-0.00655782,-0.000677602,-0.000175106,0,0.0423726,0.0393567
0,-0.00967984,-0.000658588,-0.000161474,0,0.0449119,0.0412177
0,-0.0131037,-0.000640462,-0.000148236,0,0.047645,0.0432388
0,-0.0163284,-0.000622687,-0.000135372,0,0.0505873,0.0455777
0,-0.0194726,-0.000605381,-0.000122847,0,0.053755,0.0481951
0,-0.0224874,-0.000588484,-0.000110671,0,0.0571659,0.0511233
0,-0.0252883,-0.000571902,-9.88248e-05,0,0.0608389,0.0543861
0,-0.0277354,-0.000555477,-8.73204e-05,0,0.0647944,0.0580059
0,-0.0329747,-0.000542546,-7.61452e-05,0,0.0692166,0.0620062
0,-0.0352336,-0.000526954,-6.52426e-05,0,0.0741752,0.066409
0,-0.0353611,-0.000509609,-5.46411e-05,0,0.0795387,0.0712706
0,-0.0323327,-0.000489425,-4.43795e-05,0,0.0852789,0.0767713
0,-0.0264863,-0.000466753,-3.45103e-05,0,0.0913501,0.0826084
0.00694167,-0.0176711,-0.000441429,-2.50846e-05,0,0.0975273,0.0886779
0.023275,-0.00468161,-0.000412178,-1.618e-05,0,0.103383,0.0951734
0.0396083,0.0116626,-0.00037987,-7.83409e-06,0,0.108594,0.101746
0.0559417,0.0312388,-0.000344641,-1.55919e-07,0,0.113033,0.108411
0.072275,0.0520053,-0.00030865,6.89542e-06,0,0.116626,0.114655
0.0886083,0.0750231,-0.000270785,1.32124e-05,0,0.119311,0.120958
0.104942,0.0978433,-0.000233643,1.87606e-05,0,0.121049,0.126693
0.121275,0.121333,-0.000196317,2.35263e-05,0,0.121874,0.132351
0.1225,0.143563,-0.000160856,2.7546e-05,0,0.122129,0.137487
0.1225,0.162102,-0.000129841,3.08518e-05,0,0.12221,0.141614
0.1225,0.176083,-0.000104177,3.35726e-05,0,0.122245,0.144634
0.1225,0.184994,-8.43828e-05,3.57588e-05,0,0.122267,0.146457
0.1225,0.188768,-7.05052e-05,3.75257e-05,0,0.122284,0.14709
0.1225,0.187699,-6.22042e-05,3.89913e-05,0,0.1223,0.146619
0.1225,0.182229,-5.89789e-05,4.02644e-05,0,0.122314,0.145154
0.1225,0.173633,-5.94491e-05,4.14585e-05,0,0.122327,0.143028
0.1225,0.162732,-6.27161e-05,4.26458e-05,0,0.122339,0.14041
0.1225,0.149944,-6.83062e-05,4.3892e-05,0,0.122351,0.137377
0.1225,0.136891,-7.44759e-05,4.52442e-05,0,0.122361,0.13436
0.1225,0.124288,-8.04476e-05,4.6709e-05,0,0.122371,0.131482
0.1225,0.112804,-8.54971e-05,4.82941e-05,0,0.12238,0.128893
0.1225,0.103006,-8.90179e-05,4.99838e-05,0,0.122389,0.126721
0.1225,0.0953079,-9.05627e-05,5.17501e-05,0,0.122397,0.125053
0.1225,0.0900024,-8.98146e-05,5.35552e-05,0,0.122404,0.123951
0.1225,0.0871951,-8.6657e-05,5.53544e-05,0,0.122411,0.123429
0.1225,0.0867879,-8.11919e-05,5.71002e-05,0,0.122417,0.123456
0.1225,0.0885238,-7.36915e-05,5.87432e-05,0,0.122423,0.123965
0.1225,0.0921463,-6.44292e-05,6.02358e-05,0,0.122428,0.124896
0.1225,0.0969565,-5.41451e-05,6.15614e-05,0,0.122433,0.126067
0.1225,0.102776,-4.30289e-05,6.26854e-05,0,0.122438,0.127462
0.1225,0.109125,-3.15903e-05,6.35905e-05,0,0.122442,0.128956
0.1225,0.11556,-2.02974e-05,6.4268e-05,0,0.122447,0.130448
0.1225,0.121692,-9.56339e-06,6.47191e-05,0,0.12245,0.13185
0.1225,0.127282,3.60699e-07,6.4948e-05,0,0.122454,0.133116
0.1225,0.131806,8.92243e-06,6.49705e-05,0,0.122455,0.134099
0.1225,0.135275,1.61412e-05,6.48221e-05,0,0.122453,0.134844
0.1225,0.137543,2.18714e-05,6.45173e-05,0,0.122451,0.135307
0.1225,0.13857,2.60798e-05,6.41028e-05,0,0.122448,0.135482
0.1225,0.138423,2.88515e-05,6.35959e-05,0,0.122446,0.13539
0.1225,0.137238,3.03401e-05,6.303e-05,0,0.122444,0.135065
0.1225,0.135208,3.07619e-05,6.24291e-05,0,0.122442,0.134555
0.1225,0.132612,3.04236e-05,6.18154e-05,0,0.122441,0.133928
0.1225,0.129509,2.93988e-05,6.1206e-05,0,0.12244,0.133187
0.1225,0.126273,2.80918e-05,6.0614e-05,0,0.122439,0.132433
0.1225,0.123062,2.66807e-05,6.00462e-05,0,0.122438,0.131693
0.1225,0.119995,2.52961e-05,5.9507e-05,0,0.122437,0.130992
0.1225,0.117387,2.42796e-05,5.89955e-05,0,0.122436,0.130411
0.1225,0.115225,2.36223e-05,5.85059e-05,0,0.122435,0.129933
0.1225,0.113634,2.34622e-05,5.80311e-05,0,0.122434,0.129593
0.1225,0.112662,2.38523e-05,5.75612e-05,0,0.122433,0.129397
0.1225,0.112297,2.47834e-05,5.70853e-05,0,0.122432,0.129341
0.1225,0.112477,2.61934e-05,5.65924e-05,0,0.12243,0.129407
0.1225,0.113112,2.79892e-05,5.60721e-05,0,0.122428,0.129573
0.1225,0.114114,3.00785e-05,5.55168e-05,0,0.122426,0.129821
0.1225,0.115404,3.23811e-05,5.49204e-05,0,0.122424,0.130131
0.1225,0.116853,3.47616e-05,5.42786e-05,0,0.122422,0.130472
0.1225,0.118406,3.71632e-05,5.35893e-05,0,0.122421,0.130834
0.1225,0.119962,3.94811e-05,5.2852e-05,0,0.122419,0.131192
0.1225,0.121338,4.15241e-05,5.20705e-05,0,0.122418,0.1315
0.1225,0.122535,4.32973e-05,5.12451e-05,0,0.122416,0.131766
0.1225,0.123481,4.47264e-05,5.03836e-05,0,0.122415,0.131971
0.1225,0.124139,4.57765e-05,4.94927e-05,0,0.122414,0.132108
0.1225,0.124494,4.64348e-05,4.85798e-05,0,0.122413,0.132174
0.1225,0.124552,4.67131e-05,4.76524e-05,0,0.122412,0.132173
0.1225,0.12434,4.66434e-05,4.67187e-05,0,0.122411,0.13211
0.1225,0.123899,4.62736e-05,4.57857e-05,0,0.12241,0.131997
0.1225,0.123281,4.56629e-05,4.48593e-05,0,0.122409,0.131845
0.1225,0.122547,4.488e-05,4.39445e-05,0,0.122408,0.131669
0.1225,0.121766,4.40011e-05,4.30449e-05,0,0.122408,0.131486
0.1225,0.120997,4.30926e-05,4.21627e-05,0,0.122407,0.131309
0.1225,0.120266,4.21853e-05,4.1299e-05,0,0.122407,0.131142
0.1225,0.119636,4.13474e-05,4.04522e-05,0,0.122406,0.131001
0.1225,0.119136,4.06133e-05,3.96223e-05,0,0.122406,0.130892
0.1225,0.118769,3.99872e-05,3.88085e-05,0,0.122405,0.130813
0.1225,0.118546,3.94833e-05,3.80072e-05,0,0.122405,0.130769
0.1225,0.11846,3.90966e-05,3.72163e-05,0,0.122404,0.130755
0.1225,0.118496,3.88117e-05,3.64336e-05,0,0.122404,0.130769
0.1225,0.118631,3.86064e-05,3.56567e-05,0,0.122404,0.130805
0.1225,0.118841,3.84553e-05,3.4884e-05,0,0.122403,0.130857
0.1225,0.1191,3.8334e-05,3.41146e-05,0,0.122403,0.130919
0.1225,0.119389,3.82225e-05,3.33476e-05,0,0.122403,0.130987
0.1225,0.119691,3.81036e-05,3.25829e-05,0,0.122402,0.131057
0.1225,0.119989,3.79619e-05,3.18205e-05,0,0.122402,0.131125
0.1225,0.120269,3.77821e-05,3.1061e-05,0,0.122402,0.131189
0.1225,0.120516,3.75524e-05,3.03049e-05,0,0.122402,0.131244
0.1225,0.12072,3.72599e-05,2.95534e-05,0,0.122402,0.131289
0.1225,0.120869,3.68966e-05,2.88076e-05,0,0.122401,0.13132
0.1225,0.120958,3.64564e-05,2.8069e-05,0,0.122401,0.131338
0.1225,0.120987,3.59406e-05,2.7339e-05,0,0.122401,0.131341
0.1225,0.120958,3.53549e-05,2.66191e-05,0,0.122401,0.131332
0.1225,0.120881,3.47092e-05,2.59108e-05,0,0.122401,0.131312
0.1225,0.120768,3.40181e-05,2.52154e-05,0,0.122401,0.131284
0.1225,0.12063,3.32939e-05,2.45336e-05,0,0.122401,0.131251
0.1225,0.120479,3.25519e-05,2.38663e-05,0,0.122401,0.131215
0.1225,0.120327,3.18046e-05,2.32138e-05,0,0.122401,0.13118
0.1225,0.120184,3.10639e-05,2.25762e-05,0,0.1224,0.131147
0.1225,0.120061,3.03418e-05,2.19534e-05,0,0.1224,0.13112
0.1225,0.119962,2.96451e-05,2.13451e-05,0,0.1224,0.131098
0.1225,0.119895,2.8982e-05,2.07505e-05,0,0.1224,0.131084
0.1225,0.119857,2.83494e-05,2.01695e-05,0,0.1224,0.131077
0.1225,0.119846,2.77453e-05,1.96013e-05,0,0.1224,0.131075
0.1225,0.119855,2.71652e-05,1.90452e-05,0,0.1224,0.131079
0.1225,0.119884,2.66069e-05,1.85004e-05,0,0.1224,0.131086
0.1225,0.119925,2.60644e-05,1.79672e-05,0,0.1224,0.131096
0.1225,0.119975,2.55343e-05,1.74448e-05,0,0.1224,0.131108
0.1225,0.12003,2.50114e-05,1.6933e-05,0,0.1224,0.131121
0.1225,0.120084,2.4492e-05,1.64318e-05,0,0.1224,0.131133
0.1225,0.120135,2.39734e-05,1.59409e-05,0,0.1224,0.131145
0.1225,0.12018,2.34528e-05,1.54604e-05,0,0.1224,0.131155
0.1225,0.120219,2.29297e-05,1.499e-05,0,0.1224,0.131164
0.1225,0.120248,2.24022e-05,1.45301e-05,0,0.1224,0.13117
