-0.215,0,-0.205,0
-0.215,0,-0.205,0
-0.215,0,-0.205,0
-0.215,0,-0.205,0
-0.215,0,-0.205,0
-0.215,0,-0.205,0
-0.215,0,-0.205,0
-0.215,0,-0.205,0
-0.215,0,-0.205,0
-0.215,0,-0.205,0
-0.215,0,-0.205,0
-0.215,0,-0.205,0
-0.215,0,-0.205,0
-0.215,0,-0.205,0
-0.215,0,-0.205,0
-0.215,0,-0.205,0
-0.215,0,-0.205,0
-0.215,0,-0.205,0
-0.215,0,-0.205,0
-0.215,0,-0.205,0
-0.215,0,-0.205,0
-0.215,0,-0.205,0
-0.215,0,-0.205,0
-0.215,0,-0.205,0
-0.215,0,-0.205,0
-0.215,0,-0.205,0
-0.215,0,-0.205,0
-0.215,0,-0.205,0
-0.215,0,-0.205,0
-0.215,0,-0.205,0
-0.215,0,-0.205,0
-0.215,0,-0.205,0
-0.215,0,-0.205,0
-0.215,0,-0.205,0
-0.215,0,-0.205,0
-0.215,0,-0.205,0
-0.215,0,-0.205,0
-0.215,0,-0.205,0
-0.215,0,-0.205,0
-0.215,0,-0.205,0
-0.215,0,-0.205,0
-0.215,0,-0.205,0
-0.215,0,-0.205,0
-0.215,0,-0.205,0
-0.215,0,-0.205,0
-0.215,0,-0.205,0
-0.215,0,-0.205,0
-0.215,0,-0.205,0
-0.215,0,-0.205,0
-0.215,0,-0.205,0
-0.215,0,-0.205,0
-0.215,0,-0.205,0
-0.215,0,-0.205,0
-0.215,0,-0.205,0
-0.215,0,-0.205,0
-0.215,0,-0.205,0
-0.215,0,-0.205,0
-0.215,0,-0.205,0
-0.215,0,-0.205,0
-0.215,0,-0.205,0
-0.215,0,-0.205,0
-0.215,0,-0.205,0
-0.215,0,-0.205,0
-0.215,0,-0.205,0
-0.215,0,-0.205,0
-0.215,0,-0.205,0
-0.215,0,-0.205,0
-0.215,0,-0.205,0
-0.215,0,-0.205,0
-0.215,0,-0.205,0
-0.215,0,-0.205,0
-0.215,0,-0.205,0
-0.215,0,-0.205,0
-0.215,0,-0.205,0
-0.215,0,-0.205,0
-0.215,0,-0.205,0
-0.215,0,-0.205,0
-0.215,0,-0.205,0
-0.215,0,-0.205,0
-0.215,0,-0.205,0
-0.215,0,-0.205,0
-0.215,0,-0.205,0
-0.215,0,-0.205,0
-0.215,0,-0.205,0
-0.215,0,-0.205,0
-0.215,0,-0.205,0
-0.215,0,-0.205,0
-0.215,0,-0.205,0
-0.215,0,-0.205,0
-0.215,0,-0.205,0
-0.215,0,-0.205,0
-0.215,0,-0.205,0
-0.215,0,-0.205,0
-0.215,0,-0.205,0
-0.215,0,-0.205,0
-0.215,0,-0.205,0
-0.215,0,-0.205,0
-0.215,0,-0.205,0
-0.215,0,-0.205,0
-0.215,0,-0.205,0
-0.215,0,-0.205,0
-0.215,0,-0.205,0
-0.215,0,-0.205,0
-0.215,0,-0.205,0
-0.215,0,-0.205,0
-0.215,0,-0.205,0
-0.215,0,-0.205,0
-0.215,0,-0.205014,0
-0.215,0,-0.205087,-0
-0.215,0,-0.205224,-0
-0.215,0,-0.205441,-0
-0.215,0,-0.205679,-0
-0.215,0,-0.205969,-0
-0.215,0,-0.206273,-0
-0.215,0,-0.206667,-0
-0.215,0,-0.207076,-0
-0.215,0,-0.207471,-0
-0.215,0,-0.207909,-0
-0.215,0,-0.208353,-0
-0.215,0,-0.208896,-0
-0.215,0,-0.209339,-0
-0.215,0,-0.209887,-0
-0.215,0,-0.210325,-0
-0.215,0,-0.210834,-0
-0.215,0,-0.211311,-0
-0.215,0,-0.211789,-0
-0.215,0,-0.212262,-0
-0.215,0,-0.212691,-0
-0.215,0,-0.213167,-0
-0.215,0,-0.213503,-0
-0.215,0,-0.213846,-0
-0.215,0,-0.214159,-0
-0.215,0,-0.21443,-0
-0.215,0,-0.214678,-0
-0.215,0,-0.214843,-0
-0.215,0,-0.214951,-0
-0.215,0,-0.214996,-0
-0.215,0,-0.215,-0
-0.215,0,-0.215,0
-0.215,0,-0.215,0
-0.215,0,-0.215,0
-0.215,0,-0.215,0
-0.215,0,-0.215,0
-0.215,0,-0.215,0
0.235,0.211085,0,0
0.235,0.211085,0,0
0.235,0.211085,0,0
0.235,0.211085,0,0
0.235,0.211085,0,0
0.235,0.211085,0,0
0.235,0.211085,0,0
0.235,0.211085,0,0
0.185,0.211012,0,0
0.226154,0.211244,0,-0.025944
0.182862,0.210428,0,-0.0111762
0.18357,0.209932,0,-0.00944003
0.1826,0.209208,0,-0.0089696
0.184806,0.208643,0,-0.00848796
0.190323,0.208545,0,-0.00802334
0.195778,0.20868,0,-0.00737851
0.200754,0.209048,0,-0.00683884
0.205016,0.209633,0,-0.00634401
0.217672,0.213003,0,-0.00693259
0.221429,0.214586,0,-0.00673811
0.224665,0.216314,0,-0.0063492
0.227186,0.217954,0,-0.00571263
0.230642,0.220522,0,-0.00530496
0.232696,0.222594,0,-0.00449854
0.234268,0.224499,0,-0.00381801
0.235634,0.226529,0,-0.00298394
0.236565,0.228428,0,-0.00247261
0.237169,0.230045,0,-0.00193975
0.2375,0.23148,0,-0.00161673
0.23754,0.232556,0,-0.00156515
0.237303,0.233402,0,-0.00193026
0.236757,0.23384,0,-0.00287087
0.235911,0.233841,0,-0.00458852
0.234275,0.234006,0,-0.00763707
0.23209,0.234544,0,-0.011895
0.229538,0.234938,0,-0.0168777
0.226728,0.235188,0,-0.0223394
0.224214,0.235295,0,-0.0271795
0.236452,0.235298,0,0
0.236452,0.235298,0,0
0.236452,0.235298,0,0
0.236452,0.235298,0,0
0.236452,0.235298,0,0
0.236452,0.235298,0,0
0.236452,0.235298,0,0
-0.245,0,-0.229933,0
-0.245,0,-0.229933,0
-0.245,0,-0.229933,0
-0.245,0,-0.229933,0
-0.245,0,-0.229933,0
-0.245,0,-0.229933,0
-0.245,0,-0.229933,0
-0.195,0,-0.229933,0
-0.195,0,-0.229771,0
-0.211169,0,-0.229699,0.0150257
-0.183985,0,-0.228706,0.0110148
-0.185218,0,-0.227952,0.00978237
-0.185726,0,-0.226826,0.00927402
-0.195179,0,-0.226475,0.00899914
-0.210352,0,-0.227391,0.00887966
-0.216734,0,-0.227721,0.00793298
-0.221929,0,-0.228262,0.00626802
-0.226086,0,-0.228972,0.00626802
-0.23062,0,-0.23014,0.00551455
-0.233081,0,-0.23099,0.00487671
-0.236567,0,-0.232509,0.00422434
-0.23889,0,-0.233853,0.0035163
-0.241047,0,-0.235392,0.00309366
-0.242486,0,-0.236712,0.00257143
-0.243847,0,-0.238173,0.00220339
-0.244724,0,-0.239378,0.00189776
-0.245412,0,-0.240592,0.00173071
-0.245764,0,-0.24156,0.00172601
-0.245843,0,-0.242312,0.00196931
-0.245616,0,-0.242779,0.00254011
-0.24509,0,-0.242904,0.00359453
-0.244063,0,-0.24255,0.00530939
-0.242542,0,-0.241653,0.00789598
-0.240408,0,-0.241964,0.0115629
-0.237537,0,-0.242224,0.0165645
-0.233639,0,-0.242423,0.0230244
-0.229346,0,-0.242554,0.0293309
-0.22613,0,-0.242594,0.0338624
-0.22613,0,-0.242594,0
-0.22613,0,-0.242594,0
-0.22613,0,-0.242594,0
-0.22613,0,-0.242594,0
-0.22613,0,-0.242594,0
-0.22613,0,-0.242594,0
-0.22613,0,-0.242594,0
0.245,0.238556,0,0
0.245,0.238556,0,0
0.245,0.238556,0,0
0.245,0.238556,0,0
0.245,0.238556,0,0
0.245,0.238556,0,0
0.245,0.238556,0,0
0.195,0.238551,0,0
0.195,0.238254,0,0
0.211865,0.238177,0,-0.015462
0.183116,0.236939,0,-0.0118835
0.184291,0.235752,0,-0.0107086
0.193322,0.235049,0,-0.0102076
0.200328,0.234598,0,-0.00889882
0.208577,0.234295,0,-0.00889882
0.213918,0.234143,0,-0.00821578
0.218686,0.234168,0,-0.00764287
0.222469,0.23435,0,-0.00714007
0.226467,0.234794,0,-0.00665523
0.229804,0.23541,0,-0.00614704
0.232248,0.236051,0,-0.00563857
0.235309,0.237098,0,-0.005337
0.237445,0.238003,0,-0.00476339
0.23943,0.239035,0,-0.00436645
0.240968,0.239999,0,-0.00401983
0.242172,0.24089,0,-0.00377856
0.243105,0.241724,0,-0.00362472
0.243607,0.242286,0,-0.00364467
0.243861,0.242721,0,-0.00390358
0.243755,0.242848,0,-0.00448688
0.243302,0.242652,0,-0.00554885
0.242453,0.242049,0,-0.007237
0.240981,0.240997,0,-0.00977978
0.238272,0.241062,0,-0.014119
0.236405,0.241115,0,-0.0171872
0.232714,0.241153,0,-0.022424
0.228616,0.241175,0,-0.032354
0.225254,0.241181,0,-0.032354
0.225254,0.241181,0,0
0.225254,0.241181,0,0
0.225254,0.241181,0,0
0.225254,0.241181,0,0
0.225254,0.241181,0,0
0.225254,0.241181,0,0
0.225254,0.241181,0,0
-0.245,0,-0.239763,0
-0.245,0,-0.239763,0
-0.245,0,-0.239763,0
-0.245,0,-0.239763,0
-0.245,0,-0.239763,0
-0.245,0,-0.239763,0
-0.245,0,-0.239763,0
-0.195,0,-0.239751,0
-0.184852,0,-0.23945,0.0101484
-0.182856,0,-0.238815,0.0121435
-0.183438,0,-0.237891,0.011562
-0.183751,0,-0.23667,0.011249
-0.1906,0,-0.235883,0.010647
-0.199017,0,-0.235351,0.00997498
-0.205957,0,-0.234972,0.00926715
-0.212088,0,-0.234752,0.00863962
-0.216649,0,-0.234649,0.00796669
-0.221511,0,-0.234828,0.00753085
-0.22473,0,-0.23505,0.00696859
-0.228163,0,-0.235552,0.00646788
-0.23098,0,-0.2362,0.00602538
-0.233845,0,-0.237048,0.00547723
-0.236212,0,-0.237956,0.00512178
-0.238057,0,-0.23881,0.00463657
-0.239687,0,-0.239717,0.00444627
-0.240866,0,-0.240482,0.00423937
-0.241741,0,-0.241144,0.00413507
-0.24235,0,-0.241702,0.00453507
-0.242547,0,-0.241962,0.00453507
-0.242457,0,-0.241998,0.00521491
-0.242005,0,-0.241706,0.00635816
-0.241127,0,-0.240992,0.0081464
-0.244472,0,-0.244802,0.0143485
-0.240184,0,-0.24493,0.02175
-0.23638,0,-0.245023,0.0275889
-0.231984,0,-0.245089,0.0333695
-0.227899,0,-0.245122,0.0381058
-0.248896,0,-0.245126,0
-0.248896,0,-0.245126,0
-0.248896,0,-0.245126,0
-0.248896,0,-0.245126,0
-0.248896,0,-0.245126,0
-0.248896,0,-0.245126,0
-0.248896,0,-0.245126,0
0.245,0.242967,0,0
0.245,0.242967,0,0
0.245,0.242967,0,0
0.245,0.242967,0,0
0.245,0.242967,0,0
0.245,0.242967,0,0
0.245,0.242967,0,0
0.245,0.242967,0,0
0.195,0.24278,0,0
0.222698,0.242788,0,-0.0214411
0.180366,0.241553,0,-0.0146339
0.180711,0.240614,0,-0.0142895
0.180685,0.239047,0,-0.0143149
0.181025,0.237395,0,-0.0139751
0.186291,0.236154,0,-0.0135208
0.193566,0.235225,0,-0.0132851
0.199463,0.234317,0,-0.0130224
0.203682,0.23362,0,-0.0128777
0.20805,0.233058,0,-0.0129989
0.219725,0.235251,0,-0.0146444
0.223323,0.235435,0,-0.0151239
0.226356,0.235802,0,-0.0158474
0.229402,0.236389,0,-0.0158474
0.2322,0.237151,0,-0.0159579
0.234857,0.238171,0,-0.0162405
0.237157,0.239246,0,-0.0161598
0.239023,0.240266,0,-0.0157858
0.240703,0.241214,0,-0.0148721
0.242026,0.242241,0,-0.0148721
0.242825,0.242852,0,-0.0143359
0.243164,0.243135,0,-0.0141127
0.243023,0.243016,0,-0.0143842
0.242284,0.242338,0,-0.0153751
0.240921,0.241678,0,-0.0173377
0.238224,0.241646,0,-0.0213356
0.235127,0.241625,0,-0.0250919
0.23123,0.24161,0,-0.0296536
0.227437,0.241604,0,-0.0335721
0.246918,0.241604,0,0
0.246918,0.241604,0,0
0.246918,0.241604,0,0
0.246918,0.241604,0,0
0.246918,0.241604,0,0
0.246918,0.241604,0,0
0.246918,0.241604,0,0
-0.245,0,-0.242304,0
-0.245,0,-0.242304,0
-0.245,0,-0.242304,0
-0.245,0,-0.242304,0
-0.245,0,-0.242304,0
-0.245,0,-0.242304,0
-0.245,0,-0.242304,0
-0.245,0,-0.242304,0
-0.195,0,-0.242192,0
-0.194922,0,-0.241807,7.82776e-05
-0.197094,0,-0.241174,0.000764152
-0.20823,0,-0.240813,0.000643561
-0.217169,0,-0.240594,5.41983e-05
-0.231786,0,-0.241275,-7.06336e-05
-0.236625,0,-0.241558,-0.000888084
-0.240261,0,-0.24196,-0.00168848
-0.242567,0,-0.242359,-0.00248049
-0.244222,0,-0.242785,-0.00306328
-0.245593,0,-0.243288,-0.00356221
-0.246714,0,-0.243834,-0.00399386
-0.247856,0,-0.2445,-0.00442654
-0.248995,0,-0.245273,-0.00493563
-0.249968,0,-0.246078,-0.00559654
-0.251117,0,-0.247097,-0.00634432
-0.2523,0,-0.248224,-0.00729371
-0.25342,0,-0.2494,-0.00851256
-0.254565,0,-0.250697,-0.00989935
-0.255576,0,-0.252022,-0.0119792
-0.256293,0,-0.253106,-0.0142883
-0.257012,0,-0.254231,-0.0168935
-0.257877,0,-0.255573,-0.0198781
-0.258725,0,-0.256845,-0.0232714
-0.259702,0,-0.258241,-0.0271268
-0.260611,0,-0.25865,-0.0319653
-0.259158,0,-0.259059,-0.0300797
-0.259551,0,-0.259346,-0.0334989
-0.259947,0,-0.259555,-0.0375864
-0.260643,0,-0.25966,-0.0431515
-0.248789,0,-0.259675,0
-0.248789,0,-0.259675,0
-0.248789,0,-0.259675,0
-0.248789,0,-0.259675,0
-0.248789,0,-0.259675,0
-0.248789,0,-0.259675,0
-0.248789,0,-0.259675,0
0.245,0.270555,0,0
0.245,0.270555,0,0
0.245,0.270555,0,0
0.245,0.270555,0,0
0.245,0.270555,0,0
0.245,0.270555,0,0
0.245,0.270555,0,0
0.245,0.270555,0,0
0.195,0.270431,0,0
0.184949,0.26986,0,-0.0100505
0.185114,0.268793,0,-0.00988587
0.185458,0.267197,0,-0.00954161
0.185192,0.265144,0,-0.009808
0.184999,0.262905,0,-0.0100007
0.189753,0.260464,0,-0.0101432
0.194827,0.258512,0,-0.010464
0.199052,0.256595,0,-0.0108653
0.203122,0.254511,0,-0.0114199
0.206847,0.25262,0,-0.0120943
0.218721,0.253346,0,-0.0144104
0.222223,0.251854,0,-0.0153184
0.225237,0.250952,0,-0.0160651
0.228564,0.250033,0,-0.0167474
0.231524,0.249423,0,-0.0171899
0.234179,0.249042,0,-0.017428
0.236421,0.248817,0,-0.0173876
0.23852,0.248571,0,-0.0170056
0.240015,0.248392,0,-0.0161945
0.241761,0.248257,0,-0.0161053
0.242635,0.247801,0,-0.0151625
0.243044,0.247124,0,-0.0147019
0.242947,0.24609,0,-0.0147179
0.242184,0.244468,0,-0.015989
0.240843,0.243116,0,-0.0175034
0.237741,0.24249,0,-0.0223168
0.234357,0.24202,0,-0.0264646
0.230145,0.241705,0,-0.0314023
0.226314,0.241604,0,-0.0355894
0.226314,0.241604,0,0
0.226314,0.241604,0,0
0.226314,0.241604,0,0
0.226314,0.241604,0,0
0.226314,0.241604,0,0
0.226314,0.241604,0,0
0.226314,0.241604,0,0
-0.245,0,-0.238898,0
-0.245,0,-0.238898,0
-0.245,0,-0.238898,0
-0.245,0,-0.238898,0
-0.245,0,-0.238898,0
-0.245,0,-0.238898,0
-0.245,0,-0.238898,0
-0.195,0,-0.238892,0
-0.195,0,-0.238628,0
-0.222742,0,-0.238679,0.0199009
-0.180826,0,-0.237151,0.0141743
-0.181747,0,-0.236151,0.0132529
-0.18657,0,-0.235081,0.0127618
-0.195813,0,-0.234525,0.0120018
-0.20379,0,-0.234126,0.0111606
-0.210719,0,-0.233933,0.0103603
-0.215713,0,-0.233866,0.0095689
-0.220354,0,-0.234028,0.00901154
-0.223894,0,-0.234316,0.00850774
-0.227588,0,-0.234846,0.00793942
-0.230811,0,-0.235599,0.00752779
-0.23326,0,-0.236367,0.00705237
-0.235874,0,-0.237393,0.00660594
-0.238022,0,-0.238419,0.00612365
-0.2399,0,-0.239499,0.0057326
-0.241277,0,-0.240437,0.0054813
-0.242294,0,-0.241255,0.00536488
-0.242929,0,-0.241871,0.00541733
-0.243263,0,-0.242306,0.0057217
-0.243205,0,-0.24245,0.00612296
-0.242859,0,-0.242307,0.00748959
-0.242037,0,-0.241716,0.00924205
-0.240715,0,-0.240722,0.0117496
-0.238733,0,-0.240771,0.0152024
-0.236837,0,-0.240809,0.0178478
-0.233277,0,-0.240838,0.0231886
-0.22913,0,-0.240857,0.0283451
-0.225764,0,-0.240862,0.0323737
-0.225764,0,-0.240862,0
-0.225764,0,-0.240862,0
-0.225764,0,-0.240862,0
-0.225764,0,-0.240862,0
-0.225764,0,-0.240862,0
-0.225764,0,-0.240862,0
-0.225764,0,-0.240862,0
0.245,0.244644,0,0
0.245,0.244644,0,0
0.245,0.244644,0,0
0.245,0.244644,0,0
0.245,0.244644,0,0
0.245,0.244644,0,0
0.245,0.244644,0,0
0.295,0.244645,0,0
0.289826,0.244843,0,0
0.251381,0.244741,0,0.00842939
0.241147,0.244542,0,0.00680613
0.233286,0.244081,0,0.00560635
0.234849,0.243894,0,0.00459987
0.237574,0.243899,0,0.00409535
0.241726,0.24423,0,0.00400618
0.245337,0.244769,0,0.00439125
0.247894,0.245365,0,0.00510891
0.249601,0.245964,0,0.00594389
0.25564,0.24811,0,0.00735573
0.257278,0.249183,0,0.00735573
0.258457,0.250286,0,0.00812175
0.259823,0.251603,0,0.00904457
0.261182,0.25308,0,0.0103646
0.262221,0.254448,0,0.0121843
0.263342,0.256045,0,0.0142563
0.26435,0.25756,0,0.0166549
0.260023,0.255358,0,0.0188751
0.260947,0.256678,0,0.0220514
0.262013,0.258171,0,0.0258855
0.263322,0.259895,0,0.0305624
0.265218,0.262266,0,0.0363048
0.267324,0.264831,0,0.0433535
0.270391,0.268371,0,0.0514788
0.273354,0.268714,0,0.0609806
0.272735,0.269208,0,0.0619645
0.274746,0.269626,0,0.0685777
0.274951,0.269941,0,0.0699996
0.272065,0.270073,0,0.0699993
0.24727,0.27008,0,0
0.24727,0.27008,0,0
0.24727,0.27008,0,0
0.24727,0.27008,0,0
0.24727,0.27008,0,0
0.24727,0.27008,0,0
0.24727,0.27008,0,0
-0.245,0,-0.281619,0
-0.245,0,-0.281619,0
-0.245,0,-0.281619,0
-0.245,0,-0.281619,0
-0.245,0,-0.281619,0
-0.245,0,-0.281619,0
-0.245,0,-0.281619,0
-0.245,0,-0.281619,0
-0.195,0,-0.281486,0
-0.193199,0,-0.280813,0.0127572
-0.184038,0,-0.279552,0.0109618
-0.184206,0,-0.278006,0.010794
-0.183788,0,-0.275676,0.011212
-0.183442,0,-0.272723,0.0115582
-0.187319,0,-0.270351,0.0117093
-0.192768,0,-0.267981,0.0119213
-0.199513,0,-0.265789,0.0122838
-0.204331,0,-0.263478,0.0123006
-0.208594,0,-0.260697,0.0123916
-0.222572,0,-0.261837,0.0142875
-0.225986,0,-0.260375,0.0138167
-0.229368,0,-0.259153,0.0135605
-0.233241,0,-0.258038,0.0133098
-0.236454,0,-0.257336,0.0128189
-0.2393,0,-0.256696,0.0119762
-0.241474,0,-0.256297,0.0110636
-0.243359,0,-0.255838,0.010029
-0.244893,0,-0.255036,0.00918838
-0.245651,0,-0.253988,0.00822165
-0.24597,0,-0.252742,0.00787208
-0.245804,0,-0.251215,0.00808695
-0.245185,0,-0.24946,0.00878773
-0.24395,0,-0.247156,0.011167
-0.241967,0,-0.24506,0.0145007
-0.238071,0,-0.244131,0.0207393
-0.23399,0,-0.243519,0.0269288
-0.229508,0,-0.243114,0.0326888
-0.246907,0,-0.242953,0
-0.246863,0,-0.242952,0
-0.246863,0,-0.242952,0
-0.246863,0,-0.242952,0
-0.246863,0,-0.242952,0
-0.246863,0,-0.242952,0
-0.246863,0,-0.242952,0
-0.246863,0,-0.242952,0
0.245,0.238776,0,0
0.245,0.238776,0,0
0.245,0.238776,0,0
0.245,0.238776,0,0
0.245,0.238776,0,0
0.245,0.238776,0,0
0.245,0.238776,0,0
0.195,0.238775,0,0
0.195,0.238426,0,0
0.240802,0.238804,0,-0.0157845
0.179216,0.237171,0,-0.0157845
0.180153,0.23613,0,-0.0148473
0.183298,0.234879,0,-0.0144442
0.192756,0.234248,0,-0.0129156
0.200586,0.233766,0,-0.0129156
0.207329,0.233477,0,-0.0122494
0.212468,0.233284,0,-0.0115082
0.217061,0.233305,0,-0.0110038
0.221194,0.233508,0,-0.0106627
0.224501,0.233833,0,-0.0102848
0.227737,0.234408,0,-0.0100409
0.230735,0.235188,0,-0.00977558
0.233667,0.236234,0,-0.00954346
0.236131,0.237334,0,-0.00907292
0.238394,0.238549,0,-0.00854532
0.240101,0.239625,0,-0.00808883
0.241571,0.240704,0,-0.00790986
0.242497,0.241504,0,-0.00773343
0.243126,0.242169,0,-0.00775831
0.243308,0.242504,0,-0.00806876
0.243117,0.242511,0,-0.00881537
0.242506,0.242112,0,-0.0117887
0.241374,0.241222,0,-0.0117887
0.239503,0.24129,0,-0.0152147
0.237402,0.241344,0,-0.0183363
0.234056,0.241385,0,-0.0229162
0.230176,0.24141,0,-0.027696
0.22654,0.241418,0,-0.0315072
0.245232,0.241418,0,0
0.245232,0.241418,0,0
0.245232,0.241418,0,0
0.245232,0.241418,0,0
0.245232,0.241418,0,0
0.245232,0.241418,0,0
0.245232,0.241418,0,0
-0.245,0,-0.241757,0
-0.245,0,-0.241757,0
-0.245,0,-0.241757,0
-0.245,0,-0.241757,0
-0.245,0,-0.241757,0
-0.245,0,-0.241757,0
-0.245,0,-0.241757,0
-0.295,0,-0.241773,0
-0.295,0,-0.242254,0
-0.316163,0,-0.243006,-0.0324084
-0.300805,0,-0.243722,-0.0229159
-0.293701,0,-0.244668,-0.0211177
-0.286467,0,-0.245394,-0.0190355
-0.285563,0,-0.24679,-0.0178975
-0.287363,0,-0.248665,-0.0175917
-0.292516,0,-0.251637,-0.0183215
-0.297031,0,-0.254708,-0.0208687
-0.302324,0,-0.258851,-0.025301
-0.305403,0,-0.262456,-0.0324675
-0.307255,0,-0.265894,-0.0423304
-0.305925,0,-0.267976,-0.0559704
-0.301891,0,-0.269284,-0.067819
-0.297999,0,-0.269878,-0.0699449
-0.360449,0,-0.307388,-0.0698768
-0.363606,0,-0.313548,-0.0697722
-0.364245,0,-0.32035,-0.0696131
-0.359833,0,-0.324092,-0.0692253
-0.352329,0,-0.323058,-0.0674766
-0.351718,0,-0.330661,-0.0620272
-0.344977,0,-0.327967,-0.0540426
-0.340437,0,-0.327801,-0.0540426
-0.329752,0,-0.321926,-0.0540426
-0.330192,0,-0.325994,-0.0540426
-0.322859,0,-0.326888,-0.054131
-0.311952,0,-0.328569,-0.0543265
-0.296961,0,-0.329699,-0.054852
-0.285069,0,-0.330343,-0.0553708
-0.271267,0,-0.330358,0
-0.271267,0,-0.330358,0
-0.271267,0,-0.330358,0
-0.271267,0,-0.330358,0
-0.271267,0,-0.330358,0
-0.271267,0,-0.330358,0
-0.271267,0,-0.330358,0
0.245,0.337312,0,0
0.245,0.337312,0,0
0.245,0.337312,0,0
0.245,0.337312,0,0
0.245,0.337312,0,0
0.245,0.337312,0,0
0.245,0.337312,0,0
0.245,0.337312,0,0
0.195,0.337162,0,0
0.206252,0.336156,0,0.0112519
0.203279,0.334539,0,0.00827913
0.203651,0.332339,0,0.00865137
0.203419,0.329367,0,0.00841881
0.203301,0.326243,0,0.00830095
0.209649,0.322835,0,0.00834209
0.219585,0.31983,0,0.00846289
0.227455,0.316676,0,0.00870952
0.233528,0.313434,0,0.00905237
0.237862,0.30983,0,0.00943604
0.240431,0.306121,0,0.0098046
0.248171,0.30443,0,0.0094944
0.249278,0.300432,0,0.00919076
0.249489,0.295924,0,0.0087944
0.24943,0.291504,0,0.00794172
0.249319,0.287392,0,0.0066759
0.248923,0.282494,0,0.00493376
0.248594,0.278234,0,0.00296233
0.248065,0.273516,0,0.000556267
0.247514,0.268984,0,-0.00220081
0.246808,0.2645,0,-0.00527042
0.245867,0.259811,0,-0.00861506
0.2447,0.255479,0,-0.0121669
0.24328,0.251219,0,-0.015469
0.240911,0.246863,0,-0.0194623
0.237433,0.244877,0,-0.0255438
0.234586,0.243327,0,-0.0284236
0.231849,0.242407,0,-0.030113
0.229932,0.242069,0,-0.0300623
0.229932,0.242069,0,0
0.229932,0.242069,0,0
0.229932,0.242069,0,0
0.229932,0.242069,0,0
0.229932,0.242069,0,0
0.229932,0.242069,0,0
0.229932,0.242069,0,0
-0.245,0,-0.250254,0
-0.245,0,-0.250254,0
-0.245,0,-0.250254,0
-0.245,0,-0.250254,0
-0.245,0,-0.250254,0
-0.245,0,-0.250254,0
-0.245,0,-0.250254,0
-0.195,0,-0.250245,0
-0.195,0,-0.249727,0
-0.201764,0,-0.249572,0.0242303
-0.181554,0,-0.247976,0.013446
-0.179494,0,-0.246613,0.015506
-0.181866,0,-0.245188,0.0131345
-0.182022,0,-0.243338,0.0129778
-0.182426,0,-0.241071,0.0125741
-0.184218,0,-0.239178,0.0107817
-0.184161,0,-0.236379,0.0108392
-0.183861,0,-0.233493,0.0111393
-0.183178,0,-0.230213,0.0118217
-0.193647,0,-0.230556,0.0149319
-0.198784,0,-0.22964,0.0165898
-0.203137,0,-0.229315,0.0184413
-0.207677,0,-0.228965,0.0207027
-0.211293,0,-0.228934,0.0229116
-0.21472,0,-0.229053,0.0254596
-0.217576,0,-0.229079,0.0278832
-0.219929,0,-0.229081,0.0302222
-0.221862,0,-0.229022,0.0324342
-0.223434,0,-0.228889,0.0343746
-0.229473,0,-0.232591,0.0420271
-0.22983,0,-0.232114,0.0434653
-0.22981,0,-0.231371,0.0455928
-0.22964,0,-0.230825,0.0469896
-0.229962,0,-0.230385,0.0466685
-0.228923,0,-0.230108,0.0475921
-0.229297,0,-0.229886,0.0444603
-0.230983,0,-0.229799,0.0376782
-0.250725,0,-0.229797,0
-0.250725,0,-0.229797,0
-0.250725,0,-0.229797,0
-0.250725,0,-0.229797,0
-0.250725,0,-0.229797,0
-0.250725,0,-0.229797,0
-0.250725,0,-0.229797,0
0.245,0.233735,0,0
0.245,0.233735,0,0
0.245,0.233735,0,0
0.245,0.233735,0,0
0.245,0.233735,0,0
0.245,0.233735,0,0
0.245,0.233735,0,0
0.295,0.233736,0,0
0.295,0.234096,0,0
0.325814,0.235123,0,0.0308141
0.3181,0.236698,0,0.0231003
0.318366,0.23898,0,0.0233661
0.319051,0.241654,0,0.0240508
0.319435,0.244441,0,0.0244352
0.323449,0.247093,0,0.0323225
0.327322,0.251881,0,0.0323225
0.327404,0.25614,0,0.0374436
0.326309,0.260113,0,0.0468007
0.319185,0.260848,0,0.0553452
0.310555,0.260794,0,0.0639931
0.30736,0.263097,0,0.0672394
0.304471,0.265688,0,0.0672386
0.332405,0.28307,0,0.0672046
0.357681,0.300748,0,0.0671475
0.359863,0.308255,0,0.0670728
0.363221,0.316291,0,0.0669718
0.361057,0.320257,0,0.0667898
0.354378,0.322527,0,0.0663443
0.346421,0.320598,0,0.0648508
0.341341,0.322639,0,0.0608743
0.335324,0.322121,0,0.0552971
0.329095,0.319946,0,0.0540426
0.322808,0.316761,0,0.0540426
0.31385,0.320251,0,0.0540426
0.307019,0.320963,0,0.0541934
0.297727,0.321649,0,0.0546935
0.296165,0.322264,0,0.0552985
0.292217,0.322345,0,0.0557938
0.292217,0.322345,0,0
0.292217,0.322345,0,0
0.292217,0.322345,0,0
0.292217,0.322345,0,0
0.292217,0.322345,0,0
0.292217,0.322345,0,0
0.292217,0.322345,0,0
-0.245,0,-0.325588,0
-0.245,0,-0.325588,0
-0.245,0,-0.325588,0
-0.245,0,-0.325588,0
-0.245,0,-0.325588,0
-0.245,0,-0.325588,0
-0.245,0,-0.325588,0
-0.245,0,-0.325545,0
-0.245,0,-0.325163,0
-0.17386,0,-0.321463,0.0211402
-0.20895,0,-0.321379,0.0434153
-0.164849,0,-0.317052,0.0301508
-0.164781,0,-0.313056,0.0302192
-0.163005,0,-0.30893,0.0319947
-0.163485,0,-0.303887,0.0315154
-0.161364,0,-0.297341,0.0336362
-0.162314,0,-0.290522,0.0361941
-0.18288,0,-0.287111,0.0424395
-0.189148,0,-0.283174,0.0462587
-0.193102,0,-0.276802,0.0507286
-0.204504,0,-0.273698,0.0594218
-0.205698,0,-0.268114,0.0646056
-0.205926,0,-0.261736,0.068273
-0.205828,0,-0.254634,0.0691256
-0.207937,0,-0.250284,0.0692863
-0.210173,0,-0.246343,0.0694356
-0.178551,0,-0.217686,0.0695853
-0.153364,0,-0.192028,0.0697344
-0.16293,0,-0.192793,0.0698701
-0.174375,0,-0.196205,0.0699676
-0.186166,0,-0.20129,0.0685521
-0.197283,0,-0.20753,0.0685521
-0.206858,0,-0.214111,0.0642669
-0.216675,0,-0.211952,0.0649904
-0.224036,0,-0.209855,0.0624724
-0.23044,0,-0.208502,0.059138
-0.235508,0,-0.20829,0.0546302
-0.235508,0,-0.20829,0
-0.235508,0,-0.20829,0
-0.235508,0,-0.20829,0
-0.235508,0,-0.20829,0
-0.235508,0,-0.20829,0
-0.235508,0,-0.20829,0
-0.235508,0,-0.20829,0
0.245,0.193841,0,0
0.245,0.193841,0,0
0.245,0.193841,0,0
0.245,0.193841,0,0
0.245,0.193841,0,0
0.245,0.193841,0,0
0.245,0.193841,0,0
0.245,0.193841,0,0
0.30628,0.194445,0,0
0.298062,0.196323,0,-0.00668115
0.296932,0.19871,0,-0.00781188
0.290399,0.200801,0,-0.00958326
0.284242,0.202642,0,-0.0111424
0.282397,0.204041,0,-0.012603
0.267118,0.204472,0,-0.0166408
0.251689,0.204042,0,-0.0166408
0.236981,0.203205,0,-0.0191662
0.23483,0.204606,0,-0.0227026
0.236079,0.206869,0,-0.0256467
0.238027,0.209739,0,-0.0286515
0.240355,0.21292,0,-0.0316327
0.241883,0.216145,0,-0.0345356
0.243721,0.219872,0,-0.0398196
0.241808,0.221264,0,-0.0398196
0.240427,0.222611,0,-0.0425725
0.237453,0.223323,0,-0.0453006
0.233863,0.222821,0,-0.0482518
0.22948,0.221368,0,-0.0515888
0.224672,0.21902,0,-0.0553907
0.221919,0.217909,0,-0.0593562
0.21974,0.216916,0,-0.0637319
0.21718,0.216535,0,-0.0671824
0.215439,0.217168,0,-0.0687314
0.216148,0.217668,0,-0.0687181
0.216324,0.217986,0,-0.0682101
0.216183,0.218203,0,-0.0678331
0.216299,0.218256,0,-0.0674662
0.216299,0.218256,0,0
0.216299,0.218256,0,0
0.216299,0.218256,0,0
0.216299,0.218256,0,0
0.216299,0.218256,0,0
0.216299,0.218256,0,0
-0.245,0,-0.207318,0
-0.245,0,-0.207318,0
-0.245,0,-0.207318,0
-0.245,0,-0.207318,0
-0.245,0,-0.207318,0
-0.245,0,-0.207318,0
-0.245,0,-0.207318,0
-0.245,0,-0.207318,0
-0.25524,0,-0.207338,0
-0.284989,0,-0.207828,0.0105795
-0.281672,0,-0.208756,0.0134245
-0.280428,0,-0.21009,0.0155312
-0.284486,0,-0.212138,0.0171753
-0.287521,0,-0.214606,0.0176444
-0.289441,0,-0.217725,0.0172422
-0.28978,0,-0.220959,0.0161703
-0.289264,0,-0.224887,0.0150046
-0.28672,0,-0.228158,0.0118735
-0.28672,0,-0.232115,0.0118735
-0.283683,0,-0.234277,0.0105011
-0.281857,0,-0.237269,0.00944568
-0.275753,0,-0.237754,0.00860938
-0.273872,0,-0.240159,0.00833131
-0.27216,0,-0.24219,0.0082659
-0.270313,0,-0.244277,0.0084075
-0.268479,0,-0.246035,0.00869582
-0.266474,0,-0.247721,0.00911075
-0.25968,0,-0.245164,0.00958343
-0.257817,0,-0.246021,0.0102266
-0.255892,0,-0.246542,0.0110673
-0.253813,0,-0.246747,0.0122554
-0.251697,0,-0.246511,0.0136721
-0.249249,0,-0.245695,0.0162073
-0.246435,0,-0.245764,0.0189999
-0.238751,0,-0.246597,0.0300641
-0.233566,0,-0.247283,0.0358354
-0.228243,0,-0.247748,0.0425961
-0.224509,0,-0.247905,0.0425961
-0.250068,0,-0.247908,0
-0.250068,0,-0.247908,0
-0.250068,0,-0.247908,0
-0.250068,0,-0.247908,0
-0.250068,0,-0.247908,0
-0.250068,0,-0.247908,0
-0.250068,0,-0.247908,0
0.245,0.255067,0,0
0.245,0.255067,0,0
0.245,0.255067,0,0
0.245,0.255067,0,0
0.245,0.255067,0,0
0.245,0.255067,0,0
0.245,0.255067,0,0
0.195,0.255064,0,0
0.195,0.254646,0,0
0.188399,0.254059,0,-0.00660095
0.193041,0.252685,0,-0.00195854
0.188667,0.251628,0,-0.00633262
0.192008,0.250079,0,-0.00299179
0.19176,0.248413,0,-0.00324035
0.192905,0.24661,0,-0.00209453
0.192842,0.24442,0,-0.00215823
0.194107,0.242515,0,-0.000892946
0.193825,0.239801,0,-0.00117468
0.193514,0.236945,0,-0.00148641
0.193159,0.233854,0,-0.00184074
0.192887,0.230648,0,-0.00231131
0.208088,0.234123,0,-0.00481994
0.2137,0.234537,0,-0.00541536
0.218771,0.235304,0,-0.00590647
0.223241,0.236332,0,-0.00617741
0.22839,0.237838,0,-0.00624825
0.232247,0.239256,0,-0.00519147
0.235568,0.240775,0,-0.00460566
0.238782,0.242422,0,-0.0032452
0.241321,0.243832,0,-0.00143086
0.243411,0.245072,0,0.00050074
0.244817,0.245959,0,0.00247021
0.246041,0.24675,0,0.00427648
0.245994,0.246277,0,0.00634103
0.246366,0.246081,0,0.00634103
0.244986,0.245933,0,0.00372186
0.242472,0.245839,0,0.00372186
0.238701,0.245801,0,-0.00125962
0.245427,0.245801,0,0
0.245427,0.245801,0,0
0.245427,0.245801,0,0
0.245427,0.245801,0,0
0.245427,0.245801,0,0
0.245427,0.245801,0,0
0.245427,0.245801,0,0
-0.245,0,-0.243932,0
-0.245,0,-0.243932,0
-0.245,0,-0.243932,0
-0.245,0,-0.243932,0
-0.245,0,-0.243932,0
-0.245,0,-0.243932,0
-0.245,0,-0.243932,0
-0.195,0,-0.243932,0
-0.195,0,-0.243717,0
-0.214762,0,-0.243554,0.0164172
-0.2012,0,-0.242751,0.0153066
-0.209378,0,-0.242327,0.0150944
-0.21667,0,-0.241981,0.0144408
-0.222434,0,-0.241771,0.0135674
-0.227404,0,-0.241696,0.0125687
-0.231884,0,-0.241794,0.0115597
-0.234893,0,-0.241953,0.0104894
-0.237647,0,-0.242276,0.00954936
-0.23958,0,-0.242612,0.00864532
-0.241394,0,-0.243041,0.00771332
-0.242771,0,-0.243466,0.00702964
-0.243654,0,-0.243807,0.00637979
-0.244453,0,-0.244192,0.00606533
-0.24497,0,-0.2445,0.00582989
-0.245282,0,-0.244734,0.00565934
-0.245586,0,-0.244995,0.00599619
-0.245595,0,-0.245086,0.00629415
-0.245395,0,-0.245007,0.00663338
-0.244998,0,-0.244761,0.00738774
-0.244296,0,-0.244232,0.00852624
-0.243352,0,-0.243432,0.0101716
-0.242026,0,-0.242222,0.0124554
-0.240171,0,-0.24062,0.0155435
-0.23762,0,-0.240529,0.0196249
-0.234725,0,-0.240457,0.0239201
-0.230622,0,-0.240404,0.0295064
-0.22613,0,-0.240373,0.0350818
-0.222435,0,-0.240364,0.0393022
-0.222435,0,-0.240364,0
-0.222435,0,-0.240364,0
-0.222435,0,-0.240364,0
-0.222435,0,-0.240364,0
-0.222435,0,-0.240364,0
-0.222435,0,-0.240364,0
-0.222435,0,-0.240364,0
0.245,0.239183,0,0
0.245,0.239183,0,0
0.245,0.239183,0,0
0.245,0.239183,0,0
0.245,0.239183,0,0
0.245,0.239183,0,0
0.245,0.239183,0,0
0.195,0.239159,0,0
0.195,0.238791,0,0
0.222755,0.23891,0,-0.019995
0.180939,0.237301,0,-0.0140607
0.181929,0.23621,0,-0.0130706
0.184673,0.234995,0,-0.0127515
0.193664,0.234327,0,-0.0122021
0.201097,0.23382,0,-0.0116538
0.206946,0.233458,0,-0.0107719
0.212122,0.23327,0,-0.0107719
0.217018,0.233232,0,-0.0104813
0.220643,0.233446,0,-0.0102362
0.224376,0.233772,0,-0.0102362
0.227301,0.23429,0,-0.010027
0.230005,0.234983,0,-0.00983587
0.233062,0.236046,0,-0.00951044
0.235183,0.236973,0,-0.00907066
0.237696,0.23828,0,-0.00875563
0.239207,0.239198,0,-0.00812188
0.240579,0.240159,0,-0.00792033
0.24138,0.240811,0,-0.00769873
0.245494,0.244192,0,-0.00446967
0.250696,0.248782,0,-0.00446967
0.249834,0.248455,0,-0.00441154
0.248615,0.247704,0,-0.00674967
0.2468,0.246733,0,-0.0101527
0.241959,0.246928,0,-0.0189085
0.237849,0.24709,0,-0.0245477
0.233225,0.247188,0,-0.0305037
0.228695,0.247246,0,-0.0357132
0.249218,0.247256,0,0
0.249218,0.247256,0,0
0.249218,0.247256,0,0
0.249218,0.247256,0,0
0.249218,0.247256,0,0
0.249218,0.247256,0,0
0.249218,0.247256,0,0
0.249218,0.247256,0,0
-0.245,0,-0.245992,0
-0.245,0,-0.245992,0
-0.245,0,-0.245992,0
-0.245,0,-0.245992,0
-0.245,0,-0.245992,0
-0.245,0,-0.245992,0
-0.245,0,-0.245992,0
-0.195,0,-0.245909,0
-0.184594,0,-0.245448,0.0104056
-0.185596,0,-0.244703,0.00940412
-0.186246,0,-0.243673,0.00875385
-0.186536,0,-0.242301,0.0084644
-0.18985,0,-0.240926,0.00784231
-0.196516,0,-0.240208,0.00707696
-0.205003,0,-0.23953,0.00642271
-0.210313,0,-0.239005,0.00571217
-0.215191,0,-0.238642,0.00516171
-0.219297,0,-0.238485,0.00414872
-0.223242,0,-0.238447,0.00414872
-0.233448,0,-0.241273,0.00483391
-0.236198,0,-0.241865,0.0044649
-0.238825,0,-0.242614,0.00417839
-0.241188,0,-0.243475,0.00398107
-0.243064,0,-0.244305,0.00359413
-0.244592,0,-0.245118,0.0033614
-0.245761,0,-0.245837,0.00319185
-0.246524,0,-0.246373,0.00313596
-0.247078,0,-0.246821,0.00347895
-0.247164,0,-0.246936,0.00370652
-0.246911,0,-0.246768,0.00570978
-0.246296,0,-0.246259,0.00570978
-0.245048,0,-0.245128,0.00835909
-0.243179,0,-0.244222,0.011762
-0.239426,0,-0.244181,0.0182292
-0.235672,0,-0.244152,0.0239162
-0.230737,0,-0.244131,0.0310263
-0.225748,0,-0.244121,0.0375645
-0.247133,0,-0.24412,0
-0.247133,0,-0.24412,0
-0.247133,0,-0.24412,0
-0.247133,0,-0.24412,0
-0.247133,0,-0.24412,0
-0.247133,0,-0.24412,0
-0.247133,0,-0.24412,0
0.245,0.243321,0,0
0.245,0.243321,0,0
0.245,0.243321,0,0
0.245,0.243321,0,0
0.245,0.243321,0,0
0.245,0.243321,0,0
0.245,0.243321,0,0
0.245,0.243321,0,0
0.198254,0.243188,0,-0.0142044
0.202233,0.242827,0,-0.0142044
0.18346,0.241749,0,-0.0115402
0.185009,0.24068,0,-0.0115084
0.195138,0.240087,0,-0.0110704
0.204529,0.239583,0,-0.010264
0.213189,0.239292,0,-0.00939661
0.218609,0.239109,0,-0.00840079
0.222949,0.239128,0,-0.00765593
0.227331,0.239328,0,-0.00607902
0.230895,0.239635,0,-0.00607902
0.234107,0.240157,0,-0.00543145
0.236542,0.24069,0,-0.00482711
0.238724,0.241293,0,-0.00431453
0.240308,0.241852,0,-0.00396317
0.241744,0.242475,0,-0.00376814
0.24287,0.243057,0,-0.00370522
0.24377,0.243606,0,-0.00381697
0.244469,0.244109,0,-0.00421802
0.244774,0.244385,0,-0.00452326
0.244841,0.244501,0,-0.00520741
0.244627,0.244386,0,-0.00622996
0.244095,0.243982,0,-0.00772289
0.243147,0.243166,0,-0.00981567
0.241598,0.241729,0,-0.0126928
0.23941,0.241683,0,-0.0165318
0.237109,0.241648,0,-0.0199091
0.233496,0.241623,0,-0.0252117
0.228965,0.241605,0,-0.0314176
0.224859,0.241598,0,-0.0361135
0.224859,0.241598,0,0
0.224859,0.241598,0,0
0.224859,0.241598,0,0
0.224859,0.241598,0,0
0.224859,0.241598,0,0
0.224859,0.241598,0,0
0.224859,0.241598,0,0
-0.245,0,-0.240614,0
-0.245,0,-0.240614,0
-0.245,0,-0.240614,0
-0.245,0,-0.240614,0
-0.245,0,-0.240614,0
-0.245,0,-0.240614,0
-0.245,0,-0.240614,0
-0.195,0,-0.240613,0
-0.195,0,-0.240391,0
-0.208224,0,-0.240149,0.0152785
-0.182957,0,-0.238847,0.0120433
-0.18398,0,-0.237744,0.0110201
-0.192548,0,-0.236976,0.0105446
-0.201169,0,-0.236455,0.00969034
-0.208701,0,-0.236163,0.00897076
-0.214426,0,-0.236,0.00817354
-0.219021,0,-0.235981,0.00747696
-0.223238,0,-0.236147,0.00621155
-0.227025,0,-0.236496,0.00621155
-0.229984,0,-0.236892,0.00504498
-0.233373,0,-0.237722,0.00504498
-0.235929,0,-0.238511,0.00464497
-0.238008,0,-0.239311,0.00425789
-0.239725,0,-0.240126,0.00397035
-0.241075,0,-0.240888,0.00378884
-0.242094,0,-0.241566,0.00358941
-0.243006,0,-0.242266,0.00395826
-0.243528,0,-0.242759,0.00425485
-0.243713,0,-0.243048,0.0051323
-0.243563,0,-0.243042,0.0051323
-0.243098,0,-0.242757,0.00662792
-0.242224,0,-0.242056,0.0085539
-0.240811,0,-0.240942,0.0112856
-0.238682,0,-0.240951,0.014879
-0.236442,0,-0.240958,0.018385
-0.232757,0,-0.240963,0.0236462
-0.228528,0,-0.240966,0.0291344
-0.224948,0,-0.240967,0.0335709
-0.224948,0,-0.240967,0
-0.224948,0,-0.240967,0
-0.224948,0,-0.240967,0
-0.224948,0,-0.240967,0
-0.224948,0,-0.240967,0
-0.224948,0,-0.240967,0
-0.224948,0,-0.240967,0
0.245,0.240026,0,0
0.245,0.240026,0,0
0.245,0.240026,0,0
0.245,0.240026,0,0
0.245,0.240026,0,0
0.245,0.240026,0,0
0.245,0.240026,0,0
0.195,0.240004,0,0
0.195,0.239676,0,0
0.217206,0.239673,0,-0.0170396
0.182426,0.238125,0,-0.0125742
0.183617,0.237045,0,-0.0113826
0.19154,0.23613,0,-0.0109045
0.199545,0.235596,0,-0.0101585
0.206874,0.235224,0,-0.00940575
0.211589,0.23496,0,-0.00861053
0.216763,0.234928,0,-0.00803322
0.221097,0.235048,0,-0.00748686
0.224952,0.235335,0,-0.00696518
0.228764,0.23591,0,-0.00643625
0.231301,0.236497,0,-0.00597166
0.233995,0.237297,0,-0.00550571
0.236285,0.238146,0,-0.0050372
0.238198,0.239016,0,-0.00466964
0.239898,0.239948,0,-0.00439819
0.241042,0.240692,0,-0.00409262
0.241901,0.24134,0,-0.00402894
0.242425,0.241815,0,-0.00414514
0.242628,0.242076,0,-0.00452704
0.242533,0.242108,0,-0.00550275
0.242068,0.241795,0,-0.00647894
0.241241,0.241118,0,-0.00830757
0.239784,0.239966,0,-0.0113456
0.243027,0.239965,0,-0.0171893
0.239895,0.239964,0,-0.02181
0.236067,0.239963,0,-0.0270699
0.23202,0.239962,0,-0.0319206
0.248921,0.239962,0,0
0.248921,0.239962,0,0
0.248921,0.239962,0,0
0.248921,0.239962,0,0
0.248921,0.239962,0,0
0.248921,0.239962,0,0
0.248921,0.239962,0,0
0.248921,0.239962,0,0
-0.245,0,-0.23876,0
-0.245,0,-0.23876,0
-0.245,0,-0.23876,0
-0.245,0,-0.23876,0
-0.245,0,-0.23876,0
-0.245,0,-0.23876,0
-0.245,0,-0.23876,0
-0.195,0,-0.238741,0
-0.206456,0,-0.238556,0.0166844
-0.181895,0,-0.237793,0.0131054
-0.182421,0,-0.236894,0.0125787
-0.182605,0,-0.235601,0.0123953
-0.187879,0,-0.234636,0.0112204
-0.197313,0,-0.234037,0.0112204
-0.203662,0,-0.233565,0.0104655
-0.209571,0,-0.233319,0.00996015
-0.214029,0,-0.233133,0.00937153
-0.217623,0,-0.233101,0.00869448
-0.221582,0,-0.233365,0.00837203
-0.225226,0,-0.233844,0.00837203
-0.22881,0,-0.234589,0.00800164
-0.230951,0,-0.235196,0.00746686
-0.233921,0,-0.236304,0.00715424
-0.236389,0,-0.237439,0.00678315
-0.244789,0,-0.242474,0.00777485
-0.246217,0,-0.243716,0.00741984
-0.247284,0,-0.244826,0.00711698
-0.247933,0,-0.2457,0.00668596
-0.248292,0,-0.246379,0.00687814
-0.248248,0,-0.24673,0.00718889
-0.247844,0,-0.246697,0.00765976
-0.246873,0,-0.246138,0.00950498
-0.245308,0,-0.245508,0.0120643
-0.241127,0,-0.245675,0.0191982
-0.237333,0,-0.245795,0.0251228
-0.23251,0,-0.245892,0.0315235
-0.248647,0,-0.245936,0
-0.248383,0,-0.24594,0
-0.248383,0,-0.24594,0
-0.248383,0,-0.24594,0
-0.248383,0,-0.24594,0
-0.248383,0,-0.24594,0
-0.248383,0,-0.24594,0
-0.248383,0,-0.24594,0
0.245,0.244487,0,0
0.245,0.244487,0,0
0.245,0.244487,0,0
0.245,0.244487,0,0
0.245,0.244487,0,0
0.245,0.244487,0,0
0.245,0.244487,0,0
0.245,0.244487,0,0
0.195,0.244303,0,0
0.203779,0.244073,0,-0.0194426
0.179347,0.242994,0,-0.0156531
0.180309,0.241857,0,-0.0146913
0.180961,0.240383,0,-0.014039
0.181654,0.238788,0,-0.0133459
0.186928,0.237277,0,-0.0129498
0.192597,0.236163,0,-0.0128415
0.198289,0.235255,0,-0.012917
0.203024,0.234622,0,-0.0131303
0.21649,0.236325,0,-0.0147491
0.219997,0.236189,0,-0.0149826
0.223223,0.236259,0,-0.0152302
0.226263,0.236606,0,-0.0156662
0.22924,0.237112,0,-0.0159624
0.232178,0.237823,0,-0.0161968
0.234611,0.238646,0,-0.0163991
0.236736,0.239522,0,-0.0162412
0.238769,0.240544,0,-0.0162155
0.240007,0.241237,0,-0.0157559
0.241352,0.242069,0,-0.0157124
0.242116,0.242557,0,-0.0154533
0.242391,0.242698,0,-0.0155253
0.242158,0.242414,0,-0.0160557
0.241367,0.241614,0,-0.017268
0.239894,0.240867,0,-0.0193859
0.237664,0.240785,0,-0.0223868
0.23445,0.240722,0,-0.0264668
0.230725,0.240685,0,-0.0308925
0.226882,0.240667,0,-0.0352061
0.246899,0.240667,0,0
0.246899,0.240667,0,0
0.246899,0.240667,0,0
0.246899,0.240667,0,0
0.246899,0.240667,0,0
0.246899,0.240667,0,0
0.246899,0.240667,0,0
-0.245,0,-0.237957,0
-0.245,0,-0.237957,0
-0.245,0,-0.237957,0
-0.245,0,-0.237957,0
-0.245,0,-0.237957,0
-0.245,0,-0.237957,0
-0.245,0,-0.237957,0
-0.245,0,-0.237957,0
-0.220802,0,-0.237894,0.0191325
-0.224741,0,-0.237778,0.0191325
-0.181498,0,-0.236406,0.013502
-0.182386,0,-0.2353,0.012614
-0.187675,0,-0.234255,0.0112843
-0.19986,0,-0.234031,0.0112843
-0.20675,0,-0.233742,0.0103896
-0.213034,0,-0.233638,0.00951233
-0.218248,0,-0.233708,0.00872777
-0.22278,0,-0.234011,0.00816406
-0.226228,0,-0.234406,0.00757177
-0.2298,0,-0.235076,0.00698733
-0.232441,0,-0.235781,0.00643004
-0.235382,0,-0.236811,0.00594872
-0.237732,0,-0.237845,0.00544944
-0.239672,0,-0.238891,0.00503826
-0.241232,0,-0.239904,0.00473278
-0.242453,0,-0.24085,0.00456133
-0.243339,0,-0.241676,0.00453393
-0.243907,0,-0.242331,0.00469641
-0.244163,0,-0.242799,0.00510103
-0.244091,0,-0.242994,0.00582688
-0.243703,0,-0.242882,0.00700951
-0.242914,0,-0.242379,0.00878781
-0.241527,0,-0.241258,0.0117144
-0.239594,0,-0.24135,0.0148641
-0.237553,0,-0.241424,0.0179559
-0.231478,0,-0.241483,0.0275139
-0.230138,0,-0.241516,0.0275139
-0.226312,0,-0.241527,0.0323116
-0.226312,0,-0.241527,0
-0.226312,0,-0.241527,0
-0.226312,0,-0.241527,0
-0.226312,0,-0.241527,0
-0.226312,0,-0.241527,0
-0.226312,0,-0.241527,0
-0.226312,0,-0.241527,0
0.245,0.240259,0,0
0.245,0.240259,0,0
0.245,0.240259,0,0
0.245,0.240259,0,0
0.245,0.240259,0,0
0.245,0.240259,0,0
0.245,0.240259,0,0
0.195,0.24025,0,0
0.195,0.23997,0,0
0.209738,0.239778,0,-0.0154996
0.182755,0.238465,0,-0.0122454
0.183837,0.237326,0,-0.0111628
0.192013,0.236641,0,-0.0105388
0.202111,0.236146,0,-0.00979658
0.20907,0.235854,0,-0.00899893
0.214867,0.235698,0,-0.00818646
0.219789,0.235739,0,-0.00748319
0.223471,0.235888,0,-0.00683254
0.22758,0.236303,0,-0.00562088
0.23045,0.236792,0,-0.00562088
0.233252,0.23746,0,-0.0051224
0.235626,0.238185,0,-0.00463399
0.237659,0.238965,0,-0.00425749
0.239423,0.239801,0,-0.00410902
0.240834,0.240605,0,-0.00385387
0.241926,0.241343,0,-0.0038156
0.242619,0.241902,0,-0.00375788
0.243113,0.24237,0,-0.00418783
0.243281,0.242631,0,-0.00472586
0.243151,0.242638,0,-0.00560895
0.242674,0.24234,0,-0.00695496
0.241714,0.241565,0,-0.00891773
0.240263,0.240459,0,-0.0166534
0.237474,0.240464,0,-0.0166534
0.23588,0.240468,0,-0.0190064
0.232277,0.240472,0,-0.0287041
0.228388,0.240473,0,-0.0287041
0.224839,0.240474,0,-0.033436
0.224839,0.240474,0,0
0.224839,0.240474,0,0
0.224839,0.240474,0,0
0.224839,0.240474,0,0
0.224839,0.240474,0,0
0.224839,0.240474,0,0
0.224839,0.240474,0,0
-0.245,0,-0.239259,0
-0.245,0,-0.239259,0
-0.245,0,-0.239259,0
-0.245,0,-0.239259,0
-0.245,0,-0.239259,0
-0.245,0,-0.239259,0
-0.245,0,-0.239259,0
-0.195,0,-0.239227,0
-0.184077,0,-0.238943,0.0130591
-0.181941,0,-0.238322,0.0130591
-0.182307,0,-0.2375,0.0126932
-0.18247,0,-0.236334,0.0125296
-0.186883,0,-0.235162,0.0120202
-0.196402,0,-0.234515,0.0113921
-0.203768,0,-0.234038,0.0107039
-0.2087,0,-0.233713,0.0100473
-0.214228,0,-0.23359,0.0095958
-0.218051,0,-0.233588,0.00915159
-0.221666,0,-0.23378,0.00881802
-0.225472,0,-0.234234,0.0084994
-0.228728,0,-0.234884,0.00814015
-0.231251,0,-0.235594,0.00769446
-0.234183,0,-0.236677,0.00730451
-0.236592,0,-0.237769,0.00681098
-0.238572,0,-0.238841,0.00630987
-0.239973,0,-0.239728,0.00572897
-0.241065,0,-0.240523,0.00556445
-0.241817,0,-0.241165,0.0054204
-0.242199,0,-0.241576,0.00552371
-0.242258,0,-0.241744,0.00623508
-0.241917,0,-0.24156,0.00720182
-0.241162,0,-0.240972,0.00844923
-0.244554,0,-0.244832,0.0148129
-0.240598,0,-0.244961,0.0215602
-0.23686,0,-0.245077,0.0270409
-0.232632,0,-0.24515,0.0325126
-0.228978,0,-0.245186,0.0362554
-0.248962,0,-0.24519,0
-0.248962,0,-0.24519,0
-0.248962,0,-0.24519,0
-0.248962,0,-0.24519,0
-0.248962,0,-0.24519,0
-0.248962,0,-0.24519,0
-0.248962,0,-0.24519,0
0.245,0.24294,0,0
0.245,0.24294,0,0
0.245,0.24294,0,0
0.245,0.24294,0,0
0.245,0.24294,0,0
0.245,0.24294,0,0
0.245,0.24294,0,0
0.245,0.24294,0,0
0.195,0.242759,0,0
0.222767,0.242744,0,-0.0210766
0.180624,0.241507,0,-0.0143762
0.18098,0.240465,0,-0.0140204
0.181031,0.239198,0,-0.0139693
0.18133,0.237243,0,-0.0136704
0.188661,0.236141,0,-0.0132348
0.19486,0.235271,0,-0.012833
0.200275,0.234457,0,-0.0124988
0.205197,0.233757,0,-0.0123424
0.209393,0.233268,0,-0.0123991
0.221028,0.235509,0,-0.0139386
0.224313,0.235687,0,-0.0142321
0.227395,0.23614,0,-0.0146183
0.230095,0.236743,0,-0.0148556
0.23324,0.2377,0,-0.0151773
0.235634,0.238629,0,-0.0149167
0.237851,0.239699,0,-0.014845
0.239711,0.240744,0,-0.0144107
0.241413,0.241834,0,-0.0139875
0.242671,0.242733,0,-0.0134156
0.243431,0.24334,0,-0.0129987
0.243656,0.243551,0,-0.0126176
0.243386,0.243337,0,-0.0133627
0.242586,0.242614,0,-0.0145522
0.241123,0.241918,0,-0.0167129
0.238756,0.241895,0,-0.0201334
0.235432,0.241877,0,-0.0245273
0.231328,0.241864,0,-0.0293675
0.227519,0.24186,0,-0.0335085
0.246772,0.24186,0,0
0.246772,0.24186,0,0
0.246772,0.24186,0,0
0.246772,0.24186,0,0
0.246772,0.24186,0,0
0.246772,0.24186,0,0
0.246772,0.24186,0,0
-0.245,0,-0.239941,0
-0.245,0,-0.239941,0
-0.245,0,-0.239941,0
-0.245,0,-0.239941,0
-0.245,0,-0.239941,0
-0.245,0,-0.239941,0
-0.245,0,-0.239941,0
-0.195,0,-0.239941,0
-0.195,0,-0.239709,0
-0.215416,0,-0.239651,0.0167494
-0.183182,0,-0.238556,0.0118182
-0.183195,0,-0.237252,0.011805
-0.192386,0,-0.236505,0.0112092
-0.201605,0,-0.236051,0.0104112
-0.207919,0,-0.235756,0.00953963
-0.214419,0,-0.235653,0.00875692
-0.219643,0,-0.235713,0.00796479
-0.223967,0,-0.23594,0.00726605
-0.227896,0,-0.23635,0.00659114
-0.231072,0,-0.236894,0.0059298
-0.234163,0,-0.23767,0.0053241
-0.236761,0,-0.238534,0.00488786
-0.238692,0,-0.239331,0.00446585
-0.240553,0,-0.240272,0.00427415
-0.241965,0,-0.241142,0.00397851
-0.242963,0,-0.241878,0.00380404
-0.24395,0,-0.242706,0.00434789
-0.244289,0,-0.243134,0.00469018
-0.244444,0,-0.243443,0.00469018
-0.244333,0,-0.243534,0.00551979
-0.243867,0,-0.243306,0.00681726
-0.243011,0,-0.242682,0.00872327
-0.241636,0,-0.241508,0.0114034
-0.239511,0,-0.241552,0.0154828
-0.237346,0,-0.241587,0.0188876
-0.23387,0,-0.241614,0.0234935
-0.229766,0,-0.24163,0.028734
-0.226015,0,-0.241636,0.0331294
-0.226015,0,-0.241636,0
-0.226015,0,-0.241636,0
-0.226015,0,-0.241636,0
-0.226015,0,-0.241636,0
-0.226015,0,-0.241636,0
-0.226015,0,-0.241636,0
-0.226015,0,-0.241636,0
0.245,0.24064,0,0
0.245,0.24064,0,0
0.245,0.24064,0,0
0.245,0.24064,0,0
0.245,0.24064,0,0
0.245,0.24064,0,0
0.245,0.24064,0,0
0.195,0.240635,0,0
0.195,0.24037,0,0
0.208388,0.240178,0,-0.0155408
0.182656,0.239022,0,-0.0123437
0.183627,0.237743,0,-0.0113733
0.192174,0.236972,0,-0.0108117
0.200406,0.236494,0,-0.0101185
0.207328,0.236141,0,-0.00933483
0.213769,0.235984,0,-0.00863174
0.218491,0.235911,0,-0.00786343
0.223477,0.236133,0,-0.00724957
0.227243,0.236475,0,-0.00665355
0.22987,0.236872,0,-0.00605406
0.233186,0.237654,0,-0.00558515
0.235555,0.238357,0,-0.00455983
0.237706,0.239177,0,-0.00455983
0.239563,0.240046,0,-0.00435303
0.240922,0.240809,0,-0.0040397
0.242081,0.241572,0,-0.00408681
0.242841,0.24216,0,-0.00414068
0.24337,0.24266,0,-0.0043815
0.243548,0.242908,0,-0.00487618
0.243441,0.242947,0,-0.00596154
0.242952,0.242635,0,-0.00702758
0.242123,0.241968,0,-0.00892666
0.240631,0.240777,0,-0.0116413
0.238589,0.24078,0,-0.0149356
0.236301,0.240783,0,-0.0187572
0.232574,0.240785,0,-0.0240838
0.228415,0.240787,0,-0.0295483
0.224887,0.240787,0,0
0.224887,0.240787,0,0
0.224887,0.240787,0,0
0.224887,0.240787,0,0
0.224887,0.240787,0,0
0.224887,0.240787,0,0
0.224887,0.240787,0,0
0.224887,0.240787,0,0
-0.245,0,-0.239635,0
-0.245,0,-0.239635,0
-0.245,0,-0.239635,0
-0.245,0,-0.239635,0
-0.245,0,-0.239635,0
-0.245,0,-0.239635,0
-0.245,0,-0.239635,0
-0.245,0,-0.239636,0
-0.245,0,-0.239662,0
-0.173627,0,-0.238667,0.0213728
-0.173509,0,-0.237641,0.0214914
-0.173175,0,-0.236128,0.0218254
-0.173502,0,-0.234585,0.0214976
-0.18301,0,-0.233404,0.0208457
-0.190229,0,-0.232499,0.0201283
-0.195135,0,-0.231735,0.0195261
-0.200364,0,-0.231038,0.0192833
-0.204893,0,-0.230372,0.019291
-0.208203,0,-0.229945,0.0195752
-0.211672,0,-0.229443,0.020134
-0.214483,0,-0.229277,0.0209582
-0.21721,0,-0.229263,0.0220482
-0.219658,0,-0.229321,0.0231923
-0.221854,0,-0.229654,0.0246984
-0.23069,0,-0.234094,0.0294146
-0.232022,0,-0.234536,0.0331028
-0.232969,0,-0.234845,0.0331028
-0.23356,0,-0.234943,0.0349271
-0.233719,0,-0.234807,0.0367355
-0.233503,0,-0.234406,0.038657
-0.232909,0,-0.233644,0.0407617
-0.231848,0,-0.232537,0.0431459
-0.230419,0,-0.23235,0.0456153
-0.228222,0,-0.232186,0.0490628
-0.225556,0,-0.232078,0.0521799
-0.222627,0,-0.231999,0.0545666
-0.221052,0,-0.231969,0.0536412
-0.248876,0,-0.231969,0
-0.248876,0,-0.231969,0
-0.248876,0,-0.231969,0
-0.248876,0,-0.231969,0
-0.248876,0,-0.231969,0
-0.248876,0,-0.231969,0
-0.248876,0,-0.231969,0
0.245,0.22646,0,0
0.245,0.22646,0,0
0.245,0.22646,0,0
0.245,0.22646,0,0
0.245,0.22646,0,0
0.245,0.22646,0,0
0.245,0.22646,0,0
0.245,0.226463,0,0
0.195,0.226134,0,0
0.179323,0.225758,0,-0.0156769
0.17836,0.224997,0,-0.01664
0.178229,0.224012,0,-0.0166801
0.178777,0.222785,0,-0.0160513
0.188137,0.222328,0,-0.0160513
0.194683,0.222126,0,-0.0149679
0.201233,0.222053,0,-0.0149679
0.207334,0.222241,0,-0.014569
0.211828,0.22258,0,-0.0143074
0.215621,0.223084,0,-0.0140615
0.218991,0.223818,0,-0.0141374
0.222295,0.224786,0,-0.0141667
0.225478,0.226015,0,-0.0141774
0.228577,0.227537,0,-0.0141799
0.230996,0.228972,0,-0.013891
0.233616,0.230787,0,-0.013891
0.236158,0.232854,0,-0.0134043
0.23761,0.234216,0,-0.0123765
0.239545,0.236221,0,-0.0123765
0.240512,0.237503,0,-0.0114641
0.241142,0.23858,0,-0.0114641
0.24131,0.239276,0,-0.0114503
0.241007,0.239527,0,-0.0120405
0.240101,0.239202,0,-0.0137965
0.237926,0.239571,0,-0.0168975
0.237036,0.23985,0,-0.0175662
0.234397,0.24003,0,-0.0206179
0.230688,0.240153,0,-0.02526
0.22753,0.24019,0,-0.0287658
0.22753,0.24019,0,0
0.22753,0.24019,0,0
0.22753,0.24019,0,0
0.22753,0.24019,0,0
0.22753,0.24019,0,0
0.22753,0.24019,0,0
0.22753,0.24019,0,0
-0.245,0,-0.237759,0
-0.245,0,-0.237759,0
-0.245,0,-0.237759,0
-0.245,0,-0.237759,0
-0.245,0,-0.237759,0
-0.245,0,-0.237759,0
-0.245,0,-0.237759,0
-0.195,0,-0.237728,0
-0.183884,0,-0.237451,0.0111159
-0.181809,0,-0.236904,0.0131907
-0.182189,0,-0.235913,0.0128106
-0.182373,0,-0.234701,0.0126268
-0.18859,0,-0.233774,0.0120643
-0.196307,0,-0.23327,0.0113665
-0.203488,0,-0.232872,0.0105917
-0.210249,0,-0.23267,0.0099269
-0.214289,0,-0.232434,0.0088062
-0.21919,0,-0.232753,0.0088062
-0.222671,0,-0.233042,0.00838709
-0.22654,0,-0.233632,0.00797527
-0.229512,0,-0.234343,0.00751981
-0.231848,0,-0.235076,0.00698179
-0.234695,0,-0.2362,0.00601487
-0.237031,0,-0.237352,0.00601487
-0.238688,0,-0.238322,0.00559362
-0.240118,0,-0.239299,0.00539768
