-0.245 0 -0.227556
-0.245 0 -0.227556
-0.245 0 -0.227556
-0.245 0 -0.227556
-0.245 0 -0.227556
-0.245 0 -0.227556
-0.245 0 -0.227556
-0.245 0 -0.227556
-0.245 0 -0.227556
-0.245 0 -0.227556
-0.245 0 -0.227556
-0.245 0 -0.227556
-0.245 0 -0.227556
-0.245 0 -0.227556
-0.245 0 -0.227556
-0.245 0 -0.227565
-0.245 0 -0.22761
-0.245 0 -0.22772
-0.245 0 -0.227915
-0.245 0 -0.22821
-0.245 0 -0.228612
-0.245 0 -0.229126
-0.245 0 -0.229749
-0.245 0 -0.230479
-0.245 0 -0.231304
-0.245 0 -0.232214
-0.245 0 -0.233194
-0.245 0 -0.234229
-0.245 0 -0.235299
-0.245 0 -0.236387
-0.245 0 -0.237473
-0.245 0 -0.238538
-0.245 0 -0.239538
-0.245 0 -0.240507
-0.245 0 -0.241403
-0.245 0 -0.242232
-0.245 0 -0.24294
-0.245 0 -0.243529
-0.245 0 -0.244023
-0.245 0 -0.244406
-0.245 0 -0.244682
-0.245 0 -0.244861
-0.245 0 -0.24496
-0.245 0 -0.244995
0.245 0.239559 0
0.245 0.239559 0
0.245 0.239559 0
0.245 0.239559 0
0.245 0.239559 0
0.245 0.239559 0
0.245 0.239559 0
0.245 0.239559 0
0.245 0.239559 0
0.245 0.239559 0
0.245 0.239559 0
0.245 0.239559 0
0.245 0.239559 0
0.245 0.239559 0
0.245 0.239559 0
0.245 0.239559 0
0.245 0.239561 0
0.245 0.239576 0
0.245 0.239609 0
0.245 0.239669 0
0.245 0.23976 0
0.245 0.239885 0
0.245 0.240044 0
0.245 0.240238 0
0.245 0.240464 0
0.245 0.240721 0
0.245 0.241004 0
0.245 0.24131 0
0.245 0.241632 0
0.245 0.241966 0
0.245 0.242305 0
0.245 0.242644 0
0.245 0.242984 0
0.245 0.243296 0
0.245 0.243599 0
0.245 0.243878 0
0.245 0.244131 0
0.245 0.244352 0
0.245 0.244545 0
0.245 0.244695 0
0.245 0.244815 0
0.245 0.244901 0
0.245 0.244957 0
0.245 0.244987 0
0.245 0.244998 0
-0.245 0 -0.240698
-0.245 0 -0.240698
-0.245 0 -0.240698
-0.245 0 -0.240698
-0.245 0 -0.240698
-0.245 0 -0.240698
-0.245 0 -0.240698
-0.245 0 -0.240698
-0.245 0 -0.240698
-0.245 0 -0.240698
-0.245 0 -0.240698
-0.245 0 -0.240698
-0.245 0 -0.240698
-0.245 0 -0.240698
-0.245 0 -0.240698
-0.245 0 -0.240698
-0.245 0 -0.2407
-0.245 0 -0.240711
-0.245 0 -0.240738
-0.245 0 -0.240785
-0.245 0 -0.240857
-0.245 0 -0.240959
-0.245 0 -0.241085
-0.245 0 -0.241239
-0.245 0 -0.241419
-0.245 0 -0.241623
-0.245 0 -0.241847
-0.245 0 -0.242089
-0.245 0 -0.242344
-0.245 0 -0.242608
-0.245 0 -0.242876
-0.245 0 -0.243144
-0.245 0 -0.243406
-0.245 0 -0.243659
-0.245 0 -0.243898
-0.245 0 -0.244175
-0.245 0 -0.244545
-0.245 0 -0.244779
-0.245 0 -0.244744
-0.245 0 -0.244762
-0.245 0 -0.244855
-0.245 0 -0.244923
-0.245 0 -0.244967
-0.245 0 -0.24499
-0.245 0 -0.244999
0.245 0.244897 0
0.245 0.244897 0
0.245 0.244897 0
0.245 0.244897 0
0.245 0.244897 0
0.245 0.244897 0
0.245 0.244897 0
0.245 0.244897 0
0.245 0.244897 0
0.245 0.244897 0
0.245 0.244897 0
0.245 0.244897 0
0.245 0.244897 0
0.245 0.244897 0
0.245 0.244897 0
0.245 0.244897 0
0.245 0.244897 0
0.245 0.244897 0
0.245 0.244898 0
0.245 0.244899 0
0.245 0.244901 0
0.245 0.244903 0
0.245 0.244906 0
0.245 0.24491 0
0.245 0.244914 0
0.245 0.244919 0
0.245 0.244924 0
0.245 0.24493 0
0.245 0.244936 0
0.245 0.244943 0
0.245 0.244949 0
0.245 0.244956 0
0.245 0.244962 0
0.245 0.244968 0
0.245 0.244973 0
0.245 0.244979 0
0.245 0.244984 0
0.245 0.244988 0
0.245 0.244991 0
0.245 0.244994 0
0.245 0.244996 0
0.245 0.244998 0
0.245 0.244999 0
0.245 0.245 0
0.245 0.245 0
-0.245 0 -0.241402
-0.245 0 -0.241402
-0.245 0 -0.241402
-0.245 0 -0.241402
-0.245 0 -0.241402
-0.245 0 -0.241402
-0.245 0 -0.241402
-0.245 0 -0.241402
-0.245 0 -0.241402
-0.245 0 -0.241402
-0.245 0 -0.241402
-0.245 0 -0.241402
-0.245 0 -0.241402
-0.245 0 -0.241402
-0.245 0 -0.241402
-0.245 0 -0.241402
-0.245 0 -0.241404
-0.245 0 -0.241413
-0.245 0 -0.241435
-0.245 0 -0.241475
-0.245 0 -0.241535
-0.245 0 -0.241617
-0.245 0 -0.241723
-0.245 0 -0.241851
-0.245 0 -0.242001
-0.245 0 -0.242171
-0.245 0 -0.242358
-0.245 0 -0.24256
-0.245 0 -0.242773
-0.245 0 -0.242994
-0.245 0 -0.243218
-0.245 0 -0.243442
-0.245 0 -0.243662
-0.245 0 -0.243873
-0.245 0 -0.244073
-0.245 0 -0.244263
-0.245 0 -0.244429
-0.245 0 -0.244572
-0.245 0 -0.244697
-0.245 0 -0.244798
-0.245 0 -0.244877
-0.245 0 -0.244934
-0.245 0 -0.244971
-0.245 0 -0.244992
-0.245 0 -0.244999
0.245 0.238059 0
0.245 0.238059 0
0.245 0.238059 0
0.245 0.238059 0
0.245 0.238059 0
0.245 0.238059 0
0.245 0.238059 0
0.245 0.238059 0
0.245 0.238059 0
0.245 0.238059 0
0.245 0.238059 0
0.245 0.238059 0
0.245 0.238059 0
0.245 0.238059 0
0.245 0.238059 0
0.245 0.238059 0
0.245 0.238062 0
0.245 0.23808 0
0.245 0.238123 0
0.245 0.238199 0
0.245 0.238315 0
0.245 0.238474 0
0.245 0.238678 0
0.245 0.238925 0
0.245 0.239214 0
0.245 0.239541 0
0.245 0.239903 0
0.245 0.240292 0
0.245 0.240703 0
0.245 0.241129 0
0.245 0.241562 0
0.245 0.241994 0
0.245 0.242418 0
0.245 0.242827 0
0.245 0.243212 0
0.245 0.243569 0
0.245 0.243898 0
0.245 0.244174 0
0.245 0.244415 0
0.245 0.244611 0
0.245 0.244764 0
0.245 0.244873 0
0.245 0.244945 0
0.245 0.244984 0
0.245 0.244998 0
-0.245 0 -0.236207
-0.245 0 -0.236207
-0.245 0 -0.236207
-0.245 0 -0.236207
-0.245 0 -0.236207
-0.245 0 -0.236207
-0.245 0 -0.236207
-0.245 0 -0.236207
-0.245 0 -0.236207
-0.245 0 -0.236207
-0.245 0 -0.236207
-0.245 0 -0.236207
-0.245 0 -0.236207
-0.245 0 -0.236207
-0.245 0 -0.236207
-0.245 0 -0.236207
-0.245 0 -0.236211
-0.245 0 -0.236234
-0.245 0 -0.236288
-0.245 0 -0.236388
-0.245 0 -0.236537
-0.245 0 -0.236739
-0.245 0 -0.236998
-0.245 0 -0.237313
-0.245 0 -0.23768
-0.245 0 -0.238096
-0.245 0 -0.238555
-0.245 0 -0.239049
-0.245 0 -0.240999
-0.245 0 -0.241647
-0.245 0 -0.242269
-0.245 0 -0.242864
-0.245 0 -0.243387
-0.245 0 -0.243843
-0.245 0 -0.244215
-0.245 0 -0.244517
-0.245 0 -0.244744
-0.245 0 -0.244888
-0.245 0 -0.244967
-0.245 0 -0.244996
0.245 0.250249 0
0.245 0.250249 0
0.245 0.250249 0
0.245 0.250249 0
0.245 0.250249 0
0.245 0.250249 0
0.245 0.250249 0
0.245 0.250249 0
0.245 0.250249 0
0.245 0.250249 0
0.245 0.250249 0
0.245 0.250248 0
0.245 0.250237 0
0.245 0.2502 0
0.245 0.250129 0
0.245 0.250012 0
0.245 0.249876 0
0.245 0.249731 0
0.245 0.249548 0
0.245 0.249299 0
0.245 0.248979 0
0.245 0.248593 0
0.245 0.248093 0
0.245 0.247605 0
0.245 0.247213 0
0.245 0.246832 0
0.245 0.246471 0
0.245 0.246138 0
0.245 0.245842 0
0.245 0.245589 0
0.245 0.245381 0
0.245 0.245223 0
0.245 0.245119 0
0.245 0.245089 0
0.245 0.245099 0
0.245 0.245099 0
0.245 0.245079 0
0.245 0.245047 0
0.245 0.24502 0
0.245 0.245006 0
0.245 0.245 0
-0.245 0 -0.238434
-0.245 0 -0.238434
-0.245 0 -0.238434
-0.245 0 -0.238434
-0.245 0 -0.238434
-0.245 0 -0.238434
-0.245 0 -0.238434
-0.245 0 -0.238434
-0.245 0 -0.238434
-0.245 0 -0.238434
-0.245 0 -0.238434
-0.245 0 -0.238434
-0.245 0 -0.238434
-0.245 0 -0.238434
-0.245 0 -0.238434
-0.245 0 -0.238434
-0.245 0 -0.238442
-0.245 0 -0.238469
-0.245 0 -0.238524
-0.245 0 -0.238614
-0.245 0 -0.238743
-0.245 0 -0.238913
-0.245 0 -0.239125
-0.245 0 -0.239378
-0.245 0 -0.239669
-0.245 0 -0.239995
-0.245 0 -0.24035
-0.245 0 -0.240729
-0.245 0 -0.241126
-0.245 0 -0.241532
-0.245 0 -0.241942
-0.245 0 -0.242348
-0.245 0 -0.242743
-0.245 0 -0.24312
-0.245 0 -0.243473
-0.245 0 -0.243795
-0.245 0 -0.244076
-0.245 0 -0.244326
-0.245 0 -0.24454
-0.245 0 -0.244706
-0.245 0 -0.244828
-0.245 0 -0.244915
-0.245 0 -0.244968
-0.245 0 -0.244993
-0.245 0 -0.245
0.245 0.24518 0
0.245 0.24518 0
0.245 0.24518 0
0.245 0.24518 0
0.245 0.24518 0
0.245 0.24518 0
0.245 0.24518 0
0.245 0.24518 0
0.245 0.24518 0
0.245 0.24518 0
0.245 0.24518 0
0.245 0.24518 0
0.245 0.24518 0
0.245 0.24518 0
0.245 0.24518 0
0.245 0.24518 0
0.245 0.245179 0
0.245 0.245179 0
0.245 0.245177 0
0.245 0.245175 0
0.245 0.245171 0
0.245 0.245167 0
0.245 0.245161 0
0.245 0.245154 0
0.245 0.245146 0
0.245 0.245137 0
0.245 0.245127 0
0.245 0.245117 0
0.245 0.245106 0
0.245 0.245095 0
0.245 0.245084 0
0.245 0.245073 0
0.245 0.245062 0
0.245 0.245052 0
0.245 0.245042 0
0.245 0.245033 0
0.245 0.245025 0
0.245 0.245018 0
0.245 0.245013 0
0.245 0.245008 0
0.245 0.245005 0
0.245 0.245002 0
0.245 0.245001 0
0.245 0.245 0
0.245 0.245 0
-0.245 0 -0.235867
-0.245 0 -0.235867
-0.245 0 -0.235867
-0.245 0 -0.235867
-0.245 0 -0.235867
-0.245 0 -0.235867
-0.245 0 -0.235867
-0.245 0 -0.235867
-0.245 0 -0.235867
-0.245 0 -0.235867
-0.245 0 -0.235867
-0.245 0 -0.235867
-0.245 0 -0.235867
-0.245 0 -0.235867
-0.245 0 -0.235867
-0.245 0 -0.235868
-0.245 0 -0.235878
-0.245 0 -0.235915
-0.245 0 -0.23599
-0.245 0 -0.236114
-0.245 0 -0.236292
-0.245 0 -0.236527
-0.245 0 -0.236821
-0.245 0 -0.237171
-0.245 0 -0.237575
-0.245 0 -0.238027
-0.245 0 -0.23852
-0.245 0 -0.239046
-0.245 0 -0.239597
-0.245 0 -0.240163
-0.245 0 -0.240733
-0.245 0 -0.241298
-0.245 0 -0.241848
-0.245 0 -0.242386
-0.245 0 -0.242876
-0.245 0 -0.243324
-0.245 0 -0.243715
-0.245 0 -0.244063
-0.245 0 -0.244353
-0.245 0 -0.244586
-0.245 0 -0.244761
-0.245 0 -0.244884
-0.245 0 -0.244956
-0.245 0 -0.24499
-0.245 0 -0.245
0.245 0.234558 0
0.245 0.234558 0
0.245 0.234558 0
0.245 0.234558 0
0.245 0.234558 0
0.245 0.234558 0
0.245 0.234558 0
0.245 0.234558 0
0.245 0.234558 0
0.245 0.234558 0
0.245 0.234558 0
0.245 0.234558 0
0.245 0.234569 0
0.245 0.234602 0
0.245 0.23467 0
0.245 0.234795 0
0.245 0.234981 0
0.245 0.235232 0
0.245 0.235541 0
0.245 0.235922 0
0.245 0.236366 0
0.245 0.236867 0
0.245 0.237417 0
0.245 0.238009 0
0.245 0.238631 0
0.245 0.239274 0
0.245 0.239926 0
0.245 0.240575 0
0.245 0.24121 0
0.245 0.24182 0
0.245 0.242394 0
0.245 0.242923 0
0.245 0.243399 0
0.245 0.243816 0
0.245 0.244168 0
0.245 0.24446 0
0.245 0.244673 0
0.245 0.244829 0
0.245 0.24493 0
0.245 0.244981 0
0.245 0.244998 0
-0.245 0 -0.245535
-0.245 0 -0.245535
-0.245 0 -0.245535
-0.245 0 -0.245535
-0.245 0 -0.245535
-0.245 0 -0.245535
-0.245 0 -0.245535
-0.245 0 -0.245535
-0.245 0 -0.245535
-0.245 0 -0.245535
-0.245 0 -0.245535
-0.245 0 -0.245535
-0.245 0 -0.245535
-0.245 0 -0.245535
-0.245 0 -0.245535
-0.245 0 -0.245535
-0.245 0 -0.245534
-0.245 0 -0.245533
-0.245 0 -0.245529
-0.245 0 -0.245523
-0.245 0 -0.245513
-0.245 0 -0.245501
-0.245 0 -0.245484
-0.245 0 -0.245465
-0.245 0 -0.245442
-0.245 0 -0.245416
-0.245 0 -0.245388
-0.245 0 -0.245358
-0.245 0 -0.245326
-0.245 0 -0.245293
-0.245 0 -0.24526
-0.245 0 -0.245227
-0.245 0 -0.245194
-0.245 0 -0.245163
-0.245 0 -0.245133
-0.245 0 -0.245106
-0.245 0 -0.245082
-0.245 0 -0.24506
-0.245 0 -0.245043
-0.245 0 -0.245028
-0.245 0 -0.245017
-0.245 0 -0.245009
-0.245 0 -0.245004
-0.245 0 -0.245001
-0.245 0 -0.245
0.245 0.242621 0
0.245 0.242621 0
0.245 0.242621 0
0.245 0.242621 0
0.245 0.242621 0
0.245 0.242621 0
0.245 0.242621 0
0.245 0.242621 0
0.245 0.242621 0
0.245 0.242621 0
0.245 0.242621 0
0.245 0.242621 0
0.245 0.242621 0
0.245 0.242621 0
0.245 0.242621 0
0.245 0.242621 0
0.245 0.242622 0
0.245 0.24263 0
0.245 0.242646 0
0.245 0.242674 0
0.245 0.242716 0
0.245 0.242773 0
0.245 0.242844 0
0.245 0.242931 0
0.245 0.243033 0
0.245 0.243147 0
0.245 0.243272 0
0.245 0.243407 0
0.245 0.243549 0
0.245 0.243695 0
0.245 0.243844 0
0.245 0.243992 0
0.245 0.244136 0
0.245 0.244275 0
0.245 0.244406 0
0.245 0.24453 0
0.245 0.244638 0
0.245 0.24473 0
0.245 0.24481 0
0.245 0.244876 0
0.245 0.244927 0
0.245 0.244961 0
0.245 0.244984 0
0.245 0.244996 0
0.245 0.245 0
-0.245 0 -0.23578
-0.245 0 -0.23578
-0.245 0 -0.23578
-0.245 0 -0.23578
-0.245 0 -0.23578
-0.245 0 -0.23578
-0.245 0 -0.23578
-0.245 0 -0.23578
-0.245 0 -0.23578
-0.245 0 -0.23578
-0.245 0 -0.23578
-0.245 0 -0.23578
-0.245 0 -0.23578
-0.245 0 -0.23578
-0.245 0 -0.23578
-0.245 0 -0.23578
-0.245 0 -0.235786
-0.245 0 -0.235814
-0.245 0 -0.235877
-0.245 0 -0.235986
-0.245 0 -0.236149
-0.245 0 -0.236369
-0.245 0 -0.236647
-0.245 0 -0.236994
-0.245 0 -0.237387
-0.245 0 -0.23783
-0.245 0 -0.238317
-0.245 0 -0.23884
-0.245 0 -0.239391
-0.245 0 -0.239959
-0.245 0 -0.240534
-0.245 0 -0.241107
-0.245 0 -0.243385
-0.245 0 -0.243841
-0.245 0 -0.244238
-0.245 0 -0.244541
-0.245 0 -0.244759
-0.245 0 -0.244899
-0.245 0 -0.244973
-0.245 0 -0.244998
0.245 0.252567 0
0.245 0.252567 0
0.245 0.252567 0
0.245 0.252567 0
0.245 0.252567 0
0.245 0.252567 0
0.245 0.252567 0
0.245 0.252567 0
0.245 0.252567 0
0.245 0.252567 0
0.245 0.252567 0
0.245 0.252558 0
0.245 0.252519 0
0.245 0.252431 0
0.245 0.252279 0
0.245 0.252068 0
0.245 0.251783 0
0.245 0.251421 0
0.245 0.251016 0
0.245 0.250565 0
0.245 0.250033 0
0.245 0.249488 0
0.245 0.248925 0
0.245 0.248359 0
0.245 0.247803 0
0.245 0.247272 0
0.245 0.246779 0
0.245 0.246336 0
0.245 0.245951 0
0.245 0.245625 0
0.245 0.245382 0
0.245 0.245201 0
0.245 0.24511 0
0.245 0.245094 0
0.245 0.245085 0
0.245 0.245074 0
0.245 0.245051 0
0.245 0.245028 0
0.245 0.245007 0
0.245 0.245 0
-0.245 0 -0.232968
-0.245 0 -0.232968
-0.245 0 -0.232968
-0.245 0 -0.232968
-0.245 0 -0.232968
-0.245 0 -0.232968
-0.245 0 -0.232968
-0.245 0 -0.232968
-0.245 0 -0.232968
-0.245 0 -0.232968
-0.245 0 -0.232968
-0.245 0 -0.232968
-0.245 0 -0.232968
-0.245 0 -0.232968
-0.245 0 -0.232968
-0.245 0 -0.232968
-0.245 0 -0.232979
-0.245 0 -0.233021
-0.245 0 -0.233112
-0.245 0 -0.233265
-0.245 0 -0.233488
-0.245 0 -0.233786
-0.245 0 -0.234161
-0.245 0 -0.234612
-0.245 0 -0.235134
-0.245 0 -0.23572
-0.245 0 -0.236362
-0.245 0 -0.23705
-0.245 0 -0.237772
-0.245 0 -0.238533
-0.245 0 -0.239266
-0.245 0 -0.240012
-0.245 0 -0.24074
-0.245 0 -0.241438
-0.245 0 -0.242092
-0.245 0 -0.242693
-0.245 0 -0.243245
-0.245 0 -0.243712
-0.245 0 -0.244096
-0.245 0 -0.244413
-0.245 0 -0.244655
-0.245 0 -0.244824
-0.245 0 -0.244932
-0.245 0 -0.244982
-0.245 0 -0.244999
0.245 0.239617 0
0.245 0.239617 0
0.245 0.239617 0
0.245 0.239617 0
0.245 0.239617 0
0.245 0.239617 0
0.245 0.239617 0
0.245 0.239617 0
0.245 0.239617 0
0.245 0.239617 0
0.245 0.239617 0
0.245 0.239617 0
0.245 0.239617 0
0.245 0.239617 0
0.245 0.239617 0
0.245 0.239617 0
0.245 0.239622 0
0.245 0.239641 0
0.245 0.239681 0
0.245 0.23975 0
0.245 0.239849 0
0.245 0.239983 0
0.245 0.240151 0
0.245 0.240353 0
0.245 0.240586 0
0.245 0.240848 0
0.245 0.241136 0
0.245 0.241443 0
0.245 0.241766 0
0.245 0.242099 0
0.245 0.242435 0
0.245 0.242769 0
0.245 0.243094 0
0.245 0.243406 0
0.245 0.243706 0
0.245 0.243974 0
0.245 0.244209 0
0.245 0.244419 0
0.245 0.244595 0
0.245 0.244737 0
0.245 0.244846 0
0.245 0.244923 0
0.245 0.244969 0
0.245 0.244992 0
0.245 0.245 0
-0.245 0 -0.237202
-0.245 0 -0.237202
-0.245 0 -0.237202
-0.245 0 -0.237202
-0.245 0 -0.237202
-0.245 0 -0.237202
-0.245 0 -0.237202
-0.245 0 -0.237202
-0.245 0 -0.237202
-0.245 0 -0.237202
-0.245 0 -0.237202
-0.245 0 -0.237202
-0.245 0 -0.237202
-0.245 0 -0.237202
-0.245 0 -0.237202
-0.245 0 -0.237202
-0.245 0 -0.23721
-0.245 0 -0.237236
-0.245 0 -0.237295
-0.245 0 -0.237394
-0.245 0 -0.237539
-0.245 0 -0.237732
-0.245 0 -0.237976
-0.245 0 -0.238268
-0.245 0 -0.238606
-0.245 0 -0.238986
-0.245 0 -0.239402
-0.245 0 -0.239848
-0.245 0 -0.240315
-0.245 0 -0.240797
-0.245 0 -0.241284
-0.245 0 -0.241767
-0.245 0 -0.242239
-0.245 0 -0.242691
-0.245 0 -0.243115
-0.245 0 -0.243505
-0.245 0 -0.243862
-0.245 0 -0.244158
-0.245 0 -0.244414
-0.245 0 -0.244624
-0.245 0 -0.244776
-0.245 0 -0.244888
-0.245 0 -0.244954
-0.245 0 -0.244989
-0.245 0 -0.244999
0.245 0.241522 0
0.245 0.241522 0
0.245 0.241522 0
0.245 0.241522 0
0.245 0.241522 0
0.245 0.241522 0
0.245 0.241522 0
0.245 0.241522 0
0.245 0.241522 0
0.245 0.241522 0
0.245 0.241522 0
0.245 0.241522 0
0.245 0.241525 0
0.245 0.241536 0
0.245 0.241558 0
0.245 0.241598 0
0.245 0.241659 0
0.245 0.241741 0
0.245 0.241846 0
0.245 0.241972 0
0.245 0.24212 0
0.245 0.242286 0
0.245 0.242469 0
0.245 0.242666 0
0.245 0.242873 0
0.245 0.243082 0
0.245 0.243299 0
0.245 0.243521 0
0.245 0.243732 0
0.245 0.243931 0
0.245 0.244127 0
0.245 0.2443 0
0.245 0.244459 0
0.245 0.244599 0
0.245 0.244717 0
0.245 0.244814 0
0.245 0.24489 0
0.245 0.244941 0
0.245 0.244975 0
0.245 0.244993 0
0.245 0.244999 0
-0.245 0 -0.249032
-0.245 0 -0.249032
-0.245 0 -0.249032
-0.245 0 -0.249032
-0.245 0 -0.249032
-0.245 0 -0.249032
-0.245 0 -0.249032
-0.245 0 -0.249032
-0.245 0 -0.249032
-0.245 0 -0.249032
-0.245 0 -0.249032
-0.245 0 -0.249032
-0.245 0 -0.249032
-0.245 0 -0.249032
-0.245 0 -0.249032
-0.245 0 -0.249032
-0.245 0 -0.24903
-0.245 0 -0.249018
-0.245 0 -0.248991
-0.245 0 -0.248945
-0.245 0 -0.248873
-0.245 0 -0.248777
-0.245 0 -0.248656
-0.245 0 -0.248509
-0.245 0 -0.248338
-0.245 0 -0.248146
-0.245 0 -0.247933
-0.245 0 -0.247705
-0.245 0 -0.247465
-0.245 0 -0.247211
-0.245 0 -0.246959
-0.245 0 -0.245954
-0.245 0 -0.245717
-0.245 0 -0.245512
-0.245 0 -0.245341
-0.245 0 -0.24521
-0.245 0 -0.245111
-0.245 0 -0.245048
-0.245 0 -0.245013
-0.245 0 -0.245006
-0.245 0 -0.245001
-0.245 0 -0.245
-0.245 0 -0.245023
-0.245 0 -0.245008
-0.245 0 -0.245001
