0.3 0.3 0.019
0.3 0.3 0.039
0.3 0.3 0.059
0.3 0.3 0.079
0.3 0.3 0.099
0.3 0.3 0.119
0.3 0.3 0.139
0.3 0.3 0.159
0.3 0.3 0.179
0.3 0.3 0.199
0.3 0.3 0.219
0.3 0.3 0.239
0.3 0.3 0.259
0.3 0.3 0.279
0.3 0.3 0.299
0.6 0.599995 0.019
0.6 0.6 0.039
0.6 0.6 0.059
0.6 0.6 0.079
0.6 0.6 0.099
0.6 0.6 0.119
0.6 0.6 0.139
0.6 0.6 0.159
0.6 0.6 0.179
0.6 0.6 0.199
0.6 0.6 0.219
0.6 0.6 0.239
0.6 0.6 0.259
0.6 0.6 0.279
0.6 0.6 0.299
0.6 0.6 0.319
0.6 0.6 0.339
0.6 0.6 0.359
0.6 0.6 0.379
0.6 0.6 0.399
0.6 0.6 0.419
0.6 0.6 0.439
0.6 0.6 0.459
0.6 0.6 0.479
0.6 0.6 0.499
0.6 0.6 0.519
0.6 0.6 0.539
0.6 0.6 0.559
0.6 0.6 0.579
0.6 0.6 0.599
0.3 0.3 0.019
0.3 0.3 0.039
0.3 0.3 0.059
0.3 0.3 0.079
0.3 0.3 0.099
0.3 0.3 0.119
0.3 0.3 0.139
0.3 0.3 0.159
0.3 0.3 0.179
0.3 0.3 0.199
0.3 0.3 0.219
0.3 0.3 0.239
0.3 0.3 0.259
0.3 0.3 0.279
0.3 0.3 0.299
0.6 0.599961 0.019
0.6 0.599992 0.039
0.6 0.599998 0.059
0.6 0.599998 0.079
0.6 0.599998 0.099
0.6 0.599998 0.119
0.6 0.599998 0.139
0.6 0.599998 0.159
0.6 0.599998 0.179
0.6 0.599998 0.199
0.6 0.599998 0.219
0.6 0.599998 0.239
0.6 0.6 0.259
0.6 0.6 0.279
0.6 0.6 0.299
0.6 0.6 0.319
0.6 0.6 0.339
0.6 0.6 0.359
0.6 0.6 0.379
0.6 0.6 0.399
0.6 0.6 0.419
0.6 0.6 0.439
0.6 0.6 0.459
0.6 0.6 0.479
0.6 0.6 0.499
0.6 0.6 0.519
0.6 0.6 0.539
0.6 0.6 0.559
0.6 0.6 0.579
0.6 0.6 0.599
0.3 0.3 0.019
0.3 0.3 0.039
0.3 0.3 0.059
0.3 0.3 0.079
0.3 0.3 0.099
0.3 0.3 0.119
0.3 0.3 0.139
0.3 0.3 0.159
0.3 0.3 0.179
0.3 0.3 0.199
0.3 0.3 0.219
0.3 0.3 0.239
0.3 0.3 0.259
0.3 0.3 0.279
0.3 0.3 0.299
0.6 0.599995 0.019
0.6 0.599998 0.039
0.6 0.599999 0.059
0.6 0.6 0.079
0.6 0.6 0.099
0.6 0.6 0.119
0.6 0.6 0.139
0.6 0.6 0.159
0.6 0.6 0.179
0.6 0.6 0.199
0.6 0.6 0.219
0.6 0.6 0.239
0.6 0.6 0.259
0.6 0.6 0.279
0.6 0.6 0.299
0.6 0.6 0.319
0.6 0.6 0.339
0.6 0.6 0.359
0.6 0.591652 0.379
0.6 0.565381 0.399
0.6 0.547049 0.419
0.6 0.579787 0.439
0.6 0.6 0.459
0.6 0.6 0.479
0.6 0.6 0.499
0.6 0.6 0.519
0.6 0.6 0.539
0.6 0.6 0.559
0.6 0.6 0.579
0.6 0.6 0.599
0.3 0.3 0.019
0.3 0.3 0.039
0.3 0.3 0.059
0.3 0.3 0.079
0.3 0.3 0.099
0.3 0.3 0.119
0.3 0.3 0.139
0.3 0.3 0.159
0.3 0.3 0.179
0.3 0.3 0.199
0.3 0.3 0.219
0.3 0.3 0.239
0.3 0.3 0.259
0.3 0.3 0.279
0.3 0.3 0.299
0.6 0.6 0.019
0.6 0.6 0.039
0.6 0.6 0.059
0.6 0.6 0.079
0.6 0.6 0.099
0.6 0.6 0.119
0.6 0.6 0.139
0.6 0.6 0.159
0.6 0.6 0.179
0.6 0.6 0.199
0.6 0.6 0.219
0.6 0.6 0.239
0.6 0.6 0.259
0.6 0.6 0.279
0.6 0.6 0.299
0.6 0.6 0.319
0.6 0.6 0.339
0.6 0.6 0.359
0.6 0.6 0.379
0.6 0.6 0.399
0.6 0.6 0.419
0.6 0.6 0.439
0.6 0.6 0.459
0.6 0.6 0.479
0.6 0.6 0.499
0.6 0.6 0.519
0.6 0.6 0.539
0.6 0.6 0.559
0.6 0.6 0.579
0.6 0.6 0.599
0.3 0.3 0.019
0.3 0.3 0.039
0.3 0.3 0.059
0.3 0.3 0.079
0.3 0.3 0.099
0.3 0.3 0.119
0.3 0.3 0.139
0.3 0.3 0.159
0.3 0.3 0.179
0.3 0.3 0.199
0.3 0.3 0.219
0.3 0.3 0.239
0.3 0.3 0.259
0.3 0.3 0.279
0.3 0.3 0.299
0.6 0.599999 0.019
0.6 0.599999 0.039
0.6 0.599999 0.059
0.6 0.6 0.079
0.6 0.6 0.099
0.6 0.6 0.119
0.6 0.6 0.139
0.6 0.6 0.159
0.6 0.6 0.179
0.6 0.6 0.199
0.6 0.6 0.219
0.6 0.6 0.239
0.6 0.6 0.259
0.6 0.6 0.279
0.6 0.6 0.299
0.6 0.6 0.319
0.6 0.6 0.339
0.6 0.6 0.359
0.6 0.6 0.379
0.6 0.6 0.399
0.6 0.6 0.419
0.6 0.6 0.439
0.6 0.6 0.459
0.6 0.6 0.479
0.6 0.6 0.499
0.6 0.6 0.519
0.6 0.6 0.539
0.6 0.6 0.559
0.6 0.6 0.579
0.6 0.6 0.599
0.3 0.3 0.019
0.3 0.3 0.039
0.3 0.3 0.059
0.3 0.3 0.079
0.3 0.3 0.099
0.3 0.3 0.119
0.3 0.3 0.139
0.3 0.3 0.159
0.3 0.3 0.179
0.3 0.3 0.199
0.3 0.3 0.219
0.3 0.3 0.239
0.3 0.3 0.259
0.3 0.3 0.279
0.3 0.3 0.299
0.6 0.599998 0.019
0.6 0.599999 0.039
0.6 0.599999 0.059
0.6 0.599999 0.079
0.6 0.599999 0.099
0.6 0.599999 0.119
0.6 0.599999 0.139
0.6 0.599999 0.159
0.6 0.6 0.179
0.6 0.6 0.199
0.6 0.6 0.219
0.6 0.6 0.239
0.6 0.6 0.259
0.6 0.6 0.279
0.6 0.6 0.299
0.6 0.6 0.319
0.6 0.6 0.339
0.6 0.6 0.359
0.6 0.6 0.379
0.6 0.6 0.399
0.6 0.6 0.419
0.6 0.6 0.439
0.6 0.6 0.459
0.6 0.6 0.479
0.6 0.6 0.499
0.6 0.6 0.519
0.6 0.6 0.539
0.6 0.6 0.559
0.6 0.6 0.579
0.6 0.6 0.599
0.3 0.3 0.019
0.3 0.3 0.039
0.3 0.3 0.059
0.3 0.3 0.079
0.3 0.3 0.099
0.3 0.3 0.119
0.3 0.3 0.139
0.3 0.3 0.159
0.3 0.3 0.179
0.3 0.3 0.199
0.3 0.3 0.219
0.3 0.3 0.239
0.3 0.3 0.259
0.3 0.3 0.279
0.3 0.3 0.299
0.6 0.599999 0.019
0.6 0.6 0.039
0.6 0.6 0.059
0.6 0.6 0.079
0.6 0.6 0.099
0.6 0.6 0.119
0.6 0.6 0.139
0.6 0.6 0.159
0.6 0.6 0.179
0.6 0.6 0.199
0.6 0.6 0.219
0.6 0.5 0.239
0.6 0.5 0.259
0.6 0.5 0.279
0.6 0.5 0.299
0.6 0.5 0.319
0.6 0.5 0.339
0.6 0.5 0.359
0.6 0.5 0.379
0.6 0.5 0.399
0.6 0.5 0.419
0.6 0.5 0.439
0.6 0.5 0.459
0.6 0.5 0.479
0.6 0.507781 0.499
0.3 0.3 0.019
0.3 0.3 0.039
0.3 0.3 0.059
0.3 0.3 0.079
0.3 0.3 0.099
0.3 0.3 0.119
0.3 0.3 0.139
0.3 0.3 0.159
0.3 0.212561 0.179
0.3 0.208903 0.199
0.6 0.5 0.008
0.6 0.5 0.028
0.6 0.5 0.048
0.6 0.5 0.068
0.6 0.514433 0.088
0.6 0.534035 0.108
0.6 0.546263 0.128
0.6 0.546108 0.148
0.6 0.539246 0.168
0.6 0.528614 0.188
0.6 0.51056 0.208
0.6 0.5 0.228
0.6 0.5 0.248
0.6 0.5 0.268
0.6 0.5 0.288
0.6 0.5 0.308
0.6 0.5 0.328
0.6 0.5 0.348
0.6 0.5 0.368
0.6 0.5 0.388
0.6 0.501768 0.408
0.6 0.517064 0.428
0.6 0.543313 0.448
0.6 0.565555 0.468
0.6 0.581719 0.488
0.6 0.591147 0.508
0.6 0.596162 0.528
0.6 0.6 0.548
0.6 0.6 0.568
0.6 0.599147 0.588
0.3 0.3 0.008
0.3 0.3 0.028
0.3 0.3 0.048
0.3 0.3 0.068
0.3 0.3 0.088
0.3 0.3 0.108
0.3 0.3 0.128
0.3 0.3 0.148
0.3 0.3 0.168
0.3 0.3 0.188
0.3 0.3 0.208
0.3 0.3 0.228
0.3 0.3 0.248
0.3 0.3 0.268
0.3 0.3 0.288
0.6 0.6 0.008
0.6 0.6 0.028
0.6 0.6 0.048
0.6 0.6 0.068
0.6 0.6 0.088
0.6 0.6 0.108
0.6 0.6 0.128
0.6 0.6 0.148
0.6 0.6 0.168
0.6 0.6 0.188
0.6 0.6 0.208
0.6 0.6 0.228
0.6 0.6 0.248
0.6 0.6 0.268
0.6 0.6 0.288
0.6 0.6 0.308
0.6 0.6 0.328
0.6 0.6 0.348
0.6 0.6 0.368
0.6 0.6 0.388
0.6 0.6 0.408
0.6 0.6 0.428
0.6 0.6 0.448
0.6 0.6 0.468
0.6 0.6 0.488
0.6 0.6 0.508
0.6 0.6 0.528
0.6 0.6 0.548
0.6 0.6 0.568
0.6 0.6 0.588
0.3 0.3 0.008
0.3 0.3 0.028
0.3 0.3 0.048
0.3 0.3 0.068
0.3 0.3 0.088
0.3 0.3 0.108
0.3 0.3 0.128
0.3 0.3 0.148
0.3 0.3 0.168
0.3 0.3 0.188
0.3 0.3 0.208
0.3 0.3 0.228
0.3 0.3 0.248
0.3 0.3 0.268
0.3 0.3 0.288
0.6 0.599999 0.008
0.6 0.599999 0.028
0.6 0.599999 0.048
0.6 0.599999 0.068
0.6 0.599999 0.088
0.6 0.599999 0.108
0.6 0.6 0.128
0.6 0.6 0.148
0.6 0.6 0.168
0.6 0.6 0.188
0.6 0.6 0.208
0.6 0.6 0.228
0.6 0.6 0.248
0.6 0.6 0.268
0.6 0.6 0.288
0.6 0.6 0.308
0.6 0.6 0.328
0.6 0.6 0.348
0.6 0.6 0.368
0.6 0.6 0.388
0.6 0.6 0.408
0.6 0.6 0.428
0.6 0.6 0.448
0.6 0.6 0.468
0.6 0.6 0.488
0.6 0.6 0.508
0.6 0.6 0.528
0.6 0.6 0.548
0.6 0.6 0.568
0.6 0.6 0.588
0.3 0.3 0.008
0.3 0.3 0.028
0.3 0.3 0.048
0.3 0.3 0.068
0.3 0.3 0.088
0.3 0.3 0.108
0.3 0.3 0.128
0.3 0.3 0.148
0.3 0.3 0.168
0.3 0.3 0.188
0.3 0.3 0.208
0.3 0.3 0.228
0.3 0.3 0.248
0.3 0.3 0.268
0.3 0.3 0.288
0.6 0.6 0.008
0.6 0.6 0.028
0.6 0.6 0.048
0.6 0.6 0.068
0.6 0.6 0.088
0.6 0.6 0.108
0.6 0.6 0.128
0.6 0.6 0.148
0.6 0.6 0.168
0.6 0.6 0.188
0.6 0.6 0.208
0.6 0.6 0.228
0.6 0.6 0.248
0.6 0.6 0.268
0.6 0.6 0.288
0.6 0.6 0.308
0.6 0.6 0.328
0.6 0.6 0.348
0.6 0.6 0.368
0.6 0.6 0.388
0.6 0.6 0.408
0.6 0.6 0.428
0.6 0.6 0.448
0.6 0.6 0.468
0.6 0.6 0.488
0.6 0.6 0.508
0.6 0.6 0.528
0.6 0.6 0.548
0.6 0.6 0.568
0.6 0.6 0.588
0.3 0.3 0.008
0.3 0.3 0.028
0.3 0.3 0.048
0.3 0.3 0.068
0.3 0.3 0.088
0.3 0.3 0.108
0.3 0.3 0.128
0.3 0.3 0.148
0.3 0.3 0.168
0.3 0.3 0.188
0.3 0.208 0.208
0.6 0.511334 0.002
0.6 0.577893 0.022
0.6 0.599838 0.042
0.6 0.599924 0.062
0.6 0.599989 0.082
0.6 0.599998 0.102
0.6 0.6 0.122
0.6 0.599999 0.142
0.6 0.599998 0.162
0.6 0.599997 0.182
0.6 0.599996 0.202
0.6 0.599995 0.222
0.6 0.599993 0.242
0.6 0.599992 0.262
0.6 0.599991 0.282
0.6 0.59999 0.302
0.6 0.599991 0.322
0.6 0.599993 0.342
0.6 0.6 0.362
0.6 0.6 0.382
0.6 0.6 0.402
0.6 0.6 0.422
0.6 0.6 0.442
0.6 0.6 0.462
0.6 0.6 0.482
0.6 0.6 0.502
0.6 0.6 0.522
0.6 0.6 0.542
0.6 0.6 0.562
0.6 0.6 0.582
0.3 0.3 0.002
0.3 0.3 0.022
0.3 0.3 0.042
0.3 0.3 0.062
0.3 0.3 0.082
0.3 0.3 0.102
0.3 0.3 0.122
0.3 0.3 0.142
0.3 0.3 0.162
0.3 0.3 0.182
0.3 0.3 0.202
0.3 0.3 0.222
0.3 0.3 0.242
0.3 0.3 0.262
0.3 0.3 0.282
0.6 0.599986 0.002
0.6 0.599997 0.022
0.6 0.599999 0.042
0.6 0.599998 0.062
0.6 0.599998 0.082
0.6 0.599999 0.102
0.6 0.599999 0.122
0.6 0.6 0.142
0.6 0.6 0.162
0.6 0.6 0.182
0.6 0.6 0.202
0.6 0.6 0.222
0.6 0.6 0.242
0.6 0.6 0.262
0.6 0.6 0.282
0.6 0.6 0.302
0.6 0.6 0.322
0.6 0.6 0.342
0.6 0.6 0.362
0.6 0.6 0.382
0.6 0.6 0.402
0.6 0.6 0.422
0.6 0.6 0.442
0.6 0.6 0.462
0.6 0.6 0.482
0.6 0.6 0.502
0.6 0.6 0.522
0.6 0.6 0.542
0.6 0.6 0.562
0.6 0.6 0.582
0.3 0.3 0.002
0.3 0.3 0.022
0.3 0.3 0.042
0.3 0.3 0.062
0.3 0.3 0.082
0.3 0.3 0.102
0.3 0.3 0.122
0.3 0.3 0.142
0.3 0.3 0.162
0.3 0.3 0.182
0.3 0.3 0.202
0.3 0.3 0.222
0.3 0.3 0.242
0.3 0.3 0.262
0.3 0.3 0.282
0.6 0.599987 0.002
0.6 0.599998 0.022
0.6 0.599999 0.042
0.6 0.599999 0.062
0.6 0.599999 0.082
0.6 0.599999 0.102
0.6 0.6 0.122
0.6 0.6 0.142
0.6 0.6 0.162
0.6 0.6 0.182
0.6 0.6 0.202
0.6 0.6 0.222
0.6 0.6 0.242
0.6 0.6 0.262
0.6 0.6 0.282
0.6 0.6 0.302
0.6 0.6 0.322
0.6 0.6 0.342
0.6 0.6 0.362
0.6 0.6 0.382
0.6 0.6 0.402
0.6 0.6 0.422
0.6 0.6 0.442
0.6 0.6 0.462
0.6 0.6 0.482
0.6 0.6 0.502
0.6 0.6 0.522
0.6 0.6 0.542
0.6 0.6 0.562
0.6 0.6 0.582
0.3 0.3 0.002
0.3 0.3 0.022
0.3 0.3 0.042
0.3 0.3 0.062
0.3 0.3 0.082
0.3 0.3 0.102
0.3 0.3 0.122
0.3 0.3 0.142
0.3 0.3 0.162
0.3 0.3 0.182
0.3 0.3 0.202
0.3 0.3 0.222
0.3 0.3 0.242
0.3 0.3 0.262
0.3 0.3 0.282
0.6 0.599989 0.002
0.6 0.599999 0.022
0.6 0.6 0.042
0.6 0.599999 0.062
0.6 0.599999 0.082
0.6 0.599999 0.102
0.6 0.6 0.122
0.6 0.6 0.142
0.6 0.6 0.162
0.6 0.6 0.182
0.6 0.6 0.202
0.6 0.6 0.222
0.6 0.6 0.242
0.6 0.6 0.262
0.6 0.6 0.282
0.6 0.6 0.302
0.6 0.5 0.322
0.6 0.5 0.342
0.6 0.5 0.362
0.6 0.5 0.382
0.6 0.5 0.402
0.6 0.5 0.422
0.6 0.5 0.442
0.6 0.5 0.462
0.6 0.5 0.482
0.3 0.2 0.002
0.3 0.2 0.022
0.3 0.2 0.042
0.3 0.2 0.062
0.3 0.2 0.082
0.3 0.2 0.102
0.3 0.2 0.122
0.3 0.2 0.142
0.3 0.2 0.162
0.3 0.2 0.182
0.6 0.5 0.002
0.6 0.5 0.022
0.6 0.5 0.042
0.6 0.5 0.062
0.6 0.5 0.082
0.6 0.5 0.102
0.6 0.5 0.122
0.6 0.500225 0.142
0.6 0.501947 0.162
0.6 0.5 0.182
0.6 0.5 0.202
0.6 0.5 0.222
0.6 0.5 0.242
0.6 0.5 0.262
0.6 0.5 0.282
0.6 0.5 0.302
0.6 0.5 0.322
0.6 0.5 0.342
0.6 0.5 0.362
0.6 0.5 0.382
0.6 0.5 0.402
0.6 0.506485 0.422
0.6 0.525052 0.442
0.6 0.545421 0.462
0.6 0.564125 0.482
0.6 0.577883 0.502
0.6 0.589248 0.522
0.6 0.593414 0.542
0.6 0.596008 0.562
0.6 0.598001 0.582
0.3 0.3 0.005
0.3 0.3 0.025
0.3 0.3 0.045
0.3 0.3 0.065
0.3 0.3 0.085
0.3 0.3 0.105
0.3 0.3 0.125
0.3 0.3 0.145
0.3 0.3 0.165
0.3 0.3 0.185
0.3 0.3 0.205
0.3 0.3 0.225
0.3 0.3 0.245
0.3 0.3 0.265
0.3 0.3 0.285
0.6 0.6 0.005
0.6 0.6 0.025
0.6 0.6 0.045
0.6 0.6 0.065
0.6 0.6 0.085
0.6 0.6 0.105
0.6 0.6 0.125
0.6 0.6 0.145
0.6 0.6 0.165
0.6 0.6 0.185
0.6 0.6 0.205
0.6 0.6 0.225
0.6 0.6 0.245
0.6 0.6 0.265
0.6 0.6 0.285
0.6 0.6 0.305
0.6 0.6 0.325
0.6 0.6 0.345
0.6 0.6 0.365
0.6 0.6 0.385
0.6 0.6 0.405
0.6 0.6 0.425
0.6 0.6 0.445
0.6 0.6 0.465
0.6 0.6 0.485
0.6 0.6 0.505
0.6 0.6 0.525
0.6 0.6 0.545
0.6 0.6 0.565
0.6 0.6 0.585
0.3 0.3 0.005
0.3 0.3 0.025
0.3 0.3 0.045
0.3 0.3 0.065
0.3 0.3 0.085
0.3 0.3 0.105
0.3 0.3 0.125
0.3 0.3 0.145
0.3 0.3 0.165
0.3 0.3 0.185
0.3 0.3 0.205
0.3 0.3 0.225
0.3 0.3 0.245
0.3 0.3 0.265
0.3 0.3 0.285
0.6 0.599999 0.005
0.6 0.599999 0.025
0.6 0.599999 0.045
0.6 0.599999 0.065
0.6 0.599999 0.085
0.6 0.6 0.105
0.6 0.6 0.125
0.6 0.6 0.145
0.6 0.6 0.165
0.6 0.6 0.185
0.6 0.6 0.205
0.6 0.6 0.225
0.6 0.6 0.245
0.6 0.6 0.265
0.6 0.6 0.285
0.6 0.6 0.305
0.6 0.6 0.325
0.6 0.6 0.345
0.6 0.6 0.365
0.6 0.6 0.385
0.6 0.6 0.405
0.6 0.6 0.425
0.6 0.6 0.445
0.6 0.6 0.465
0.6 0.6 0.485
0.6 0.6 0.505
0.6 0.6 0.525
0.6 0.6 0.545
0.6 0.6 0.565
0.6 0.6 0.585
0.3 0.3 0.005
0.3 0.3 0.025
0.3 0.3 0.045
0.3 0.3 0.065
0.3 0.3 0.085
0.3 0.3 0.105
0.3 0.3 0.125
0.3 0.3 0.145
0.3 0.3 0.165
0.3 0.3 0.185
0.3 0.3 0.205
0.3 0.3 0.225
0.3 0.3 0.245
0.3 0.3 0.265
0.3 0.3 0.285
0.6 0.599945 0.005
0.6 0.599993 0.025
0.6 0.599999 0.045
0.6 0.6 0.065
0.6 0.6 0.085
0.6 0.6 0.105
0.6 0.599999 0.125
0.6 0.6 0.145
0.6 0.6 0.165
0.6 0.6 0.185
0.6 0.6 0.205
0.6 0.6 0.225
0.6 0.6 0.245
0.6 0.6 0.265
0.6 0.6 0.285
0.6 0.6 0.305
0.6 0.6 0.325
0.6 0.6 0.345
0.6 0.6 0.365
0.6 0.6 0.385
0.6 0.6 0.405
0.6 0.6 0.425
0.6 0.6 0.445
0.6 0.6 0.465
0.6 0.6 0.485
0.6 0.6 0.505
0.6 0.6 0.525
0.6 0.6 0.545
0.6 0.6 0.565
0.6 0.6 0.585
0.3 0.3 0.005
0.3 0.3 0.025
0.3 0.3 0.045
0.3 0.3 0.065
0.3 0.3 0.085
0.3 0.3 0.105
0.3 0.3 0.125
0.3 0.3 0.145
0.3 0.3 0.165
0.3 0.3 0.185
0.3 0.205 0.205
0.6 0.517079 0.001
0.6 0.570059 0.021
0.6 0.598065 0.041
0.6 0.599888 0.061
0.6 0.599966 0.081
0.6 0.599992 0.101
0.6 0.599998 0.121
0.6 0.599998 0.141
0.6 0.599997 0.161
0.6 0.599996 0.181
0.6 0.599995 0.201
0.6 0.599994 0.221
0.6 0.599992 0.241
0.6 0.599991 0.261
0.6 0.599989 0.281
0.6 0.599988 0.301
0.6 0.599986 0.321
0.6 0.599986 0.341
0.6 0.599988 0.361
0.6 0.599993 0.381
0.6 0.6 0.401
0.6 0.6 0.421
0.6 0.6 0.441
0.6 0.6 0.461
0.6 0.6 0.481
0.6 0.6 0.501
0.6 0.6 0.521
0.6 0.6 0.541
0.6 0.6 0.561
0.6 0.6 0.581
0.3 0.3 0.001
0.3 0.3 0.021
0.3 0.3 0.041
0.3 0.3 0.061
0.3 0.3 0.081
0.3 0.3 0.101
0.3 0.3 0.121
0.3 0.3 0.141
0.3 0.3 0.161
0.3 0.3 0.181
0.3 0.3 0.201
0.3 0.3 0.221
0.3 0.3 0.241
0.3 0.3 0.261
0.3 0.3 0.281
0.6 0.599972 0.001
0.6 0.599996 0.021
0.6 0.599999 0.041
0.6 0.6 0.061
0.6 0.6 0.081
0.6 0.6 0.101
0.6 0.6 0.121
0.6 0.6 0.141
0.6 0.6 0.161
0.6 0.6 0.181
0.6 0.6 0.201
0.6 0.6 0.221
0.6 0.6 0.241
0.6 0.6 0.261
0.6 0.6 0.281
0.6 0.5 0.301
0.6 0.5 0.321
0.6 0.5 0.341
0.6 0.5 0.361
0.6 0.5 0.381
0.6 0.5 0.401
0.6 0.5 0.421
0.6 0.5 0.441
0.6 0.511579 0.461
0.6 0.520368 0.481
0.6 0.530586 0.501
0.6 0.597585 0.521
0.6 0.6 0.541
0.6 0.6 0.561
0.6 0.6 0.581
