-0.102528,-0.0747392,2.94529e-05,0,-0.0150017,-0.102526,-0.102514
-0.102528,-0.0699395,3.43933e-05,-3.38708e-07,-0.0150019,-0.10252,-0.102519
-0.102528,-0.0697833,3.43881e-05,-9.96931e-07,-0.0149885,-0.102514,-0.102703
-0.102528,-0.0721254,3.17182e-05,-1.68473e-06,-0.0149449,-0.102507,-0.103359
-0.102528,-0.0760257,2.73877e-05,-2.33644e-06,-0.0149346,-0.1025,-0.104328
-0.102528,-0.080878,2.20468e-05,-2.91235e-06,-0.0149698,-0.102493,-0.105487
-0.102528,-0.0862032,1.62105e-05,-3.388e-06,-0.0150056,-0.102486,-0.106732
-0.102528,-0.0918955,9.99845e-06,-3.73555e-06,-0.0150233,-0.102479,-0.108056
-0.102528,-0.0974554,3.94536e-06,-3.96348e-06,-0.0150274,-0.102471,-0.109325
-0.102528,-0.102825,-1.88331e-06,-4.06962e-06,-0.015015,-0.102463,-0.110547
-0.102528,-0.107577,-7.03054e-06,-4.05818e-06,-0.0149986,-0.102455,-0.111605
-0.102528,-0.111503,-1.12762e-05,-3.94074e-06,-0.0149872,-0.102446,-0.112462
-0.102528,-0.114329,-1.43287e-05,-3.73432e-06,-0.0149833,-0.102437,-0.113052
-0.102528,-0.115968,-1.6101e-05,-3.46148e-06,-0.0149867,-0.102427,-0.113363
-0.102528,-0.116312,-1.64816e-05,-3.14744e-06,-0.0149959,-0.102417,-0.113371
-0.102528,-0.11549,-1.56121e-05,-2.81952e-06,-0.0150081,-0.102407,-0.113116
-0.102528,-0.113595,-1.35951e-05,-2.50336e-06,-0.0150204,-0.102397,-0.112618
-0.102528,-0.110988,-1.08199e-05,-2.22238e-06,-0.0150306,-0.102387,-0.111972
-0.102528,-0.107773,-7.40237e-06,-1.99488e-06,-0.0150369,-0.102376,-0.111191
-0.102528,-0.104225,-3.63637e-06,-1.83146e-06,-0.0150384,-0.102365,-0.110346
-0.102528,-0.100583,2.20108e-07,-1.74178e-06,-0.0150348,-0.102353,-0.109489
-0.102528,-0.0970927,3.90335e-06,-1.72883e-06,-0.0150278,-0.10234,-0.108679
-0.102528,-0.0939156,7.24044e-06,-1.79032e-06,-0.015025,-0.102327,-0.107948
-0.102528,-0.0913859,9.87719e-06,-1.91678e-06,-0.0150245,-0.102313,-0.107382
-0.102528,-0.0894839,1.18346e-05,-2.10246e-06,-0.01502,-0.102297,-0.106958
-0.102528,-0.0883498,1.29655e-05,-2.33034e-06,-0.0150059,-0.102281,-0.106717
-0.102528,-0.0879571,1.32999e-05,-2.58456e-06,-0.0149983,-0.102263,-0.106645
-0.102528,-0.088223,1.29279e-05,-2.84906e-06,-0.0149959,-0.102243,-0.106719
-0.102528,-0.0890238,1.19833e-05,-3.10929e-06,-0.0149957,-0.102222,-0.106908
-0.102528,-0.0902607,1.05736e-05,-3.3532e-06,-0.0149961,-0.102199,-0.10719
-0.102528,-0.0917463,8.89975e-06,-3.57102e-06,-0.014996,-0.102174,-0.107518
-0.102528,-0.0934086,7.04014e-06,-3.75655e-06,-0.014996,-0.102146,-0.10788
-0.102528,-0.0950737,5.18046e-06,-3.90572e-06,-0.0149959,-0.102115,-0.108233
-0.102528,-0.0966171,3.45316e-06,-4.0177e-06,-0.0149927,-0.102081,-0.108548
-0.102528,-0.0979595,1.93639e-06,-4.09453e-06,-0.0149913,-0.102044,-0.108811
-0.102528,-0.0990031,7.28666e-07,-4.14008e-06,-0.0149916,-0.102005,-0.108996
-0.102528,-0.0997709,-1.96518e-07,-4.16009e-06,-0.0149932,-0.101961,-0.109117
-0.102528,-0.100233,-8.09782e-07,-4.16033e-06,-0.0149955,-0.101915,-0.109162
-0.102528,-0.10039,-1.11185e-06,-4.14689e-06,-0.0149987,-0.101865,-0.109132
-0.102528,-0.100265,-1.13161e-06,-4.12601e-06,-0.0150013,-0.101811,-0.109036
-0.102528,-0.0998809,-8.93253e-07,-4.10347e-06,-0.0150031,-0.101752,-0.108876
-0.102528,-0.0993047,-4.70972e-07,-4.08453e-06,-0.0150041,-0.10169,-0.108671
-0.102528,-0.0985868,8.03123e-08,-4.07321e-06,-0.0150046,-0.101622,-0.108431
-0.102528,-0.0977929,6.8929e-07,-4.07234e-06,-0.0150049,-0.101549,-0.108171
-0.102528,-0.0970188,1.25326e-06,-4.08338e-06,-0.0150051,-0.101471,-0.107915
-0.102528,-0.0962833,1.75103e-06,-4.10591e-06,-0.0150053,-0.101387,-0.107664
-0.102528,-0.0957276,2.03254e-06,-4.13769e-06,-0.0150056,-0.101297,-0.107454
-0.102528,-0.0953195,2.13131e-06,-4.17708e-06,-0.0150053,-0.101199,-0.107269
-0.102528,-0.0951162,1.98671e-06,-4.21906e-06,-0.0150034,-0.101094,-0.107127
-0.102528,-0.0950817,1.63673e-06,-4.25974e-06,-0.0150013,-0.100982,-0.107015
-0.102528,-0.0951625,1.13833e-06,-4.29475e-06,-0.0149992,-0.10086,-0.106918
-0.102528,-0.0953049,5.47824e-07,-4.32075e-06,-0.0149979,-0.10073,-0.106823
-0.102528,-0.095492,-1.16943e-07,-4.33555e-06,-0.0149972,-0.100589,-0.106727
-0.102528,-0.0957373,-8.69172e-07,-4.3372e-06,-0.014997,-0.100438,-0.106635
-0.102528,-0.0960193,-1.68517e-06,-4.3232e-06,-0.0149973,-0.100276,-0.106539
-0.102528,-0.0963493,-2.57607e-06,-4.29317e-06,-0.014998,-0.1001,-0.106442
-0.102528,-0.0967124,-3.52579e-06,-4.24566e-06,-0.0149986,-0.0999117,-0.106338
-0.102528,-0.09707,-4.49344e-06,-4.17941e-06,-0.0149991,-0.0997086,-0.106217
-0.102528,-0.097414,-5.47074e-06,-4.0939e-06,-0.0149995,-0.0994898,-0.106076
-0.102528,-0.0977361,-6.44926e-06,-3.98888e-06,-0.0149996,-0.0992538,-0.105911
-0.102528,-0.098028,-7.42033e-06,-3.8643e-06,-0.0149997,-0.0989991,-0.105721
-0.102528,-0.0982846,-8.37878e-06,-3.72026e-06,-0.0149997,-0.0987242,-0.105502
-0.102528,-0.0985038,-9.32201e-06,-3.557e-06,-0.0149997,-0.0984277,-0.105252
-0.102528,-0.098686,-1.02597e-05,-3.3748e-06,-0.0149998,-0.0981081,-0.104971
-0.102528,-0.0988327,-1.11787e-05,-3.17383e-06,-0.015,-0.0977635,-0.104658
-0.102528,-0.0989487,-1.20678e-05,-2.95439e-06,-0.0150002,-0.0973922,-0.10431
-0.102528,-0.0990381,-1.2925e-05,-2.71659e-06,-0.0150006,-0.0969922,-0.103928
-0.102528,-0.099107,-1.37515e-05,-2.46195e-06,-0.0150011,-0.0965613,-0.10351
-0.102528,-0.0991647,-1.45529e-05,-2.19064e-06,-0.0150016,-0.0960971,-0.103058
-0.102528,-0.0991785,-1.52911e-05,-1.90319e-06,-0.015002,-0.0955972,-0.102557
-0.102528,-0.0992403,-1.6061e-05,-1.60069e-06,-0.0150024,-0.0950588,-0.102033
-0.102528,-0.0993863,-1.68991e-05,-1.28293e-06,-0.0150027,-0.0944789,-0.101489
-0.102528,-0.0994765,-1.76567e-05,-9.4872e-07,-0.0150029,-0.0938544,-0.100881
-0.102528,-0.0996481,-1.84788e-05,-5.98996e-07,-0.0150031,-0.0931819,-0.100251
-0.102528,-0.0999369,-1.94038e-05,-2.3312e-07,-0.0150033,-0.0924579,-0.0995989
-0.102528,-0.100224,-2.03061e-05,1.50794e-07,-0.0150034,-0.0916788,-0.0988859
-0.102528,-0.100545,-2.12251e-05,5.52856e-07,-0.0150035,-0.0908401,-0.0981236
-0.102528,-0.100913,-2.21738e-05,9.73222e-07,-0.0150036,-0.0899371,-0.0973089
-0.102528,-0.10125,-2.30729e-05,1.41243e-06,-0.0150037,-0.0889649,-0.0964149
-0.102528,-0.101784,-2.41802e-05,1.86984e-06,-0.0150041,-0.0879179,-0.0955035
-0.102528,-0.102314,-2.52851e-05,2.34846e-06,-0.0150047,-0.0867902,-0.094501
-0.102528,-0.102883,-2.64298e-05,2.84919e-06,-0.0150055,-0.0855755,-0.0934226
-0.102528,-0.103499,-2.76165e-05,3.37264e-06,-0.0150064,-0.0842669,-0.0922602
-0.102528,-0.104171,-2.88484e-05,3.91963e-06,-0.0150073,-0.0828573,-0.0910062
-0.102528,-0.10491,-3.01331e-05,4.49105e-06,-0.0150081,-0.0813385,-0.0896524
-0.102528,-0.105602,-3.13471e-05,5.08793e-06,-0.0150088,-0.0797023,-0.0881543
-0.102528,-0.106521,-3.27736e-05,5.70941e-06,-0.0150094,-0.0779394,-0.0865787
-0.102528,-0.107602,-3.43426e-05,6.35846e-06,-0.0150098,-0.0760399,-0.0848793
-0.102528,-0.108847,-3.60518e-05,7.03826e-06,-0.0150102,-0.0739934,-0.0830428
-0.102528,-0.110262,-3.78962e-05,7.7516e-06,-0.0150105,-0.0717883,-0.0810556
-0.102528,-0.111849,-3.98668e-05,8.50122e-06,-0.0150106,-0.0694124,-0.078904
-0.102528,-0.113581,-4.19397e-05,9.28969e-06,-0.0150105,-0.0668524,-0.0765731
-0.102528,-0.115392,-4.40499e-05,1.01192e-05,-0.0150101,-0.0640941,-0.0740468
-0.102528,-0.117151,-4.60594e-05,1.09907e-05,-0.0150091,-0.0611221,-0.0713062
-0.102528,-0.118645,-4.77432e-05,1.19028e-05,-0.0150075,-0.0579199,-0.0683316
-0.102528,-0.119576,-4.87837e-05,1.28501e-05,-0.0150058,-0.0544702,-0.0651064
-0.102528,-0.119546,-4.87542e-05,1.38211e-05,-0.0150041,-0.0507555,-0.0616153
-0.102528,-0.118066,-4.71344e-05,1.47963e-05,-0.0150027,-0.0467614,-0.0578486
-0.102528,-0.114598,-4.33501e-05,1.57463e-05,-0.015002,-0.0424904,-0.0538061
-0.102528,-0.108612,-3.68374e-05,1.66303e-05,-0.0150016,-0.0380129,-0.0495011
-0.0891997,-0.0996493,-2.7113e-05,1.73964e-05,-0.0150004,-0.0336631,-0.0449676
-0.0755292,-0.087972,-1.44565e-05,1.79824e-05,-0.0149963,-0.0298126,-0.0403862
-0.0618588,-0.0726289,2.13001e-06,1.83285e-05,-0.0149854,-0.0266002,-0.0354913
-0.0481883,-0.0553656,2.07929e-05,1.83605e-05,-0.0149639,-0.0240996,-0.0307921
-0.0345179,-0.0368973,4.07723e-05,1.80286e-05,-0.0149278,-0.0223681,-0.0263506
-0.0208474,-0.0182672,6.09517e-05,1.73031e-05,-0.0148779,-0.0214511,-0.0223462
-0.00717699,-0.000526446,8.02038e-05,1.61749e-05,-0.0148728,-0.0213539,-0.0189273
0,0.0153834,9.75207e-05,1.46574e-05,-0.0150251,-0.0219204,-0.0162011
0,0.0281684,0.000111539,1.27849e-05,-0.0149674,-0.0228416,-0.0143922
0,0.0368013,0.00012115,1.06172e-05,-0.0146511,-0.0239097,-0.0136809
0,0.0415464,0.000126619,8.23747e-06,-0.0141486,-0.0250748,-0.0139364
0,0.0426608,0.000128222,5.74611e-06,-0.0134955,-0.0263288,-0.0151026
0,0.0407274,0.000126578,3.19369e-06,-0.0127291,-0.0276747,-0.0170351
0,0.0365839,0.00012258,6.51443e-07,-0.011889,-0.029119,-0.0195353
0,0.0311504,0.000117206,-1.82815e-06,-0.0109966,-0.0306694,-0.0223944
0,0.0252692,0.000111351,-4.20451e-06,-0.0100692,-0.0323345,-0.0254305
0,0.0193744,0.000105478,-6.47252e-06,-0.0091304,-0.0341234,-0.0285722
0,0.0144797,0.00010066,-8.62319e-06,-0.00821255,-0.0360461,-0.0315675
0,0.0107367,9.70561e-05,-1.06677e-05,-0.00734724,-0.0381131,-0.0344337
0,0.00852944,9.50721e-05,-1.26359e-05,-0.00655592,-0.0403356,-0.0370828
0,0.00741048,9.42322e-05,-1.45522e-05,-0.00584409,-0.0427257,-0.0396727
0,0.00730825,9.44585e-05,-1.64423e-05,-0.00521648,-0.0452967,-0.0422174
0,0.00860005,9.61474e-05,-1.83298e-05,-0.00465248,-0.048063,-0.0446259
0,0.0111604,9.9165e-05,-2.02409e-05,-0.00413123,-0.05104,-0.0469715
0,0.0143051,0.000102817,-2.22046e-05,-0.00361318,-0.0542443,-0.0494614
0,0.017882,0.000106955,-2.42353e-05,-0.00308245,-0.0576938,-0.0521287
0,0.0217185,0.000111387,-2.63434e-05,-0.00256761,-0.0614078,-0.0550395
0,0.0253669,0.000115631,-2.85401e-05,-0.00207765,-0.0654071,-0.0583353
0,0.029558,0.00012045,-3.08252e-05,-0.00160954,-0.0697139,-0.0618129
0,0.033406,0.000124899,-3.32077e-05,-0.00116515,-0.0743522,-0.065772
0,0.0369482,0.000129011,-3.56789e-05,-0.000746474,-0.0793479,-0.0701672
0,0.0400561,0.000132642,-3.82407e-05,-0.000350478,-0.0847288,-0.0750296
0,0.0425221,0.000135572,-4.08772e-05,-5.64066e-20,-0.0905246,-0.0803856
0,0.0435155,0.000136919,-4.35754e-05,1.20371e-35,-0.0967665,-0.086408
0,0.0436515,0.000137321,-4.63077e-05,-2.67276e-51,-0.103485,-0.0928096
0,0.0428748,0.000136707,-4.90523e-05,5.93473e-67,-0.110703,-0.0995351
0,0.0395237,0.000133315,-5.17892e-05,-1.31777e-82,-0.118401,-0.106925
-0.00680833,0.0326958,0.000126194,-5.4464e-05,2.92605e-98,-0.126398,-0.115017
-0.0211417,0.024047,0.000117101,-5.70199e-05,-6.49713e-114,-0.134359,-0.123176
-0.035475,0.0125017,0.000104901,-5.93983e-05,1.44265e-129,-0.142045,-0.131701
-0.0498083,-0.000408997,9.12142e-05,-6.15451e-05,-2.40984e-05,-0.149376,-0.140059
-0.0641417,-0.0159021,7.47556e-05,-6.3431e-05,-0.000666842,-0.15631,-0.148616
-0.078475,-0.0346395,5.48285e-05,-6.50496e-05,-0.00136661,-0.16281,-0.157448
-0.0928083,-0.0564677,3.1604e-05,-6.62956e-05,-0.00218525,-0.168842,-0.166433
-0.107142,-0.0818759,4.57781e-06,-6.70902e-05,-0.00254689,-0.174361,-0.175669
0.093525,0.046958,-0.000113691,-6.77223e-05,0.00240459,0.0407517,0.032548
0.0791917,0.00919167,-0.000176168,-6.65382e-05,0.00210223,0.0361103,0.0241177
0.0648583,-0.00514167,-0.000279322,-6.34834e-05,0.00126824,0.0322482,0.0172614
0.050525,-0.019475,-0.000395918,-5.86191e-05,-2.1684e-19,0.0292096,0.0122576
0.0361917,-0.0338083,-0.000515384,-5.15752e-05,4.81482e-35,0.0270468,0.00830546
0.0218583,-0.0481417,-0.000627285,-4.2044e-05,-1.06911e-50,0.0258065,0.00532599
0.007525,-0.062475,-0.000716395,-3.01698e-05,0.000272056,0.0254923,0.00345386
0,-0.07,-0.000783915,-1.64656e-05,0.00266043,0.0258921,0.00305595
0,-0.07,-0.000830318,-1.29372e-06,0.00366606,0.0266434,0.00482871
0,-0.07,-0.000832683,1.50806e-05,0.00325552,0.0275659,0.0079326
0,-0.0652152,-0.00079871,3.17236e-05,0.00210663,0.0286254,0.0118168
0,-0.0531535,-0.000758473,4.78677e-05,0.000565751,0.0298061,0.0162114
0,-0.0394337,-0.000717718,6.33188e-05,0,0.0311169,0.0208449
0,-0.0262311,-0.00067968,7.79177e-05,0,0.0325802,0.0254649
0,-0.0144266,-0.000643618,9.16064e-05,0,0.0342095,0.0298207
0,-0.0049681,-0.000610795,0.000104605,0,0.0359983,0.0337197
0,0.00199459,-0.000581206,0.000116903,0,0.0379432,0.0371619
0,0.00645259,-0.000555285,0.000128616,0,0.0400462,0.0401801
0,0.00900958,-0.00053176,0.000139799,0,0.0423104,0.0429188
0,0.0104082,-0.000510968,0.000150493,0,0.0447458,0.0456263
0,0.010612,-0.000492357,0.000160796,0,0.0473714,0.0482498
0,0.00997694,-0.000475515,0.000170689,0,0.0502032,0.0509086
0,0.00887381,-0.000459397,0.000180267,0,0.0532492,0.0536598
0,0.0070774,-0.000445382,0.00018952,0,0.056524,0.056523
0,0.00489969,-0.00043212,0.000198483,0,0.0600538,0.0595907
0,0.00151195,-0.000420151,0.000207185,0,0.0638606,0.0626437
0,-0.00252628,-0.000408883,0.000215618,0,0.067966,0.0659067
0,-0.00745126,-0.000398998,0.000223824,0,0.0724052,0.0693927
0,-0.0138703,-0.000390355,0.000231844,0,0.0772066,0.0728414
0,-0.0214233,-0.00038337,0.000239685,0,0.0823993,0.076544
0,-0.0300963,-0.000377948,0.00024737,0,0.0880438,0.0805369
0,-0.0391925,-0.000373078,0.000254951,0,0.0941985,0.0849385
0,-0.0474591,-0.000366874,0.000262425,0,0.100874,0.0898113
0,-0.0537782,-0.000358844,0.000269787,0,0.108067,0.0954787
0,-0.0586841,-0.000349666,0.000277,0,0.115799,0.101638
0,-0.0599335,-0.000336869,0.00028403,0,0.12409,0.108816
0,-0.0577661,-0.000320598,0.000290806,0,0.132894,0.116691
0.0113583,-0.0496628,-0.000298155,0.000297258,0,0.141923,0.125818
0.027025,-0.0389344,-0.000273025,0.000303277,0,0.150775,0.135017
0.0426917,-0.026142,-0.000245813,0.000308839,0,0.159243,0.144212
0.0583583,-0.0094195,-0.000214573,0.000313864,0,0.167248,0.153903
0.074025,0.0119321,-0.000178611,0.00031828,0,0.174742,0.164149
0.0896917,0.0376552,-0.000138256,0.000321996,0,0.181685,0.174802
0.105358,0.064046,-9.74817e-05,0.000324943,0,0.188035,0.184799
-0.110504,-0.0801879,-8.86618e-06,0.000327056,0,-0.0343288,-0.0362245
-0.0953146,-0.0312988,5.58108e-05,0.000327454,0,-0.029813,-0.0244934
-0.080125,-0.010125,0.000197141,0.000326597,0,-0.0260658,-0.0143899
-0.0649354,0.00506458,0.000403668,0.00032329,0,-0.0230782,-0.00670261
-0.0497459,0.0202541,0.000665413,0.000316249,0,-0.0208923,-0.000904713
-0.0345563,0.0354437,0.000941124,0.000304512,0,-0.0195632,0.00327322
-0.0193667,0.0506333,0.00119215,0.000287068,0,-0.0191371,0.00596354
-0.00417713,0.0658229,0.00147497,0.000264354,0,-0.0196025,0.0073586
0,0.07,0.00177075,0.000236976,0,-0.0207113,0.00691739
0,0.07,0.00202007,0.000203779,0,-0.0221106,0.00493249
0,0.07,0.00218645,0.000164625,0,-0.0236372,0.00196812
0,0.07,0.00227098,0.000121644,0,-0.0252546,-0.00177175
0,0.07,0.00228692,7.68163e-05,0,-0.0269602,-0.00564405
0,0.07,0.00225016,3.11895e-05,0,-0.0287602,-0.00985933
0,0.069597,0.00216944,-1.40895e-05,0,-0.030664,-0.0139612
0,0.0612072,0.00208348,-5.78819e-05,0,-0.0326819,-0.0182466
0,0.0515625,0.00199937,-9.98094e-05,0,-0.034825,-0.0226228
0,0.0421802,0.00191867,-0.000140133,0,-0.0371053,-0.0270047
0,0.0333326,0.00184159,-0.000178708,0,-0.0395355,-0.0314028
0,0.0266234,0.00176974,-0.000215848,0,-0.0421289,-0.0353951
0,0.0211853,0.00170213,-0.000251531,0,-0.0448997,-0.0393173
0,0.0171029,0.00163876,-0.000285844,0,-0.047863,-0.0431214
0,0.0142908,0.00157944,-0.000318777,0,-0.0510355,-0.0468549
0,0.0127608,0.00152408,-0.000350603,0,-0.0544348,-0.0505325
0,0.0124657,0.00147219,-0.000381223,0,-0.05808,-0.0541926
0,0.0132227,0.00142161,-0.000410797,0,-0.0619913,-0.0579111
0,0.0148912,0.00137165,-0.000439457,0,-0.0661907,-0.0617478
0,0.0174126,0.00132238,-0.000467089,0,-0.0707017,-0.0657422
0,0.0207152,0.00127386,-0.00049366,0,-0.0755493,-0.0699406
0,0.0251122,0.00122656,-0.000519283,0,-0.0807607,-0.0742775
0,0.0293073,0.00117922,-0.000543933,0,-0.0863648,-0.0791473
0,0.0346361,0.00113333,-0.000567635,0,-0.0923929,-0.0841184
0,0.0417166,0.00109262,-0.000590417,0,-0.0989859,-0.0897351
0,0.0439572,0.00104937,-0.000612371,0,-0.10604,-0.0956648
0,0.0465455,0.00100109,-0.000633466,0,-0.113441,-0.102192
0,0.0473857,0.000952202,-0.000653609,0,-0.121358,-0.109382
0,0.045663,0.000901535,-0.000672849,0,-0.129838,-0.117233
-0.000396757,0.0406406,0.00084795,-0.000691082,0,-0.138818,-0.12576
-0.016267,0.0316118,0.000790572,-0.000708175,0,-0.147918,-0.13496
-0.0321373,0.0179527,0.000728667,-0.00072413,0,-0.156728,-0.14485
-0.0480076,0.00278064,0.000665591,-0.000738858,0,-0.165118,-0.154467
-0.0638778,-0.0137745,0.000601573,-0.000752327,0,-0.173028,-0.163878
-0.0797481,-0.0351518,0.000533103,-0.000764519,0,-0.180414,-0.174006
-0.0956184,-0.0591866,0.000462631,-0.000775352,0,-0.187235,-0.184036
-0.111489,-0.086375,0.000389785,-0.000784887,0,-0.193447,-0.194173
0.110695,0.0657809,0.000298744,-0.000792974,0,0.0390494,0.0361977
0.0948249,0.0248249,0.000202111,-0.000799176,0,0.0341969,0.0261263
0.0789546,0.00895459,4.25765e-05,-0.000803653,0,0.0301029,0.0176867
0.0630843,-0.00691568,-0.000152476,-0.000805302,0,0.0268249,0.011107
0.0472141,-0.0227859,-0.000361486,-0.000803228,0,0.0244235,0.00607833
0.0313438,-0.0386562,-0.00055943,-0.000797566,0,0.0229584,0.0027453
0.0154735,-0.0545265,-0.000728814,-0.000787367,0,0.0224705,0.00071266
0,-0.07,-0.000853729,-0.000774061,0,0.0229171,-9.76474e-05
0,-0.07,-0.000974062,-0.000757861,0,0.023949,0.000994092
0,-0.07,-0.00106742,-0.000739162,0,0.0251928,0.00326895
0,-0.07,-0.00111515,-0.00071828,0,0.0265559,0.00659381
0,-0.07,-0.00110781,-0.000696312,0,0.02802,0.0105575
0,-0.0608234,-0.00108724,-0.000674108,0,0.0295863,0.0148313
0,-0.0492927,-0.00106429,-0.00065227,0,0.0312617,0.0192626
0,-0.0378096,-0.00104156,-0.000630916,0,0.033055,0.0236851
0,-0.0275161,-0.00102028,-0.000609993,0,0.034976,0.0279059
0,-0.0191775,-0.00100129,-0.000589503,0,0.0370354,0.0317773
0,-0.0130288,-0.000984857,-0.000569401,0,0.0392446,0.0352821
0,-0.00903785,-0.000970944,-0.000549663,0,0.0416159,0.0384532
0,-0.00699829,-0.000959335,-0.000530202,0,0.0441622,0.0413591
0,-0.00651435,-0.000949616,-0.000510986,0,0.0468973,0.0441164
0,-0.00717073,-0.000941355,-0.00049197,0,0.0498363,0.0468398
0,-0.00872474,-0.000934295,-0.00047311,0,0.0529957,0.0495967
0,-0.0106805,-0.000927912,-0.000454395,0,0.056393,0.0525363
0,-0.0135863,-0.00092251,-0.000435808,0,0.0600473,0.0555066
0,-0.0166969,-0.000916732,-0.000417337,0,0.0639789,0.0587701
0,-0.0201343,-0.000910668,-0.000398979,0,0.0682098,0.062286
0,-0.0239073,-0.000904381,-0.000380741,0,0.0727637,0.0660877
0,-0.0280117,-0.000897916,-0.000362635,0,0.0776658,0.0702052
0,-0.0324299,-0.000891301,-0.00034466,0,0.0829437,0.0746667
0,-0.0367757,-0.000884169,-0.000326811,0,0.0886266,0.0795936
0,-0.0407524,-0.000876247,-0.00030911,0,0.0947462,0.0850496
0,-0.0469027,-0.000872187,-0.000291553,0,0.101456,0.0909667
0,-0.0504388,-0.000862709,-0.000274093,0,0.108826,0.0975202
0,-0.0533636,-0.000852384,-0.000256801,0,0.116778,0.10433
0,-0.0534701,-0.000838936,-0.000239728,0,0.125305,0.111977
0,-0.0503498,-0.000821864,-0.000222915,0,0.134363,0.12032
0.0100164,-0.0425185,-0.000799568,-0.00020641,0,0.143686,0.12959
0.0260428,-0.0314176,-0.000773554,-0.000190329,0,0.152867,0.139173
0.0420691,-0.0175045,-0.000744324,-0.000174754,0,0.161664,0.148923
0.0580954,-0.00120408,-0.000712359,-0.000159751,0,0.169989,0.158692
0.0741217,0.018509,-0.000676622,-0.000145424,0,0.177794,0.168741
0.090148,0.0415509,-0.000637257,-0.000131802,0,0.185035,0.178952
0.106174,0.0672702,-0.000595011,-0.000118958,0,0.191672,0.189109
-0.118194,-0.0894708,-0.000506348,-0.000106889,0,-0.0427373,-0.0439537
-0.102168,-0.0458543,-0.000444828,-9.64076e-05,0,-0.0374503,-0.0331214
-0.0861415,-0.0161415,-0.000366938,-8.73572e-05,0,-0.0329142,-0.0234437
-0.0701151,-0.000115139,-0.000234084,-7.97069e-05,0,-0.0291851,-0.0157095
-0.0540888,0.0159112,-7.10333e-05,-7.40952e-05,0,-0.0263226,-0.00969884
-0.0380625,0.0319375,9.16384e-05,-7.15332e-05,0,-0.0243872,-0.00567201
-0.0220362,0.0479638,0.000233496,-7.22273e-05,0,-0.0234282,-0.00310738
-0.00600987,0.0639901,0.000335823,-7.59751e-05,0,-0.0234395,-0.00184075
0,0.07,0.000417891,-8.22311e-05,0,-0.0241874,-0.00225819
0,0.07,0.000477659,-9.01786e-05,0,-0.025299,-0.00432354
0,0.07,0.000497481,-9.9433e-05,0,-0.0265701,-0.00738756
0,0.0674201,0.000477147,-0.000109293,0,-0.0279527,-0.0112326
0,0.0566565,0.000448832,-0.000118928,0,-0.02944,-0.0155923
0,0.0450831,0.000420361,-0.000128018,0,-0.0310363,-0.0198892
0,0.0332501,0.000392318,-0.000136539,0,-0.0327497,-0.0243364
0,0.0236158,0.000367292,-0.000144497,0,-0.0345892,-0.0282831
0,0.0158725,0.000344945,-0.000151943,0,-0.036565,-0.0319446
0,0.0104423,0.00032571,-0.000158898,0,-0.0386881,-0.035199
0,0.00717482,0.000309408,-0.00016546,0,-0.0409703,-0.0381207
0,0.00539872,0.000295306,-0.000171714,0,-0.043424,-0.040902
0,0.00513192,0.000283399,-0.000177683,0,-0.0460627,-0.0435201
0,0.00616843,0.000273442,-0.000183405,0,-0.0489007,-0.0460504
0,0.00762318,0.000264473,-0.000188948,0,-0.0519539,-0.0487489
0,0.0104904,0.000257517,-0.000194305,0,-0.0552392,-0.0513166
0,0.0144358,0.000252165,-0.000199497,0,-0.0587751,-0.053919
0,0.0186344,0.000247279,-0.000204567,0,-0.0625813,-0.0567969
0,0.0144463,0.000233625,-0.00020954,0,-0.066679,-0.062352
0,0.0120012,0.000221928,-0.000214321,0,-0.0710912,-0.0673651
0,0.0172906,0.000218536,-0.000218824,0,-0.0758423,-0.0706843
0,0.02626,0.000219164,-0.000223232,0,-0.080959,-0.0737584
0,0.0376158,0.000222446,-0.000227607,0,-0.0864697,-0.0767699
0,0.0493059,0.000226207,-0.00023203,0,-0.0924052,-0.0802346
0,0.0590489,0.000228034,-0.000236526,0,-0.0987983,-0.0846771
0,0.0657147,0.00022674,-0.000241075,0,-0.105684,-0.0902653
0,0.055971,0.00020588,-0.000245616,0,-0.112474,-0.0970709
0,0.0473235,0.000188057,-0.000250378,0,-0.119044,-0.105601
0,0.0406487,0.000172464,-0.000254058,0,-0.126008,-0.113681
0,0.0368961,0.00016037,-0.000257577,0,-0.133519,-0.121239
0,0.0355376,0.000151073,-0.000260839,0,-0.141604,-0.128266
-0.00753187,0.0336445,0.000141405,-0.000263907,0,-0.150061,-0.135394
-0.0233884,0.0297115,0.000129724,-0.000266783,0,-0.158491,-0.142754
-0.039245,0.0256309,0.000118015,-0.00026943,0,-0.166611,-0.149648
-0.0551016,0.0148984,0.000115102,-0.000271849,0,-0.17432,-0.157177
-0.0709581,-0.000958112,0.000113148,-0.000274164,0,-0.181564,-0.165723
-0.0868147,-0.0168147,0.000101596,-0.000276447,0,-0.188296,-0.17421
-0.102671,-0.0356131,7.29234e-05,-0.00027856,0,-0.194473,-0.183145
-0.118528,-0.0593554,3.92356e-05,-0.000280333,0,-0.200048,-0.192025
0.103464,0.0932544,-7.62702e-05,-0.000281792,0,0.0379205,0.0410912
0.0876075,0.0530305,-0.000126048,-0.000283101,0,0.0333018,0.0330684
0.0717509,0.0233722,-0.000164313,-0.000281302,0,0.0294991,0.0253501
0.0558944,-0.000616516,-0.000196249,-0.000278245,0,0.026551,0.0193572
0.0400378,-0.0189672,-0.000221853,-0.000274464,0,0.0245124,0.0152536
0.0241813,-0.0331894,-0.000242716,-0.000270142,0,0.0234334,0.0125275
0.00832469,-0.0449915,-0.000260676,-0.000265392,0,0.0233193,0.0106641
0,-0.053684,-0.000275032,-0.000260268,0,0.0239861,0.00981556
0,-0.058503,-0.000285014,-0.00025484,0,0.0250701,0.0100547
0,-0.0579103,-0.000288972,-0.000249204,0,0.0263266,0.0117223
0,-0.0533483,-0.000288436,-0.00024346,0,0.027697,0.0143326
0,-0.0461215,-0.000284808,-0.000237687,0,0.0291716,0.0175949
0,-0.0375594,-0.000279515,-0.000231962,0,0.0307541,0.021208
0,-0.0295257,-0.00027455,-0.00022633,0,0.0324521,0.0247242
0,-0.0218423,-0.000269738,-0.000220809,0,0.0342746,0.028293
0,-0.0150848,-0.000265705,-0.000215378,0,0.0362316,0.0317547
0,-0.00953444,-0.000262756,-0.000210032,0,0.0383341,0.0350694
0,-0.00534214,-0.000261059,-0.000204757,0,0.0405937,0.0382204
0,-0.00252999,-0.000260647,-0.000199528,0,0.0430228,0.0412211
0,-0.000997562,-0.000261419,-0.000194313,0,0.0456346,0.0441147
0,-0.000408073,-0.00026303,-0.00018909,0,0.0484435,0.0470072
0,-0.00133528,-0.000266095,-0.000183843,0,0.0514649,0.0497407
0,-0.0026533,-0.000269431,-0.000178545,0,0.0547158,0.0526786
0,-0.00510514,-0.000273831,-0.00017318,0,0.0582143,0.0555822
0,-0.00840512,-0.000278986,-0.000167734,0,0.06198,0.0585938
0,-0.0124292,-0.000284754,-0.000162216,0,0.0660338,0.0617624
0,-0.0168373,-0.000290763,-0.000156547,0,0.0703985,0.0652069
0,-0.0209791,-0.000296323,-0.000150759,0,0.0750983,0.0691214
0,-0.0247381,-0.000301308,-0.000144858,0,0.0801594,0.0735332
0,-0.0277677,-0.000305354,-0.000138854,0,0.0856102,0.0785528
0,-0.0302238,-0.000308627,-0.000132765,0,0.0914809,0.0841275
0,-0.0324157,-0.000311454,-0.000126617,0,0.0978041,0.0901691
0,-0.0347226,-0.000314234,-0.000120409,0,0.104615,0.0965536
0,-0.0259626,-0.000305405,-0.000114137,0,0.111381,0.103165
0,-0.0213171,-0.00030082,-0.000107963,0,0.117862,0.10998
0,-0.0189274,-0.000298236,-0.00010188,0,0.1246,0.117084
0,-0.0187274,-0.000297782,-9.58944e-05,0,0.131877,0.123877
0,-0.018061,-0.000296641,-8.99365e-05,0,0.139766,0.130974
0.000400446,-0.0160978,-0.000293937,-8.3998e-05,0,0.148208,0.138324
0.0164183,-0.0135068,-0.00029039,-7.81057e-05,0,0.156815,0.14553
0.0324362,-0.0112437,-0.000287012,-7.2282e-05,0,0.165174,0.152232
0.048454,-0.00767399,-0.00028207,-6.65164e-05,0,0.173149,0.158868
0.0644719,0.00051473,-0.000272062,-6.08379e-05,0,0.180676,0.166235
0.0804897,0.0157155,-0.000254468,-5.53266e-05,0,0.187708,0.174791
0.0965076,0.0384941,-0.000228714,-5.01581e-05,0,0.194202,0.184534
0.112525,0.0641492,-0.00019979,-4.53907e-05,0,0.20011,0.194082
-0.111725,-0.0940406,-0.000112797,-4.12502e-05,0,-0.034883,-0.0398714
-0.0957067,-0.0537773,-6.83154e-05,-3.73414e-05,0,-0.0302947,-0.0304735
-0.0796888,-0.0230692,-3.39035e-05,-3.51522e-05,0,-0.0264486,-0.0223979
-0.063671,0.00420073,-3.11694e-06,-3.42333e-05,0,-0.0234046,-0.0154819
-0.0476531,0.0223469,4.18121e-05,-3.40324e-05,0,-0.0212254,-0.0104237
-0.0316353,0.0383647,8.97838e-05,-3.46665e-05,0,-0.0199726,-0.00688978
-0.0156174,0.0543826,0.000120646,-3.61263e-05,0,-0.0196891,-0.00474186
0,0.0641168,0.00013024,-3.82306e-05,0,-0.0203327,-0.00457173
0,0.0639543,0.000129435,-4.07395e-05,0,-0.021552,-0.00636857
0,0.0595911,0.000124271,-4.33338e-05,0,-0.0229706,-0.00895862
0,0.0521458,0.000115908,-4.5858e-05,0,-0.0244962,-0.0122907
0,0.0423959,0.000105174,-4.82179e-05,0,-0.0261109,-0.016204
0,0.0321424,9.39727e-05,-5.03751e-05,0,-0.0278168,-0.0202402
0,0.0221917,8.31592e-05,-5.23049e-05,0,-0.0296215,-0.02427
0,0.0138203,7.40814e-05,-5.40168e-05,0,-0.0315348,-0.0279856
0,0.00784797,6.76027e-05,-5.55393e-05,0,-0.033567,-0.03123
0,0.00425996,6.37016e-05,-5.69237e-05,0,-0.0357294,-0.034058
0,0.00343462,6.27699e-05,-5.82251e-05,0,-0.0380342,-0.036375
0,0.00432991,6.36957e-05,-5.94847e-05,0,-0.040494,-0.0385032
0,0.00664117,6.61485e-05,-6.07539e-05,0,-0.0431223,-0.0404899
0,0.00981602,6.95356e-05,-6.20659e-05,0,-0.0459334,-0.042491
0,0.0133337,7.32999e-05,-6.34396e-05,0,-0.0489429,-0.0446433
0,0.0167869,7.70056e-05,-6.48943e-05,0,-0.0521676,-0.0470553
0,0.0198902,8.03474e-05,-6.64252e-05,0,-0.0556255,-0.0498099
0,0.0222935,8.29821e-05,-6.80188e-05,0,-0.0593358,-0.0530163
0,0.0249098,8.59309e-05,-6.96679e-05,0,-0.0633195,-0.0564305
0,0.0271762,8.85954e-05,-7.13762e-05,0,-0.0675986,-0.0602836
0,0.0294745,9.13676e-05,-7.31414e-05,0,-0.0721972,-0.0644721
0,0.0320706,9.45173e-05,-7.49577e-05,0,-0.0771408,-0.0689686
0,0.0352132,9.82961e-05,-7.68354e-05,0,-0.082457,-0.0737404
0,0.0390452,0.000102843,-7.87919e-05,0,-0.0881755,-0.0787741
0,0.0435952,0.000108177,-8.08306e-05,0,-0.094328,-0.0840685
0,0.0507363,0.000115894,-8.29808e-05,0,-0.101047,-0.0896282
0,0.0565613,0.000122535,-8.52678e-05,0,-0.108396,-0.0955624
0,0.0609627,0.000127647,-8.76919e-05,0,-0.116317,-0.10204
0,0.0629354,0.00013014,-9.02321e-05,0,-0.124809,-0.109206
0,0.0625189,0.000130058,-9.28237e-05,0,-0.133829,-0.116852
-0.00997874,0.0596477,0.000127331,-9.54252e-05,0,-0.143113,-0.124838
-0.0259447,0.0440553,0.000164343,-9.79841e-05,0,-0.152254,-0.133721
-0.0419107,0.0280893,0.000224546,-0.00010116,0,-0.161014,-0.143049
-0.0578767,0.0121233,0.000266122,-0.000105259,0,-0.169304,-0.153066
-0.0738426,-0.00384265,0.000270365,-0.000110291,0,-0.177074,-0.163159
-0.0898086,-0.0230297,0.000241792,-0.000115677,0,-0.184284,-0.173805
-0.105775,-0.0495597,0.000205508,-0.000120713,0,-0.190891,-0.184356
0.117749,0.103465,0.000113866,-0.000124968,0,0.0426393,0.0470032
0.101783,0.0565181,5.6101e-05,-0.000127612,0,0.0373764,0.035391
0.0858171,0.0173546,6.80666e-06,-0.000128965,0,0.0328616,0.0247371
0.0698512,-0.000148849,-0.000121503,-0.000129224,0,0.0291507,0.0155614
0.0538852,-0.0161148,-0.000307574,-0.000127115,0,0.0263031,0.00824619
0.0379192,-0.0320808,-0.000513114,-0.000122266,0,0.0243789,0.00322963
0.0219532,-0.0480468,-0.000708029,-0.000113545,0,0.0234275,9.57216e-05
0.00598724,-0.0640128,-0.000881414,-0.000100749,0,0.0234427,-0.00181108
0,-0.07,-0.00107185,-8.4248e-05,0,0.0241917,-0.00194301
0,-0.07,-0.00122395,-6.4144e-05,0,0.0253034,0.000107867
0,-0.07,-0.00130833,-4.07297e-05,0,0.0265743,0.0031878
0,-0.07,-0.0013376,-1.51538e-05,0,0.0279566,0.00693032
0,-0.07,-0.00131099,1.14519e-05,0,0.0294436,0.0110124
0,-0.063735,-0.00125816,3.77914e-05,0,0.0310397,0.015331
0,-0.0538016,-0.00120326,6.33508e-05,0,0.0327528,0.0195054
0,-0.0429028,-0.00114913,8.76356e-05,0,0.0345921,0.0238974
0,-0.0336275,-0.00109851,0.000110835,0,0.0365677,0.0279252
0,-0.0256473,-0.001051,0.000133007,0,0.0386906,0.0318172
0,-0.0196195,-0.00100726,0.000154217,0,0.0409726,0.0353857
0,-0.0154264,-0.000967126,0.000174537,0,0.0434262,0.0387078
0,-0.012752,-0.000930213,0.00019404,0,0.0460647,0.0418806
0,-0.0112303,-0.000896085,0.000212792,0,0.0489025,0.0450082
0,-0.0102501,-0.00086404,0.000230851,0,0.0519556,0.0482624
0,-0.0104382,-0.000834681,0.00024826,0,0.0552408,0.0514598
0,-0.0109049,-0.000806892,0.000265071,0,0.0587766,0.0549034
0,-0.0117396,-0.000779768,0.000281278,0,0.0625827,0.0585517
0,-0.0129893,-0.000752982,0.000296941,0,0.0666803,0.0624246
0,-0.0143682,-0.00072628,0.000312068,0,0.0710924,0.066634
0,-0.0166857,-0.000700591,0.0003267,0,0.0758434,0.0709689
0,-0.020216,-0.000676269,0.000340828,0,0.08096,0.0754176
0,-0.0242083,-0.000652575,0.00035445,0,0.0864707,0.0802211
0,-0.0288308,-0.000629735,0.000367596,0,0.092406,0.0853017
0,-0.0334397,-0.000607116,0.00038026,0,0.0987991,0.0908345
0,-0.0385155,-0.000587478,0.000392492,0,0.105662,0.0964606
0,-0.0427023,-0.000564693,0.000404321,0,0.113025,0.102716
0,-0.045255,-0.000540843,0.000415706,0,0.120943,0.109568
0,-0.0452995,-0.000514892,0.000426582,0,0.129439,0.117094
0,-0.0420383,-0.000485764,0.000436984,0,0.138459,0.125323
0.014007,-0.0347143,-0.000452584,0.000446816,0,0.147658,0.134261
0.0300149,-0.0240735,-0.000416092,0.000455967,0,0.156619,0.143531
0.0460228,-0.0108326,-0.000377069,0.00046438,0,0.165174,0.1529
0.0620308,0.00562254,-0.000334912,0.000472077,0,0.173252,0.162524
0.0780387,0.02638,-0.000288541,0.000478944,0,0.180807,0.172632
0.0940467,0.0495025,-0.000240091,0.0004849,0,0.187797,0.182585
0.110055,0.0756666,-0.000188937,0.00048992,0,0.194178,0.192628
-0.114057,-0.0731655,-9.21843e-05,0.000493878,0,-0.0402137,-0.0382641
-0.0980487,-0.0300228,-2.35267e-05,0.000496109,0,-0.0351908,-0.0281712
-0.0820407,-0.0120407,0.000101248,0.000496854,0,-0.0309257,-0.0194778
-0.0660328,0.00396722,0.000267704,0.000495328,0,-0.0274758,-0.0125001
-0.0500248,0.0199752,0.000455829,0.000491139,0,-0.0249018,-0.0070195
-0.0340169,0.0359831,0.000646094,0.000483057,0,-0.0232642,-0.00297913
-0.0180089,0.0519911,0.000817564,0.000471087,0,-0.0226085,-0.00039044
-0.00200099,0.067999,0.000955659,0.000455936,0,-0.0229092,0.000966559
0,0.07,0.00114486,0.000437858,0,-0.023854,0.00169342
0,0.07,0.00126395,0.000416285,0,-0.0250627,-0.00135796
0,0.07,0.00131197,0.000391602,0,-0.0264039,-0.00540816
0,0.07,0.00129693,0.000365699,0,-0.0278487,-0.0097379
0,0.0621727,0.00125714,0.000339692,0,-0.0293958,-0.0142534
0,0.0496523,0.00121343,0.000314351,0,-0.0310513,-0.0190076
0,0.0372093,0.00117087,0.000289951,0,-0.0328235,-0.0236297
0,0.0261711,0.00113088,0.000266342,0,-0.0347222,-0.0279903
0,0.0173196,0.00109429,0.000243604,0,-0.0367579,-0.0319457
0,0.0106008,0.00106103,0.000221627,0,-0.0389419,-0.0355603
0,0.00662625,0.00103172,0.000200307,0,-0.0412862,-0.0386728
0,0.00468884,0.00100559,0.000179555,0,-0.0438038,-0.0415228
0,0.00422597,0.000982018,0.000159352,0,-0.0465082,-0.0442488
0,0.00474373,0.000960458,0.000139641,0,-0.0494144,-0.0469788
0,0.00594517,0.000940565,0.000120345,0,-0.0525386,-0.0497914
0,0.00749756,0.000921954,0.000101474,0,-0.0558983,-0.0527872
0,0.00926142,0.000904177,8.29608e-05,0,-0.0595121,-0.0560137
0,0.0112024,0.000886338,6.48061e-05,0,-0.0634002,-0.0595012
0,0.013398,0.000868383,4.7008e-05,0,-0.0675845,-0.0632554
0,0.0159593,0.000850494,2.95954e-05,0,-0.0720882,-0.0672791
0,0.0190022,0.00083286,1.2514e-05,0,-0.0769364,-0.0715741
0,0.0226514,0.000815667,-4.21373e-06,0,-0.0821563,-0.0761354
0,0.0269447,0.000799007,-2.05786e-05,0,-0.0877768,-0.0809744
0,0.0318026,0.000782842,-3.66088e-05,0,-0.0938293,-0.0861171
0,0.0351738,0.00076792,-5.23303e-05,0,-0.100261,-0.0915954
0,0.0392125,0.00075032,-6.77484e-05,0,-0.107082,-0.0974692
0,0.0424898,0.000732034,-8.28076e-05,0,-0.11441,-0.103855
0,0.0440894,0.000712267,-9.75214e-05,0,-0.122298,-0.110834
0,0.0431464,0.00069,-0.000111846,0,-0.130761,-0.118469
-0.00119013,0.0388701,0.000664265,-0.000125713,0,-0.13971,-0.126785
-0.0170585,0.0305299,0.00063424,-0.000139101,0,-0.14876,-0.135784
-0.0329268,0.0172082,0.000598934,-0.000151906,0,-0.157517,-0.145566
-0.0487951,0.00144201,0.000561067,-0.00016399,0,-0.165854,-0.155318
-0.0646635,-0.0163395,0.000521141,-0.000175306,0,-0.17371,-0.164995
-0.0805318,-0.0369797,0.000478328,-0.000185829,0,-0.181043,-0.174809
-0.0964001,-0.0607722,0.000432391,-0.000195503,0,-0.187809,-0.184759
-0.112268,-0.0878331,0.000383283,-0.000204311,0,-0.193967,-0.194823
0.109888,0.0664268,0.000294503,-0.0002121,0,0.038556,0.0361555
0.0940199,0.0245687,0.000229828,-0.000218212,0,0.0337602,0.0262449
0.0781516,0.00815156,0.000104755,-0.000223067,0,0.0297242,0.0179011
0.0622832,-0.00771678,-5.74642e-05,-0.000225725,0,0.026506,0.0113427
0.0464149,-0.0235851,-0.000234701,-0.000225711,0,0.0241663,0.0063752
0.0305465,-0.0394535,-0.000406336,-0.000222169,0,0.0227637,0.00289543
0.0146782,-0.0553218,-0.000551831,-0.000214815,0,0.0223355,0.000833929
0,-0.07,-0.000658098,-0.000204869,0,0.0228234,2.3938e-05
0,-0.07,-0.000756912,-0.000192186,0,0.0238766,0.00130529
0,-0.07,-0.000824088,-0.000177492,0,0.0251362,0.00386352
0,-0.07,-0.000842101,-0.000161514,0,0.0265135,0.0074301
0,-0.0668396,-0.000817412,-0.000144798,0,0.0279911,0.0116051
0,-0.0558961,-0.000785192,-0.000128277,0,0.0295706,0.0160659
0,-0.0436136,-0.000752297,-0.000112444,0,0.0312592,0.0206324
0,-0.0318876,-0.000720743,-9.72668e-05,0,0.0330656,0.0250973
0,-0.0217686,-0.000691643,-8.27573e-05,0,0.0349997,0.029269
0,-0.0139864,-0.000665762,-6.88517e-05,0,0.0370724,0.033005
0,-0.00862999,-0.000643182,-5.54329e-05,0,0.0392951,0.0363276
0,-0.00546796,-0.00062364,-4.25128e-05,0,0.04168,0.0393179
0,-0.00415674,-0.000606752,-2.99912e-05,0,0.0442403,0.0420735
0,-0.00423183,-0.000592007,-1.78139e-05,0,0.0469899,0.0447236
0,-0.00524134,-0.000578904,-5.92953e-06,0,0.0499439,0.0473897
0,-0.00691864,-0.000567137,5.69441e-06,0,0.0531187,0.0501444
0,-0.0089931,-0.000556394,1.70666e-05,0,0.0565323,0.0530731
0,-0.011589,-0.000546537,2.82213e-05,0,0.0602035,0.0561532
0,-0.0138289,-0.000536178,3.91767e-05,0,0.064153,0.0596636
0,-0.0164873,-0.000526109,4.99417e-05,0,0.0684028,0.0633747
0,-0.0195159,-0.000516317,6.05041e-05,0,0.0729765,0.0673678
0,-0.0225997,-0.000506506,7.08697e-05,0,0.0778997,0.0717565
0,-0.0265497,-0.00049756,8.10292e-05,0,0.0831999,0.0763222
0,-0.0296062,-0.000487643,9.10162e-05,0,0.0889066,0.0816094
0,-0.0336539,-0.000478773,0.000100814,0,0.0950516,0.0870047
0,-0.0401939,-0.000473584,0.000110425,0,0.101794,0.0928734
0,-0.0450896,-0.000465572,0.000119912,0,0.109204,0.0991179
0,-0.0486126,-0.000456269,0.000129255,0,0.117201,0.105885
0,-0.0499837,-0.000444853,0.000138418,0,0.125776,0.113275
0,-0.0491131,-0.000431125,0.000147349,0,0.13489,0.121124
0.00928427,-0.0422701,-0.000411096,0.000156006,0,0.144291,0.130308
0.0254308,-0.0329377,-0.000388427,0.000164308,0,0.153569,0.139528
0.0415774,-0.0191786,-0.000361074,0.000172167,0,0.162467,0.149404
0.0577239,-0.00269979,-0.000330869,0.000179498,0,0.170893,0.159311
0.0738705,0.0167242,-0.00029761,0.000186236,0,0.178795,0.16935
0.0900171,0.0394636,-0.000260953,0.000192338,0,0.186133,0.179567
0.106164,0.0654334,-0.000221045,0.000197667,0,0.192862,0.189881
-0.119888,-0.0957849,-0.000135217,0.000202228,0,-0.0432608,-0.0458109
-0.103742,-0.0525837,-7.72336e-05,0.000205147,0,-0.0378868,-0.0348999
-0.0875951,-0.0175951,-2.45927e-05,0.000206865,0,-0.0332669,-0.0249827
-0.0714485,-0.00144852,9.01519e-05,0.000207515,0,-0.0294575,-0.0168609
-0.055302,0.014698,0.000236668,0.000206228,0,-0.0265183,-0.0107252
-0.0391554,0.0308446,0.000387263,0.000202594,0,-0.0245104,-0.00643819
-0.0230088,0.0469912,0.000518015,0.000195526,0,-0.0234844,-0.00377895
-0.00686229,0.0631377,0.00060988,0.000186147,0,-0.0234379,-0.00244259
0,0.07,0.000678412,0.000174592,0,-0.0241512,-0.0028088
0,0.07,0.000721153,0.000161469,0,-0.0252502,-0.00504845
0,0.07,0.00072488,0.000147367,0,-0.0265141,-0.00808679
0,0.0645176,0.000701746,0.000132888,0,-0.0278908,-0.011979
0,0.0534355,0.000673233,0.000118726,0,-0.0293721,-0.0162809
0,0.0413407,0.000644241,0.00010519,0,-0.0309623,-0.0207019
0,0.0300259,0.000616678,9.21891e-05,0,-0.032669,-0.0249726
0,0.0202953,0.000591399,7.97453e-05,0,-0.0345015,-0.0289645
0,0.0127912,0.000569079,6.78162e-05,0,-0.0364699,-0.0325472
0,0.00752352,0.000549717,5.63453e-05,0,-0.038585,-0.03576
0,0.00523875,0.000534092,4.52929e-05,0,-0.0408585,-0.0384066
0,0.004263,0.000520415,3.4572e-05,0,-0.043303,-0.0410031
0,0.00484233,0.000508928,2.4109e-05,0,-0.0459318,-0.043414
0,0.00637211,0.000498974,1.3896e-05,0,-0.0487593,-0.0458369
0,0.00853948,0.000490204,3.87667e-06,0,-0.0518011,-0.0483487
0,0.0111035,0.000482343,-5.94934e-06,0,-0.0550742,-0.0510228
0,0.013901,0.000475164,-1.56276e-05,0,-0.0585969,-0.0539171
0,0.0168839,0.000468231,-2.51596e-05,0,-0.062389,-0.0570634
0,0.0200998,0.000461424,-3.4552e-05,0,-0.0664715,-0.0604748
0,0.0236204,0.000454831,-4.38077e-05,0,-0.0708673,-0.0641633
0,0.0275276,0.000448565,-5.29208e-05,0,-0.0756008,-0.0681387
0,0.0318582,0.000442688,-6.19078e-05,0,-0.0806985,-0.0724203
0,0.0366293,0.000437235,-7.07821e-05,0,-0.0861888,-0.0770236
0,0.0413436,0.000431697,-7.95486e-05,0,-0.0921022,-0.0820948
0,0.0471636,0.000427319,-8.82075e-05,0,-0.0984717,-0.0872732
0,0.0510548,0.000422523,-9.67648e-05,0,-0.105267,-0.0930066
0,0.0542971,0.000415107,-0.000105227,0,-0.112504,-0.0993344
0,0.0555378,0.000405727,-0.000113548,0,-0.12028,-0.106365
0,0.0539114,0.00039342,-0.000121686,0,-0.128625,-0.114145
0,0.0495012,0.0003782,-0.000129585,0,-0.137485,-0.122461
-0.0146039,0.0393137,0.000356879,-0.000137187,0,-0.146505,-0.131988
-0.0303919,0.0256508,0.000331881,-0.00014441,0,-0.155274,-0.14181
-0.0461798,0.00659672,0.0003012,-0.000151123,0,-0.163637,-0.152507
-0.0619678,-0.0127671,0.000270239,-0.000157223,0,-0.17153,-0.16252
-0.0777558,-0.0359143,0.000235358,-0.000162706,0,-0.178907,-0.173019
-0.0935438,-0.061158,0.000198381,-0.0001675,0,-0.185728,-0.183323
-0.109332,-0.0890086,0.000158813,-0.00017156,0,-0.191949,-0.193617
0.1117,0.0587627,6.44328e-05,-0.000174855,0,0.0392959,0.0345412
0.095912,0.025912,-3.73554e-05,-0.000176379,0,0.0344159,0.0245809
0.080124,0.010124,-0.000192436,-0.000175887,0,0.030284,0.0165422
0.064336,-0.00566398,-0.000375603,-0.000173046,0,0.0269572,0.0102697
0.048548,-0.021452,-0.000570612,-0.000166358,0,0.0244956,0.00533613
0.0327601,-0.0372399,-0.000754074,-0.000155921,0,0.022959,0.00204669
0.0169721,-0.0530279,-0.000909429,-0.000141757,0,0.0223915,5.79188e-06
0.0011841,-0.0688159,-0.00102042,-0.000124345,0,0.0227642,-0.000778447
0,-0.07,-0.00112434,-0.000104492,0,0.0237542,0.000323453
0,-0.07,-0.00119525,-8.27843e-05,0,0.0249855,0.00261795
0,-0.07,-0.0012201,-5.92339e-05,0,0.0263431,0.00600235
0,-0.07,-0.00118925,-3.49562e-05,0,0.0278025,0.0100416
0,-0.0615662,-0.00114039,-1.1017e-05,0,0.0293634,0.0144213
0,-0.0496848,-0.0010894,1.20595e-05,0,0.0310323,0.0189788
0,-0.03758,-0.00103969,3.3975e-05,0,0.0328179,0.0235487
0,-0.0265846,-0.000992671,5.48931e-05,0,0.03473,0.0279252
0,-0.0175536,-0.000949215,7.49346e-05,0,0.036779,0.0319443
0,-0.010752,-0.000909578,9.40927e-05,0,0.0389764,0.035585
0,-0.00619227,-0.000873743,0.000112383,0,0.0413344,0.038869
0,-0.00371916,-0.000841505,0.000129966,0,0.0438658,0.0418525
0,-0.00296026,-0.000812428,0.000146876,0,0.0465844,0.044648
0,-0.00352335,-0.00078605,0.000163241,0,0.0495052,0.0473646
0,-0.00515704,-0.000762056,0.000179028,0,0.0526445,0.050073
0,-0.00763126,-0.000740149,0.000194329,0,0.0560198,0.0528475
0,-0.0109291,-0.000719952,0.000209187,0,0.0596499,0.0557068
0,-0.0141239,-0.000699633,0.000223637,0,0.0635552,0.0589361
0,-0.0178416,-0.00067975,0.000237711,0,0.0677574,0.0623449
0,-0.0219415,-0.00066022,0.000251385,0,0.07228,0.0660331
0,-0.0264039,-0.000641081,0.000264668,0,0.0771482,0.0700278
0,-0.0311913,-0.000622344,0.000277547,0,0.0823892,0.0743627
0,-0.0362353,-0.000603977,0.000290068,0,0.0880321,0.0790705
0,-0.0414433,-0.000585922,0.000302221,0,0.0941085,0.0841749
0,-0.04923,-0.000573061,0.000314012,0,0.100792,0.0897841
0,-0.0541935,-0.000555026,0.000325512,0,0.108157,0.0960257
0,-0.0568195,-0.000534958,0.000336685,0,0.116108,0.103001
0,-0.0564998,-0.000512204,0.000347464,0,0.124633,0.110771
0,-0.0527345,-0.000486058,0.000357799,0,0.133692,0.119299
0.00921922,-0.0441785,-0.000455022,0.000367599,0,0.143033,0.128773
0.0252526,-0.0327075,-0.000421029,0.000376823,0,0.152252,0.138461
0.0412861,-0.0185711,-0.000384349,0.00038538,0,0.161092,0.148295
0.0573195,-0.00230671,-0.000345587,0.000393214,0,0.169462,0.158084
0.0733529,0.0173438,-0.000303469,0.00040028,0,0.177312,0.168159
0.0893863,0.0403954,-0.000258057,0.000406518,0,0.1846,0.178419
0.10542,0.0661747,-0.000210153,0.000411816,0,0.191284,0.188636
-0.119048,-0.0886241,-0.000119319,0.000416138,0,-0.0431838,-0.0439271
-0.103015,-0.0454505,-5.33506e-05,0.000418752,0,-0.0378472,-0.0332734
-0.0869813,-0.0169813,2.68446e-05,0.000420083,0,-0.03326,-0.0239138
-0.0709479,-0.000947884,0.000157127,0.000419907,0,-0.0294781,-0.0163524
-0.0549145,0.0150855,0.000311943,0.000417611,0,-0.0265607,-0.0105653
-0.038881,0.031119,0.000467145,0.000412069,0,-0.0245684,-0.00646003
-0.0228476,0.0471524,0.000600784,0.000403424,0,-0.0235515,-0.00389321
-0.0068142,0.0631858,0.000694389,0.00039201,0,-0.0235076,-0.00262543
0,0.07,0.000764918,0.000378543,0,-0.0242187,-0.00298084
0,0.07,0.000814652,0.000363562,0,-0.0253135,-0.00497173
0,0.07,0.000825289,0.000347593,0,-0.026573,-0.0079937
0,0.0651891,0.000806589,0.000331135,0,-0.0279454,-0.0118303
0,0.0543201,0.000781791,0.000314863,0,-0.0294227,-0.0161025
0,0.042243,0.000756083,0.000299128,0,-0.0310092,-0.0205263
0,0.0307156,0.000731354,0.000283903,0,-0.0327125,-0.0248547
0,0.0208739,0.000708819,0.000269177,0,-0.0345418,-0.0288651
0,0.0132329,0.000689028,0.000254911,0,-0.0365072,-0.0324785
0,0.00768786,0.000671868,0.000241051,0,-0.0386196,-0.0357602
0,0.00490926,0.000658041,0.000227562,0,-0.0408906,-0.0385294
0,0.00394625,0.000646534,0.000214367,0,-0.0433328,-0.0410967
0,0.00449637,0.000637018,0.000201407,0,-0.0459594,-0.0435148
0,0.00607919,0.000628978,0.000188629,0,-0.0487848,-0.04592
0,0.00835363,0.000622043,0.000176017,0,-0.0518247,-0.0484032
0,0.0111383,0.000616009,0.000163549,0,-0.0550961,-0.0510197
0,0.0142018,0.000610584,0.000151204,0,-0.0586173,-0.0538492
0,0.0174322,0.000605231,0.000138971,0,-0.0624078,-0.0569383
0,0.0208444,0.000599779,0.000126845,0,-0.0664889,-0.0603059
0,0.0244653,0.00059427,0.000114827,0,-0.0708834,-0.063975
0,0.0283454,0.00058879,0.000102926,0,-0.0756158,-0.067962
0,0.0321144,0.000582978,9.11278e-05,0,-0.0807124,-0.0723983
0,0.036951,0.000578107,7.94508e-05,0,-0.0862017,-0.0769553
0,0.0417922,0.000573073,6.78765e-05,0,-0.0921142,-0.0819936
0,0.0466996,0.000567962,5.63949e-05,0,-0.0984828,-0.0874324
0,0.0498996,0.000562985,4.50152e-05,0,-0.105277,-0.093314
0,0.0525648,0.000554916,3.37356e-05,0,-0.112514,-0.0997688
0,0.0533634,0.00054489,2.2605e-05,0,-0.120289,-0.106894
0,0.0514543,0.000531994,1.16671e-05,0,-0.128633,-0.114732
0,0.0460855,0.000515371,9.75653e-07,0,-0.137493,-0.123301
-0.0146039,0.0365612,0.000494266,-9.39827e-06,0,-0.146512,-0.132595
-0.0303919,0.021593,0.000467309,-1.9368e-05,0,-0.15528,-0.142814
-0.0461799,0.00601322,0.000439632,-2.87951e-05,0,-0.163643,-0.152477
-0.0619679,-0.0131137,0.000408158,-3.76569e-05,0,-0.171536,-0.162592
-0.0777559,-0.0353869,0.00037335,-4.58987e-05,0,-0.178913,-0.172859
-0.0935439,-0.0588054,0.000337366,-5.3505e-05,0,-0.185733,-0.182696
-0.109332,-0.085832,0.000297644,-6.03962e-05,0,-0.191953,-0.192847
0.1117,0.0664902,0.000208088,-6.6508e-05,0,0.0392918,0.0365421
0.0959121,0.0259121,0.000142739,-7.1028e-05,0,0.0344121,0.026393
0.0801241,0.0101241,1.11862e-05,-7.40788e-05,0,0.0302805,0.0178152
0.0643361,-0.00566393,-0.000160423,-7.48945e-05,0,0.0269539,0.0110246
0.0485481,-0.0214519,-0.000342955,-7.28015e-05,0,0.0244926,0.00616715
0.0327601,-0.0372399,-0.000519481,-6.68551e-05,0,0.0229562,0.00264463
0.0169721,-0.0530279,-0.000669326,-5.73481e-05,0,0.0223889,0.000558769
0.0011841,-0.0688159,-0.000775019,-4.50854e-05,0,0.0227618,-0.00032539
0,-0.07,-0.000874354,-3.03777e-05,0,0.023752,0.000667279
0,-0.07,-0.00094708,-1.33873e-05,0,0.0249835,0.00288993
0,-0.07,-0.000976365,5.22702e-06,0,0.0263412,0.00615205
0,-0.07,-0.000951786,2.46079e-05,0,0.0278007,0.0100991
0,-0.0616954,-0.000910377,4.37542e-05,0,0.0293618,0.0143841
0,-0.0497925,-0.000866419,6.22516e-05,0,0.0310308,0.0189539
0,-0.0383956,-0.00082426,7.97778e-05,0,0.0328165,0.0233252
0,-0.0277729,-0.000784173,9.64317e-05,0,0.0347287,0.027632
0,-0.0190527,-0.000747331,0.000112275,0,0.0367778,0.0315826
0,-0.0125729,-0.000714069,0.000127388,0,0.0389753,0.0351486
0,-0.00829291,-0.000684317,0.000141786,0,0.0413333,0.0383701
0,-0.00602607,-0.000657842,0.000155546,0,0.0438648,0.0413097
0,-0.00540921,-0.000634225,0.000168769,0,0.0465835,0.0440756
0,-0.00601985,-0.000612977,0.000181548,0,0.0495044,0.0467858
0,-0.00759429,-0.000593776,0.000193904,0,0.0526437,0.0495131
0,-0.0096427,-0.00057606,0.000205856,0,0.056019,0.0524038
0,-0.0126576,-0.000560069,0.000217448,0,0.0596492,0.0553214
0,-0.0158716,-0.000544333,0.000228713,0,0.0635545,0.0585316
0,-0.0193886,-0.000528879,0.000239663,0,0.0677568,0.0619975
0,-0.023207,-0.000513755,0.000250279,0,0.0722794,0.0657545
0,-0.0273138,-0.000498992,0.000260592,0,0.0771477,0.0698349
0,-0.0317182,-0.000484633,0.000270631,0,0.0823887,0.0742595
0,-0.0364385,-0.000470728,0.000280359,0,0.0880317,0.0790391
0,-0.0413747,-0.000457198,0.00028983,0,0.0941081,0.0842037
0,-0.048993,-0.000448381,0.000299028,0,0.100793,0.0898574
0,-0.053825,-0.000435048,0.000308022,0,0.108163,0.0961315
0,-0.0563569,-0.000419657,0.000316763,0,0.116118,0.10313
0,-0.0515322,-0.000396847,0.000325194,0,0.124648,0.112158
0,-0.0454377,-0.000372922,0.000333223,0,0.133712,0.121121
0.00922208,-0.0366177,-0.000346278,0.000340777,0,0.143058,0.13056
0.0252605,-0.024712,-0.000316492,0.000347809,0,0.152282,0.14036
0.0412989,-0.0116878,-0.000285649,0.000354213,0,0.161126,0.149866
0.0573373,0.00297591,-0.000253221,0.000360049,0,0.169501,0.159265
0.0733756,0.020931,-0.000217504,0.000365244,0,0.177355,0.168947
0.089414,0.0424415,-0.000178281,0.000369737,0,0.184647,0.178862
0.105452,0.067261,-0.000135885,0.0003734,0,0.191334,0.188888
-0.119085,-0.0883362,-4.58188e-05,0.000376288,0,-0.0432049,-0.0439086
-0.103047,-0.046869,1.38372e-05,0.000377429,0,-0.0378654,-0.0336944
-0.0870083,-0.0170083,8.53442e-05,0.000377301,0,-0.0332755,-0.0241361
-0.0709699,-0.000969889,0.000205251,0.000375773,0,-0.0294913,-0.016665
-0.0549315,0.0150685,0.000346864,0.000372208,0,-0.0265719,-0.0110278
-0.0388931,0.0311069,0.000486533,0.000366262,0,-0.024578,-0.00705834
-0.0228547,0.0471453,0.000603183,0.000357509,0,-0.0235598,-0.00459009
-0.00681632,0.0631837,0.00067607,0.000346262,0,-0.023515,-0.0035318
0,0.07,0.00072272,0.000333251,0,-0.0242254,-0.00407844
0,0.07,0.00074878,0.000319123,0,-0.0253197,-0.00610837
0,0.0694124,0.000736307,0.000304304,0,-0.0265787,-0.009286
0,0.0604974,0.000715233,0.000289496,0,-0.0279506,-0.0131158
0,0.0486712,0.000691357,0.000275139,0,-0.0294276,-0.0174556
0,0.0365397,0.00066748,0.000261252,0,-0.0310137,-0.0218478
0,0.0255406,0.000645145,0.000247807,0,-0.0327167,-0.0260258
0,0.0167726,0.000625524,0.000234815,0,-0.0345457,-0.0297617
0,0.00945547,0.000607794,0.000222255,0,-0.0365108,-0.0333367
0,0.00527991,0.00059374,0.00021002,0,-0.0386229,-0.0362515
0,0.00316475,0.000582212,0.000198089,0,-0.0408937,-0.0389018
0,0.00289225,0.000572972,0.000186416,0,-0.0433356,-0.0413083
0,0.00421722,0.000565754,0.000174933,0,-0.045962,-0.0435434
0,0.00608846,0.000559441,0.000163596,0,-0.0487873,-0.0459056
0,0.00890655,0.000554446,0.000152389,0,-0.051827,-0.0482508
0,0.0117296,0.000549762,0.000141287,0,-0.0550982,-0.0508829
0,0.0148765,0.000545687,0.00013028,0,-0.0586192,-0.0536909
0,0.0184441,0.000541968,0.000119356,0,-0.0624096,-0.0566898
0,0.0216054,0.000537568,0.000108508,0,-0.0664906,-0.0601438
0,0.0254728,0.000533678,9.77408e-05,0,-0.070885,-0.0637318
0,0.0293631,0.0005296,8.70575e-05,0,-0.0756172,-0.0677278
0,0.0330927,0.000525165,7.64533e-05,0,-0.0807137,-0.0721755
0,0.0374365,0.000521215,6.59389e-05,0,-0.0862029,-0.0768682
0,0.0421191,0.000517475,5.54988e-05,0,-0.0921153,-0.0819267
0,0.0469992,0.000513813,4.51344e-05,0,-0.0984838,-0.0873655
0,0.0496341,0.000509419,3.48435e-05,0,-0.105276,-0.0933911
0,0.0527977,0.000503396,2.46375e-05,0,-0.112508,-0.0996746
0,0.0537139,0.000495002,1.45455e-05,0,-0.120277,-0.106786
0,0.0518385,0.00048364,4.61187e-06,0,-0.128616,-0.114616
0,0.0464626,0.000468507,-5.08933e-06,0,-0.13747,-0.123184
-0.0145987,0.0369263,0.00044889,-1.452e-05,0,-0.146484,-0.132477
-0.0303811,0.0219482,0.000423429,-2.35763e-05,0,-0.155246,-0.142694
-0.0461635,0.0063222,0.000397214,-3.21085e-05,0,-0.163604,-0.152366
-0.0619459,-0.012903,0.000367147,-4.01183e-05,0,-0.171491,-0.162503
-0.0777282,-0.0343884,0.000334679,-4.75365e-05,0,-0.178864,-0.172542
-0.0935106,-0.0587372,0.000299208,-5.43599e-05,0,-0.18568,-0.182673
-0.109293,-0.0861237,0.000260589,-6.05037e-05,0,-0.191896,-0.192877
0.11166,0.065738,0.000170634,-6.5812e-05,0,0.0392682,0.0363359
0.095878,0.025878,9.86794e-05,-6.95845e-05,0,0.0343918,0.0259836
0.0800956,0.0100956,-3.27758e-05,-7.18459e-05,0,0.0302631,0.0177142
0.0643132,-0.00568678,-0.000200868,-7.18477e-05,0,0.0269391,0.0110875
0.0485308,-0.0214692,-0.000383375,-6.85867e-05,0,0.0244799,0.0060701
0.0327484,-0.0372516,-0.000558524,-6.17405e-05,0,0.0229453,0.00261353
0.0169661,-0.0530339,-0.000709699,-5.13582e-05,0,0.0223794,0.000401369
0.00118368,-0.0688163,-0.00081591,-3.82225e-05,0,0.0227532,-0.000447035
0,-0.07,-0.000917485,-2.23822e-05,0,0.0237441,0.000537081
0,-0.07,-0.000989963,-4.54037e-06,0,0.0249762,0.002795
0,-0.07,-0.00101824,1.48965e-05,0,0.0263344,0.00609335
0,-0.07,-0.0009923,3.50634e-05,0,0.0277945,0.0100594
0,-0.061396,-0.000948523,5.5091e-05,0,0.029356,0.0144636
0,-0.0502091,-0.000903353,7.43898e-05,0,0.0310255,0.0188192
0,-0.0381297,-0.000858586,9.26375e-05,0,0.0328116,0.0234162
0,-0.0277774,-0.000816978,0.000109988,0,0.0347241,0.0276146
0,-0.0191136,-0.000778471,0.000126432,0,0.0367735,0.0315628
0,-0.0127166,-0.00074365,0.000142136,0,0.0389713,0.0351086
0,-0.00850027,-0.000712392,0.000157148,0,0.0413297,0.0383166
0,-0.0062218,-0.000684404,0.000171521,0,0.0438614,0.0412627
0,-0.00552491,-0.00065927,0.000185321,0,0.0465804,0.0440506
0,-0.00602964,-0.000636547,0.000198607,0,0.0495015,0.0467866
0,-0.00750014,-0.00061594,0.000211429,0,0.052641,0.049538
0,-0.00973795,-0.00059719,0.00022383,0,0.0560165,0.0523708
0,-0.0124854,-0.000579728,0.000235849,0,0.0596469,0.0553724
0,-0.0156153,-0.000562722,0.000247513,0,0.0635524,0.0585933
0,-0.019078,-0.000546034,0.00025881,0,0.0677548,0.0620703
0,-0.0228639,-0.000529704,0.000269798,0,0.0722776,0.0658339
0,-0.0270107,-0.000513821,0.000280441,0,0.077146,0.0699017
0,-0.031493,-0.000498393,0.000290781,0,0.0823871,0.0743066
0,-0.0362822,-0.000483423,0.00030081,0,0.0880303,0.0790707
0,-0.0412773,-0.000468832,0.000310539,0,0.0941068,0.0842223
0,-0.0489498,-0.000459067,0.000319974,0,0.100792,0.089867
0,-0.0538337,-0.000444706,0.000329194,0,0.108163,0.0961305
0,-0.0564218,-0.000428322,0.000338124,0,0.11612,0.103118
0,-0.0560749,-0.000409221,0.000346732,0,0.124652,0.110899
0,-0.0514596,-0.000385842,0.000354964,0,0.133717,0.119668
0.00922293,-0.043588,-0.000359191,0.000362774,0,0.143065,0.128915
0.0252628,-0.0323087,-0.000329063,0.000370065,0,0.15229,0.138587
0.0413027,-0.018426,-0.000296316,0.000376721,0,0.161136,0.148364
0.0573425,-0.00241587,-0.000261481,0.000382762,0,0.169512,0.158098
0.0733824,0.0169711,-0.000223285,0.000388131,0,0.177367,0.168116
0.0894223,0.0398646,-0.000181656,0.00039275,0,0.18466,0.178348
0.105462,0.0655826,-0.00013739,0.000396549,0,0.191348,0.188559
-0.119096,-0.0892965,-4.65388e-05,0.000399474,0,-0.0432116,-0.0440982
-0.103056,-0.0467801,1.5131e-05,0.000400768,0,-0.0378712,-0.0336265
-0.0870163,-0.0170163,9.49665e-05,0.00040062,0,-0.0332806,-0.0237844
-0.0709764,-0.000976441,0.000227037,0.00039892,0,-0.0294956,-0.0161134
-0.0549366,0.0150634,0.000384812,0.000395304,0,-0.0265756,-0.0102606
-0.0388967,0.0311033,0.000545089,0.000388712,0,-0.0245812,-0.00604517
-0.0228568,0.0471432,0.000685473,0.000378852,0,-0.0235626,-0.00338532
-0.00681695,0.0631831,0.000786325,0.000365774,0,-0.0235174,-0.00207436
0,0.07,0.000865061,0.000350552,0,-0.0242277,-0.00236335
0,0.07,0.000922044,0.000333605,0,-0.0253217,-0.00437625
0,0.07,0.000939311,0.000315421,0,-0.0265806,-0.00740922
0,0.0673001,0.000916841,0.000296747,0,-0.0279524,-0.0112457
0,0.056829,0.000886687,0.000278298,0,-0.0294293,-0.015509
0,0.0448007,0.000855485,0.000260443,0,-0.0310153,-0.0199382
0,0.0331228,0.00082528,0.000243209,0,-0.0327181,-0.0243107
0,0.0226255,0.00079696,0.000226582,0,-0.034547,-0.0284966
0,0.014932,0.000772247,0.00021053,0,-0.036512,-0.0320926
0,0.00907903,0.000750112,0.000194986,0,-0.038624,-0.0354574
0,0.00574912,0.000731268,0.000179895,0,-0.0408947,-0.0383654
0,0.00469939,0.000715442,0.000165194,0,-0.0433366,-0.0409299
0,0.0050354,0.000701673,0.000150838,0,-0.0459629,-0.0434033
0,0.00642868,0.0006896,0.00013677,0,-0.0487881,-0.0458509
0,0.00831231,0.000678607,0.000122948,0,-0.0518278,-0.0484339
0,0.0113928,0.00066942,0.000109332,0,-0.055099,-0.0509486
0,0.0141695,0.000660387,9.59207e-05,0,-0.0586199,-0.0538724
0,0.0172525,0.000651633,8.26768e-05,0,-0.0624103,-0.0569886
0,0.0205257,0.000642804,6.96091e-05,0,-0.0664912,-0.0603878
0,0.024019,0.000633951,5.67177e-05,0,-0.0708855,-0.0640857
0,0.0277985,0.000625184,4.40033e-05,0,-0.0756177,-0.0680944
0,0.0319056,0.000616582,3.14645e-05,0,-0.0807142,-0.0724313
0,0.0363385,0.000608175,1.90985e-05,0,-0.0862033,-0.0771174
0,0.0410453,0.000599936,6.90137e-06,0,-0.0921157,-0.0821735
0,0.0458726,0.000591728,-5.1303e-06,0,-0.0984842,-0.0876281
0,0.0491452,0.00058417,-1.69895e-05,0,-0.105284,-0.0935205
0,0.0518283,0.000573196,-2.86918e-05,0,-0.112534,-0.0999867
0,0.0533473,0.000561109,-4.01996e-05,0,-0.120324,-0.106925
0,0.0509328,0.000544939,-5.1452e-05,0,-0.128685,-0.114952
0,0.0455017,0.000525571,-6.23912e-05,0,-0.137561,-0.123526
-0.0146186,0.0360363,0.0005019,-7.2951e-05,0,-0.146596,-0.132813
-0.0304225,0.0204191,0.000471673,-8.30837e-05,0,-0.155379,-0.143227
-0.0462264,0.00501626,0.000441647,-9.26381e-05,0,-0.163757,-0.15282
-0.0620303,-0.0129836,0.000408875,-0.000101591,0,-0.171663,-0.162639
-0.0778343,-0.0349496,0.000371955,-0.0001099,0,-0.179053,-0.172884
-0.0936382,-0.0583461,0.000333619,-0.000117505,0,-0.185885,-0.182737
-0.109442,-0.0853813,0.000291583,-0.000124331,0,-0.192117,-0.192899
0.111813,0.0665035,0.00020131,-0.000130331,0,0.0393571,0.0365517
0.0960087,0.0260087,0.000133506,-0.000134582,0,0.0344682,0.0264388
0.0802048,0.0102048,5.23716e-06,-0.00013749,0,0.0303284,0.0181226
0.0644009,-0.00559907,-0.000164451,-0.000138172,0,0.0269947,0.0112668
0.048597,-0.021403,-0.000348341,-0.000135901,0,0.0245273,0.00624861
0.0327931,-0.0372069,-0.000525608,-0.000130221,0,0.022986,0.00274532
0.0169892,-0.0530108,-0.000675361,-0.00012095,0,0.0224149,0.000691968
0.00118529,-0.0688147,-0.000780029,-0.000108491,0,0.0227852,-0.000152529
0,-0.07,-0.000876499,-9.35185e-05,0,0.0237734,0.000864088
0,-0.07,-0.000945911,-7.66638e-05,0,0.0250033,0.00317833
0,-0.07,-0.000970677,-5.82315e-05,0,0.0263595,0.00650332
0,-0.07,-0.000940771,-3.89913e-05,0,0.0278177,0.010496
0,-0.0606187,-0.00090114,-1.99965e-05,0,0.0293775,0.014696
0,-0.0488919,-0.000860147,-1.69625e-06,0,0.0310454,0.0191635
0,-0.0375688,-0.000820713,1.56092e-05,0,0.0328301,0.023522
0,-0.0267798,-0.000782969,3.2122e-05,0,0.0347412,0.0278782
0,-0.0182918,-0.000748767,4.79324e-05,0,0.0367894,0.0317551
0,-0.012065,-0.000718044,6.30445e-05,0,0.0389861,0.0352611
0,-0.0080299,-0.000690702,7.75283e-05,0,0.0413433,0.038426
0,-0.00595834,-0.00066647,9.14517e-05,0,0.0438741,0.0413224
0,-0.00546763,-0.00064491,0.000104878,0,0.0465921,0.0440621
0,-0.0061554,-0.000625562,0.000117862,0,0.0495123,0.0467565
0,-0.00777791,-0.000608131,0.000130451,0,0.0526511,0.0494737
0,-0.00984958,-0.000592064,0.000142683,0,0.0560259,0.0523598
0,-0.0125924,-0.00057733,0.000154589,0,0.0596556,0.0553541
0,-0.0160355,-0.000563328,0.000166195,0,0.0635604,0.0584868
0,-0.0195786,-0.000549346,0.000177496,0,0.0677622,0.0619562
0,-0.0237104,-0.000535946,0.000188518,0,0.0722845,0.0656268
0,-0.0274799,-0.000522166,0.00019927,0,0.0771524,0.0698163
0,-0.0317819,-0.000508987,0.000209769,0,0.0823931,0.0742529
0,-0.0364378,-0.000496248,0.000220001,0,0.0880357,0.0790452
0,-0.0413656,-0.000483891,0.000229977,0,0.0941118,0.0842089
0,-0.0494895,-0.000476693,0.000239686,0,0.100797,0.0897218
0,-0.0538095,-0.000463865,0.000249238,0,0.108167,0.0961636
0,-0.0561692,-0.000449275,0.000258566,0,0.116122,0.103186
0,-0.0557408,-0.000432038,0.000267588,0,0.124652,0.110978
0,-0.0519287,-0.000411393,0.000276272,0,0.133716,0.119518
0.00922234,-0.0442518,-0.000386773,0.000284583,0,0.143063,0.128748
0.0252612,-0.0311834,-0.000356529,0.000292417,0,0.152287,0.138929
0.0413001,-0.0178147,-0.000326053,0.000299668,0,0.161132,0.148474
0.0573389,-0.00192619,-0.000293022,0.000306311,0,0.169507,0.158199
0.0733778,0.0174711,-0.000256435,0.000312254,0,0.177361,0.168224
0.0894166,0.0402602,-0.000216477,0.000317529,0,0.184653,0.178427
0.105455,0.0658521,-0.000173836,0.000322019,0,0.19134,0.188606
-0.119089,-0.0889258,-8.28941e-05,0.000325666,0,-0.0432055,-0.0440046
-0.10305,-0.0456134,-2.17949e-05,0.000327687,0,-0.0378658,-0.0333152
-0.0870108,-0.0170108,5.51222e-05,0.000328368,0,-0.0332758,-0.023854
-0.070972,-0.000971951,0.000183946,0.000327573,0,-0.0294914,-0.0162059
-0.0549331,0.0150669,0.000341569,0.000324796,0,-0.026572,-0.0102131
-0.0388942,0.0311058,0.000498965,0.000319068,0,-0.0245779,-0.00613161
-0.0228554,0.0471446,0.000636933,0.000310033,0,-0.0235597,-0.0034583
-0.00681652,0.0631835,0.000736595,0.000297915,0,-0.0235148,-0.00209598
0,0.07,0.000814472,0.000283682,0,-0.0242253,-0.00237379
0,0.07,0.000871458,0.00026782,0,-0.0253195,-0.00434953
0,0.07,0.000887698,0.000250648,0,-0.0265786,-0.00743373
0,0.0676097,0.000865145,0.000233007,0,-0.0279505,-0.0111579
0,0.0572578,0.000834754,0.000215603,0,-0.0294275,-0.0154031
0,0.0452996,0.000803306,0.000198832,0,-0.0310136,-0.0198186
0,0.0336687,0.000772867,0.00018264,0,-0.0327166,-0.0241815
0,0.0235073,0.000744655,0.000167061,0,-0.0345456,-0.0282758
0,0.0154584,0.000719347,0.000152055,0,-0.0365107,-0.0319875
0,0.00942352,0.000696834,0.000137567,0,-0.0386228,-0.0353859
0,0.00615338,0.000677894,0.000123529,0,-0.0408936,-0.0382685
0,0.00469244,0.000661502,0.000109895,0,-0.0433356,-0.0409508
0,0.00479366,0.000647379,9.6616e-05,0,-0.045962,-0.0434699
0,0.00601185,0.000635037,8.36119e-05,0,-0.0487872,-0.045955
0,0.0080052,0.000624095,7.08618e-05,0,-0.051827,-0.0484988
0,0.0103368,0.00061407,5.83361e-05,0,-0.0550982,-0.0512281
0,0.0134769,0.000605395,4.60146e-05,0,-0.0586192,-0.0540141
0,0.0166815,0.000596788,3.3872e-05,0,-0.0624096,-0.057114
0,0.0200856,0.000588173,2.19018e-05,0,-0.0664906,-0.0604825
0,0.0237118,0.000579591,1.01039e-05,0,-0.070885,-0.0641497
0,0.02722,0.00057072,-1.50935e-06,0,-0.0756172,-0.0682407
0,0.0317069,0.000562754,-1.29592e-05,0,-0.0807137,-0.0724584
0,0.0362842,0.000554778,-2.42462e-05,0,-0.0862029,-0.0771226
0,0.0411027,0.000546978,-3.53776e-05,0,-0.0921153,-0.0821545
0,0.0460463,0.000539254,-4.63484e-05,0,-0.0984838,-0.0875821
0,0.0493414,0.000531927,-5.71528e-05,0,-0.105283,-0.0934672
0,0.0520073,0.000521379,-6.78133e-05,0,-0.11253,-0.0999368
0,0.0528282,0.000509033,-7.82673e-05,0,-0.120317,-0.107067
0,0.0502297,0.000493175,-8.84973e-05,0,-0.128675,-0.115108
0,0.0455327,0.000475116,-9.84242e-05,0,-0.137548,-0.123467
-0.0146158,0.0362728,0.00045222,-0.000107999,0,-0.14658,-0.13273
-0.0304167,0.0216485,0.000423626,-0.000117135,0,-0.15536,-0.142874
-0.0462175,0.0054689,0.000393385,-0.000125722,0,-0.163735,-0.15273
-0.0620184,-0.0136887,0.000360021,-0.00013371,0,-0.171638,-0.162833
-0.0778192,-0.0341419,0.000325354,-0.000141044,0,-0.179026,-0.172597
-0.0936201,-0.0582267,0.000286963,-0.000147638,0,-0.185856,-0.182715
-0.109421,-0.0853922,0.000245481,-0.000153531,0,-0.192085,-0.192878
0.111791,0.0665671,0.000155335,-0.000158606,0,0.0393446,0.0365647
0.0959902,0.0259902,8.83969e-05,-0.000161938,0,0.0344575,0.0264339
0.0801894,0.0101894,-4.26771e-05,-0.000163874,0,0.0303193,0.0179432
0.0643885,-0.0056115,-0.000213072,-0.000164003,0,0.026987,0.0111824
0.0485876,-0.0214124,-0.000396372,-0.000160934,0,0.0245207,0.0062245
0.0327868,-0.0372132,-0.000571937,-0.000154382,0,0.0229803,0.00277491
0.0169859,-0.0530141,-0.00071895,-0.00014426,0,0.02241,0.000773636
0.00118506,-0.0688149,-0.000820433,-0.000130983,0,0.0227807,-4.54629e-05
0,-0.07,-0.000914133,-0.000115184,0,0.0237693,0.000955753
0,-0.07,-0.000984383,-9.73226e-05,0,0.0249995,0.00310062
0,-0.07,-0.00100955,-7.79511e-05,0,0.026356,0.00644356
0,-0.07,-0.000978696,-5.78733e-05,0,0.0278145,0.0104996
0,-0.0602577,-0.00093788,-3.81142e-05,0,0.0293745,0.0147946
0,-0.0485001,-0.000896074,-1.90709e-05,0,0.0310426,0.0192534
0,-0.037204,-0.00085591,-9.82206e-07,0,0.0328275,0.023603
0,-0.0267923,-0.000817827,1.62966e-05,0,0.0347388,0.0278552
0,-0.0183354,-0.000782945,3.27674e-05,0,0.0367872,0.031742
0,-0.0121689,-0.0007516,4.85135e-05,0,0.038984,0.0352328
0,-0.00794174,-0.000723394,6.36709e-05,0,0.0413414,0.0384543
0,-0.00611693,-0.000698784,7.82516e-05,0,0.0438723,0.0412726
0,-0.00565681,-0.000676641,9.23257e-05,0,0.0465905,0.0440158
0,-0.00607897,-0.000656421,0.000105947,0,0.0495108,0.0467859
0,-0.00786155,-0.000638591,0.000119156,0,0.0526497,0.0494456
0,-0.00993064,-0.000621973,0.000132,0,0.0560246,0.0523403
0,-0.0129221,-0.000606967,0.000144506,0,0.0596544,0.0552651
0,-0.0160763,-0.000592107,0.000156705,0,0.0635593,0.0584907
0,-0.0195402,-0.000577467,0.000168606,0,0.0677612,0.0619682
0,-0.0233218,-0.000563106,0.000180214,0,0.0722835,0.0657327
0,-0.0274394,-0.000549088,0.000191534,0,0.0771515,0.0698081
0,-0.0318913,-0.000535447,0.000202572,0,0.0823922,0.0742198
0,-0.0366469,-0.000522184,0.000213335,0,0.088035,0.0789916
0,-0.0416007,-0.000509216,0.000223812,0,0.0941111,0.0841529
0,-0.0491041,-0.000500818,0.000234029,0,0.100794,0.0898302
0,-0.0538404,-0.000487765,0.000244079,0,0.10816,0.0961218
0,-0.0563451,-0.000472665,0.000253867,0,0.116112,0.10312
0,-0.0559992,-0.000454856,0.00026338,0,0.124637,0.110892
0,-0.0522359,-0.000433603,0.000272549,0,0.133696,0.119418
0.00921961,-0.0445548,-0.000408317,0.000281306,0,0.143038,0.128649
0.0252537,-0.0323111,-0.000378278,0.000289573,0,0.152257,0.138596
0.0412878,-0.0180551,-0.000346193,0.000297259,0,0.161098,0.148426
0.0573219,-0.00188729,-0.000312196,0.000304311,0,0.169469,0.158182
0.073356,0.0166708,-0.000275827,0.000310657,0,0.17732,0.167957
0.0893902,0.0402849,-0.000234327,0.000316265,0,0.184608,0.178428
0.105424,0.0660746,-0.000190816,0.000321117,0,0.191292,0.188621
-0.119053,-0.0886981,-9.99438e-05,0.000325042,0,-0.0431857,-0.0439434
-0.103019,-0.0455991,-3.84004e-05,0.000327359,0,-0.0378488,-0.0333121
-0.086985,-0.016985,3.77922e-05,0.000328281,0,-0.0332613,-0.0239055
-0.0709509,-0.000950927,0.000164315,0.000327716,0,-0.0294791,-0.0163372
-0.0549168,0.0150832,0.000316058,0.000325062,0,-0.0265615,-0.0105224
-0.0388827,0.0311173,0.000469438,0.0003195,0,-0.0245691,-0.00636509
-0.0228486,0.0471514,0.000602355,0.000311184,0,-0.023552,-0.00375167
-0.0068145,0.0631855,0.000695763,0.000300068,0,-0.023508,-0.00246039
0,0.07,0.000765729,0.000286853,0,-0.0242191,-0.00283311
0,0.07,0.0008151,0.000272063,0,-0.0253138,-0.00481418
0,0.07,0.00082734,0.000256107,0,-0.0265733,-0.0077428
0,0.0661325,0.000805946,0.000239633,0,-0.0279457,-0.011567
0,0.0558704,0.000778274,0.000223418,0,-0.029423,-0.0157156
0,0.0435864,0.000749006,0.000207784,0,-0.0310094,-0.0202266
0,0.0320508,0.000721094,0.00019273,0,-0.0327127,-0.0245473
0,0.022148,0.000695481,0.000178197,0,-0.034542,-0.0285743
0,0.0144037,0.000672726,0.000164223,0,-0.0365074,-0.0322136
0,0.00875443,0.000652751,0.000150678,0,-0.0386197,-0.0355193
0,0.00560803,0.000635979,0.000137543,0,-0.0408908,-0.0383862
0,0.00468416,0.000622098,0.000124748,0,-0.0433329,-0.0409247
0,0.0050972,0.000610157,0.00011225,0,-0.0459595,-0.0433829
0,0.00653862,0.000599816,9.99992e-05,0,-0.0487849,-0.045821
0,0.00868295,0.000590715,8.79719e-05,0,-0.0518248,-0.0483336
0,0.0113366,0.00058263,7.61348e-05,0,-0.0550962,-0.0509804
0,0.0142813,0.000575275,6.44499e-05,0,-0.0586174,-0.0538367
0,0.0174215,0.000568107,5.2915e-05,0,-0.0624079,-0.0569452
0,0.0207505,0.000560919,4.15242e-05,0,-0.066489,-0.0603317
0,0.0242958,0.000553757,3.0277e-05,0,-0.0708835,-0.0640179
0,0.0281131,0.000546713,1.91733e-05,0,-0.0756159,-0.0680187
0,0.0318266,0.000539418,8.21082e-06,0,-0.0807125,-0.0724675
0,0.0366167,0.000533147,-2.60672e-06,0,-0.0862017,-0.0770348
0,0.0414421,0.000526819,-1.32947e-05,0,-0.0921142,-0.0820751
0,0.0458366,0.000519963,-2.38564e-05,0,-0.0984828,-0.0876565
0,0.0495325,0.000514312,-3.42831e-05,0,-0.105279,-0.0933899
0,0.0523462,0.000505341,-4.4592e-05,0,-0.112522,-0.099833
0,0.0532345,0.000494442,-5.47212e-05,0,-0.120304,-0.106946
0,0.0513621,0.000480694,-6.46536e-05,0,-0.128656,-0.114784
0,0.0452029,0.000462407,-7.43225e-05,0,-0.137522,-0.123581
-0.0146103,0.0363823,0.000441277,-8.36438e-05,0,-0.146549,-0.132646
-0.0304053,0.0207945,0.000412948,-9.25538e-05,0,-0.155323,-0.143076
-0.0462002,0.00526961,0.000384668,-0.000100926,0,-0.163692,-0.152699
-0.0619951,-0.0129294,0.000353567,-0.00010869,0,-0.171591,-0.162562
-0.0777901,-0.0341265,0.000319339,-0.000115886,0,-0.178974,-0.172577
-0.093585,-0.058372,0.000281977,-0.000122358,0,-0.185799,-0.1827
-0.10938,-0.0855485,0.000241655,-0.000128091,0,-0.192024,-0.192857
0.111749,0.0664653,0.000151661,-0.000133025,0,0.0393205,0.0365336
0.0959542,0.0259542,8.75043e-05,-0.000136283,0,0.0344368,0.0264908
0.0801593,0.0101593,-4.4413e-05,-0.000138322,0,0.0303016,0.017835
0.0643644,-0.00563563,-0.000208171,-0.000138423,0,0.0269719,0.0114324
0.0485694,-0.0214306,-0.000387772,-0.000135406,0,0.0245079,0.00634966
0.0327745,-0.0372255,-0.000558336,-0.000128908,0,0.0229693,0.00297249
0.0169796,-0.0530204,-0.000702352,-0.000118765,0,0.0224004,0.000887251
0.00118462,-0.0688154,-0.000800816,-0.000105582,0,0.0227721,7.72102e-05
0,-0.07,-0.000891873,-9.02545e-05,0,0.0237615,0.00106787
0,-0.07,-0.000958635,-7.29179e-05,0,0.0249922,0.00325992
0,-0.07,-0.000982109,-5.4079e-05,0,0.0263493,0.00652511
0,-0.07,-0.000951833,-3.45424e-05,0,0.0278081,0.010476
0,-0.0603592,-0.000911306,-1.53695e-05,0,0.0293681,0.0147599
0,-0.0486058,-0.000869691,3.09976e-06,0,0.0310356,0.0192204
0,-0.0369098,-0.000829296,2.05976e-05,0,0.0328191,0.0236794
0,-0.0264448,-0.000791355,3.72845e-05,0,0.0347284,0.0279242
0,-0.0180105,-0.000756698,5.32634e-05,0,0.0367741,0.0317988
0,-0.0118068,-0.000725518,6.8484e-05,0,0.0389678,0.0352975
0,-0.0078055,-0.000697758,8.31191e-05,0,0.0413217,0.0384503
0,-0.00572726,-0.000673089,9.71853e-05,0,0.0438488,0.0413475
0,-0.00520362,-0.000651088,0.000110746,0,0.0465634,0.0440939
0,-0.00585026,-0.000631312,0.000123823,0,0.0494805,0.0467961
0,-0.00744784,-0.000613489,0.000136528,0,0.0526165,0.0495165
0,-0.00979856,-0.000597369,0.000148842,0,0.0559888,0.0523218
0,-0.0126244,-0.000582393,0.00016083,0,0.0596162,0.055305
0,-0.0158061,-0.000567794,0.000172538,0,0.063519,0.0585131
0,-0.0193315,-0.000553475,0.000183952,0,0.0677188,0.0619732
0,-0.0231966,-0.000539478,0.000195079,0,0.0722391,0.0657157
0,-0.0274124,-0.000525861,0.000205924,0,0.0771051,0.0697659
0,-0.0319571,-0.000512635,0.000216476,0,0.0823438,0.0741546
0,-0.0363262,-0.000499296,0.000226761,0,0.0879844,0.0790368
0,-0.0417115,-0.000487132,0.000236807,0,0.0940583,0.0840566
0,-0.0494077,-0.000479259,0.000246592,0,0.100737,0.0896873
0,-0.0542736,-0.000466728,0.000256197,0,0.108097,0.0959453
0,-0.0567938,-0.000452039,0.000265582,0,0.11604,0.102938
0,-0.0564268,-0.000434608,0.00027466,0,0.124557,0.11071
0,-0.0525893,-0.000413685,0.000283404,0,0.133608,0.119248
0.00921674,-0.0439184,-0.000387772,0.00029173,0,0.142941,0.128743
0.0252459,-0.032362,-0.000358892,0.000299563,0,0.152151,0.138442
0.041275,-0.0182885,-0.000327439,0.000306856,0,0.160982,0.148247
0.0573041,-0.00214977,-0.00029392,0.000313531,0,0.169344,0.157995
0.0733332,0.0173285,-0.00025703,0.000319544,0,0.177184,0.16802
0.0893623,0.0402675,-0.000216706,0.000324795,0,0.184463,0.178249
0.105391,0.0659641,-0.000173758,0.00032927,0,0.191136,0.188439
-0.119016,-0.0887057,-8.28563e-05,0.000332917,0,-0.0432765,-0.0440418
-0.102987,-0.0454315,-2.16163e-05,0.000334938,0,-0.0379504,-0.0333728
-0.0869579,-0.0169579,6.10169e-05,0.000335615,0,-0.0333741,-0.0236866
-0.0709288,-0.000928824,0.000189956,0.000334643,0,-0.0296035,-0.0163111
-0.0548997,0.0151003,0.000344035,0.000331746,0,-0.0266978,-0.0105089
-0.0388706,0.0311294,0.00050082,0.000325944,0,-0.0247173,-0.00631006
-0.0228415,0.0471585,0.00063857,0.000317025,0,-0.0237121,-0.00363521
-0.00681237,0.0631876,0.000738352,0.000305218,0,-0.02368,-0.00227349
0,0.07,0.000816948,0.00029105,0,-0.024403,-0.00253759
0,0.07,0.000875601,0.000275064,0,-0.0255101,-0.00447959
0,0.07,0.00089387,0.000257963,0,-0.0267827,-0.00755479
0,0.0679163,0.000871845,0.000240222,0,-0.0281689,-0.0112882
0,0.0576429,0.000841675,0.00022262,0,-0.0296611,-0.0155414
0,0.0457525,0.000810377,0.000205666,0,-0.0312635,-0.0199581
0,0.0341521,0.000779996,0.000189333,0,-0.032984,-0.0243334
0,0.0239578,0.00075173,0.000173612,0,-0.0348319,-0.0284575
0,0.0158215,0.000726258,0.000158464,0,-0.0368175,-0.0322126
0,0.00997061,0.000703302,0.000143837,0,-0.0389517,-0.0355778
0,0.00637292,0.000682619,0.000129668,0,-0.0412464,-0.038585
0,0.0047704,0.000664031,0.000115933,0,-0.0437144,-0.0413181
0,0.00477264,0.000647168,0.000102578,0,-0.0463695,-0.0438881
0,0.00593179,0.000631582,8.95671e-05,0,-0.0492263,-0.0464181
0,0.00791026,0.000616943,7.68731e-05,0,-0.0523008,-0.0489994
0,0.0102713,0.000602813,6.44757e-05,0,-0.0556101,-0.0517589
0,0.0134731,0.000589702,5.2377e-05,0,-0.0591727,-0.0545716
0,0.0167679,0.000576837,4.05305e-05,0,-0.0630082,-0.0576953
0,0.0202747,0.000564365,2.89423e-05,0,-0.0671382,-0.0610891
0,0.024014,0.000552324,1.76051e-05,0,-0.0715855,-0.0647831
0,0.0280332,0.000540779,6.5105e-06,0,-0.0763749,-0.0687944
0,0.0327573,0.000530194,-4.35127e-06,0,-0.0815331,-0.0730327
0,0.0370275,0.000519354,-1.49816e-05,0,-0.0870888,-0.0778609
0,0.0417805,0.000509261,-2.53958e-05,0,-0.0930728,-0.0829679
0,0.0466816,0.000499571,-3.56062e-05,0,-0.0995184,-0.0884815
0,0.049889,0.000489156,-4.56219e-05,0,-0.106397,-0.0944505
0,0.0525531,0.000477259,-5.54466e-05,0,-0.113725,-0.100998
0,0.053415,0.000463844,-6.50394e-05,0,-0.121599,-0.108205
0,0.0515971,0.000447946,-7.437e-05,0,-0.130051,-0.116126
0,0.0463428,0.000428689,-8.33766e-05,0,-0.139025,-0.124783
-0.0146025,0.0360537,0.000404358,-9.19985e-05,0,-0.148168,-0.134419
-0.0303889,0.022085,0.000376374,-0.000100183,0,-0.157068,-0.144454
-0.0461754,0.00522769,0.000345599,-0.000107836,0,-0.165573,-0.154665
-0.0619618,-0.0121055,0.000314643,-0.000114871,0,-0.173619,-0.164371
-0.0777483,-0.0329839,0.000280375,-0.000121288,0,-0.181161,-0.174501
-0.0935347,-0.0570262,0.000243143,-0.000127033,0,-0.188159,-0.184757
-0.109321,-0.0840781,0.000203048,-0.000132044,0,-0.194571,-0.195077
0.111689,0.0668244,0.000112011,-0.000136206,0,0.0364456,0.0336923
0.0959027,0.0259027,5.38571e-05,-0.00013881,0,0.0313443,0.0236496
0.0801162,0.0101162,-6.9181e-05,-0.00014012,0,0.026974,0.0148499
0.0643298,-0.00567021,-0.00023195,-0.000139659,0,0.0233904,0.00775842
0.0485433,-0.0214567,-0.000404578,-0.000136159,0,0.0206521,0.00260673
0.0327569,-0.0372431,-0.000568815,-0.000128931,0,0.0188168,-0.00117348
0.0169704,-0.0530296,-0.000704704,-0.000118786,0,0.0179269,-0.0035547
0.00118398,-0.068816,-0.00079355,-0.000105644,0,0.0179518,-0.00466754
0,-0.07,-0.000871958,-9.03945e-05,0,0.0185668,-0.00393254
0,-0.07,-0.000921564,-7.35042e-05,0,0.0193938,-0.00193134
0,-0.07,-0.000921748,-5.54202e-05,0,0.0203157,0.00119847
0,-0.0669876,-0.000879889,-3.69865e-05,0,0.0213058,0.00484175
0,-0.0555737,-0.000830251,-1.91166e-05,0,0.0223611,0.00891589
0,-0.0421179,-0.000779579,-2.31305e-06,0,0.0234854,0.0132218
0,-0.0297393,-0.000731172,1.34812e-05,0,0.0246844,0.0172031
0,-0.0186913,-0.000685296,2.82983e-05,0,0.0259647,0.020947
0,-0.0100516,-0.000643082,4.21877e-05,0,0.0273332,0.0241717
0,-0.00404132,-0.00060475,5.52393e-05,0,0.0287978,0.0268752
0,-0.00053413,-0.000570156,6.74493e-05,0,0.0303664,0.0291121
0,0.000811459,-0.00053892,7.89389e-05,0,0.0320479,0.0309811
0,0.000703045,-0.000510268,8.98423e-05,0,0.0338517,0.0326739
0,-0.000667924,-0.000483977,0.000100162,0,0.0357877,0.0342223
0,-0.0024746,-0.000459149,0.000109947,0,0.0378667,0.0358622
0,-0.00449242,-0.000435526,0.000119229,0,0.0401004,0.0376328
0,-0.00658938,-0.000412946,0.000128034,0,0.0425011,0.0395785
0,-0.00873794,-0.000391359,0.000136383,0,0.0450823,0.0417211
0,-0.0109323,-0.000370738,0.000144265,0,0.0478582,0.0440821
0,-0.0131887,-0.000351077,0.000151762,0,0.0508445,0.0466777
0,-0.0155713,-0.000332419,0.000158862,0,0.0540576,0.0495086
0,-0.0181036,-0.000314767,0.000165585,0,0.0575154,0.0525832
0,-0.0207453,-0.000298055,0.000171925,0,0.0612373,0.0559148
0,-0.0233635,-0.000282116,0.000177952,0,0.065244,0.0595236
0,-0.02756,-0.000268686,0.000183651,0,0.0696468,0.063431
0,-0.0299814,-0.000254093,0.000189078,0,0.0744948,0.0676706
0,-0.0308278,-0.000238582,0.000194218,0,0.0797263,0.0722903
0,-0.0294889,-0.000221491,0.000199029,0,0.0853339,0.0773306
0,-0.025315,-0.000202093,0.000203527,0,0.0912888,0.0827876
0.00449167,-0.0177518,-0.000179763,0.000207646,0,0.0974158,0.0886223
0.020825,-0.00583273,-0.000153471,0.000211331,0,0.103293,0.0949327
0.0371583,0.00888044,-0.000124862,0.000214505,0,0.108553,0.101161
0.0534917,0.0257145,-9.46432e-05,0.000217117,0,0.113057,0.107198
0.069825,0.0446969,-6.27807e-05,0.000219146,0,0.116729,0.113131
0.0861583,0.0659828,-2.91094e-05,0.000220529,0,0.119506,0.119079
0.102492,0.0892403,6.01839e-06,0.000221195,0,0.121343,0.125049
0.118825,0.113019,4.10745e-05,0.000221163,0,0.122265,0.130777
0.1225,0.13536,7.39925e-05,0.000220499,0,0.122564,0.135923
0.1225,0.154525,0.000102884,0.000219151,0,0.122633,0.140199
0.1225,0.169043,0.000126196,0.000217209,0,0.122642,0.143318
0.1225,0.178013,0.000143023,0.000214743,0,0.122636,0.145111
0.1225,0.181262,0.000153228,0.00021195,0,0.122627,0.145575
0.1225,0.179314,0.000157411,0.000208926,0,0.122617,0.144867
0.1225,0.173061,0.000156557,0.000205795,0,0.122608,0.143208
0.1225,0.16354,0.000151806,0.00020266,0,0.1226,0.140847
0.1225,0.151814,0.000144323,0.000199605,0,0.122592,0.13803
0.1225,0.139235,0.000135579,0.0001967,0,0.122585,0.135082
0.1225,0.126104,0.000125926,0.000193967,0,0.122579,0.132021
0.1225,0.113933,0.00011698,0.000191424,0,0.122572,0.129256
0.1225,0.103248,0.000109299,0.000189053,0,0.122567,0.12686
0.1225,0.0945683,0.000103441,0.000186848,0,0.122562,0.124951
0.1225,0.0884156,9.9977e-05,0.000184764,0,0.122557,0.123651
0.1225,0.0847192,9.8847e-05,0.000182756,0,0.122552,0.122915
0.1225,0.0836273,0.000100218,0.000180775,0,0.122548,0.122787
0.1225,0.0848452,0.000103786,0.000178774,0,0.122545,0.123178
0.1225,0.0880986,0.000109264,0.000176707,0,0.122541,0.124024
0.1225,0.092675,0.000115903,0.000174538,0,0.122538,0.125142
0.1225,0.09849,0.000123616,0.000172247,0,0.122535,0.126542
0.1225,0.104665,0.000131479,0.000169805,0,0.122532,0.127982
0.1225,0.111049,0.000139334,0.000167207,0,0.12253,0.129463
0.1225,0.117141,0.000146654,0.00016444,0,0.122528,0.130852
0.1225,0.122442,0.000152916,0.000161529,0,0.122525,0.132035
0.1225,0.126956,0.000158126,0.000158486,0,0.122523,0.133036
0.1225,0.13027,0.000161854,0.000155337,0,0.12252,0.13373
0.1225,0.132277,0.000164001,0.000152109,0,0.122513,0.134123
0.1225,0.13298,0.000164583,0.000148834,0,0.122506,0.134216
0.1225,0.13247,0.000163711,0.000145544,0,0.122499,0.134035
0.1225,0.130927,0.000161589,0.000142267,0,0.122493,0.133625
0.1225,0.128594,0.000158492,0.000139027,0,0.122488,0.133045
0.1225,0.1258,0.000154778,0.000135844,0,0.122483,0.132375
0.1225,0.122559,0.000150474,0.000132739,0,0.122479,0.131603
0.1225,0.119439,0.000146194,0.000129713,0,0.122475,0.130887
0.1225,0.116422,0.000141924,0.000126772,0,0.122471,0.130193
0.1225,0.113649,0.000137824,0.000123916,0,0.122468,0.129563
0.1225,0.111381,0.000134176,0.000121141,0,0.122465,0.129062
0.1225,0.10964,0.00013101,0.000118443,0,0.122462,0.128684
0.1225,0.108393,0.000128299,0.000115809,0,0.122459,0.128418
0.1225,0.107656,0.000126063,0.000113232,0,0.122457,0.12827
0.1225,0.107468,0.000124348,0.000110701,0,0.122454,0.128251
0.1225,0.107834,0.000123163,0.000108207,0,0.122451,0.128359
0.1225,0.10868,0.000122434,0.000105739,0,0.122448,0.128575
0.1225,0.109882,0.000122032,0.000103288,0,0.122444,0.128867
0.1225,0.111294,0.000121804,0.000100846,0,0.122441,0.1292
0.1225,0.112786,0.000121615,9.84091e-05,0,0.122438,0.129546
0.1225,0.114237,0.00012134,9.59763e-05,0,0.122435,0.129877
0.1225,0.115546,0.000120875,9.35484e-05,0,0.122433,0.13017
0.1225,0.116641,0.000120148,9.1129e-05,0,0.12243,0.13041
0.1225,0.117472,0.000119107,8.87232e-05,0,0.122428,0.130588
0.1225,0.118014,0.000117733,8.63369e-05,0,0.122426,0.130697
0.1225,0.118271,0.00011603,8.39767e-05,0,0.122424,0.130741
0.1225,0.118263,0.000114026,8.16493e-05,0,0.122422,0.130725
0.1225,0.118014,0.00011175,7.93608e-05,0,0.12242,0.130655
0.1225,0.117589,0.000109275,7.71155e-05,0,0.122419,0.130547
0.1225,0.117014,0.000106631,7.49226e-05,0,0.122417,0.130406
0.1225,0.116342,0.00010388,7.27781e-05,0,0.122416,0.130245
0.1225,0.115628,0.000101082,7.06895e-05,0,0.122415,0.130078
0.1225,0.114939,9.83111e-05,6.8658e-05,0,0.122414,0.129919
0.1225,0.114276,9.55729e-05,6.66849e-05,0,0.122413,0.129767
0.1225,0.113718,9.29511e-05,6.47666e-05,0,0.122412,0.129642
0.1225,0.113257,9.04421e-05,6.2901e-05,0,0.122411,0.12954
0.1225,0.11292,8.80741e-05,6.10859e-05,0,0.12241,0.129468
0.1225,0.112713,8.58554e-05,5.93197e-05,0,0.122409,0.129426
0.1225,0.112632,8.37848e-05,5.7597e-05,0,0.122408,0.129413
0.1225,0.112664,8.18477e-05,5.59161e-05,0,0.122408,0.129425
0.1225,0.112789,8.00252e-05,5.42753e-05,0,0.122407,0.129458
0.1225,0.112985,7.82946e-05,5.26703e-05,0,0.122407,0.129506
0.1225,0.113229,7.6633e-05,5.11009e-05,0,0.122406,0.129565
0.1225,0.1135,7.50173e-05,4.95649e-05,0,0.122406,0.129628
0.1225,0.113776,7.34261e-05,4.80613e-05,0,0.122405,0.129692
0.1225,0.114039,7.18413e-05,4.65896e-05,0,0.122405,0.129752
0.1225,0.114273,7.02463e-05,4.51496e-05,0,0.122404,0.129804
0.1225,0.114466,6.86293e-05,4.37407e-05,0,0.122404,0.129846
0.1225,0.114611,6.69834e-05,4.23649e-05,0,0.122404,0.129877
0.1225,0.114699,6.52999e-05,4.10211e-05,0,0.122403,0.129894
0.1225,0.114732,6.35814e-05,3.97109e-05,0,0.122403,0.129899
0.1225,0.114715,6.18362e-05,3.8435e-05,0,0.122403,0.129893
0.1225,0.114661,6.00752e-05,3.7193e-05,0,0.122402,0.129878
0.1225,0.114572,5.83039e-05,3.59871e-05,0,0.122402,0.129856
0.1225,0.114459,5.6534e-05,3.48166e-05,0,0.122402,0.129828
0.1225,0.114331,5.47748e-05,3.36824e-05,0,0.122402,0.129798
0.1225,0.114198,5.30385e-05,3.25834e-05,0,0.122402,0.129767
0.1225,0.11407,5.13351e-05,3.15183e-05,0,0.122402,0.129737
0.1225,0.113954,4.96734e-05,3.04873e-05,0,0.122401,0.129711
0.1225,0.113859,4.8061e-05,2.94897e-05,0,0.122401,0.12969
0.1225,0.113786,4.65017e-05,2.85253e-05,0,0.122401,0.129674
0.1225,0.113738,4.4998e-05,2.75921e-05,0,0.122401,0.129664
0.1225,0.113715,4.35492e-05,2.66891e-05,0,0.122401,0.12966
0.1225,0.113714,4.21526e-05,2.58153e-05,0,0.122401,0.129661
0.1225,0.113732,4.08041e-05,2.49687e-05,0,0.122401,0.129666
0.1225,0.113763,3.94986e-05,2.41493e-05,0,0.122401,0.129674
0.1225,0.113802,3.82301e-05,2.3356e-05,0,0.1224,0.129683
0.1225,0.113846,3.69942e-05,2.25882e-05,0,0.1224,0.129693
0.1225,0.113889,3.57864e-05,2.18453e-05,0,0.1224,0.129703
0.1225,0.11393,3.46039e-05,2.11271e-05,0,0.1224,0.129712
0.1225,0.113966,3.34445e-05,2.04327e-05,0,0.1224,0.12972
0.1225,0.113996,3.23064e-05,1.97615e-05,0,0.1224,0.129727
0.1225,0.114021,3.11892e-05,1.91125e-05,0,0.1224,0.129732
0.1225,0.114038,3.00916e-05,1.84865e-05,0,0.1224,0.129736
0.1225,0.114049,2.90141e-05,1.78825e-05,0,0.1224,0.129738
0.1225,0.114053,2.79562e-05,1.73e-05,0,0.1224,0.129739
0.1225,0.114051,2.69181e-05,1.67388e-05,0,0.1224,0.129738
0.1225,0.114043,2.59005e-05,1.61983e-05,0,0.1224,0.129736
