0.000103569,0.0628967,6.63181e-05,0,0,0.00010353,0.0141849
0.000103569,0.0577394,6.06375e-05,8.28977e-07,0,0.000103441,0.0112577
0.000103569,0.0513455,5.36116e-05,2.05877e-06,0,0.000103339,0.00997
0.000103569,0.0452299,4.68538e-05,3.15208e-06,0,0.000103232,0.00877959
0.000103569,0.0384857,3.9414e-05,4.11281e-06,0,0.000103123,0.00744042
0.000103569,0.0322221,3.24748e-05,4.92341e-06,0,0.000103011,0.00622671
0.000103569,0.0268177,2.64426e-05,5.59372e-06,0,0.000102896,0.00519202
0.000103569,0.0216369,2.06506e-05,6.13464e-06,0,0.000102777,0.0041832
0.000103569,0.0163494,1.47555e-05,6.55924e-06,0,0.000102654,0.00314415
0.000103569,0.0103817,8.15768e-06,6.86614e-06,0,0.000102526,0.00195564
0.000103569,0.00389725,1.03826e-06,7.04248e-06,0,0.000102392,0.0006705
0.000103569,-0.00292549,-6.40622e-06,7.07749e-06,0,0.000102252,-0.000675887
0.000103569,-0.00946193,-1.35087e-05,6.96425e-06,0,0.000102105,-0.00194857
0.000103569,-0.0154551,-1.99928e-05,6.70828e-06,0,0.000101949,-0.00310758
0.000103569,-0.0205387,-2.54687e-05,6.3214e-06,0,0.000101785,-0.00407805
0.000103569,-0.024253,-2.945e-05,5.82297e-06,0,0.00010161,-0.00476732
0.000103569,-0.0267694,-3.21199e-05,5.24194e-06,0,0.000101424,-0.00522671
0.000103569,-0.027917,-3.3301e-05,4.60488e-06,0,0.000101226,-0.00541314
0.000103569,-0.0278727,-3.31853e-05,3.94122e-06,0,0.000101015,-0.00537106
0.000103569,-0.026763,-3.19117e-05,3.27728e-06,0,0.000100789,-0.00512381
0.000103569,-0.0247757,-2.96851e-05,2.6365e-06,0,0.000100548,-0.00470995
0.000103569,-0.0221201,-2.67327e-05,2.03835e-06,0,0.00010029,-0.00417106
0.000103569,-0.018933,-2.32054e-05,1.49779e-06,0,0.000100014,-0.00353193
0.000103569,-0.0156189,-1.95362e-05,1.0231e-06,0,9.97174e-05,-0.00287934
0.000103569,-0.0122209,-1.57757e-05,6.25036e-07,0,9.94e-05,-0.00221156
0.000103569,-0.00899854,-1.22024e-05,3.02001e-07,0,9.90593e-05,-0.00158553
0.000103569,-0.00609994,-8.97603e-06,5.08078e-08,0,9.86937e-05,-0.00102713
0.000103569,-0.00363025,-6.21007e-06,-1.35165e-07,0,9.8301e-05,-0.000555762
0.000103569,-0.00163697,-3.95603e-06,-2.64899e-07,0,9.78792e-05,-0.000179099
0.000103569,-0.000123091,-2.21766e-06,-3.48528e-07,0,9.74261e-05,0.000103526
0.000103569,0.000852464,-1.05722e-06,-3.96358e-07,0,9.69392e-05,0.000278986
0.000103569,0.00142498,-3.31021e-07,-4.19823e-07,0,9.6416e-05,0.000379261
0.000103569,0.00165149,2.20099e-08,-4.27896e-07,0,9.58534e-05,0.000413318
0.000103569,0.00161937,9.51703e-08,-4.28161e-07,0,9.52483e-05,0.000399124
0.000103569,0.00141277,-2.16238e-08,-4.26404e-07,0,9.45974e-05,0.000353074
0.000103569,0.00105769,-2.99966e-07,-4.26603e-07,0,9.38969e-05,0.000278618
0.000103569,0.000562083,-7.3047e-07,-4.32046e-07,0,9.31429e-05,0.000176802
0.000103569,-1.00142e-05,-1.24443e-06,-4.45794e-07,0,9.23313e-05,6.17469e-05
0.000103569,-0.000620893,-1.80108e-06,-4.69655e-07,0,9.14574e-05,-5.99053e-05
0.000103569,-0.00125153,-2.37952e-06,-5.04563e-07,0,9.05165e-05,-0.00018496
0.000103569,-0.001884,-2.96007e-06,-5.50997e-07,0,8.95031e-05,-0.000309944
0.000103569,-0.00245826,-3.47868e-06,-6.09037e-07,0,8.84118e-05,-0.000421913
0.000103569,-0.00295496,-3.91453e-06,-6.77573e-07,0,8.72363e-05,-0.000518231
0.000103569,-0.00334952,-4.24143e-06,-7.54992e-07,0,8.59702e-05,-0.000593938
0.000103569,-0.00362063,-4.43691e-06,-8.39167e-07,0,8.46064e-05,-0.000644964
0.000103569,-0.00377663,-4.50995e-06,-9.27514e-07,0,8.31374e-05,-0.000673775
0.000103569,-0.00381258,-4.45565e-06,-1.01746e-06,0,8.15554e-05,-0.000679027
0.000103569,-0.00374188,-4.28857e-06,-1.10668e-06,0,7.98524e-05,-0.000663847
0.000103569,-0.00358375,-4.02953e-06,-1.19295e-06,0,7.80233e-05,-0.000632145
0.000103569,-0.00335785,-3.69978e-06,-1.27432e-06,0,7.60737e-05,-0.000587752
0.000101549,-0.00308867,-3.32571e-06,-1.3493e-06,0,7.4053e-05,-0.000535583
9.94776e-05,-0.00279412,-2.92668e-06,-1.41713e-06,0,7.20164e-05,-0.000478949
9.74062e-05,-0.00248402,-2.51349e-06,-1.47686e-06,0,6.99796e-05,-0.00041954
9.53348e-05,-0.00218347,-2.11301e-06,-1.52837e-06,0,6.79467e-05,-0.000362706
9.32635e-05,-0.00188547,-1.71814e-06,-1.57143e-06,0,6.5919e-05,-0.000306169
9.11921e-05,-0.00161542,-1.356e-06,-1.60658e-06,0,6.38971e-05,-0.000255818
8.91207e-05,-0.00138005,-1.03381e-06,-1.63443e-06,0,6.18812e-05,-0.000212446
8.70494e-05,-0.00117366,-7.45653e-07,-1.65575e-06,0,5.98718e-05,-0.000174584
8.4978e-05,-0.00100747,-5.03416e-07,-1.67124e-06,0,5.78691e-05,-0.000144909
8.29066e-05,-0.000890525,-3.16615e-07,-1.68179e-06,0,5.58738e-05,-0.000125129
8.08352e-05,-0.000828505,-1.9113e-07,-1.68849e-06,0,5.38863e-05,-0.000116263
7.87639e-05,-0.000822868,-1.28304e-07,-1.69257e-06,0,5.19072e-05,-0.000118476
7.66925e-05,-0.000869207,-1.23223e-07,-1.69526e-06,0,4.99369e-05,-0.000130739
7.46211e-05,-0.000957408,-1.64907e-07,-1.69773e-06,0,4.7976e-05,-0.00015091
7.25498e-05,-0.00107649,-2.41454e-07,-1.70095e-06,0,4.6025e-05,-0.000176811
7.04784e-05,-0.00121308,-3.38462e-07,-1.70563e-06,0,4.40845e-05,-0.000205756
6.8407e-05,-0.00134975,-4.37239e-07,-1.7122e-06,0,4.21552e-05,-0.000234212
6.63357e-05,-0.00147158,-5.21847e-07,-1.72075e-06,0,4.0238e-05,-0.000259329
6.42643e-05,-0.00156888,-5.81921e-07,-1.73102e-06,0,3.83334e-05,-0.000279354
6.21929e-05,-0.00163815,-6.13693e-07,-1.74253e-06,0,3.64426e-05,-0.000293775
6.01215e-05,-0.00167601,-6.13571e-07,-1.75474e-06,0,3.45665e-05,-0.000301931
5.80502e-05,-0.0016859,-5.85212e-07,-1.76702e-06,0,3.27061e-05,-0.00030469
5.59788e-05,-0.00167145,-5.32503e-07,-1.77878e-06,0,3.08625e-05,-0.000302767
5.39074e-05,-0.00163685,-4.59898e-07,-1.78953e-06,0,2.90371e-05,-0.000296994
5.18361e-05,-0.00158768,-3.73375e-07,-1.79888e-06,0,2.72309e-05,-0.000288505
4.97647e-05,-0.00152525,-2.74372e-07,-1.80652e-06,0,2.54452e-05,-0.000277436
4.76933e-05,-0.00145286,-1.66439e-07,-1.8122e-06,0,2.36818e-05,-0.000264487
4.56219e-05,-0.00137341,-5.26928e-08,-1.81575e-06,0,2.19422e-05,-0.00025021
4.35506e-05,-0.00128835,6.52734e-08,-1.81703e-06,0,2.02284e-05,-0.000234851
4.14792e-05,-0.0012065,1.78085e-07,-1.81596e-06,0,1.85424e-05,-0.000220342
3.94078e-05,-0.00112889,2.84654e-07,-1.81262e-06,0,1.68864e-05,-0.000206661
3.73365e-05,-0.00106408,3.75914e-07,-1.80714e-06,0,1.52627e-05,-0.000195698
3.52651e-05,-0.00101977,4.4377e-07,-1.79981e-06,0,1.36738e-05,-0.000188934
3.31937e-05,-0.00100052,4.83492e-07,-1.79107e-06,0,1.21225e-05,-0.00018717
3.11223e-05,-0.00100703,4.94454e-07,-1.78148e-06,0,1.06116e-05,-0.000190433
2.9051e-05,-0.00103732,4.78905e-07,-1.77161e-06,0,9.14437e-06,-0.000198254
2.69796e-05,-0.00108689,4.41744e-07,-1.762e-06,0,7.72411e-06,-0.000209679
2.49082e-05,-0.0011482,3.91097e-07,-1.75307e-06,0,6.35447e-06,-0.000223143
2.28369e-05,-0.00121542,3.33289e-07,-1.74515e-06,0,5.03937e-06,-0.000237542
2.07655e-05,-0.00128516,2.72008e-07,-1.73837e-06,0,3.78304e-06,-0.000252281
1.86941e-05,-0.00135487,2.1008e-07,-1.73277e-06,0,2.59001e-06,-0.000266875
1.66228e-05,-0.00142125,1.5108e-07,-1.72845e-06,0,1.46519e-06,-0.000280653
1.45514e-05,-0.00148141,9.81701e-08,-1.72531e-06,0,4.1384e-07,-0.000293048
1.248e-05,-0.00153341,5.34327e-08,-1.72321e-06,0,-5.5835e-07,-0.000303709
1.04086e-05,-0.00157623,1.80279e-08,-1.72205e-06,0,-1.44528e-06,-0.000312449
8.33727e-06,-0.00161051,-8.71404e-09,-1.72162e-06,0,-2.24042e-06,-0.000319445
6.2659e-06,-0.00163908,-2.97373e-08,-1.72174e-06,0,-2.93696e-06,-0.000325315
4.19453e-06,-0.00167125,-5.48723e-08,-1.72229e-06,0,-3.52832e-06,-0.000332085
2.12316e-06,-0.00173709,-1.158e-07,-1.72333e-06,0,-4.01039e-06,-0.000346251
5.17843e-08,-0.00184443,-2.20629e-07,-1.72553e-06,0,-4.39013e-06,-0.000368754
0,-0.00195954,-3.33485e-07,-1.72973e-06,0,-4.71847e-06,-0.000391836
0,-0.00203998,-4.0941e-07,-1.73617e-06,0,-5.05214e-06,-0.000406951
0,-0.00208114,-4.4357e-07,-1.74421e-06,0,-5.40841e-06,-0.000414267
0,-0.00209653,-4.50323e-07,-1.75301e-06,0,-5.79336e-06,-0.000416945
0,-0.00209963,-4.43978e-07,-1.76201e-06,0,-6.21035e-06,-0.000417629
0,-0.00209952,-4.34161e-07,-1.7709e-06,0,-6.66208e-06,-0.000417972
0,-0.00210557,-4.30814e-07,-1.7796e-06,0,-7.15116e-06,-0.000419826
0,-0.00208522,-3.99521e-07,-1.78823e-06,0,-7.68027e-06,-0.000415628
0,-0.00193148,-2.27398e-07,-1.79628e-06,0,-8.25233e-06,-0.000382322
0,-0.00163241,9.75929e-08,-1.80117e-06,0,-8.87044e-06,-0.000320251
0,-0.00108181,6.86873e-07,-1.79987e-06,0,-9.53799e-06,-0.000205953
0,3.28201e-05,1.86923e-06,-1.78819e-06,0,-1.02586e-05,2.76101e-05
0,0.0017509,3.68355e-06,-1.75495e-06,0,-1.10364e-05,0.000380456
0,0.00392306,5.96869e-06,-1.68763e-06,0,-1.18755e-05,0.000817991
0,0.00633298,8.49287e-06,-1.57625e-06,0,-1.27806e-05,0.00129594
0,0.00873537,1.09942e-05,-1.41397e-06,0,-1.37566e-05,0.00176542
0,0.0109291,1.32584e-05,-1.20284e-06,0,-1.48091e-05,0.00218828
0,0.0126889,1.50465e-05,-9.45593e-07,0,-1.59438e-05,0.00251968
0,0.0137749,1.61055e-05,-6.51816e-07,0,-1.7167e-05,0.00271221
0,0.013866,1.6098e-05,-3.33412e-07,0,-1.84852e-05,0.00270069
0,0.0129691,1.50347e-05,-1.14231e-08,0,-1.99057e-05,0.00249566
0,0.0110563,1.28908e-05,2.92992e-07,0,-2.14363e-05,0.00209071
0,0.00825818,9.80999e-06,5.58311e-07,0,-2.30856e-05,0.00151589
0,0.00473473,5.96698e-06,7.66833e-07,0,-2.48627e-05,0.000803333
0,0.000496056,1.3786e-06,8.99624e-07,0,-2.67777e-05,-4.91992e-05
0,-0.00409392,-3.56431e-06,9.43255e-07,0,-2.88411e-05,-0.000960442
0,-0.0087277,-8.53148e-06,8.89269e-07,0,-3.10646e-05,-0.00187176
0,-0.0132557,-1.33606e-05,7.36024e-07,0,-3.34604e-05,-0.00275831
0,-0.0172033,-1.75468e-05,4.8813e-07,0,-3.60421e-05,-0.00351797
0,-0.020655,-2.11778e-05,1.47659e-07,0,-3.88239e-05,-0.00418306
0,-0.0233999,-2.403e-05,-2.65004e-07,0,-4.18213e-05,-0.00470396
0,-0.0253459,-2.60068e-05,-7.399e-07,0,-4.50511e-05,-0.00506602
0,-0.0264288,-2.7042e-05,-1.25608e-06,0,-4.85311e-05,-0.00525741
0,-0.0266178,-2.71062e-05,-1.79485e-06,0,-5.22799e-05,-0.00527305
0,-0.0259071,-2.61972e-05,-2.33675e-06,0,-5.63159e-05,-0.00511244
0,-0.0243532,-2.43794e-05,-2.86433e-06,0,-6.06521e-05,-0.00478834
0,-0.021882,-2.15799e-05,-3.35828e-06,0,-6.52759e-05,-0.00428245
-3.65966e-06,-0.0184144,-1.77217e-05,-3.79548e-06,0,-7.0073e-05,-0.00357902
-1.13642e-05,-0.0134897,-1.23255e-05,-4.16342e-06,0,-7.48325e-05,-0.00257695
-1.90688e-05,-0.00343472,-1.52164e-06,-4.42881e-06,0,-7.9405e-05,-0.000465896
-2.67733e-05,0.00681376,9.45013e-06,-4.49706e-06,0,-8.37384e-05,0.00154405
-3.44779e-05,0.0152452,1.84557e-05,-4.34646e-06,0,-8.78048e-05,0.00314157
-4.21824e-05,0.0213751,2.49812e-05,-4.00886e-06,0,-9.15817e-05,0.0042748
-4.98869e-05,0.0248564,2.86619e-05,-3.53208e-06,0,-9.50467e-05,0.00487964
-5.75915e-05,0.0258383,2.96617e-05,-2.97172e-06,0,-9.81759e-05,0.00499939
0,0.0187612,2.3067e-05,-2.39848e-06,0,-7.1248e-06,0.00349737
0,0.00524701,8.66782e-06,-1.91756e-06,0,-6.6687e-06,0.000641657
0,-0.000794044,2.1966e-06,-1.69381e-06,0,-6.19785e-06,-0.000330737
0,-0.00375415,-1.00127e-06,-1.62723e-06,0,-5.74886e-06,-0.000823427
0,-0.00540349,-2.80155e-06,-1.63606e-06,0,-5.32943e-06,-0.00110927
0,-0.00578466,-3.25165e-06,-1.68579e-06,0,-4.93982e-06,-0.00114788
0,-0.00551296,-3.00506e-06,-1.74925e-06,0,-4.5785e-06,-0.00107595
0,-0.00415551,-1.60709e-06,-1.81021e-06,0,-4.24356e-06,-0.000779119
0,-0.00258934,1.11655e-08,-1.84725e-06,0,-3.93312e-06,-0.000466147
0,-0.00137575,1.25445e-06,-1.85107e-06,0,-3.64539e-06,-0.000238105
0,-0.000471289,2.16844e-06,-1.82909e-06,0,-3.37871e-06,-6.94187e-05
0,0.00039205,3.03625e-06,-1.788e-06,0,-3.13154e-06,9.87566e-05
0,0.00140926,4.06316e-06,-1.73032e-06,0,-2.90246e-06,0.000302565
0,0.00278623,5.46525e-06,-1.65265e-06,0,-2.69014e-06,0.000582652
0,0.00462579,7.34876e-06,-1.54685e-06,0,-2.49336e-06,0.000956258
0,0.00678282,9.5575e-06,-1.40646e-06,0,-2.31098e-06,0.00138796
0,0.0091679,1.19941e-05,-1.21973e-06,0,-2.14193e-06,0.0018618
0,0.0115725,1.44358e-05,-9.85942e-07,0,-1.98526e-06,0.00233358
0,0.0138873,1.67651e-05,-7.03331e-07,0,-1.84005e-06,0.00278468
0,0.0146621,1.74491e-05,-3.72688e-07,0,-1.70546e-06,0.00289314
0,0.014383,1.70061e-05,-2.60995e-08,0,-1.58072e-06,0.00280883
0,0.0132472,1.56483e-05,3.1513e-07,0,-1.46511e-06,0.00256224
0,0.0111166,1.32344e-05,6.32849e-07,0,-1.35795e-06,0.00211681
0,0.00790756,9.6819e-06,9.05986e-07,0,-1.25864e-06,0.00145776
0,0.00359351,4.96948e-06,1.11206e-06,0,-1.16659e-06,0.000581456
0,-0.00127283,-3.11169e-07,1.22794e-06,0,-1.08127e-06,-0.000387469
0,-0.00666184,-6.12195e-06,1.23492e-06,0,-1.00219e-06,-0.00145797
0,-0.0122662,-1.21316e-05,1.12701e-06,0,-9.28901e-07,-0.002562
0,-0.0174215,-1.76331e-05,9.05408e-07,0,-8.6097e-07,-0.0035593
0,-0.0221596,-2.26571e-05,5.72001e-07,0,-7.98009e-07,-0.00447577
0,-0.0261372,-2.68384e-05,1.28907e-07,0,-7.39653e-07,-0.00523357
0,-0.0291354,-2.99457e-05,-3.93226e-07,0,-6.85565e-07,-0.0057933
0,-0.0310752,-3.18972e-05,-9.84372e-07,0,-6.35434e-07,-0.00614346
0,-0.0317019,-3.24267e-05,-1.61549e-06,0,-5.88969e-07,-0.00622915
0,-0.0309595,-3.14802e-05,-2.26217e-06,0,-5.45903e-07,-0.00604506
0,-0.0288297,-2.90448e-05,-2.89509e-06,0,-5.05987e-07,-0.00558863
0,-0.0255204,-2.53479e-05,-3.48207e-06,0,-4.6899e-07,-0.00490697
0,-0.0159926,-1.50761e-05,-3.99642e-06,0,-4.34699e-07,-0.00286485
0,-0.00365587,-1.85967e-06,-4.32362e-06,0,-4.02916e-07,-0.000368581
0,0.00701919,9.55922e-06,-4.40708e-06,0,-3.73457e-07,0.00167602
0,0.0150251,1.81109e-05,-4.25586e-06,0,-3.46153e-07,0.00316928
0,0.0206541,2.41046e-05,-3.92357e-06,0,-3.20845e-07,0.00420507
0,0.0242464,2.79025e-05,-3.46246e-06,0,-2.97388e-07,0.00485145
0,0.02605,2.97704e-05,-2.9177e-06,0,-2.75647e-07,0.00515437
0.00263178,0.00989605,7.07265e-06,-2.32883e-06,0,0.00524393,0.00528023
0.00227002,0.00779843,5.0108e-06,-2.13063e-06,0,0.00484313,0.00507198
0.00190826,0.00724562,4.58235e-06,-2.0232e-06,0,0.00441659,0.004685
0.00154651,0.00793207,5.45966e-06,-1.93005e-06,0,0.00401448,0.00456565
0.00118475,0.00835699,6.05244e-06,-1.82305e-06,0,0.00364972,0.00438689
0.000822995,0.00844519,6.281e-06,-1.70408e-06,0,0.00332555,0.00417174
0.000461239,0.00806255,6.00412e-06,-1.57892e-06,0,0.00304244,0.00388775
9.9483e-05,0.00731643,5.33669e-06,-1.45828e-06,0,0.00279877,0.00355698
0,0.00700634,5.12471e-06,-1.34921e-06,0,0.00258666,0.00335024
0,0.00669093,4.90093e-06,-1.24587e-06,0,0.00239554,0.00314265
0,0.0060822,4.36145e-06,-1.14729e-06,0,0.00221982,0.00288039
0,0.00544346,3.78578e-06,-1.05898e-06,0,0.00205734,0.00262962
0,0.00513147,3.55133e-06,-9.81251e-07,0,0.00190684,0.00246207
0,0.00536689,3.89041e-06,-9.09404e-07,0,0.00176737,0.00241645
0,0.00629155,4.95091e-06,-8.32952e-07,0,0.00163812,0.00251772
0,0.00784535,6.6663e-06,-7.36585e-07,0,0.00151832,0.00274782
0,0.00986594,8.86176e-06,-6.08405e-07,0,0.00140729,0.00307152
0,0.0120948,1.12611e-05,-4.38854e-07,0,0.00130437,0.00343498
0,0.0143397,1.36586e-05,-2.19631e-07,0,0.00120899,0.00380196
0,0.0161171,1.55419e-05,4.51501e-08,0,0.00112058,0.00406904
0,0.0172795,1.67554e-05,3.49397e-07,0,0.00103864,0.00421646
0,0.0174653,1.69186e-05,6.80257e-07,0,0.000962691,0.00416694
0,0.0165402,1.58929e-05,1.01822e-06,0,0.000892298,0.00390026
0,0.0143992,1.35726e-05,1.33967e-06,0,0.000827053,0.00339635
0,0.0110025,9.92203e-06,1.61692e-06,0,0.000766581,0.00264897
0,0.0064848,5.09127e-06,1.82449e-06,0,0.000710531,0.00168918
0,0.00115794,-5.82512e-07,1.94322e-06,0,0.00065858,0.000582784
0,-0.00467208,-6.76829e-06,1.95143e-06,0,0.000610429,-0.000610631
0,-0.0106239,-1.30559e-05,1.83153e-06,0,0.000565799,-0.00181444
0,-0.016199,-1.89133e-05,1.58927e-06,0,0.000524433,-0.00292789
0,-0.0214285,-2.43695e-05,1.22272e-06,0,0.000486092,-0.00397216
0,-0.0256539,-2.87264e-05,7.4897e-07,0,0.000450555,-0.004799
0,-0.0290132,-3.21297e-05,1.83156e-07,0,0.000417617,-0.00545804
0,-0.0283206,-3.10564e-05,-4.5263e-07,0,0.000257633,-0.00585883
0,-0.0273141,-2.96191e-05,-1.07644e-06,0,-6.71544e-05,-0.00598094
0,-0.0251616,-2.69516e-05,-1.6717e-06,0,-0.000435209,-0.00586031
0,-0.0220279,-2.32356e-05,-2.22007e-06,0,-0.000815591,-0.00554749
-8.7744e-06,-0.0179677,-1.85368e-05,-2.69779e-06,0,-0.00119909,-0.00504375
-0.000359751,-0.0129137,-1.27928e-05,-3.08027e-06,0,-0.00157521,-0.00432814
-0.000710727,-0.0022621,-1.15115e-06,-3.35048e-06,0,-0.00193441,-0.00236882
-0.0010617,0.00986855,1.20098e-05,-3.40261e-06,0,-0.0022742,-0.000218102
-0.00141268,0.0198781,2.28703e-05,-3.18874e-06,0,-0.00259388,0.00143372
-0.00176366,0.0272125,3.08421e-05,-2.75305e-06,0,-0.00289314,0.0025645
-0.00211463,0.0311272,3.51411e-05,-2.15614e-06,0,-0.00317166,0.00302365
-0.00246561,0.0320942,3.62737e-05,-1.46836e-06,0,-0.00342906,0.00293871
0.00244806,0.0113425,8.86057e-06,-7.46854e-07,0,0.00159982,0.00257339
0.00209708,0.00747291,4.90647e-06,-5.0111e-07,0,0.00138631,0.00229153
0.00174611,0.00549147,2.94825e-06,-3.89141e-07,0,0.00119579,0.00183054
0.00139513,0.00416645,1.68127e-06,-3.2528e-07,0,0.00102913,0.00148571
0.00104415,0.00312698,7.12968e-07,-2.88488e-07,0,0.000887279,0.00120752
0.000693178,0.00216735,-1.73982e-07,-2.70839e-07,0,0.000771195,0.000957765
0.000342202,0.000985993,-1.29747e-06,-2.72101e-07,0,0.000681404,0.00067049
0,3.44901e-05,-2.17884e-06,-2.94119e-07,0,0.000616426,0.000450293
0,-3.853e-05,-2.13283e-06,-3.34611e-07,0,0.000567403,0.000425622
0,-0.000153385,-2.13403e-06,-3.77428e-07,0,0.000524898,0.000369934
0,-0.000322377,-2.19521e-06,-4.20106e-07,0,0.000486268,0.00030578
0,-0.000357398,-2.11742e-06,-4.63796e-07,0,0.000450663,0.000275377
0,-6.60711e-05,-1.69787e-06,-5.06417e-07,0,0.000417714,0.000316345
0,0.000731877,-7.47479e-07,-5.41213e-07,0,0.000387186,0.000463508
0,0.00211418,8.13533e-07,-5.58539e-07,0,0.000358894,0.000729067
0,0.00409425,2.99632e-06,-5.47731e-07,0,0.00033267,0.00111371
0,0.00639841,5.50825e-06,-4.95445e-07,0,0.000308363,0.0015556
0,0.00880917,8.11661e-06,-3.94072e-07,0,0.000285833,0.0020136
0,0.0111557,1.06385e-05,-2.3826e-07,0,0.000264949,0.00245546
0,0.0129895,1.25986e-05,-3.17958e-08,0,0.000245592,0.0027854
0,0.0138895,1.35527e-05,2.16257e-07,0,0.000227649,0.00292159
0,0.0137395,1.33806e-05,4.85402e-07,0,0.000211017,0.00284981
0,0.0124477,1.19895e-05,7.53615e-07,0,0.000195601,0.00255267
0,0.00988334,9.24667e-06,9.98274e-07,0,0.000181312,0.00200338
0,0.00629769,5.42451e-06,1.19281e-06,0,0.000168067,0.00126189
0,0.00168922,5.28463e-07,1.31467e-06,0,0.000155789,0.000320711
0,-0.00355677,-5.02668e-06,1.34238e-06,0,0.000144409,-0.000733813
0,-0.00911575,-1.08911e-05,1.26129e-06,0,0.00013386,-0.00183986
0,-0.0146067,-1.66558e-05,1.05813e-06,0,0.000124082,-0.00292125
0,-0.0196713,-2.19377e-05,7.36543e-07,0,0.000115019,-0.00390844
0,-0.0240115,-2.64197e-05,3.13634e-07,0,0.000106617,-0.0047448
0,-0.0276131,-3.00852e-05,-2.05796e-07,0,9.883e-05,-0.00543557
0,-0.0276402,-2.97871e-05,-7.94671e-07,0,-2.90167e-05,-0.00592915
0,-0.0274449,-2.92221e-05,-1.39146e-06,0,-0.000312,-0.00617634
0,-0.0259628,-2.72764e-05,-1.97788e-06,0,-0.000636815,-0.00614871
0,-0.0233928,-2.41675e-05,-2.52827e-06,0,-0.000974745,-0.0059121
0,-0.0198424,-2.00165e-05,-3.01939e-06,0,-0.00131794,-0.00547919
-0.000210461,-0.0152578,-1.47747e-05,-3.43425e-06,0,-0.00165904,-0.00483037
-0.000547199,-0.00711364,-5.78404e-06,-3.74809e-06,0,-0.00198892,-0.00339843
-0.000883937,0.00491221,7.27577e-06,-3.89524e-06,0,-0.00230262,-0.00118125
-0.00122068,0.0158145,1.90943e-05,-3.79543e-06,0,-0.00259872,0.000690845
-0.00155741,0.0238236,2.77944e-05,-3.44309e-06,0,-0.00287668,0.00196289
-0.00189415,0.0285762,3.29942e-05,-2.90895e-06,0,-0.00313611,0.00260406
-0.00223089,0.0306841,3.53459e-05,-2.25947e-06,0,-0.00337658,0.00276243
0.00248344,0.0117098,1.00467e-05,-1.56078e-06,0,0.00145351,0.00259065
0.0021467,0.00839027,6.6753e-06,-1.2713e-06,0,0.00125266,0.0023832
0.00180997,0.00737269,5.73322e-06,-1.12937e-06,0,0.00107266,0.00212818
0.00147323,0.00658143,5.0222e-06,-1.01141e-06,0,0.000914366,0.00187974
0.00113649,0.00578852,4.30158e-06,-9.08474e-07,0,0.000778725,0.00164471
0.000799753,0.00480387,3.37139e-06,-8.1992e-07,0,0.000666713,0.00138503
0.000463015,0.0034307,2.02541e-06,-7.49237e-07,0,0.000579074,0.00105861
0.000126277,0.00186097,4.68958e-07,-7.03344e-07,0,0.000515291,0.000709495
0,0.000987021,-3.53103e-07,-6.90852e-07,0,0.000469644,0.000527909
0,0.000443203,-8.28153e-07,-6.95859e-07,0,0.000433233,0.000404026
0,-0.000168849,-1.37733e-06,-7.11235e-07,0,0.000401029,0.000257784
0,-0.000653398,-1.79306e-06,-7.37408e-07,0,0.000371583,0.000143907
0,-0.000790982,-1.84346e-06,-7.72438e-07,0,0.000344395,0.000105865
0,-0.000376415,-1.31275e-06,-8.09131e-07,0,0.000319222,0.000183319
0,0.000795657,1.38538e-08,-8.37244e-07,0,0.000295897,0.000416391
0,0.00254929,1.94714e-06,-8.4161e-07,0,0.000274277,0.000759749
0,0.00478933,4.38323e-06,-8.09433e-07,0,0.000254239,0.00119694
0,0.002218,1.72333e-06,-7.27859e-07,0,0.000235664,0.000543169
0,-0.0202818,-2.19808e-05,-6.86743e-07,0,0.000218448,-0.00444035
0,-0.0610671,-6.49124e-05,-1.04339e-06,0,0.000202489,-0.012959
0,-0.09,-0.000329973,-2.19138e-06,0,0.000187696,-0.0235081
0,-0.09,-0.00193025,-7.73059e-06,0,0.000173985,-0.0347869
0,-0.09,-0.00764469,-3.51336e-05,0,0.000161275,-0.0469539
0,-0.09,-0.0244373,-0.000148026,0,0.000149495,-0.0590498
0,-0.09,-0.0758533,-0.000544413,0,0.000138575,-0.0717478
0,-0.09,-0.228482,-0.00183011,-0.114195,0.000128452,-0.0857353
0,-0.09,-0.573681,-0.0056366,-0.126477,0.00011907,-0.101696
0,-0.09,-1.46913,-0.0145212,-0.149309,0.000110373,-0.120328
0,-0.09,-4.35408,-0.0389788,-0.129626,0.000102311,-0.135969
0,-0.09,-14.4052,-0.0972109,-0.108287,9.48387e-05,-0.149185
0,-0.09,-15,-0.254651,-0.0902289,8.7912e-05,-0.159224
0,-0.09,-15,-0.55019,-0.0782605,8.14914e-05,-0.167417
0,-0.09,-15,-0.85019,-0.0719252,7.55399e-05,-0.173667
0,-0.09,-15,-1.15019,-0.0698159,7.00231e-05,-0.178129
0,-0.09,-15,-1.45019,-0.0702536,-0.00290556,-0.181451
0,-0.09,-14.8312,-1.76519,-0.0719227,-0.00972599,-0.183827
0,-0.09,-14.422,-2.04791,-0.0739117,-0.0175914,-0.184171
0,-0.09,-13.8877,-2.33819,-0.0756985,-0.0257806,-0.184234
0,-0.09,-13.2807,-2.61835,-0.0771254,-0.0341154,-0.184544
-0.00398282,-0.0939828,-12.6313,-2.8867,-0.0780623,-0.042442,-0.185282
-0.0123677,-0.102368,-11.9584,-3.14224,-0.0782831,-0.0505362,-0.186501
-0.0207526,-0.110753,-11.2749,-3.38444,-0.0782434,-0.0582488,-0.187838
-0.0291375,-0.119138,-10.5878,-3.61301,-0.0788962,-0.0655381,-0.189006
-0.0375224,-0.127522,-9.9036,-3.82786,-0.0798184,-0.0723883,-0.190056
-0.0459073,-0.135907,-9.22697,-4.03072,-0.0808349,-0.0787886,-0.191214
-0.0542922,-0.144292,-8.56203,-4.21831,-0.0817888,-0.0847278,-0.192899
-0.0626771,-0.2352,-7.91166,-4.3942,-0.082523,-0.0901926,-0.195215
0.0547114,-0.0185188,-7.91166,-4.56544,-0.082523,0.0356302,-0.159874
0.0463265,-0.0436735,-10.1507,-4.73668,-0.0896218,0.0307864,-0.0979952
0.0379416,-0.0520584,-9.98981,-4.91666,-1.15288e-11,0.0265084,-0.0872203
0.0295567,-0.0604433,-9.62933,-5.11742,2.01948e-27,0.0228114,-0.0904352
0.0211719,-0.0688281,-9.30852,-5.31163,0,0.0197168,-0.09303
0.012787,-0.077213,-9.08058,-5.49925,0,0.0172428,-0.0958348
0.00440207,-0.0855979,-9.07955,-5.68188,0,0.0153819,-0.0992712
0,-0.09,-9.47866,-5.86348,-0.0724825,0.0140177,-0.102861
0,-0.09,-10.1374,-6.05126,-0.112877,0.0129304,-0.105461
0,-0.09,-10.8912,-6.25005,-0.113354,0.0119689,-0.107324
0,-0.09,-11.6307,-6.46147,-0.113593,0.0110898,-0.108633
0,-0.09,-12.3166,-6.68891,-0.113879,0.0102782,-0.109776
0,-0.09,-12.9516,-6.93009,-0.114504,0.00952676,-0.110933
0,-0.09,-13.5372,-7.18468,-0.11533,0.00883046,-0.112162
0,-0.09,-14.1011,-7.45221,-0.116673,0.00818512,-0.113661
0,-0.09,-14.6657,-7.73028,-0.119194,0.00758697,-0.115473
0,-0.09,-14.964,-8.01964,-0.124193,0.00703255,-0.117645
0,-0.09,-15,-8.31713,-0.131826,0.00651865,-0.120205
0,-0.09,-15,-8.61695,-0.141776,0.00604232,-0.123162
0,-0.09,-15,-8.91695,-0.153196,0.0056008,-0.126519
0,-0.09,-15,-9.21695,-0.166066,0.00519156,-0.130409
0,-0.09,-15,-9.51695,-0.179428,0.00481222,-0.134559
0,-0.09,-15,-9.81695,-0.199973,0.00446061,-0.139428
0,-0.09,-15,-10.117,-0.179803,0.0041347,-0.144576
0,-0.09,-15,-10.417,-0.158453,0.00383261,-0.150384
0,-0.09,-15,-10.717,-0.137804,0.00355259,-0.155297
0,-0.09,-15,-11.017,-0.119645,0.00329304,-0.159062
0,-0.09,-15,-11.317,-0.104461,0.00305246,-0.16136
0,-0.09,-15,-11.617,-0.092569,0.00282946,-0.162198
0,-0.09,-15,-11.917,-0.0833986,0.00262275,-0.161958
0,-0.09,-15,-12.217,-0.0763307,0.00243116,-0.161018
0,-0.09,-15,-12.517,-0.0708354,0.00225356,-0.159637
0,-0.09,-15,-12.817,-0.0664741,0.00208894,-0.158103
0,-0.09,-15,-13.117,-0.0629621,0.00193634,-0.156638
0,-0.09,-14.8213,-13.417,-0.0599359,-0.0012156,-0.155315
0,-0.09,-13.8266,-13.7159,-0.0570407,-0.00824172,-0.154357
0,-0.09,-12.6394,-13.9999,-0.05427,-0.0163126,-0.153926
0,-0.09,-11.425,-14.258,-0.0518122,-0.0247058,-0.153985
-0.000204053,-0.0902041,-10.2172,-14.492,-0.0501035,-0.0332046,-0.154998
-0.00836616,-0.0983662,-9.02598,-14.7017,-0.0499075,-0.0415626,-0.156275
-0.0165283,-0.106528,-7.85901,-14.8876,-0.0495558,-0.0495554,-0.158303
-0.0246904,-0.11469,-6.72533,-15,-0.049337,-0.0571233,-0.16102
-0.0328525,-0.122852,-5.63368,-15,-0.0496573,-0.064248,-0.164057
-0.0410146,-0.131015,-4.58599,-15,-0.0502612,-0.0709204,-0.167588
-0.0491767,-0.139177,-3.58279,-15,-0.0511373,-0.0771315,-0.171667
-0.0573388,-0.199772,-2.62407,-15,-0.0524335,-0.0828708,-0.175905
0.0569307,-0.0773407,-2.62407,-15,-0.0524335,0.0343066,-0.164148
0.0487686,-0.0773407,-2.62407,-15,-0.0524335,0.029553,-0.0886829
0.0406065,-0.0493935,-2.63874,-15,3.98917e-14,0.0253188,-0.0427453
0.0324444,-0.0575556,-1.74087,-15,-1.26218e-29,0.021625,-0.0449491
0.0242823,-0.0657177,-0.876843,-15,2.8026e-45,0.018495,-0.0455056
0.0161202,-0.0738798,-0.0559106,-15,-6.22302e-61,0.0159517,-0.0452002
0.00795805,-0.0820419,0.723671,-15,1.38179e-76,0.0140085,-0.0447901
0,-0.09,1.46189,-14.9902,-3.06818e-92,0.0126318,-0.0449487
0,-0.09,2.15903,-14.9658,6.81274e-108,0.0116162,-0.0444088
0,-0.09,2.81739,-14.9271,0,0.0107432,-0.042276
0,-0.09,3.43996,-14.8754,0,0.00995177,-0.039304
0,-0.09,4.02841,-14.8094,0,0.00922291,-0.0356313
0,-0.09,4.58396,-14.7315,0,0.00854855,-0.0315699
0,-0.09,5.10722,-14.6423,0,0.0079238,-0.0283711
0,-0.09,5.59857,-14.5425,0,0.0073448,-0.0254949
0,-0.09,6.05888,-14.4328,0,0.00680814,-0.0226591
0,-0.09,6.48921,-14.3136,0,0.0063107,-0.0198685
0,-0.09,6.89064,-14.1867,0,0.00584963,-0.0173458
0,-0.09,7.26418,-14.0507,0,0.00542225,-0.0148425
0,-0.09,7.61087,-13.9071,0,0.0050261,-0.0123403
0,-0.0782902,7.93181,-13.7564,0,0.0046589,-0.00977036
0,-0.0639779,8.2278,-13.5992,0,0.00431854,-0.0070938
0,-0.0495014,8.49998,-13.4354,0,0.00400305,-0.00443963
0,-0.0365894,8.74949,-13.2659,0,0.00371062,-0.00212772
0,-0.0263199,8.97745,-13.0918,0,0.00343955,-0.000351932
0,-0.0194557,9.18474,-12.9131,0,0.0031883,0.000746147
0,-0.0153548,9.37213,-12.7301,0,0.0029554,0.00133093
0,-0.0135763,9.54039,-12.543,0,0.00273952,0.00148228
0,-0.0133823,9.69033,-12.3528,0,0.00253941,0.00135237
0,-0.01395,9.82275,-12.1595,0,0.00235393,0.00110405
0,-0.0145683,9.93844,-11.9634,0,0.00218199,0.000872839
0,-0.014657,10.0382,-11.765,0,0.00202262,0.000768136
0,-0.0138173,10.123,-11.5645,0,0.00187035,0.000840446
0,-0.0120375,10.1932,-11.3623,0,0.00172299,0.00111373
0,-0.0091724,10.2496,-11.1587,0,0.00158405,0.00160831
0,-0.00483216,10.293,-10.9538,0,0.00145386,0.00240736
0,0.00440561,10.3239,-10.7481,0,0.00133206,0.00426678
-7.93662e-06,0.014044,10.3429,-10.5418,0,0.00121829,0.00608194
-2.06352e-05,0.0208175,10.3504,-10.335,0,0.00111231,0.00724756
-3.33338e-05,0.0233075,10.3469,-10.128,0,0.00101378,0.00753749
-4.60324e-05,0.0230913,10.333,-9.92103,0,0.000922239,0.00734508
-5.8731e-05,0.021806,10.3094,-9.71433,0,0.000837257,0.0069925
-7.14296e-05,0.0191443,10.2765,-9.50808,0,0.000758415,0.00636456
-8.41282e-05,0.0152295,10.2349,-9.30243,0,0.000685333,0.00549732
9.36521e-05,0.00922992,10.1852,-9.09759,0,0.00080814,0.00436301
8.09535e-05,0.0150419,10.1274,-8.89371,0,0.000745562,0.00578042
6.82549e-05,0.0252077,10.0622,-8.69096,0,0.000687787,0.00783738
5.55563e-05,0.0190437,9.98964,-8.48955,0,0.000634555,0.00611373
4.28577e-05,0.00773451,9.91059,-8.28958,0,0.000585628,0.00369962
3.01592e-05,-0.00288183,9.8254,-8.09109,0,0.000540793,0.00158781
1.74606e-05,-0.0116759,9.73427,-7.89424,0,0.000499842,-0.000133507
4.76197e-06,-0.0193341,9.63749,-7.69924,0,0.00046254,-0.00165032
0,-0.0247532,9.53539,-7.50615,0,0.000428471,-0.00269622
0,-0.0283525,9.42837,-7.31508,0,0.000397112,-0.0033965
0,-0.0304401,9.31683,-7.12614,0,0.000368101,-0.00380843
0,-0.0310745,9.20111,-6.93942,0,0.000341224,-0.00393654
0,-0.0304451,9.0816,-6.7551,0,0.000316314,-0.00382167
0,-0.0287279,8.95861,-6.57323,0,0.000293224,-0.00349793
0,-0.0262687,8.83245,-6.39363,0,0.00027182,-0.00303794
0,-0.0231322,8.70342,-6.21654,0,0.000251979,-0.00244648
0,-0.0198375,8.5718,-6.04202,0,0.000233587,-0.00183806
0,-0.0163742,8.43784,-5.87012,0,0.000216537,-0.00119578
0,-0.0131943,8.30179,-5.7009,0,0.000200733,-0.00062123
0,-0.0105039,8.16387,-5.53439,0,0.000186082,-0.000147896
0,-0.00847097,8.02431,-5.37063,0,0.000172501,0.000192378
0,-0.0072322,7.88332,-5.20965,0,0.000159912,0.000373681
0,-0.00690093,7.74112,-5.05149,0,0.000148241,0.000374446
0,-0.00747613,7.59789,-4.89617,0,0.000137423,0.000198097
0,-0.00893644,7.45385,-4.74371,0,0.000127394,-0.000150618
0,-0.0111421,7.30918,-4.59427,0,0.000118098,-0.000640987
0,-0.0138953,7.16407,-4.4478,0,0.00010948,-0.0012326
0,-0.0169976,7.01869,-4.30416,0,0.000101491,-0.0018866
0,-0.020035,6.8732,-4.16327,0,9.40854e-05,-0.00251574
0,-0.0227869,6.72777,-4.0253,0,8.72203e-05,-0.00308231
0,-0.0251255,6.58255,-3.89024,0,8.08563e-05,-0.00356389
0,-0.0268569,6.4377,-3.75808,0,7.49567e-05,-0.00392058
0,-0.0279417,6.29338,-3.62896,0,6.94878e-05,-0.00414902
0,-0.0262175,6.14656,-3.50259,0,-2.97146e-05,-0.00422233
0,-0.0245454,6.004,-3.37914,0,-0.000250014,-0.00415246
0,-0.0223125,5.86238,-3.25857,0,-0.000502964,-0.00396042
0,-0.0196029,5.7218,-3.14096,0,-0.000766062,-0.00367517
0,-0.0165631,5.58234,-3.02604,0,-0.00103283,-0.00332247
-0.000225767,-0.0131622,5.44411,-2.9139,0,-0.00129622,-0.00288796
-0.000483785,-0.0127633,5.3072,-2.80467,0,-0.00154909,-0.00312455
-0.000741804,-0.0144815,5.17168,-2.69826,0,-0.00178887,-0.00373835
-0.000999823,-0.0157721,5.0376,-2.59435,0,-0.00201484,-0.00418365
-0.00125784,-0.0162808,4.90505,-2.49313,0,-0.00222664,-0.00445239
-0.00151586,-0.0156099,4.77411,-2.39456,0,-0.002424,-0.00446489
-0.00177388,-0.0142744,4.64484,-2.29862,0,-0.00260659,-0.00434722
0.00183838,-0.0264101,4.52179,-2.20534,0,0.0010963,-0.00395548
0.00158037,-0.0159413,4.39572,-2.11447,0,0.000944584,-0.0012895
0.00132235,-0.00412938,4.27156,-2.02611,0,0.000809124,0.000947199
0.00106433,-0.00167226,4.14932,-1.94025,0,0.000690582,0.00106578
0.000806309,-0.00195082,4.02899,-1.85683,0,0.000589693,0.000850819
0.00054829,-0.00408528,3.91061,-1.77595,0,0.000507195,0.000311105
0.000290271,-0.00732111,3.79422,-1.69744,0,0.000443582,-0.000411932
3.22524e-05,-0.0103585,3.67982,-1.62115,0,0.000398104,-0.00105192
0,-0.0121544,3.56745,-1.54716,0,0.000364988,-0.00141491
0,-0.0187299,3.45712,-1.47541,0,0.000337263,-0.00288148
0,-0.0228377,3.34883,-1.406,0,0.000312344,-0.00365808
0,-0.023923,3.24262,-1.33864,0,0.000289449,-0.00382499
0,-0.0230943,3.1385,-1.27358,0,0.000268282,-0.00364645
0,-0.0204222,3.03649,-1.21055,0,0.000248675,-0.00310713
0,-0.0163565,2.9366,-1.14951,0,0.000230505,-0.00230591
0,-0.0113304,2.83881,-1.09038,0,0.000213664,-0.00132729
0,-0.00561771,2.74313,-1.03336,0,0.000198054,-0.000220512
0,0.000196527,2.64956,-0.978303,0,0.000183584,0.000890987
0,0.00515499,2.55807,-0.925078,0,0.000170172,0.00180907
0,0.0088708,2.46866,-0.873596,0,0.000157741,0.00247395
0,0.0110615,2.38129,-0.823955,0,0.000146217,0.0028332
0,0.0115311,2.29598,-0.776111,0,0.000135536,0.0028508
0,0.0103033,2.2127,-0.729893,0,0.000125635,0.00253752
0,0.00748512,2.13144,-0.68543,0,0.000116458,0.00191666
0,0.00330042,2.05219,-0.642517,0,0.000107951,0.00103531
0,-0.0018903,1.97491,-0.601196,0,0.000100066,-3.20792e-05
0,-0.00762937,1.8996,-0.561427,0,9.2757e-05,-0.00119314
0,-0.0134495,1.82623,-0.523285,0,8.5982e-05,-0.0023561
0,-0.0188853,1.75477,-0.486503,0,7.9702e-05,-0.00342984
0,-0.0235329,1.6852,-0.451158,0,7.38807e-05,-0.00433702
0,-0.0270999,1.6175,-0.41728,0,6.84848e-05,-0.00502354
0,-0.0294081,1.55166,-0.38476,0,6.34831e-05,-0.00545771
0,-0.0279146,1.48847,-0.353497,0,-6.10798e-05,-0.00565307
0,-0.0262559,1.42618,-0.323506,0,-0.000340081,-0.005626
0,-0.0237693,1.36568,-0.294827,0,-0.000660934,-0.00542693
0,-0.0208014,1.30692,-0.267302,0,-0.000995349,-0.0051442
0,-0.0174968,1.24987,-0.240958,0,-0.00133653,-0.00479519
-2.61696e-05,-0.0139354,1.19452,-0.215818,0,-0.00168106,-0.0043885
-0.000375098,-0.0101475,1.14082,-0.191734,0,-0.00201994,-0.00392466
-0.000724026,-0.00772562,1.08874,-0.168729,0,-0.00234423,-0.00375786
-0.00107295,-0.00840699,1.03826,-0.146824,0,-0.00265149,-0.00423177
-0.00142188,-0.00806207,0.989354,-0.125933,0,-0.0029409,-0.00437133
-0.00177081,-0.00613524,0.941985,-0.106048,0,-0.00321199,-0.00416788
-0.00211974,-0.00412027,0.896124,-0.0871133,0,-0.0034643,-0.00397114
-0.00246867,-0.0030117,0.851737,-0.0690532,0,-0.0036973,-0.00396101
0.00241633,-0.01942,0.809962,-0.0519297,0,0.00132356,-0.003374
0.0020674,-0.00858984,0.768385,-0.0356261,0,0.00113117,-0.000476871
0.00171847,0.000747241,0.728192,-0.0201128,0,0.000960319,0.00119118
0.00136954,0.00235095,0.689346,-0.00540833,0,0.000811961,0.0011895
0.00102061,0.00186762,0.651823,0.00851455,0,0.000687144,0.000958477
0.000671687,-0.000355418,0.615594,0.0216823,0,0.000586877,0.000414109
0.000322759,-0.00361551,0.580634,0.0340667,0,0.000511674,-0.00030004
0,-0.00642092,0.546909,0.0458192,0,0.000459762,-0.000874454
0,-0.00797931,0.514396,0.0568417,0,0.000422365,-0.00117763
0,-0.00905703,0.483063,0.0672109,0,0.000390509,-0.00140554
0,-0.00977681,0.45288,0.0769818,0,0.000361716,-0.00156466
0,-0.0101289,0.423819,0.0861451,0,0.00033522,-0.00164959
0,-0.010015,0.395851,0.0947232,0,0.000310711,-0.00163874
0,-0.00936125,0.368948,0.102738,0,0.000288007,-0.00151843
0,-0.00818528,0.343083,0.110211,0,0.000266965,-0.00129482
0,-0.00649764,0.31823,0.117138,0,0.000247461,-0.000969862
0,-0.00457758,0.294362,0.123552,0,0.000229383,-0.00060595
0,-0.00257302,0.27145,0.129523,0,0.000212626,-0.000228444
0,-0.000688281,0.24947,0.135009,0,0.000197094,0.000120959
0,0.000814892,0.228394,0.140053,0,0.000182697,0.000389282
0,0.00168554,0.208199,0.144663,0,0.000169351,0.000527591
0,0.00180497,0.188859,0.148878,0,0.000156981,0.000516302
0,0.00106356,0.170347,0.152713,0,0.000145515,0.00033413
0,-0.000602558,0.152641,0.156157,0,0.000134886,-3.01999e-05
0,-0.00305481,0.135717,0.159245,0,0.000125034,-0.000543884
0,-0.00630377,0.119552,0.161993,0,0.000115902,-0.00121324
0,-0.00992073,0.104122,0.164441,0,0.000107437,-0.00194195
0,-0.0136853,0.0894053,0.166577,0,9.95901e-05,-0.00269274
0,-0.0173789,0.0753805,0.168417,0,9.23168e-05,-0.00342285
0,-0.0206468,0.0620274,0.16996,0,8.55747e-05,-0.00405903
0,-0.0235275,0.0493238,0.171247,0,7.93253e-05,-0.00461992
0,-0.0255428,0.0372491,0.172278,0,7.35323e-05,-0.0049973
0,-0.0243281,0.0259839,0.173065,0,-3.98685e-05,-0.00519712
0,-0.0230201,0.015099,0.173613,0,-0.000292286,-0.00520107
0,-0.0208739,0.00478032,0.173953,0,-0.000582249,-0.00502642
0,-0.0181674,-0.00499194,0.174085,0,-0.000884054,-0.00474868
0,-0.0151075,-0.0142361,0.174009,0,-0.00119074,-0.00440123
-0.000174046,-0.0116138,-0.02297,0.173743,0,-0.00149604,-0.00395607
-0.000476734,-0.00775681,-0.031212,0.173314,0,-0.00179177,-0.00342879
-0.000779422,-0.00653685,-0.0389822,0.172719,0,-0.00207316,-0.00348873
-0.00108211,-0.006568,-0.0462952,0.171966,0,-0.00233887,-0.00374012
-0.0013848,-0.00492976,-0.0531644,0.171066,0,-0.00258838,-0.00356703
-0.00168749,-0.00284646,-0.0596071,0.170027,0,-0.00282134,-0.00332569
-0.00199017,-0.00112866,-0.0656397,0.168851,0,-0.00303735,-0.00316254
0.00224746,-0.0178502,-0.0712112,0.167559,0,0.00130438,-0.00323837
0.00194477,-0.0122267,-0.0764625,0.166146,0,0.00112378,-0.00150645
0.00164208,0.000420779,-0.0813452,0.16463,0,0.000961829,0.00105985
0.0013394,0.00445831,-0.0858876,0.163015,0,0.00081929,0.00151701
0.00103671,0.0047199,-0.090096,0.161307,0,0.000697015,0.00138894
0.000734019,0.00279382,-0.0939827,0.159519,0,0.000595885,0.000893622
0.000431331,-0.00189461,-0.0975614,0.157648,0,0.00051659,-0.000145471
0.000128642,-0.0114463,-0.100847,0.155709,0,0.000458749,-0.00218704
0,-0.0224139,-0.103846,0.153703,0,0.00041755,-0.00440314
0,-0.0316845,-0.106565,0.151637,0,0.000385029,-0.00619583
0,-0.0376639,-0.109014,0.149515,0,0.000356369,-0.00729666
0,-0.0402432,-0.111206,0.147341,0,0.000330192,-0.00772657
0,-0.0394994,-0.113155,0.145124,0,0.00030603,-0.00750605
0,-0.036042,-0.114873,0.142864,0,0.000283661,-0.00676968
0,-0.0304149,-0.116374,0.140573,0,0.000262934,-0.00562226
0,-0.0230875,-0.117667,0.138251,0,0.000243723,-0.00415374
0,-0.0147834,-0.118765,0.135902,0,0.000225916,-0.00251316
0,-0.00606515,-0.119677,0.13353,0,0.000209412,-0.000806274
0,0.00183988,-0.12041,0.131139,0,0.000194113,0.000707632
0,0.00931599,-0.120973,0.128732,0,0.000179932,0.00214924
0,0.0153915,-0.121373,0.126315,0,0.000166788,0.00328986
0,0.0199493,-0.121619,0.123888,0,0.000154604,0.00413059
0,0.0227754,-0.121718,0.121457,0,0.00014331,0.00462675
0,0.0237917,-0.12168,0.119023,0,0.000132841,0.00476677
0,0.0230086,-0.121512,0.116589,0,0.000123138,0.00455518
0,0.0205953,-0.121223,0.114158,0,0.000114143,0.00402953
0,0.0168284,-0.120819,0.111733,0,0.000105806,0.00324701
0,0.0120554,-0.120307,0.109315,0,9.80779e-05,0.00227768
0,0.0066446,-0.119693,0.106908,0,9.09144e-05,0.00119423
0,0.00101896,-0.118982,0.104512,0,8.42742e-05,8.10468e-05
0,-0.00444653,-0.11818,0.102131,0,7.81192e-05,-0.000989793
0,-0.00961203,-0.117291,0.0997642,0,7.24138e-05,-0.00199755
0,-0.013959,-0.11632,0.0974148,0,6.71253e-05,-0.00282998
0,-0.016033,-0.115279,0.095086,0,-6.46462e-06,-0.00350849
0,-0.0174847,-0.114158,0.0927783,0,-0.000168329,-0.00394137
0,-0.0177273,-0.112971,0.0904929,0,-0.000353932,-0.0041244
0,-0.0167587,-0.111723,0.0882306,0,-0.000546847,-0.0040684
0,-0.0146659,-0.110418,0.0859936,0,-0.000742306,-0.00378955
-0.000173525,-0.0114483,-0.109062,0.0837826,0,-0.000934978,-0.00328289
-0.000361121,-0.00685952,-0.107658,0.0815966,0,-0.00111965,-0.00249204
-0.000548716,-8.21502e-05,-0.10621,0.07944,0,-0.00129466,-0.00124031
-0.000736311,0.00633735,-0.104723,0.0773129,0,-0.00145951,-0.000121221
-0.000923906,0.0111256,-0.103203,0.0752147,0,-0.00161398,0.000651935
-0.0011115,0.0140063,-0.101652,0.0731476,0,-0.00175787,0.00105351
-0.0012991,0.0153202,-0.100074,0.0711114,0,-0.00189093,0.00116809
0.00132724,0.00512715,-0.0984973,0.069106,0,0.000801053,0.00115497
0.00113964,0.00544025,-0.0968748,0.0671329,0,0.000690587,0.00151559
0.000952045,0.00644364,-0.0952324,0.0651922,0,0.000592015,0.00166688
0.00076445,0.00603432,-0.0935752,0.0632818,0,0.000505818,0.00149376
0.000576855,0.00537967,-0.0919048,0.061407,0,0.000432528,0.00131665
0.00038926,0.00446261,-0.0902237,0.0595639,0,0.00037268,0.00109753
0.000201665,0.00309651,-0.0885346,0.0577552,0,0.000326617,0.00079292
1.40696e-05,0.00188795,-0.0868391,0.0559803,0,0.000293744,0.000541335
0,0.00141129,-0.0851389,0.0542392,0,0.000269656,0.000452104
0,0.000945226,-0.0834365,0.0525297,0,0.000249265,0.00034621
0,0.000399762,-0.0817342,0.0508567,0,0.000230871,0.000223434
0,-9.83888e-06,-0.0800337,0.0492177,0,0.000213954,0.000134398
0,-4.44897e-05,-0.0783364,0.0476128,0,0.000198309,0.00012652
0,0.000516505,-0.0766437,0.0460418,0,0.000183816,0.000242445
0,0.00172281,-0.0749572,0.0445056,0,0.000170385,0.000487014
0,0.00356245,-0.0732785,0.0430031,0,0.000157936,0.000856079
0,0.005782,-0.0716089,0.0415316,0,0.000146396,0.00129313
0,0.00816691,-0.0699501,0.0400936,0,0.000135701,0.00175716
0,0.0104938,-0.0683034,0.0386913,0,0.000125787,0.00220414
0,0.0122511,-0.0666707,0.0373211,0,0.000116597,0.00252564
0,0.0130684,-0.0650534,0.0359836,0,0.000108079,0.00265302
0,0.0128341,-0.0634525,0.0346769,0,0.000100184,0.00257172
0,0.0114621,-0.0618694,0.0334046,0,9.28651e-05,0.00226553
0,0.00889208,-0.0603048,0.0321633,0,8.60814e-05,0.00172333
0,0.00528042,-0.0587596,0.0309533,0,7.97933e-05,0.000981844
0,0.000563727,-0.0572345,0.029775,0,7.39647e-05,2.24177e-05
0,-0.00469016,-0.0557293,0.028625,0,6.85619e-05,-0.00102592
0,-0.010231,-0.0542443,0.0275051,0,6.35539e-05,-0.00212311
0,-0.0157145,-0.0527795,0.026415,0,5.89119e-05,-0.00319909
0,-0.0207832,-0.0513351,0.0253558,0,5.4609e-05,-0.00418344
0,-0.0251325,-0.049911,0.024324,0,5.06204e-05,-0.00501804
0,-0.0285941,-0.0485077,0.0233208,0,4.69233e-05,-0.00567375
0,-0.0283451,-0.0471549,0.0223457,0,-8.08251e-05,-0.00612393
0,-0.0281119,-0.0457904,0.0213993,0,-0.000368755,-0.00637633
0,-0.026703,-0.0444477,0.0204787,0,-0.000700077,-0.00637271
0,-0.0241518,-0.0431272,0.019585,0,-0.0010452,-0.00614515
0,-0.0205366,-0.0418292,0.0187179,0,-0.00139611,-0.00570434
-0.000200291,-0.0158431,-0.0405539,0.017878,0,-0.00174555,-0.00504011
-0.000548622,-0.00798151,-0.0392993,0.0170625,0,-0.00208413,-0.00368156
-0.000896954,0.00432008,-0.0380639,0.0162721,0,-0.00240633,-0.00140129
-0.00124529,0.0154039,-0.0368536,0.0155065,0,-0.00271061,0.000497361
-0.00159362,0.0235068,-0.0356701,0.0147652,0,-0.00299636,0.00177939
-0.00194195,0.0283564,-0.0345135,0.0140477,0,-0.00326315,0.00243409
-0.00229028,0.0305175,-0.0333837,0.0133545,0,-0.00351054,0.00259654
0.00258636,0.0111205,-0.0323311,0.0126846,0,0.00148701,0.00247196
0.00223803,0.00864559,-0.0312534,0.0120358,0,0.0012802,0.00246651
0.0018897,0.00897322,-0.0301965,0.011407,0,0.00109478,0.0024856
0.00154137,0.00867112,-0.0291638,0.0107994,0,0.000931625,0.00230588
0.00119304,0.00795932,-0.0281549,0.0102125,0,0.000791729,0.0020729
0.000844704,0.00675575,-0.0271699,0.00964736,0,0.000676109,0.0017602
0.000496373,0.00509862,-0.0262086,0.00910199,0,0.00058556,0.00137528
0.000148041,0.00316614,-0.0252706,0.0085759,0,0.000519648,0.000952373
0,0.00192605,-0.0243546,0.00806861,0,0.000472841,0.000698793
0,0.00103596,-0.0234608,0.00757969,0,0.000435976,0.000507603
0,9.85053e-05,-0.0225894,0.00710734,0,0.000403513,0.000298217
0,-0.000663801,-0.0217398,0.00665337,0,0.00037387,0.000131299
0,-0.00101243,-0.0209115,0.00621561,0,0.000346511,5.38331e-05
0,-0.000741315,-0.0201041,0.00579448,0,0.000321182,0.000105137
0,0.000322958,-0.0193171,0.00538957,0,0.000297712,0.000318147
0,0.00207925,-0.0185503,0.00500047,0,0.00027596,0.000665197
0,0.00435842,-0.0178036,0.00462678,0,0.000255798,0.00111114
0,0.00697486,-0.017077,0.0042681,0,0.000237109,0.00161905
0,0.00953382,-0.0163705,0.00392474,0,0.000219787,0.00210561
0,0.0116926,-0.0156843,0.00359556,0,0.00020373,0.00250507
0,0.0129602,-0.0150186,0.0032805,0,0.000188847,0.00271697
0,0.013207,-0.0143731,0.0029778,0,0.000175051,0.00272606
0,0.0123308,-0.0137476,0.00268808,0,0.000162263,0.00251304
0,0.0102451,-0.013142,0.00241094,0,0.00015041,0.00206128
0,0.00696331,-0.0125557,0.00214598,0,0.000139423,0.00137626
0,0.00263065,-0.0119885,0.00189281,0,0.000129239,0.000490056
0,-0.00244433,-0.0114395,0.00165106,0,0.000119799,-0.000532313
0,-0.00791629,-0.0109081,0.00142035,0,0.000111048,-0.00162219
0,-0.0134372,-0.0103936,0.00120086,0,0.000102937,-0.00271136
0,-0.018733,-0.00989533,0.000991185,0,9.54188e-05,-0.00374823
0,-0.0232231,-0.0094124,0.000792033,0,8.84497e-05,-0.00461047
0,-0.0269296,-0.00894449,0.000602819,0,8.19897e-05,-0.00531941
0,-0.0295949,-0.00849097,0.000422292,0,7.60017e-05,-0.00581673
0,-0.0282298,-0.00805924,0.000250885,0,-6.31648e-05,-0.00608702
0,-0.0266705,-0.00763056,8.81893e-05,0,-0.000374339,-0.00609654
0,-0.0240511,-0.00721526,-6.59222e-05,0,-0.000731962,-0.0058811
0,-0.0205278,-0.00681321,-0.000211681,0,-0.00110406,-0.00549001
0,-0.0161446,-0.00642412,-0.000349352,0,-0.00148134,-0.00492205
-0.000337553,-0.0109877,-0.00604777,-0.000479197,0,-0.00185341,-0.00419065
-0.000702475,-0.000804543,-0.00567935,-0.000601469,0,-0.00221011,-0.00233802
-0.0010674,0.0110068,-0.00532219,-0.000715977,0,-0.00254821,-0.000244824
-0.00143232,0.0209175,-0.00497976,-0.000823136,0,-0.00286672,0.00139438
-0.00179724,0.0273059,-0.00465346,-0.000923416,0,-0.00316519,0.00231624
-0.00216216,0.0304936,-0.00434261,-0.00101763,0,-0.00344322,0.00263931
-0.00252709,0.0315597,-0.00404574,-0.00110557,0,-0.00370033,0.00259723
0.00258183,0.0102302,-0.00379665,-0.00118752,0,0.00153789,0.00227788
0.0022169,0.00841717,-0.00352474,-0.00126433,0,0.00132449,0.00247944
0.00185198,0.0084537,-0.0032617,-0.0013355,0,0.00113412,0.00241323
0.00148706,0.00725474,-0.0030105,-0.00140126,0,0.000967726,0.00204058
0.00112214,0.00600964,-0.00276957,-0.00146235,0,0.000826342,0.00171407
0.000757214,0.00449424,-0.00253888,-0.00151846,0,0.000711019,0.00134742
0.000392291,0.00261264,-0.00231824,-0.00156982,0,0.000622433,0.000921317
2.73692e-05,0.000786388,-0.00210692,-0.00161695,0,0.000559429,0.000527719
0,-5.55062e-05,-0.00190367,-0.00165983,0,0.000513447,0.000358494
0,-0.000756739,-0.00170913,-0.00169841,0,0.000474591,0.000196103
0,-0.00134355,-0.00152308,-0.00173299,0,0.000439561,5.76998e-05
0,-0.00165345,-0.00134507,-0.00176391,0,0.000407351,-1.98687e-05
0,-0.00152894,-0.0011747,-0.00179117,0,0.000377562,-6.06666e-06
0,-0.000775733,-0.0010115,-0.00181526,0,0.000349968,0.000138064
0,0.000579057,-0.000855261,-0.00183606,0,0.000324395,0.00040084
0,0.00258736,-0.000705691,-0.00185371,0,0.000300693,0.000794552
0,0.00498295,-0.000562845,-0.00186835,0,0.000278723,0.00125796
0,0.00752686,-0.000426754,-0.00188011,0,0.000258359,0.00174492
0,0.0100158,-0.000297414,-0.00188912,0,0.000239483,0.00221653
0,0.0119723,-0.000175121,-0.00189539,0,0.000221987,0.00257139
0,0.0129756,-6.01065e-05,-0.00189914,0,0.00020577,0.00272864
0,0.0129192,4.77436e-05,-0.00190074,0,0.000190737,0.00267616
0,0.0117253,0.000148561,-0.00190017,0,0.000176803,0.00239948
0,0.00926696,0.000242421,-0.00189755,0,0.000163887,0.00187227
0,0.00579126,0.000329791,-0.00189303,0,0.000151915,0.00115343
0,0.00130664,0.000410878,-0.00188674,0,0.000140818,0.000237831
0,-0.0038302,0.000486246,-0.0018788,0,0.000130532,-0.000794865
0,-0.00926392,0.000556447,-0.00186927,0,0.000120997,-0.00187513
0,-0.0146363,0.000622031,-0.00185828,0,0.000112159,-0.00293274
0,-0.0195949,0.000683547,-0.00184607,0,0.000103967,-0.00389883
0,-0.023912,0.000741399,-0.00183252,0,9.63732e-05,-0.00473236
0,-0.0273242,0.00079604,-0.00181789,0,8.93342e-05,-0.00538075
0,-0.0271847,0.000849489,-0.00180216,0,-3.57613e-05,-0.00583169
0,-0.0270733,0.000900192,-0.00178531,0,-0.000313391,-0.00609713
0,-0.0258174,0.000948424,-0.00176743,0,-0.000632185,-0.00611264
0,-0.0236775,0.000994056,-0.00174856,0,-0.000963938,-0.00596111
0,-0.0197608,0.00103818,-0.00172884,0,-0.00130102,-0.00542947
-0.000191026,-0.014566,0.00108039,-0.00170823,0,-0.00163653,-0.00465013
-0.000523246,-0.00417117,0.00112497,-0.00168677,0,-0.00196151,-0.00272723
-0.000855465,0.00833347,0.00116874,-0.00166436,0,-0.00227072,-0.000462814
-0.00118768,0.0184839,0.00120706,-0.00164114,0,-0.0025627,0.00123036
-0.0015199,0.0253823,0.00123908,-0.00161713,0,-0.00283688,0.00227749
-0.00185212,0.0293512,0.00126528,-0.00159246,0,-0.00309286,0.0027768
-0.00218434,0.0310125,0.00128645,-0.00156721,0,-0.00333022,0.00285934
0.00246673,0.0121672,0.00127795,-0.00154155,0,0.00143486,0.00267314
0.00213451,0.00919753,0.00128968,-0.00151598,0,0.0012364,0.00254
0.00180229,0.0090083,0.00130216,-0.00149021,0,0.00105843,0.00246187
0.00147007,0.00844155,0.00131213,-0.00146419,0,0.000901783,0.00224117
0.00113785,0.00754055,0.00131975,-0.00143796,0,0.000767391,0.00197611
0.000805632,0.00622979,0.00132504,-0.0014116,0,0.000656221,0.00164675
0.000473413,0.00446265,0.00132804,-0.00138511,0,0.00056903,0.00124156
0.000141193,0.00253826,0.00132918,-0.00135856,0,0.000505396,0.000824481
0,0.00123957,0.00132936,-0.00133198,0,0.00046004,0.000558205
0,0.000372014,0.00132847,-0.0013054,0,0.000424217,0.000374267
0,-0.000535239,0.00132608,-0.00127883,0,0.000392642,0.000171497
0,-0.00121836,0.00132255,-0.0012523,0,0.000363802,2.19111e-05
0,-0.00152904,0.00131813,-0.00122584,0,0.000337181,-4.88892e-05
0,-0.00121635,0.00131314,-0.00119946,0,0.000312534,1.10169e-05
0,-0.000152063,0.00130779,-0.00117318,0,0.000289697,0.00022318
0,0.00156662,0.00130205,-0.00114701,0,0.000268531,0.000562092
0,0.00396905,0.001296,-0.00112095,0,0.000248912,0.00103698
0,0.00652099,0.00128915,-0.00109501,0,0.000230727,0.00152719
0,0.00915548,0.00128147,-0.00106921,0,0.000213871,0.00203271
0,0.0113266,0.00127246,-0.00104356,0,0.000198247,0.002433
0,0.0125746,0.00126167,-0.00101809,0,0.000183764,0.00264033
0,0.0128261,0.00124909,-0.00099283,0,0.00017034,0.00265118
0,0.0119785,0.00123467,-0.000967816,0,0.000157897,0.00244455
0,0.00985901,0.00121829,-0.000943094,0,0.000146363,0.00198455
0,0.00659652,0.00120014,-0.000918696,0,0.000135672,0.0013049
0,0.00243511,0.00118053,-0.000894647,0,0.000125762,0.00045662
0,-0.00263615,0.00115949,-0.000870998,0,0.000116576,-0.000569669
0,-0.00788042,0.00113786,-0.000847745,0,0.000108061,-0.00160855
0,-0.0132813,0.00111569,-0.000824944,0,0.000100168,-0.00267718
0,-0.0185011,0.00109339,-0.000802575,0,9.28522e-05,-0.00370036
0,-0.0230248,0.00107152,-0.000780663,0,8.60706e-05,-0.00457222
0,-0.0266728,0.00105033,-0.000759156,0,7.97845e-05,-0.00526709
0,-0.0293364,0.00102996,-0.000738075,0,7.39577e-05,-0.00576564
0,-0.0280193,0.00101423,-0.000717404,0,-6.39396e-05,-0.00604129
0,-0.026456,0.00099812,-0.000697065,0,-0.000372411,-0.00604589
0,-0.0238326,0.000983001,-0.000677046,0,-0.000726948,-0.00582697
0,-0.0203237,0.000968712,-0.000657333,0,-0.00109585,-0.00543648
0,-0.0159497,0.000955249,-0.000637923,0,-0.00146988,-0.00486759
-0.000334724,-0.0108236,0.00094251,-0.000618771,0,-0.00183877,-0.00414035
-0.000696588,-0.000651572,0.000935042,-0.000599876,0,-0.00219242,-0.00228696
-0.00105845,0.0110968,0.000929173,-0.00058116,0,-0.00252762,-0.000205374
-0.00142032,0.0208899,0.000921166,-0.000562565,0,-0.00284341,0.00141131
-0.00178218,0.0271302,0.000909346,-0.000544126,0,-0.00313933,0.00230522
-0.00214404,0.0303114,0.000894265,-0.000525897,0,-0.00341498,0.00263274
-0.00250591,0.0313744,0.000876949,-0.000507959,0,-0.00366989,0.00259171
0.00256019,0.010251,0.00083096,-0.000490377,0,0.00152448,0.00228099
0.00219832,0.00857554,0.000810955,-0.000473597,0,0.00131291,0.00250747
0.00183646,0.00872414,0.000792972,-0.000457308,0,0.00112417,0.00246352
0.0014746,0.00752032,0.000773667,-0.000441403,0,0.000959198,0.00208745
0.00111273,0.00619596,0.000754363,-0.000425892,0,0.000819029,0.00174397
0.000750868,0.00465051,0.000734967,-0.000410766,0,0.000704702,0.0013733
0.000389004,0.00260946,0.000715202,-0.000396028,0,0.000616884,0.000912683
2.71398e-05,0.000798003,0.000695849,-0.000381654,0,0.000554433,0.000527183
0,-0.0001261,0.000677613,-0.000367699,0,0.000508858,0.000339356
0,-0.000847115,0.00065978,-0.00035411,0,0.000470349,0.000175066
0,-0.00145809,0.000642259,-0.00034087,0,0.000435632,3.20009e-05
0,-0.00178494,0.000625242,-0.000327963,0,0.000403709,-4.85024e-05
0,-0.00164674,0.000608927,-0.000315399,0,0.000374186,-3.09899e-05
0,-0.000912636,0.000593457,-0.000303163,0,0.000346839,0.000108626
0,0.00051272,0.000578936,-0.00029124,0,0.000321495,0.000387898
0,0.00250716,0.000565238,-0.00027961,0,0.000298005,0.000776642
0,0.00490089,0.000552186,-0.000268278,0,0.000276232,0.00124014
0,0.00743674,0.000539507,-0.000257195,0,0.00025605,0.00172546
0,0.00991511,0.000526993,-0.000246361,0,0.000237343,0.00219502
0,0.0118789,0.000514161,-0.000235777,0,0.000220003,0.00255192
0,0.0129135,0.000500579,-0.000225449,0,0.00020393,0.00271606
0,0.0128988,0.000486123,-0.00021539,0,0.000189032,0.00267211
0,0.0117278,0.000470689,-0.000205617,0,0.000175223,0.00239947
0,0.00934241,0.000454222,-0.000196149,0,0.000162422,0.00188802
0,0.00579645,0.000436787,-0.000187007,0,0.000150557,0.00115144
0,0.00128183,0.000418595,-0.00017821,0,0.000139559,0.000231154
0,-0.0038732,0.000400003,-0.000169802,0,0.000129365,-0.00080472
0,-0.00929074,0.000381415,-0.000161737,0,0.000119916,-0.00188079
0,-0.0146692,0.000363155,-0.000154062,0,0.000111157,-0.00294018
0,-0.0196491,0.000345607,-0.000146735,0,0.000103038,-0.00391084
0,-0.0239876,0.000329029,-0.000139761,0,9.55117e-05,-0.00474853
0,-0.0274771,0.00031364,-0.000133123,0,8.85357e-05,-0.00541361
0,-0.0273768,0.000302735,-0.000126796,0,-3.73016e-05,-0.00587499
0,-0.0272584,0.000291876,-0.000120703,0,-0.000316709,-0.00613962
0,-0.0259652,0.000282538,-0.000114844,0,-0.000637567,-0.00614891
0,-0.0235333,0.000274674,-0.000109175,0,-0.000971477,-0.00593489
0,-0.0200206,0.000268213,-0.000103665,0,-0.00131075,-0.00550392
-0.000192315,-0.0155098,0.000263057,-9.82785e-05,0,-0.00164846,-0.0048683
-0.000526776,-0.00759152,0.000261739,-9.29993e-05,0,-0.00197557,-0.00348288
-0.000861237,0.00459202,0.000265144,-8.77619e-05,0,-0.00228681,-0.00122219
-0.0011957,0.0155239,0.000267416,-8.24692e-05,0,-0.0025807,0.000653677
-0.00153016,0.023442,0.000266682,-7.71288e-05,0,-0.00285667,0.00190589
-0.00186462,0.0281703,0.000262756,-7.17926e-05,0,-0.00311433,0.00254537
-0.00219908,0.0302812,0.000256247,-6.65238e-05,0,-0.00335325,0.00270607
0.00248337,0.0116524,0.000222899,-6.13761e-05,0,0.00144402,0.0025833
0.00214891,0.00886952,0.000211686,-5.68014e-05,0,0.00124426,0.00248595
0.00181445,0.00844438,0.000203187,-5.25452e-05,0,0.00106512,0.0023489
0.00147999,0.00781398,0.000194684,-4.84645e-05,0,0.000907451,0.00211994
0.00114553,0.0069834,0.000186181,-4.45411e-05,0,0.000772183,0.00187194
0.000811068,0.00584061,0.000177556,-4.07877e-05,0,0.000660291,0.00157785
0.000476607,0.00432445,0.000168745,-3.72064e-05,0,0.000572537,0.00122388
0.000142146,0.00259351,0.000159915,-3.38094e-05,0,0.000508499,0.000842855
0,0.00145548,0.000151917,-3.05891e-05,0,0.000462859,0.000606946
0,0.000700578,0.000144526,-2.75307e-05,0,0.000426815,0.000443564
0,-0.000106248,0.000137279,-2.46254e-05,0,0.000395047,0.000259978
0,-0.000749146,0.000130401,-2.18545e-05,0,0.000366029,0.000116437
0,-0.00101049,0.000124117,-1.92327e-05,0,0.000339245,5.54355e-05
0,-0.000682457,0.000118644,-1.67284e-05,0,0.000314448,0.000117273
0,0.000399233,0.000114148,-1.43363e-05,0,0.000291471,0.000332796
0,0.00219667,0.000110583,-1.20376e-05,0,0.000270175,0.00068877
0,0.00441072,0.000107625,-9.81349e-06,0,0.000250436,0.00111912
0,0.00695995,0.000105181,-7.65064e-06,0,0.00023214,0.00161396
0,0.00951222,0.000102893,-5.53848e-06,0,0.00021518,0.00210105
0,0.0116269,0.000100291,-3.47261e-06,0,0.000199461,0.00249092
0,0.0129269,9.69723e-05,-1.46029e-06,0,0.000184889,0.00271145
0,0.0132121,9.27239e-05,4.87453e-07,0,0.000171383,0.00272831
0,0.0123206,8.7375e-05,2.35043e-06,0,0.000158864,0.00251084
0,0.010351,8.10307e-05,4.11665e-06,0,0.000147259,0.00208562
0,0.00705558,7.34323e-05,5.74995e-06,0,0.000136502,0.00139432
0,0.00276992,6.49378e-05,7.24519e-06,0,0.000126532,0.000519073
0,-0.00228107,5.57887e-05,8.57368e-06,0,0.000117289,-0.00049921
0,-0.00774077,4.63657e-05,9.72148e-06,0,0.000108722,-0.00158699
0,-0.0132714,3.70286e-05,1.06818e-05,0,0.000100781,-0.00267864
0,-0.0184985,2.81747e-05,1.1455e-05,0,9.34206e-05,-0.00369985
0,-0.0231229,2.01202e-05,1.20495e-05,0,8.65975e-05,-0.0045941
0,-0.0269151,1.31058e-05,1.24801e-05,0,8.0273e-05,-0.00531846
0,-0.0297029,7.31003e-06,1.27668e-05,0,7.44104e-05,-0.00584083
0,-0.0283967,6.2296e-06,1.29275e-05,0,-6.52042e-05,-0.00612357
0,-0.026816,5.50808e-06,1.30542e-05,0,-0.000377564,-0.006128
0,-0.0242108,5.99641e-06,1.31669e-05,0,-0.000736577,-0.00591773
0,-0.0206468,7.61428e-06,1.32858e-05,0,-0.00111014,-0.00551847
0,-0.0162557,1.02114e-05,1.34341e-05,0,-0.0014889,-0.00495122
-0.000338979,-0.0111141,1.36952e-05,1.36331e-05,0,-0.00186245,-0.00422476
-0.000705443,-0.000537478,2.30018e-05,1.38948e-05,0,-0.00222058,-0.00228471
-0.00107191,0.0112471,3.36364e-05,1.43223e-05,0,-0.00256002,-0.000209751
-0.00143837,0.020946,4.21026e-05,1.49578e-05,0,-0.0028798,0.00138168
-0.00180483,0.0273787,4.71477e-05,1.57702e-05,0,-0.00317946,0.00231846
-0.0021713,0.0306463,4.88802e-05,1.66955e-05,0,-0.0034586,0.00265729
-0.00253776,0.0317131,4.83229e-05,1.76671e-05,0,-0.00371674,0.00261228
0.00259273,0.0102802,1.82734e-05,1.86355e-05,0,0.00154368,0.00228869
0.00222627,0.00842112,1.48111e-05,1.9061e-05,0,0.00132943,0.00248286
0.0018598,0.00862207,1.35971e-05,1.93676e-05,0,0.0011383,0.00245425
0.00149334,0.00757564,1.11294e-05,1.9642e-05,0,0.000971246,0.0021107
0.00112688,0.00638762,8.57809e-06,1.98732e-05,0,0.000829306,0.00179232
0.000760413,0.00486024,5.73344e-06,2.00537e-05,0,0.000713535,0.00142109
0.000393949,0.00292377,2.52211e-06,2.01784e-05,0,0.00062461,0.00098281
2.74848e-05,0.00102884,-5.79079e-07,2.024e-05,0,0.000561374,0.000575189
0,0.000140927,-2.55081e-06,2.02393e-05,0,0.000515228,0.000397433
0,-0.000630106,-4.33749e-06,2.01952e-05,0,0.000476236,0.000220555
0,-0.00127243,-5.92835e-06,2.01147e-05,0,0.000441085,7.1547e-05
0,-0.00163795,-7.16888e-06,2.00017e-05,0,0.000408762,-1.70424e-05
0,-0.00154962,-7.87468e-06,1.98627e-05,0,0.00037887,-9.8958e-06
0,-0.000837431,-7.86974e-06,1.97076e-05,0,0.00035118,0.000125954
0,0.00049198,-7.16565e-06,1.95502e-05,0,0.000325519,0.000384099
0,0.00254755,-5.6525e-06,1.94055e-05,0,0.000301735,0.000789027
0,0.00495159,-3.7351e-06,1.92872e-05,0,0.000279689,0.00125291
0,0.00751952,-1.61344e-06,1.92058e-05,0,0.000259254,0.00174494
0,0.0100362,4.80786e-07,1.91661e-05,0,0.000240313,0.00222199
0,0.0120188,2.03414e-06,1.91683e-05,0,0.000222756,0.00258188
0,0.01305,2.60426e-06,1.92036e-05,0,0.000206482,0.00274456
0,0.01302,2.07606e-06,1.92537e-05,0,0.000191398,0.00269715
0,0.0118272,3.44583e-07,1.92971e-05,0,0.000177416,0.00241991
0,0.00934395,-2.72127e-06,1.931e-05,0,0.000164455,0.00188703
0,0.00573946,-6.9374e-06,1.92663e-05,0,0.000152442,0.00113998
0,0.0013009,-1.19946e-05,1.91423e-05,0,0.000141306,0.000238291
0,-0.00384987,-1.77581e-05,1.89151e-05,0,0.000130984,-0.000798872
0,-0.00915511,-2.36327e-05,1.85714e-05,0,0.000121416,-0.00184998
0,-0.014615,-2.96145e-05,1.81105e-05,0,0.000112548,-0.00293088
0,-0.019586,-3.50202e-05,1.75392e-05,0,0.000104327,-0.00389732
0,-0.023923,-3.96953e-05,1.68577e-05,0,9.6707e-05,-0.00473499
0,-0.0273995,-4.34005e-05,1.60801e-05,0,8.96437e-05,-0.00539726
0,-0.0272612,-4.30741e-05,1.52195e-05,0,-3.59235e-05,-0.00584887
0,-0.0271629,-4.2739e-05,1.43574e-05,0,-0.000314602,-0.00611828
0,-0.0258594,-4.10876e-05,1.35015e-05,0,-0.000634602,-0.00612387
0,-0.023424,-3.82055e-05,1.26764e-05,0,-0.00096761,-0.00590857
0,-0.0199817,-3.42335e-05,1.19051e-05,0,-0.00130596,-0.00549269
-0.00019175,-0.0155203,-2.91674e-05,1.12065e-05,0,-0.00164275,-0.00486539
-0.000525227,-0.00744074,-2.02724e-05,1.06054e-05,0,-0.00196896,-0.00344171
-0.000858705,0.00457331,-7.23521e-06,1.01689e-05,0,-0.00227934,-0.00122287
-0.00119218,0.0155517,4.67e-06,9.97852e-06,0,-0.00257242,0.000668839
-0.00152566,0.0235034,1.3331e-05,1.00481e-05,0,-0.00284763,0.00192786
-0.00185914,0.0281793,1.84867e-05,1.02844e-05,0,-0.00310458,0.00255519
-0.00219262,0.0302565,2.08578e-05,1.06361e-05,0,-0.00334284,0.00271032
0.00247607,0.0116882,-3.89781e-06,1.1045e-05,0,0.00144028,0.00258995
0.00214259,0.00896459,-6.5653e-06,1.10537e-05,0,0.00124107,0.00250414
0.00180912,0.00861493,-6.71887e-06,1.09317e-05,0,0.00106243,0.00238266
0.00147564,0.00797129,-7.18362e-06,1.07978e-05,0,0.00090519,0.00214887
0.00114216,0.00706704,-7.92338e-06,1.06558e-05,0,0.000770289,0.00188495
0.000808683,0.00587848,-8.96209e-06,1.04999e-05,0,0.000658699,0.00158284
0.000475206,0.00431066,-1.03985e-05,1.03243e-05,0,0.000571178,0.0012187
0.000141728,0.00251498,-1.20703e-05,1.01192e-05,0,0.000507304,0.000824712
0,0.00139036,-1.30262e-05,9.88199e-06,0,0.000461776,0.000593705
0,0.000625961,-1.35957e-05,9.62433e-06,0,0.000425819,0.00042788
0,-0.000207873,-1.42335e-05,9.35356e-06,0,0.000394124,0.000238566
0,-0.000836,-1.46483e-05,9.07112e-06,0,0.000365175,9.91513e-05
0,-0.00109149,-1.46645e-05,8.77899e-06,0,0.000338453,3.9094e-05
0,-0.000745008,-1.4041e-05,8.48573e-06,0,0.000313714,0.000104947
0,0.000355262,-1.26203e-05,8.20273e-06,0,0.00029079,0.000324156
0,0.00212779,-1.04922e-05,7.94535e-06,0,0.000269544,0.000674062
0,0.0043946,-7.84883e-06,7.72805e-06,0,0.000249851,0.00111698
0,0.0069615,-4.89917e-06,7.56183e-06,0,0.000231598,0.00161432
0,0.00947492,-2.0202e-06,7.45352e-06,0,0.000214678,0.00209224
0,0.011646,4.80779e-07,7.40304e-06,0,0.000198995,0.00249589
0,0.0129586,2.05751e-06,7.4064e-06,0,0.000184458,0.00271765
0,0.0132558,2.54615e-06,7.44203e-06,0,0.000170983,0.0027369
0,0.0124151,1.82023e-06,7.49125e-06,0,0.000158493,0.00253048
0,0.0102952,-2.6465e-07,7.53019e-06,0,0.000146915,0.00207017
0,0.00709435,-3.49296e-06,7.5322e-06,0,0.000136184,0.00140432
0,0.0027927,-7.87897e-06,7.47364e-06,0,0.000126236,0.000522842
0,-0.00226163,-1.30474e-05,7.33141e-06,0,0.000117016,-0.000495719
0,-0.00772461,-1.86278e-05,7.08855e-06,0,0.000108469,-0.00158412
0,-0.0133633,-2.43674e-05,6.72715e-06,0,0.000100546,-0.0026999
0,-0.018437,-2.94791e-05,6.25989e-06,0,9.32026e-05,-0.00368364
0,-0.0230017,-3.40198e-05,5.6882e-06,0,8.63955e-05,-0.00456885
0,-0.0267774,-3.76919e-05,5.0237e-06,0,8.00857e-05,-0.00529117
0,-0.0295635,-4.02836e-05,4.28271e-06,0,7.42368e-05,-0.00581359
0,-0.0283067,-3.84121e-05,3.48352e-06,0,-6.47579e-05,-0.00610453
0,-0.026784,-3.62263e-05,2.70966e-06,0,-0.000375715,-0.00611911
0,-0.0242125,-3.29182e-05,1.98077e-06,0,-0.000733114,-0.00591327
0,-0.0206824,-2.85908e-05,1.31082e-06,0,-0.00110499,-0.00551919
0,-0.0163672,-2.34357e-05,7.2386e-07,0,-0.00148205,-0.00496658
-0.000337445,-0.0112171,-1.74086e-05,2.37103e-07,0,-0.00185392,-0.0042347
-0.000702251,-0.00082275,-5.86169e-06,-1.32164e-07,0,-0.00221043,-0.00233446
-0.00106706,0.0112192,7.37944e-06,-2.89811e-07,0,-0.00254834,-0.000195467
-0.00143186,0.0211282,1.83046e-05,-1.88567e-07,0,-0.00286668,0.00143691
-0.00179667,0.0274209,2.53443e-05,1.39288e-07,0,-0.003165,0.00233743
-0.00216147,0.0307315,2.9173e-05,6.32095e-07,0,-0.00344288,0.00269081
-0.00252628,0.0317864,3.05653e-05,1.20215e-06,0,-0.00369985,0.00264277
0.002581,0.0104437,2.46841e-06,1.80859e-06,0,0.00153675,0.00231935
0.00221619,0.00848181,6.9353e-07,1.9282e-06,0,0.00132347,0.00248788
0.00185139,0.00846815,9.68467e-07,1.94562e-06,0,0.0011332,0.00241464
0.00148658,0.00732381,3.53869e-08,1.96403e-06,0,0.0009669,0.00205566
0.00112178,0.00607353,-1.01901e-06,1.968e-06,0,0.000825598,0.00172646
0.000756972,0.00454539,-2.37477e-06,1.95131e-06,0,0.000710348,0.00135709
0.000392166,0.00262321,-4.15222e-06,1.90856e-06,0,0.000621822,0.000922253
2.73604e-05,0.000811095,-5.81586e-06,1.83174e-06,0,0.000558869,0.000532959
0,-1.77565e-05,-6.44194e-06,1.72124e-06,0,0.000512929,0.000366248
0,-0.000687455,-6.90292e-06,1.59366e-06,0,0.000474112,0.000210546
0,-0.00128313,-7.28858e-06,1.45652e-06,0,0.000439117,6.92536e-05
0,-0.00160899,-7.39182e-06,1.31152e-06,0,0.000406939,-1.16522e-05
0,-0.00148284,-7.02083e-06,1.16404e-06,0,0.00037718,2.95629e-06
0,-0.000740752,-6.00405e-06,1.02233e-06,0,0.000349614,0.000144535
0,0.000617852,-4.34351e-06,8.98689e-07,0,0.000324067,0.000408468
0,0.00264847,-1.98379e-06,8.06007e-07,0,0.000300389,0.000807063
0,0.00505038,7.53413e-07,7.60432e-07,0,0.000278441,0.00127125
0,0.0076059,3.63481e-06,7.70026e-07,0,0.000258098,0.00176062
0,0.0101275,6.45992e-06,8.32637e-07,0,0.000239241,0.0022392
0,0.0120283,8.60701e-06,9.51947e-07,0,0.000221763,0.00258067
0,0.0130306,9.78328e-06,1.11657e-06,0,0.000205561,0.00273923
0,0.0129693,9.81687e-06,1.30812e-06,0,0.000190544,0.00268569
0,0.0117859,8.64976e-06,1.50434e-06,0,0.000176624,0.00241147
0,0.00930698,6.10426e-06,1.68142e-06,0,0.000163722,0.00187935
0,0.00580628,2.47629e-06,1.81242e-06,0,0.000151762,0.00115548
0,0.00129735,-2.2128e-06,1.87464e-06,0,0.000140676,0.000235128
0,-0.00385607,-7.57111e-06,1.8468e-06,0,0.0001304,-0.000800608
0,-0.00930977,-1.32281e-05,1.71413e-06,0,0.000120875,-0.00188489
0,-0.0147308,-1.88259e-05,1.46937e-06,0,0.000112046,-0.00295283
0,-0.0197633,-2.39843e-05,1.11244e-06,0,0.000103862,-0.00393413
0,-0.0241265,-2.84036e-05,6.50808e-07,0,9.62757e-05,-0.00477593
0,-0.0276071,-3.18569e-05,9.15755e-08,0,8.92439e-05,-0.00543834
0,-0.0274457,-3.12802e-05,-5.36929e-07,0,-3.71256e-05,-0.00588867
0,-0.027239,-3.06253e-05,-1.16455e-06,0,-0.000317682,-0.00613641
0,-0.0258755,-2.87296e-05,-1.77837e-06,0,-0.000639853,-0.0061336
0,-0.0233959,-2.5643e-05,-2.35959e-06,0,-0.000975128,-0.0059121
0,-0.0199141,-2.14933e-05,-2.88326e-06,0,-0.00131579,-0.00549056
-0.000193089,-0.0154222,-1.62801e-05,-3.32765e-06,0,-0.00165487,-0.00485942
-0.000528897,-0.00761134,-7.57414e-06,-3.67149e-06,0,-0.00198331,-0.00349863
-0.000864704,0.00460299,5.75136e-06,-3.85345e-06,0,-0.00229582,-0.00122901
-0.00120051,0.0156407,1.77771e-05,-3.78506e-06,0,-0.00259091,0.000668768
-0.00153632,0.0235627,2.64471e-05,-3.45958e-06,0,-0.00286801,0.00191802
-0.00187213,0.0283621,3.17561e-05,-2.94798e-06,0,-0.00312672,0.00257251
-0.00220793,0.030399,3.40913e-05,-2.33144e-06,0,-0.00336661,0.00271391
0.00249337,0.0116686,9.11989e-06,-1.65545e-06,0,0.00144996,0.002587
0.00215756,0.00886498,6.3474e-06,-1.38566e-06,0,0.00124939,0.00248786
0.00182176,0.00853345,6.17986e-06,-1.25178e-06,0,0.00106952,0.00237188
0.00148595,0.00789782,5.67811e-06,-1.12784e-06,0,0.000911209,0.0021387
0.00115014,0.00705828,4.94962e-06,-1.01328e-06,0,0.000775388,0.00188851
0.000814333,0.00589196,3.86621e-06,-9.12829e-07,0,0.000663039,0.00158915
0.000478526,0.00435824,2.38722e-06,-8.31713e-07,0,0.000574925,0.00123173
0.000142718,0.00257221,6.37001e-07,-7.78792e-07,0,0.000510623,0.000838698
0,0.00143653,-4.28418e-07,-7.59051e-07,0,0.000464793,0.000604747
0,0.000646806,-1.13115e-06,-7.63358e-07,0,0.0004286,0.000433387
0,-0.000170602,-1.86591e-06,-7.83521e-07,0,0.000396698,0.000248311
0,-0.000830918,-2.43657e-06,-8.18268e-07,0,0.00036756,0.000101074
0,-0.00109826,-2.59374e-06,-8.65858e-07,0,0.000340664,3.91347e-05
0,-0.000768207,-2.12247e-06,-9.17418e-07,0,0.000315763,0.000101516
0,0.000320627,-8.54464e-07,-9.6081e-07,0,0.00029269,0.00031851
0,0.00206458,1.09752e-06,-9.82338e-07,0,0.000271305,0.000662228
0,0.00431014,3.5676e-06,-9.64291e-07,0,0.000251483,0.00110109
0,0.00687704,6.36202e-06,-9.01584e-07,0,0.00023311,0.00159894
0,0.00944294,9.13714e-06,-7.84124e-07,0,0.00021608,0.00208853
0,0.0115734,1.14321e-05,-6.11094e-07,0,0.000200295,0.00248152
0,0.0128839,1.28404e-05,-3.90485e-07,0,0.000185662,0.00270388
0,0.0131907,1.31702e-05,-1.38605e-07,0,0.0001721,0.00272528
0,0.0123661,1.22896e-05,1.23974e-07,0,0.000159528,0.00252213
0,0.0103225,1.01114e-05,3.71528e-07,0,0.000147875,0.0020784
0,0.0070789,6.66186e-06,5.81379e-07,0,0.000137073,0.00140077
0,0.00278314,2.10444e-06,7.26689e-07,0,0.000127061,0.00052177
0,-0.00227294,-3.24486e-06,7.84729e-07,0,0.00011778,-0.000497396
0,-0.00773806,-9.00766e-06,7.38554e-07,0,0.000109177,-0.00158627
0,-0.0132675,-1.48134e-05,5.78571e-07,0,0.000101203,-0.00267754
0,-0.0186224,-2.04048e-05,3.02623e-07,0,9.38112e-05,-0.00372744
0,-0.0231631,-2.51021e-05,-8.59037e-08,0,8.69596e-05,-0.00459934
0,-0.0269163,-2.89326e-05,-5.71505e-07,0,8.06086e-05,-0.00531733
0,-0.0297117,-3.17164e-05,-1.13675e-06,0,7.47216e-05,-0.00584252
0,-0.0283444,-2.9905e-05,-1.76133e-06,0,-6.47384e-05,-0.00611054
0,-0.0267599,-2.78353e-05,-2.36577e-06,0,-0.000376713,-0.00611542
0,-0.0241194,-2.46353e-05,-2.92662e-06,0,-0.000735277,-0.00589693
0,-0.0205842,-2.0483e-05,-3.43052e-06,0,-0.00110837,-0.00550469
0,-0.0161187,-1.53488e-05,-3.85472e-06,0,-0.00148665,-0.00491958
-0.000338531,-0.0110085,-9.54286e-06,-4.17966e-06,0,-0.00185973,-0.00420185
-0.000704511,-0.000569776,1.87289e-06,-4.39084e-06,0,-0.0022174,-0.00229147
-0.00107049,0.0112303,1.46816e-05,-4.39334e-06,0,-0.00255641,-0.000208802
-0.00143647,0.0209133,2.51922e-05,-4.12532e-06,0,-0.00287578,0.00137893
-0.00180245,0.0272089,3.20615e-05,-3.65826e-06,0,-0.00317507,0.00228575
-0.00216843,0.0304967,3.56947e-05,-3.03421e-06,0,-0.00345385,0.00263322
-0.00253441,0.0315953,3.69636e-05,-2.32758e-06,0,-0.00371166,0.00259501
0.00258931,0.0101991,8.62802e-06,-1.59084e-06,0,0.00154179,0.00227279
0.00222333,0.00839743,6.85803e-06,-1.36161e-06,0,0.00132781,0.00247878
0.00185735,0.00858667,7.18434e-06,-1.21826e-06,0,0.00113693,0.00244608
0.00149137,0.00761336,6.27032e-06,-1.07571e-06,0,0.000970084,0.00211938
0.00112539,0.00638297,5.07674e-06,-9.47107e-07,0,0.000828323,0.00178954
0.000759408,0.00488694,3.59656e-06,-8.41395e-07,0,0.000712696,0.00142661
0.000393428,0.00287856,1.57159e-06,-7.64283e-07,0,0.000623881,0.000971383
2.74485e-05,0.00100349,-3.12625e-07,-7.25764e-07,0,0.000560722,0.000570289
0,9.8346e-05,-1.17097e-06,-7.25422e-07,0,0.00051463,0.000388147
0,-0.000670792,-1.88611e-06,-7.46266e-07,0,0.000475684,0.000212214
0,-0.00132024,-2.47491e-06,-7.822e-07,0,0.000440573,6.15873e-05
0,-0.00167944,-2.75697e-06,-8.30521e-07,0,0.000408288,-2.53557e-05
0,-0.00157787,-2.55282e-06,-8.85096e-07,0,0.000378431,-1.53933e-05
0,-0.000842905,-1.68172e-06,-9.36663e-07,0,0.000350773,0.000125213
0,0.000543777,-1.27052e-07,-9.7204e-07,0,0.000325142,0.000395574
0,0.00258132,2.10689e-06,-9.7769e-07,0,0.000301385,0.00079487
0,0.00498155,4.71199e-06,-9.43371e-07,0,0.000279365,0.00125843
0,0.00754892,7.47824e-06,-8.54341e-07,0,0.000258954,0.00175045
0,0.010041,1.01472e-05,-7.14459e-07,0,0.000240035,0.00222204
0,0.0119962,1.22293e-05,-5.20857e-07,0,0.000222498,0.00257646
0,0.0130111,1.3299e-05,-2.83559e-07,0,0.000206243,0.00273629
0,0.0129657,1.32319e-05,-2.02535e-08,0,0.000191176,0.0026859
0,0.0117471,1.19128e-05,2.44619e-07,0,0.00017721,0.00240333
0,0.00931863,9.30844e-06,4.86173e-07,0,0.000164265,0.00188347
0,0.00574671,5.49569e-06,6.77551e-07,0,0.000152265,0.00114218
0,0.00122717,6.88597e-07,8.00809e-07,0,0.000141142,0.000221437
0,-0.00393939,-4.7878e-06,8.31406e-07,0,0.000130832,-0.00081697
0,-0.00941568,-1.05702e-05,7.54817e-07,0,0.000121276,-0.00190597
0,-0.0148508,-1.62821e-05,5.63651e-07,0,0.000112417,-0.00297647
0,-0.0198771,-2.15299e-05,2.49433e-07,0,0.000104206,-0.003956
0,-0.0242566,-2.60595e-05,-1.70669e-07,0,9.6595e-05,-0.00480164
0,-0.0275217,-2.93765e-05,-6.73741e-07,0,8.95398e-05,-0.00541533
0,-0.0272957,-2.88201e-05,-1.24966e-06,0,-3.62289e-05,-0.00585422
0,-0.027118,-2.82846e-05,-1.82718e-06,0,-0.00031538,-0.00610883
0,-0.0257987,-2.65223e-05,-2.39474e-06,0,-0.000635926,-0.00611361
0,-0.0233533,-2.35562e-05,-2.92959e-06,0,-0.000969503,-0.00589704
0,-0.0199063,-1.95254e-05,-3.40813e-06,0,-0.00130844,-0.00548086
-0.000192087,-0.0153843,-1.43607e-05,-3.8067e-06,0,-0.0016458,-0.00484058
-0.00052615,-0.00765051,-5.81439e-06,-4.10941e-06,0,-0.00197257,-0.00349656
-0.000860214,0.00455663,7.42768e-06,-4.25561e-06,0,-0.00228349,-0.00122512
-0.00119428,0.0155788,1.93634e-05,-4.1534e-06,0,-0.00257707,0.000670556
-0.00152834,0.0236015,2.80689e-05,-3.80791e-06,0,-0.00285276,0.00194391
-0.0018624,0.028367,3.32734e-05,-3.2683e-06,0,-0.00311015,0.00258897
-0.00219647,0.0304439,3.55838e-05,-2.61844e-06,0,-0.00334882,0.00274119
0.00248042,0.0117839,1.06509e-05,-1.91485e-06,0,0.00144272,0.00260748
0.00214636,0.00893877,7.77115e-06,-1.61457e-06,0,0.00124316,0.00249704
0.0018123,0.0085559,7.48772e-06,-1.44907e-06,0,0.00106421,0.00237133
0.00147823,0.00793722,6.9442e-06,-1.2986e-06,0,0.000906703,0.00214391
0.00114417,0.00706721,6.12556e-06,-1.15782e-06,0,0.000771571,0.00188682
0.000810104,0.00588229,4.96639e-06,-1.03244e-06,0,0.00065979,0.00158446
0.000476041,0.00433293,3.41659e-06,-9.29057e-07,0,0.000572119,0.00122428
0.000141977,0.00252667,1.59257e-06,-8.55301e-07,0,0.000508138,0.000827336
0,0.00138892,4.74368e-07,-8.17065e-07,0,0.000462534,0.000593635
0,0.000619112,-2.5611e-07,-8.04783e-07,0,0.000426518,0.000426925
0,-0.000208244,-1.04856e-06,-8.07348e-07,0,0.000394771,0.000239176
0,-0.000836479,-1.63089e-06,-8.25149e-07,0,0.000365774,9.95177e-05
0,-0.00109361,-1.82141e-06,-8.55729e-07,0,0.000339009,3.90609e-05
0,-0.000756597,-1.38544e-06,-8.91491e-07,0,0.000314229,0.000102808
0,0.000315697,-1.76059e-07,-9.20725e-07,0,0.000291268,0.000315985
0,0.00209083,1.7692e-06,-9.28479e-07,0,0.000269987,0.000667236
0,0.00435195,4.21752e-06,-8.99904e-07,0,0.000250261,0.00110878
0,0.00686695,6.92022e-06,-8.24122e-07,0,0.000231978,0.00159463
0,0.00943649,9.6638e-06,-6.95177e-07,0,0.00021503,0.00208656
0,0.0116222,1.1983e-05,-5.11504e-07,0,0.000199322,0.00249188
0,0.0129452,1.33716e-05,-2.79962e-07,0,0.000184761,0.00271557
0,0.0132652,1.36833e-05,-1.73902e-08,0,0.000171264,0.00273959
0,0.0124507,1.27827e-05,2.55185e-07,0,0.000158753,0.00253839
0,0.0103433,1.05074e-05,5.13991e-07,0,0.000147156,0.00208013
0,0.00714751,7.07998e-06,7.30964e-07,0,0.000136407,0.00141505
0,0.00285114,2.49451e-06,8.8456e-07,0,0.000126443,0.000534602
0,-0.00220281,-2.87891e-06,9.50499e-07,0,0.000117208,-0.000484036
0,-0.00767417,-8.67367e-06,9.11728e-07,0,0.000108647,-0.00157434
0,-0.0132209,-1.45221e-05,7.58536e-07,0,0.000100711,-0.00266928
0,-0.0183574,-1.9906e-05,4.88564e-07,0,9.33555e-05,-0.00366969
0,-0.023116,-2.48562e-05,1.01212e-07,0,8.65372e-05,-0.00459658
0,-0.0268876,-2.8727e-05,-3.86012e-07,0,8.02171e-05,-0.00531253
0,-0.0295966,-3.14391e-05,-9.52811e-07,0,7.43586e-05,-0.00581781
0,-0.0282326,-2.96499e-05,-1.57617e-06,0,-6.47702e-05,-0.00608751
0,-0.0266286,-2.75782e-05,-2.17543e-06,0,-0.000376022,-0.0060872
0,-0.0239916,-2.43996e-05,-2.73424e-06,0,-0.000733759,-0.00586929
0,-0.0204807,-2.029e-05,-3.23336e-06,0,-0.00110599,-0.00548166
0,-0.0161166,-1.52793e-05,-3.64943e-06,0,-0.00148341,-0.00491783
-0.000337761,-0.0109188,-9.39679e-06,-3.96504e-06,0,-0.00185562,-0.00417693
-0.000702909,-0.000676542,1.79605e-06,-4.17357e-06,0,-0.00221247,-0.00231239
-0.00106806,0.0114948,1.49829e-05,-4.17682e-06,0,-0.0025507,-0.000140353
-0.0014332,0.0209925,2.52842e-05,-3.92332e-06,0,-0.00286934,0.00139595
-0.00179835,0.0272903,3.21433e-05,-3.45369e-06,0,-0.00316794,0.002309
-0.0021635,0.0305654,3.57517e-05,-2.83483e-06,0,-0.00344608,0.00265407
-0.00252865,0.0316405,3.69852e-05,-2.13242e-06,0,-0.0037033,0.0026114
0.00258342,0.0103107,8.72318e-06,-1.39519e-06,0,0.00153821,0.00229449
0.00221827,0.0083841,6.80901e-06,-1.1218e-06,0,0.00132473,0.00247058
0.00185312,0.00836449,6.90361e-06,-9.78924e-07,0,0.00113428,0.00239489
0.00148798,0.00716573,5.74186e-06,-8.41183e-07,0,0.000967821,0.00202378
0.00112283,0.00591537,4.51926e-06,-7.2228e-07,0,0.000826387,0.00169602
0.000757681,0.00439421,3.00579e-06,-6.28838e-07,0,0.000711027,0.00132816
0.000392534,0.00246195,1.05554e-06,-5.63425e-07,0,0.000622417,0.000890819
2.73861e-05,0.000671043,-7.44834e-07,-5.35489e-07,0,0.000559404,0.000506527
0,-0.000257193,-1.6321e-06,-5.44084e-07,0,0.000513421,0.000316912
0,-0.000976008,-2.29783e-06,-5.73621e-07,0,0.000474566,0.000152977
0,-0.00152519,-2.78401e-06,-6.17247e-07,0,0.000439538,2.34658e-05
0,-0.00172283,-2.89854e-06,-6.71226e-07,0,0.000407329,-3.00368e-05
0,-0.00146618,-2.53385e-06,-7.28796e-07,0,0.000377541,1.01804e-05
0,-0.000595807,-1.52327e-06,-7.80749e-07,0,0.000349949,0.00017681
0,0.000830014,6.89101e-08,-8.14752e-07,0,0.000324378,0.000452171
0,0.00285412,2.28485e-06,-8.18946e-07,0,0.000300676,0.000847393
0,0.00513288,4.75788e-06,-7.81005e-07,0,0.000278708,0.00128414
0,0.00745525,7.26232e-06,-6.94503e-07,0,0.000258345,0.00172472
0,0.00962077,9.58426e-06,-5.5677e-07,0,0.00023947,0.00213006
0,0.0111385,1.12039e-05,-3.69729e-07,0,0.000221975,0.0023957
0,0.0116569,1.1751e-05,-1.5132e-07,0,0.000205758,0.0024566
0,0.0111601,1.1212e-05,8.17852e-08,0,0.000190727,0.00231908
0,0.00963064,9.57265e-06,3.07912e-07,0,0.000176793,0.00197959
0,0.00709533,6.86641e-06,5.05102e-07,0,0.000163878,0.00144457
0,0.00364625,3.19657e-06,6.51902e-07,0,0.000151907,0.000733853
0,-0.000452407,-1.15139e-06,7.28678e-07,0,0.000140811,-9.60081e-05
0,-0.00489861,-5.85207e-06,7.1652e-07,0,0.000130525,-0.000984816
0,-0.00939461,-1.05859e-05,6.15931e-07,0,0.000120991,-0.00187441
0,-0.0137011,-1.5096e-05,4.20781e-07,0,0.000112153,-0.00271958
0,-0.0175722,-1.91194e-05,1.34646e-07,0,0.000103961,-0.00347202
0,-0.0208338,-2.24704e-05,-2.37683e-07,0,9.63679e-05,-0.00409967
0,-0.0233648,-2.50208e-05,-6.75362e-07,0,8.93294e-05,-0.00458035
0,-0.0250364,-2.66357e-05,-1.16685e-06,0,8.28051e-05,-0.00488864
0,-0.0258068,-2.72727e-05,-1.69391e-06,0,7.67574e-05,-0.00501879
0,-0.0256257,-2.68822e-05,-2.23714e-06,0,7.11516e-05,-0.00496078
0,-0.0244565,-2.54298e-05,-2.77556e-06,0,6.59553e-05,-0.00470783
0,-0.0223421,-2.29662e-05,-3.28924e-06,0,6.11386e-05,-0.00427063
0,-0.0192824,-1.94973e-05,-3.75719e-06,0,5.66738e-05,-0.00364794
0,-0.0150161,-1.47538e-05,-4.15928e-06,0,5.25351e-05,-0.00278123
0,-0.00606668,-5.07277e-06,-4.47096e-06,0,4.86988e-05,-0.000898707
0,0.00410228,5.86449e-06,-4.6063e-06,0,4.51426e-05,0.00112526
0,0.0128344,1.52388e-05,-4.52729e-06,0,4.18463e-05,0.002793
0,0.0196659,2.25563e-05,-4.25532e-06,0,3.87907e-05,0.00407546
0,0.0240727,2.72631e-05,-3.81883e-06,0,3.59583e-05,0.00486826
0,0.0257931,2.90873e-05,-3.28298e-06,0,3.33328e-05,0.00512753
0,0.0256276,2.88828e-05,-2.70762e-06,0,3.0899e-05,0.00504004
0,0.0243802,2.75062e-05,-2.12925e-06,0,2.8643e-05,0.00476341
0,0.0223476,2.52769e-05,-1.57431e-06,0,2.65518e-05,0.00434142
0,0.019664,2.23428e-05,-1.06431e-06,0,2.46133e-05,0.00379579
0,0.016603,1.89986e-05,-6.07184e-07,0,2.28163e-05,0.00318405
0,0.0132767,1.53681e-05,-2.15506e-07,0,2.11506e-05,0.0025236
0,0.00982472,1.16038e-05,1.04563e-07,0,1.96066e-05,0.00184256
0,0.00648616,7.96257e-06,3.49814e-07,0,1.81753e-05,0.00119057
0,0.00344095,4.63808e-06,5.21809e-07,0,1.68485e-05,0.000601207
0,0.000866363,1.82023e-06,6.2122e-07,0,1.56186e-05,0.000109123
0,-0.00135051,-6.09033e-07,6.6326e-07,0,1.44785e-05,-0.000315993
0,-0.0030691,-2.50026e-06,6.57153e-07,0,1.34216e-05,-0.000639456
0,-0.00434778,-3.91516e-06,6.12821e-07,0,1.24419e-05,-0.00087832
0,-0.00521256,-4.88144e-06,5.37348e-07,0,1.15338e-05,-0.00103677
0,-0.00567832,-5.41559e-06,4.41652e-07,0,1.0692e-05,-0.00111741
0,-0.00578379,-5.55967e-06,3.34408e-07,0,9.91159e-06,-0.00112851
0,-0.00554625,-5.33334e-06,2.23719e-07,0,9.18819e-06,-0.00107286
0,-0.00503285,-4.80916e-06,1.166e-07,0,8.51761e-06,-0.000965005
0,-0.00429603,-4.04427e-06,1.9368e-08,0,7.89598e-06,-0.000814823
0,-0.00342141,-3.1308e-06,-6.38122e-08,0,7.31973e-06,-0.000640024
0,-0.00239637,-2.05692e-06,-1.29625e-07,0,6.78556e-06,-0.000435366
0,-0.00134797,-9.58538e-07,-1.74522e-07,0,6.29038e-06,-0.000229686
0,-0.000268007,1.71772e-07,-1.97537e-07,0,5.83134e-06,-1.7562e-05
0,0.000753045,1.23711e-06,-1.96363e-07,0,5.40582e-06,0.000180494
0,0.00162742,2.14395e-06,-1.74284e-07,0,5.01135e-06,0.000347359
0,0.00235069,2.88723e-06,-1.33219e-07,0,4.64568e-06,0.000484521
0,0.00285447,3.39455e-06,-7.69606e-08,0,4.3067e-06,0.000576769
0,0.00314144,3.66904e-06,-1.00842e-08,0,3.99247e-06,0.000626634
0,0.00324107,3.74238e-06,6.27477e-08,0,3.70117e-06,0.000640646
0,0.00320092,3.66543e-06,1.37449e-07,0,3.43113e-06,0.00062863
0,0.00307729,3.49826e-06,2.10988e-07,0,3.1808e-06,0.000601861
0,0.00289921,3.27208e-06,2.81538e-07,0,2.94873e-06,0.000565257
0,0.0026913,3.01336e-06,3.47772e-07,0,2.73361e-06,0.000523517
0,0.00245384,2.72283e-06,4.08556e-07,0,2.53418e-06,0.000476005
0,0.002225,2.44124e-06,4.6403e-07,0,2.34931e-06,0.000431273
0,0.00200072,2.16458e-06,5.1384e-07,0,2.17793e-06,0.00038733
0,0.00178641,1.89884e-06,5.581e-07,0,2.01906e-06,0.000345501
0,0.00160016,1.66337e-06,5.97007e-07,0,1.87178e-06,0.000309687
0,0.00141535,1.43021e-06,6.31098e-07,0,1.73524e-06,0.000273416
0,0.00129411,1.26517e-06,6.60635e-07,0,1.60867e-06,0.000251358
0,0.00117581,1.10418e-06,6.86516e-07,0,1.49134e-06,0.000228174
0,0.00106402,9.51136e-07,7.09163e-07,0,1.38256e-06,0.000206374
0,0.00096889,8.16821e-07,7.28722e-07,0,1.28172e-06,0.000188127
0,0.000897652,7.08933e-07,7.45528e-07,0,1.18824e-06,0.000174772
0,0.000856216,6.33705e-07,7.59923e-07,0,1.10158e-06,0.000167428
0,0.000842478,5.8884e-07,7.7286e-07,0,1.02124e-06,0.000165456
0,0.000852465,5.70055e-07,7.84794e-07,0,9.46768e-07,0.000168024
0,0.000882259,5.73111e-07,7.96233e-07,0,8.77724e-07,0.000174367
0,0.000927221,5.92999e-07,8.07684e-07,0,8.13717e-07,0.000183555
0,0.000981517,6.2345e-07,8.19474e-07,0,7.54379e-07,0.00019441
0,0.00103956,6.58465e-07,8.31837e-07,0,6.9937e-07,0.000205846
0,0.00109458,6.90812e-07,8.44884e-07,0,6.48374e-07,0.0002165
0,0.0011419,7.15496e-07,8.58587e-07,0,6.01097e-07,0.000225517
0,0.00118721,7.38504e-07,8.7281e-07,0,5.57269e-07,0.000234305
0,0.00123707,7.66706e-07,8.875e-07,0,5.16638e-07,0.00024417
0,0.00129084,7.99371e-07,9.02721e-07,0,4.7897e-07,0.000254786
0,0.00135015,8.3815e-07,9.18627e-07,0,4.44049e-07,0.000266535
0,0.00140651,8.74016e-07,9.35254e-07,0,4.11676e-07,0.00027747
0,0.00145083,8.97313e-07,9.52609e-07,0,3.81663e-07,0.00028579
0,0.0014761,9.00642e-07,9.70485e-07,0,3.53839e-07,0.000290181
0,0.00148375,8.85568e-07,9.88491e-07,0,3.28045e-07,0.000291165
0,0.00147779,8.56363e-07,1.00623e-06,0,3.04131e-07,0.000289594
0,0.00146312,8.18269e-07,1.02342e-06,0,2.81961e-07,0.000286457
0,0.00144326,7.75056e-07,1.03986e-06,0,2.61408e-07,0.000282405
0,0.00142058,7.2926e-07,1.05545e-06,0,2.42354e-07,0.000277866
0,0.00139537,6.81242e-07,1.07012e-06,0,2.24689e-07,0.000272842
0,0.00136972,6.33235e-07,1.08385e-06,0,2.08312e-07,0.000267793
0,0.00134531,5.87031e-07,1.09661e-06,0,1.93129e-07,0.000263032
0,0.00132291,5.43488e-07,1.10844e-06,0,1.79054e-07,0.000258691
0,0.00129732,4.97101e-07,1.1194e-06,0,1.66004e-07,0.000253576
0,0.00126744,4.46762e-07,1.12943e-06,0,1.53906e-07,0.000247593
0,0.00123829,3.97796e-07,1.13847e-06,0,1.4269e-07,0.000241893
0,0.00121327,3.53809e-07,1.14652e-06,0,1.32291e-07,0.000237098
0,0.00119282,3.15283e-07,1.15368e-06,0,1.22651e-07,0.000233214
0,0.00117759,2.829e-07,1.16007e-06,0,1.13713e-07,0.000230371
0,0.00116876,2.57876e-07,1.16579e-06,0,1.05427e-07,0.000228815
0,0.00116616,2.40024e-07,1.171e-06,0,9.77454e-08,0.000228476
0,0.00116832,2.27752e-07,1.17583e-06,0,9.06233e-08,0.000229028
0,0.00117573,2.21552e-07,1.18041e-06,0,8.40204e-08,0.000230623
0,0.00118915,2.22178e-07,1.18486e-06,0,7.78987e-08,0.000233416
0,0.00120962,2.30708e-07,1.1893e-06,0,7.22232e-08,0.000237622
0,0.00123376,2.4349e-07,1.1939e-06,0,6.69614e-08,0.000242449
0,0.00125794,2.56677e-07,1.19874e-06,0,6.20831e-08,0.000247186
0,0.00127969,2.67596e-07,1.20385e-06,0,5.75603e-08,0.000251374
0,0.00129773,2.74895e-07,1.20918e-06,0,5.33671e-08,0.000254801
0,0.00131152,2.77981e-07,1.21466e-06,0,4.94795e-08,0.00025738
0,0.00132083,2.76604e-07,1.22022e-06,0,4.58752e-08,0.000259074
0,0.00132554,2.70641e-07,1.22575e-06,0,4.25336e-08,0.000259864
0,0.00132629,2.60781e-07,1.23118e-06,0,3.94354e-08,0.000259899
0,0.00132422,2.48213e-07,1.23641e-06,0,3.65631e-08,0.000259409
0,0.00131992,2.33596e-07,1.2414e-06,0,3.39e-08,0.000258504
0,0.0013145,2.18083e-07,1.2461e-06,0,3.14309e-08,0.000257407
0,0.00130799,2.01723e-07,1.2505e-06,0,2.91418e-08,0.000256099
0,0.00130124,1.85419e-07,1.25456e-06,0,2.70194e-08,0.000254769
0,0.00129445,1.69384e-07,1.2583e-06,0,2.50517e-08,0.000253436
0,0.00128808,1.541e-07,1.26172e-06,0,2.32273e-08,0.000252199
0,0.00128197,1.39392e-07,1.26484e-06,0,2.15359e-08,0.000251006
0,0.00127612,1.25276e-07,1.26765e-06,0,1.99676e-08,0.000249867
0,0.00127059,1.11803e-07,1.27019e-06,0,1.85136e-08,0.000248792
0,0.00126554,9.9144e-08,1.27245e-06,0,1.71656e-08,0.000247816
0,0.00126087,8.71753e-08,1.27446e-06,0,1.59157e-08,0.00024691
0,0.0012564,7.57211e-08,1.27623e-06,0,1.47569e-08,0.000246039
0,0.00125224,6.48812e-08,1.27776e-06,0,1.36824e-08,0.000245232
0,0.00124813,5.43804e-08,1.27908e-06,0,1.26863e-08,0.000244427
0,0.00124405,4.41989e-08,1.28019e-06,0,1.17627e-08,0.000243628
