-0.0534847 -4.23538e-18 -0.0109408 -0.0324004
-0.060612 -8.53132e-18 -0.010291 -0.0340202
-0.0698556 -1.75083e-17 -0.00959504 -0.0363012
-0.0737652 -4.21004e-17 -0.00892493 -0.0384116
-0.0752289 -3.15119e-17 -0.00829569 -0.040334
-0.0778024 -2.85779e-17 -0.007709 -0.0412756
-0.0827518 -4.36816e-17 -0.00716398 -0.0425439
-0.0867207 -4.36668e-17 -0.00665855 -0.0435681
-0.091 -4.3927e-17 -0.00618781 -0.0440789
-0.091 -6.38198e-17 -0.00575061 -0.0445354
-0.091 -6.6922e-17 -0.00534477 -0.0445061
-0.091 -8.65272e-17 -0.00496814 -0.0441557
-0.091 -6.7819e-17 -0.00461842 -0.0437656
-0.091 -6.53739e-17 -0.00429316 -0.0435856
-0.0907047 -7.16226e-17 -0.00399063 -0.0434269
-0.0562591 -0.00732992 -0.00370934 -0.0429449
-0.054714 -0.00818545 -0.00347709 -0.0420584
-0.0519208 -0.00886754 -0.0033049 -0.0404049
-0.0486518 -0.00943266 -0.00316891 -0.0384761
-0.0449223 -0.00983199 -0.00306247 -0.0362457
-0.041161 -0.0101122 -0.00298224 -0.0339929
-0.0378418 -0.0103739 -0.00292441 -0.03205
-0.0354727 -0.0107835 -0.00288763 -0.0308128
-0.0331674 -0.0111071 -0.00287329 -0.0295976
-0.0302068 -0.0110649 -0.00288084 -0.0277912
-0.0274804 -0.0109272 -0.00290692 -0.0260808
-0.0246715 -0.010562 -0.00294491 -0.024182
-0.0219541 -0.0100294 -0.00299014 -0.0222267
-0.0207017 -0.00999927 -0.00303886 -0.0214361
-0.0201182 -0.0101767 -0.00309263 -0.0211435
-0.0203179 -0.0106619 -0.00316022 -0.0214698
-0.0213649 -0.0115241 -0.00325063 -0.0224763
-0.0223029 -0.0122585 -0.00337574 -0.023293
-0.0231987 -0.012889 -0.00354396 -0.0239713
-0.0242206 -0.0135003 -0.00375657 -0.0246432
-0.025254 -0.0140294 -0.00401508 -0.0251963
-0.0267052 -0.0147042 -0.00432155 -0.0259555
-0.0285523 -0.0155302 -0.00468128 -0.0268785
-0.0298589 -0.0159804 -0.0051054 -0.0272254
-0.0308232 -0.0161992 -0.00559662 -0.0272123
-0.0329404 -0.016993 -0.00614617 -0.0278801
-0.0352867 -0.0178879 -0.00676357 -0.0285458
-0.0377096 -0.0190383 -0.00747113 -0.0293202
-0.0381292 -0.0191014 -0.00828853 -0.0288576
-0.0360369 -0.0178211 -0.00919001 -0.0270782
-0.0408266 -7.5725e-16 -0.0193141 -0.0358443
-0.0475524 -7.62218e-16 -0.0181711 -0.0367895
-0.0587539 -7.57029e-16 -0.0167926 -0.0390897
-0.0669866 -7.54883e-16 -0.0154256 -0.0401708
-0.0692238 -7.4685e-16 -0.014129 -0.0402115
-0.0687347 -7.52753e-16 -0.0129155 -0.039058
-0.0709324 -7.47529e-16 -0.0117802 -0.038824
-0.0777673 -7.29906e-16 -0.0107239 -0.0400206
-0.084509 -7.51017e-16 -0.00976053 -0.0395925
-0.0901206 -7.86185e-16 -0.00888307 -0.0392617
-0.091 -7.66189e-16 -0.00808856 -0.0385423
-0.091 -7.46521e-16 -0.00737615 -0.0377593
-0.091 -7.43643e-16 -0.00674601 -0.0367783
-0.091 -7.37451e-16 -0.00619731 -0.0354663
-0.0907023 -7.39737e-16 -0.00572561 -0.0334834
-0.0374416 -0.00488409 -0.00531128 -0.0313874
-0.0344082 -0.00515184 -0.00495215 -0.0291831
-0.0314735 -0.00537814 -0.00464763 -0.0271085
-0.0285735 -0.00554125 -0.00437709 -0.0250863
-0.0259841 -0.00568676 -0.00413602 -0.0233033
-0.0239716 -0.00588657 -0.0039206 -0.0219523
-0.0229612 -0.00628823 -0.00372835 -0.0213682
-0.0218404 -0.00662737 -0.00355937 -0.0207144
-0.0208918 -0.0069753 -0.00341456 -0.0202005
-0.0193796 -0.0070662 -0.00329478 -0.019219
-0.0182581 -0.00721241 -0.00319818 -0.0185254
-0.0172253 -0.00730979 -0.00312244 -0.017867
-0.0163334 -0.00738039 -0.00306641 -0.0172818
-0.0164021 -0.00782002 -0.00302923 -0.0174896
-0.0166312 -0.00828976 -0.00301432 -0.0178
-0.0167109 -0.00862966 -0.00302737 -0.0179318
-0.0174668 -0.00926325 -0.00306915 -0.0186091
-0.0182251 -0.00984398 -0.00314302 -0.0192196
-0.0197043 -0.0107569 -0.00325427 -0.0203795
-0.0213223 -0.0116834 -0.00341033 -0.0215519
-0.0226666 -0.0123916 -0.00362067 -0.0223791
-0.0249217 -0.0135255 -0.00388715 -0.0238206
-0.0259117 -0.0139063 -0.00421745 -0.0241221
-0.0279817 -0.0148273 -0.00461052 -0.0251391
-0.0296218 -0.0154588 -0.00506573 -0.025689
-0.0318587 -0.0163623 -0.00559186 -0.0265118
-0.0332119 -0.016797 -0.00619636 -0.0266444
-0.0363003 -0.0181211 -0.00688048 -0.0277294
-0.0395508 -0.0195747 -0.00766098 -0.0287765
-0.0389987 -0.0192912 -0.00857194 -0.0279358
-0.0463127 -1.8666e-15 -0.00225542 -0.0210438
-0.0524115 -1.86722e-15 -0.00236347 -0.022953
-0.0621503 -1.85687e-15 -0.00234616 -0.0259835
-0.069489 -1.84507e-15 -0.00230361 -0.027889
-0.0686175 -1.83704e-15 -0.00225941 -0.0277309
-0.0672948 -1.83924e-15 -0.00221771 -0.0271697
-0.0677013 -1.83629e-15 -0.00217682 -0.027042
-0.0696833 -1.83946e-15 -0.0021349 -0.0269111
-0.0714659 -1.83443e-15 -0.00209029 -0.0256669
-0.0750109 -1.82976e-15 -0.00204088 -0.0242739
-0.0813509 -1.83327e-15 -0.00198437 -0.0232482
-0.0840203 -1.83859e-15 -0.00191808 -0.0223404
-0.0885547 -1.83603e-15 -0.00183967 -0.0215951
-0.091 -1.83952e-15 -0.00174741 -0.0198748
-0.0832186 -1.84179e-15 -0.00164158 -0.0165151
-0.0141351 -0.00184226 -0.00153039 -0.0113843
-0.00519698 -0.000777699 -0.00143074 -0.00509382
0.00458674 0.000783505 -0.00134255 0.00193354
0.0149835 0.00290525 -0.00125071 0.00961865
0.0245434 0.00537166 -0.00114507 0.016977
0.0334566 0.00821835 -0.00101673 0.0241778
0.0440407 0.0120703 -0.000857274 0.0330239
0.0573297 0.0174217 -0.000653531 0.044458
0.0721553 0.0241519 -0.000382687 0.0577297
0.0860054 0.0314851 -1.42243e-05 0.0708775
0.0969793 0.0385314 0.00048158 0.0822182
0.106578 0.0455789 0.0011242 0.0928054
0.116098 0.0501371 0.00192812 0.100689
0.119 0.0674557 0.00288755 0.106622
0.119 0.0795407 0.00411846 0.110535
0.119 0.0870626 0.0057468 0.11377
0.119 0.0903202 0.0077245 0.116096
0.119 0.0910857 0.00995937 0.117799
0.119 0.091024 0.0123629 0.119299
0.119 0.0901208 0.0148871 0.120625
0.119 0.0893805 0.0175157 0.122161
0.119 0.0862663 0.0202529 0.121595
0.119 0.078127 0.0230252 0.117944
0.119 0.0785212 0.0257267 0.118954
0.119 0.0772704 0.0283573 0.118674
0.119 0.0721307 0.0310634 0.115319
0.108414 0.0673951 0.0337694 0.110435
0.111139 0.0604798 0.0363278 0.104417
0.103989 0.0513853 0.0386218 0.0940406
0.0935791 0.0462026 0.040478 0.0868542
0.10937 -2.93357e-16 -0.018268 0.0259533
0.100559 -2.83594e-16 -0.0159206 0.0234487
0.095819 -2.75286e-16 -0.013703 0.0226166
0.0920834 -2.88307e-16 -0.0116131 0.0221911
0.0816684 -2.98011e-16 -0.00965465 0.019391
0.0678866 -2.97971e-16 -0.00782021 0.0155594
0.0472853 -3.13421e-16 -0.00606859 0.0096534
0.0193996 -3.1472e-16 -0.00444686 0.00174413
-0.00599404 -3.13401e-16 -0.00304903 -0.00486384
-0.0318432 -3.10779e-16 -0.00185289 -0.0107789
-0.057769 -2.98411e-16 -0.000850306 -0.0151941
-0.0825512 -3.03785e-16 -5.17598e-05 -0.0193374
-0.091 -2.95702e-16 0.000523005 -0.0214143
-0.091 -2.99253e-16 0.00086038 -0.0235201
-0.0907018 -2.82338e-16 0.000971076 -0.0244327
-0.0361638 -0.00471915 0.000945637 -0.0242265
-0.0353001 -0.00528681 0.000867188 -0.0239801
-0.0329961 -0.00563921 0.000757814 -0.0227802
-0.0312028 -0.00605147 0.000639061 -0.0219687
-0.0303659 -0.00664563 0.00051717 -0.0218761
-0.0299807 -0.00736155 0.000392001 -0.0221536
-0.029575 -0.00809822 0.000261856 -0.0224527
-0.0286543 -0.00869312 0.000122734 -0.0223785
-0.0270764 -0.00903804 -2.69144e-05 -0.0217771
-0.0258868 -0.00943642 -0.000185584 -0.0214525
-0.0245419 -0.00969196 -0.000353237 -0.0209516
-0.0239531 -0.0101616 -0.000530073 -0.0210293
-0.0233917 -0.0105662 -0.000718202 -0.0210724
-0.0223116 -0.010634 -0.000920531 -0.0205868
-0.0218736 -0.0108997 -0.00113537 -0.0205782
-0.0217078 -0.0112071 -0.00136165 -0.0207195
-0.0224218 -0.0118879 -0.00160294 -0.0215478
-0.0230454 -0.0124442 -0.00186733 -0.0221922
-0.0239034 -0.0130454 -0.00216212 -0.0229324
-0.0251485 -0.0137753 -0.00249074 -0.0238824
-0.0258922 -0.0141504 -0.00285943 -0.0242816
-0.0265618 -0.0144112 -0.00326868 -0.0245078
-0.0275175 -0.0147636 -0.00371324 -0.0248449
-0.0287102 -0.015207 -0.00419409 -0.025249
-0.0297519 -0.015522 -0.00471772 -0.0254251
-0.032002 -0.0164308 -0.0052883 -0.0262952
-0.0337053 -0.0170427 -0.00589976 -0.0266464
-0.0355332 -0.0177357 -0.0065861 -0.0269912
-0.0392909 -0.0194445 -0.00737824 -0.0283531
-0.0422274 -0.0208737 -0.00829149 -0.0292439
-0.0554219 -5.27433e-16 -0.00702873 -0.0295111
-0.066888 -5.32571e-16 -0.00677925 -0.0330539
-0.077341 -5.33123e-16 -0.00637334 -0.0378813
-0.0771505 -5.26329e-16 -0.00595226 -0.039606
-0.0765152 -5.22692e-16 -0.00554996 -0.0388456
-0.0760887 -5.19831e-16 -0.005173 -0.0372985
-0.0790363 -5.34638e-16 -0.00482105 -0.0373987
-0.0824216 -5.43924e-16 -0.00449314 -0.0369231
-0.0845044 -5.33127e-16 -0.00418772 -0.0361276
-0.0870445 -5.19093e-16 -0.00390287 -0.0348983
-0.088938 -5.31174e-16 -0.00363663 -0.0324878
-0.091 -5.32461e-16 -0.00338767 -0.030841
-0.091 -5.4279e-16 -0.00315455 -0.0301335
-0.091 -5.34209e-16 -0.00293573 -0.0282624
-0.0907014 -5.31258e-16 -0.00272973 -0.0261369
-0.030488 -0.00397571 -0.00253656 -0.0237764
-0.0266335 -0.00398709 -0.00237258 -0.0211333
-0.0238567 -0.00407615 -0.00224215 -0.019272
-0.021832 -0.00423357 -0.00213014 -0.0179594
-0.0186115 -0.00407332 -0.00203314 -0.0157694
-0.0165242 -0.00405861 -0.0019485 -0.0143875
-0.0157901 -0.00432693 -0.00187475 -0.0140189
-0.0136921 -0.00416024 -0.00181343 -0.0125856
-0.0105958 -0.00354644 -0.00176381 -0.010297
-0.00798784 -0.00292426 -0.00171828 -0.00830253
-0.00558391 -0.0022188 -0.00167086 -0.00637746
-0.00423951 -0.0018134 -0.00161809 -0.00526546
-0.00355408 -0.00162212 -0.00155994 -0.00467236
-0.00389339 -0.00187852 -0.00149972 -0.00495746
-0.00437704 -0.0022116 -0.00144466 -0.00536923
-0.0050445 -0.00264407 -0.00140174 -0.00594437
-0.00634717 -0.00341957 -0.00137531 -0.0070826
-0.00794965 -0.00436341 -0.0013727 -0.00846589
-0.00996739 -0.0055291 -0.00140384 -0.010172
-0.0122858 -0.00683711 -0.00147868 -0.0120625
-0.0145359 -0.00806249 -0.00160824 -0.0137869
-0.0171262 -0.0094222 -0.00180043 -0.0156629
-0.0196578 -0.010682 -0.00206328 -0.0173316
-0.022059 -0.0117946 -0.00240505 -0.0187315
-0.0235195 -0.0123503 -0.00282907 -0.0193085
-0.0264932 -0.0136567 -0.00332625 -0.020792
-0.0286406 -0.0145096 -0.00390432 -0.0215715
-0.0314308 -0.0158746 -0.00457684 -0.0227897
-0.0336046 -0.0168342 -0.00535458 -0.0234803
-0.0313371 -0.0154908 -0.00624158 -0.0217906
-0.0346319 5.98408e-16 -0.00412472 -0.0180986
-0.0351654 5.98542e-16 -0.0040523 -0.017878
-0.0425614 6.01391e-16 -0.00384296 -0.0201228
-0.0499427 6.00848e-16 -0.0036148 -0.0221679
-0.0551946 6.03047e-16 -0.00339526 -0.0231539
-0.0582946 6.03121e-16 -0.00318942 -0.0233169
-0.0620747 6.01216e-16 -0.00299858 -0.0239817
-0.0663087 5.93939e-16 -0.00281951 -0.0255794
-0.070797 5.83143e-16 -0.00264966 -0.0258034
-0.0761483 5.79949e-16 -0.00248923 -0.0250566
-0.0816247 5.81128e-16 -0.00233717 -0.0235541
-0.0847307 5.74704e-16 -0.00219206 -0.0230018
-0.091 5.66478e-16 -0.00205257 -0.0233266
-0.091 5.63051e-16 -0.00191753 -0.0222877
-0.0907004 5.59746e-16 -0.00178639 -0.0205027
-0.0239921 -0.00312981 -0.00166096 -0.0183676
-0.0205462 -0.00307652 -0.00155592 -0.0160232
-0.017092 -0.0029208 -0.00147476 -0.0136709
-0.0141007 -0.0027346 -0.00140457 -0.0116233
-0.0120292 -0.00263263 -0.00134124 -0.0102138
-0.0104807 -0.0025736 -0.00128349 -0.00916647
-0.00879658 -0.00240893 -0.00123126 -0.00798856
-0.00731613 -0.00221982 -0.00118379 -0.0069297
-0.00535474 -0.00178755 -0.00113989 -0.00544163
-0.00383 -0.00139621 -0.00109712 -0.00424373
-0.00227864 -0.000899888 -0.00105284 -0.00296536
-0.00105527 -0.000447677 -0.00100517 -0.00190827
-0.00049079 -0.00022169 -0.000952351 -0.0013794
-0.000148295 -7.0685e-05 -0.000895721 -0.00102643
-0.00109402 -0.0005451 -0.000837868 -0.00181025
-0.00233213 -0.00120382 -0.000786737 -0.00286618
-0.00357145 -0.00189322 -0.000753811 -0.00393034
-0.00540814 -0.0029196 -0.00074555 -0.00551455
-0.00733317 -0.00400036 -0.000770028 -0.00714079
-0.00931142 -0.00509769 -0.000836783 -0.00875537
-0.011143 -0.00608579 -0.000952013 -0.0101686
-0.0124217 -0.00673734 -0.00111878 -0.0110496
-0.0143133 -0.00768554 -0.00133296 -0.0123278
-0.0165123 -0.00874613 -0.00159609 -0.0137051
-0.0181037 -0.0094432 -0.00192036 -0.0145181
-0.0202999 -0.0104208 -0.00230765 -0.0156305
-0.0234083 -0.0118334 -0.0027617 -0.0171665
-0.0251801 -0.0126384 -0.00330691 -0.0178255
-0.0279849 -0.014022 -0.00394948 -0.0190476
-0.0294917 -0.0145862 -0.00469229 -0.0193334
-0.0338704 -4.26466e-16 -0.00456067 -0.0182924
-0.0392962 -4.28931e-16 -0.00441121 -0.0198494
-0.0469865 -4.19588e-16 -0.00413978 -0.0220393
-0.0565154 -4.1853e-16 -0.0038534 -0.0246905
-0.0639904 -4.16755e-16 -0.00357863 -0.0263917
-0.065386 -4.1396e-16 -0.00332085 -0.026698
-0.0660111 -4.08982e-16 -0.00308056 -0.0267775
-0.0692776 -4.04416e-16 -0.00285709 -0.0273856
-0.0723439 -4.00666e-16 -0.00264967 -0.0266285
-0.0775238 -3.89837e-16 -0.00245737 -0.0258426
-0.081196 -3.93413e-16 -0.00227924 -0.0245598
-0.0819128 -4.01141e-16 -0.00211443 -0.0212424
-0.0833533 -4.13096e-16 -0.00196215 -0.0179666
-0.0838587 -4.13034e-16 -0.00182163 -0.0135177
-0.0328854 -4.16258e-16 -0.001692 -0.0075701
0.00202724 0.00026423 -0.0015721 -0.000158969
0.0140112 0.00209674 -0.00145981 0.00841545
0.027425 0.00468481 -0.00134632 0.018241
0.0415541 0.00805727 -0.00121812 0.0289244
0.0547546 0.0119838 -0.00106251 0.039365
0.0691541 0.0169871 -0.000866662 0.0512093
0.0851178 0.0233285 -0.000614892 0.064868
0.0998088 0.0303313 -0.000284083 0.0782559
0.113154 0.0409734 0.000149964 0.0941578
0.119 0.0591097 0.000731213 0.106342
0.119 0.100245 0.00156483 0.116074
0.119 0.124426 0.00293849 0.125312
0.119 0.135733 0.00500195 0.13302
0.119 0.141388 0.00757058 0.139727
0.119 0.143597 0.010464 0.145741
0.119 0.141249 0.0135787 0.150039
0.119 0.138702 0.0168434 0.154339
0.119 0.138129 0.0202077 0.159767
0.119 0.131894 0.0236713 0.161751
0.119 0.123567 0.0271653 0.161768
0.119 0.11503 0.0305788 0.160628
0.119 0.111018 0.0338299 0.16186
0.119 0.110438 0.0369558 0.165329
0.119 0.103585 0.0401734 0.162962
0.119 0.0969234 0.0434105 0.158635
0.119 -1.35184e-15 -0.0593407 0.043769
0.119 -1.34787e-15 -0.0536596 0.0369861
0.118232 -1.34614e-15 -0.0480434 0.0314294
0.114529 -1.36783e-15 -0.0426522 0.0272001
0.111497 -1.36736e-15 -0.0375395 0.023146
0.108891 -1.36667e-15 -0.0327705 0.0222913
0.106234 -1.35572e-15 -0.0283105 0.0217551
0.103111 -1.36849e-15 -0.0241938 0.0204329
0.116193 -1.35468e-15 -0.0205335 0.0165818
0.119 -1.37463e-15 -0.0173003 0.0130231
0.0477798 0.00425543 -0.0150059 0.00950738
0.0383771 0.00431301 -0.0136601 0.00570277
0.0309309 0.00394111 -0.0126019 0.00261721
0.0218405 0.00432181 -0.0116585 -0.00152298
0.0137043 0.0032685 -0.0107779 -0.00481988
0.0106916 0.0027711 -0.00996181 -0.00474417
0.00735267 0.00208138 -0.00922129 -0.00563151
0.00358744 0.00110825 -0.00854683 -0.00761199
0.000380485 8.07126e-05 -0.00793155 -0.00960728
-0.00227038 -0.000980555 -0.00737009 -0.0114527
-0.00334687 -0.0015972 -0.00686285 -0.0123723
-0.00466609 -0.0023664 -0.00640361 -0.0132716
-0.00540085 -0.00286794 -0.00599228 -0.0133496
-0.0084449 -0.00430435 -0.00563136 -0.0153312
-0.00816959 -0.00433178 -0.00532655 -0.0146253
-0.00975832 -0.00504069 -0.00507062 -0.0153773
-0.0138463 -0.00679449 -0.00485593 -0.0179487
-0.0179076 -0.00864966 -0.00469905 -0.0203647
-0.0252343 -0.0118684 -0.00462482 -0.0248302
-0.031844 -0.0152776 -0.00467616 -0.0287715
-0.0388579 -0.0197468 -0.00487967 -0.0333893
-0.0436212 -0.0221375 -0.00523837 -0.0363086
-0.0513097 -0.0263589 -0.00577452 -0.0421855
-0.0609848 -0.0316086 -0.00651809 -0.049457
-0.0759523 -0.0394222 -0.00753275 -0.0599418
-0.0811741 -0.051454 -0.00892744 -0.0697623
-0.091 -0.0610131 -0.010914 -0.0787496
-0.091 -0.063335 -0.0136408 -0.0817957
-0.090015 -0.0610124 -0.0169401 -0.081222
-0.089315 -0.056153 -0.0204381 -0.0780175
-0.0907869 -1.01304e-15 0.028871 -0.0304619
-0.091 -9.81943e-16 0.0258327 -0.0375976
-0.091 -9.92517e-16 0.0230578 -0.0460299
-0.091 -9.88763e-16 0.0204579 -0.0496805
-0.091 -9.88474e-16 0.0180085 -0.0511982
-0.091 -9.88601e-16 0.0157073 -0.0510394
-0.091 -9.83037e-16 0.0135615 -0.0510413
-0.091 -9.27114e-16 0.0115901 -0.0526924
-0.091 -8.94226e-16 0.0097974 -0.0529961
-0.091 -8.6246e-16 0.00819047 -0.0528492
-0.091 -8.34582e-16 0.00678304 -0.0517528
-0.0430784 -7.5395e-16 0.00558369 -0.0501786
-0.0485971 -7.48741e-16 0.00460454 -0.0496362
-0.091 -7.49208e-16 0.00385416 -0.0478463
-0.091 -7.38338e-16 0.00333397 -0.0464944
-0.0689403 -0.00830312 0.00300157 -0.0448285
-0.0656778 -0.00911318 0.002734 -0.0432847
-0.0640784 -0.0101823 0.00245937 -0.0429822
-0.0614439 -0.0111179 0.00218758 -0.0420129
-0.0593361 -0.0121575 0.00191929 -0.0414762
-0.0567748 -0.0130986 0.00165218 -0.0406506
-0.0542491 -0.0140119 0.00138476 -0.0398726
-0.0500848 -0.0143949 0.00111307 -0.037822
-0.0452401 -0.0143759 0.000840691 -0.0351436
-0.0415699 -0.0145045 0.000568579 -0.0332734
-0.0389436 -0.0148119 0.000302639 -0.032135
-0.0377177 -0.0155165 3.61726e-05 -0.032069
-0.0366157 -0.0161553 -0.000246615 -0.0320269
-0.0350558 -0.0164399 -0.000555102 -0.0314825
-0.0338433 -0.0167111 -0.000891054 -0.0311167
-0.0332833 -0.0171389 -0.00125224 -0.0311969
-0.033346 -0.0177393 -0.00163824 -0.0316943
-0.0341061 -0.018578 -0.00205141 -0.0326672
-0.0350482 -0.019385 -0.00250128 -0.0336378
-0.0362376 -0.020194 -0.0029975 -0.0346487
-0.0365684 -0.0203868 -0.00354828 -0.034736
-0.0365738 -0.0202733 -0.00414963 -0.0343962
-0.037 -0.0202849 -0.00478844 -0.0342521
-0.037158 -0.0200679 -0.00546066 -0.0337548
-0.037162 -0.0197194 -0.00616467 -0.0330429
-0.0377361 -0.0196717 -0.00689114 -0.0326649
-0.037919 -0.0194076 -0.00764461 -0.0319464
-0.0390892 -0.0196789 -0.00842505 -0.0318083
-0.0325376 -0.0161777 -0.00923463 -0.0273349
-0.025868 -0.0127846 -0.00997413 -0.0233369
-0.0239707 1.2772e-15 -0.00267481 -0.0125791
-0.0244038 1.28198e-15 -0.00273751 -0.0125058
-0.0251625 1.28315e-15 -0.00271126 -0.0124636
-0.0262332 1.28693e-15 -0.00267272 -0.0125139
-0.0251386 1.28792e-15 -0.00263566 -0.0117648
-0.0223827 1.28977e-15 -0.00260089 -0.0104704
-0.0222957 1.29135e-15 -0.00257179 -0.0101524
-0.0244252 1.29421e-15 -0.00255107 -0.0105505
-0.025375 1.2932e-15 -0.00252053 -0.0104678
-0.0265715 1.29289e-15 -0.00247648 -0.0103164
-0.0300349 1.29158e-15 -0.00242235 -0.0104865
-0.0365863 1.29062e-15 -0.00235626 -0.0107983
-0.0496022 1.29399e-15 -0.00227525 -0.01126
-0.068964 1.2931e-15 -0.00217668 -0.0107336
-0.0775976 1.29525e-15 -0.0020596 -0.00974981
-0.00931868 -0.00112344 -0.00192866 -0.00838708
-0.00671977 -0.00093309 -0.00179986 -0.0065035
-0.00439019 -0.000697979 -0.00168248 -0.00479278
-0.00244252 -0.000442095 -0.00157264 -0.00332798
-0.00083322 -0.000170737 -0.00146859 -0.00207733
-0.000989283 -0.0002282 -0.00136914 -0.0021054
-0.00108088 -0.000279023 -0.00127543 -0.0020963
-0.00100773 -0.000289296 -0.00118898 -0.001971
-0.000449648 -0.000142586 -0.00110946 -0.00146631
-0.000761982 -0.000264982 -0.00103501 -0.00165356
-0.000260097 -9.84336e-05 -0.000965664 -0.00118152
6.23154e-05 2.54471e-05 -0.000901017 -0.000848226
0.000528351 0.00023091 -0.00083867 -0.000382801
0.000597944 0.000277124 -0.000777203 -0.000253466
0.000299953 0.000146066 -0.000716613 -0.000450996
-0.00075366 -0.000382176 -0.000659992 -0.00133151
-0.00246145 -0.00128793 -0.000614521 -0.00280922
-0.00391899 -0.00209765 -0.000591814 -0.00406797
-0.00533998 -0.00290012 -0.000599611 -0.00528234
-0.00717106 -0.00392285 -0.000640225 -0.00681772
-0.00884474 -0.00484217 -0.000719464 -0.00815643
-0.0103603 -0.00564511 -0.00084301 -0.00929158
-0.0119706 -0.00647235 -0.00101136 -0.0104244
-0.0141835 -0.00757544 -0.00122592 -0.0119094
-0.01519 -0.00799534 -0.00149632 -0.0123891
-0.0177057 -0.0091734 -0.00181965 -0.0138345
-0.0204641 -0.010435 -0.00220204 -0.0152637
-0.0236863 -0.0119037 -0.00267006 -0.0168112
-0.0260441 -0.0130783 -0.00324407 -0.017844
-0.0288001 -0.0143376 -0.00393131 -0.0189076
-0.0358484 -7.28788e-16 -0.00603694 -0.0205156
-0.0417625 -7.32891e-16 -0.00578791 -0.0224417
-0.0498062 -7.29773e-16 -0.00540104 -0.0247643
-0.0619777 -7.25321e-16 -0.00500054 -0.0285586
-0.0708581 -7.21331e-16 -0.00461683 -0.031572
-0.0717981 -7.11615e-16 -0.00425666 -0.0330307
-0.0742948 -7.15499e-16 -0.00392092 -0.034103
-0.0783313 -7.03111e-16 -0.00360916 -0.0347142
-0.0824266 -7.09562e-16 -0.00332062 -0.0346785
-0.0852103 -7.24236e-16 -0.00305437 -0.034412
-0.088622 -7.29224e-16 -0.00280987 -0.0337872
-0.091 -7.1935e-16 -0.0025865 -0.0325385
-0.091 -7.07837e-16 -0.00238354 -0.0309497
-0.091 -7.1137e-16 -0.00220045 -0.0290932
-0.091 -7.07194e-16 -0.00203629 -0.0273806
-0.0336062 -0.004049 -0.00188877 -0.0251952
-0.0304981 -0.00423306 -0.00176975 -0.0231301
-0.0270077 -0.0042926 -0.00168165 -0.0208262
-0.0240152 -0.00434599 -0.00160944 -0.0188777
-0.0207338 -0.00424836 -0.00154863 -0.0167059
-0.0171712 -0.00396138 -0.00149707 -0.0142862
-0.0148503 -0.00383509 -0.00145223 -0.012742
-0.013201 -0.0037934 -0.0014131 -0.0116725
-0.00985411 -0.0031308 -0.00138034 -0.00921698
-0.00581298 -0.00202814 -0.00135015 -0.0060823
-0.00267193 -0.00101627 -0.00131317 -0.00353876
-0.000679786 -0.000279654 -0.00126315 -0.00184176
0.000415278 0.000183168 -0.00119985 -0.000839457
0.000429835 0.000201469 -0.0011264 -0.000747281
-0.000398829 -0.000196851 -0.0010495 -0.00140559
-0.00172077 -0.000885493 -0.000978646 -0.00252618
-0.00337951 -0.00179622 -0.000924261 -0.00396882
-0.00546025 -0.00297038 -0.000895837 -0.0057939
-0.00749394 -0.00413771 -0.000903458 -0.00755489
-0.0092754 -0.00515793 -0.000955204 -0.00904737
-0.0112451 -0.00625375 -0.00105375 -0.0106313
-0.0134362 -0.00743975 -0.00120212 -0.0123036
-0.0156675 -0.00858308 -0.00140787 -0.0138739
-0.0178068 -0.00961321 -0.00167853 -0.0152287
-0.0196029 -0.010402 -0.00201827 -0.0161901
-0.0216983 -0.0113035 -0.00242572 -0.0172348
-0.0244111 -0.01252 -0.00290289 -0.0185633
-0.0263208 -0.0135797 -0.00346512 -0.0194791
-0.029073 -0.0147066 -0.00412497 -0.0205196
-0.0309263 -0.0153896 -0.00488644 -0.020961
-0.0360271 -2.75307e-16 -0.00206633 -0.016684
-0.0374642 -2.66248e-16 -0.00213368 -0.0171168
-0.0433969 -2.60565e-16 -0.00208003 -0.0189891
-0.0507921 -2.53708e-16 -0.0020032 -0.0212923
-0.0586983 -2.72625e-16 -0.00192684 -0.0236561
-0.062865 -2.87622e-16 -0.00185561 -0.0245249
-0.0656578 -2.98247e-16 -0.00179062 -0.0254525
-0.0690433 -3.17538e-16 -0.00173195 -0.0269107
-0.0736913 -2.93978e-16 -0.00167281 -0.0275951
-0.0793447 -3.10402e-16 -0.00161199 -0.0273239
-0.0308618 -3.00284e-16 -0.00154999 -0.0266627
-0.0358499 -0.0045333 -0.00147106 -0.0258297
-0.0343513 -0.00473286 -0.00139135 -0.0252737
-0.0334177 -0.00510764 -0.00133528 -0.0249073
-0.0320575 -0.00558605 -0.00129303 -0.0242168
-0.0304257 -0.00601084 -0.00126339 -0.0233678
-0.0283456 -0.00631398 -0.00124644 -0.0222122
-0.0254333 -0.00635078 -0.00124154 -0.0204295
-0.0224896 -0.00625697 -0.00124659 -0.0185796
-0.0201231 -0.00619721 -0.00125889 -0.0171184
-0.0171189 -0.00579475 -0.00127718 -0.0150791
-0.0151356 -0.00558889 -0.00129886 -0.0137777
-0.0125495 -0.00501449 -0.00132201 -0.0118905
-0.0100716 -0.00431786 -0.00134443 -0.00998997
-0.00884356 -0.00403181 -0.00136087 -0.00907585
-0.00839056 -0.00403076 -0.00137209 -0.00878233
-0.00930938 -0.00466929 -0.00138464 -0.00966966
-0.0109427 -0.00567889 -0.00141032 -0.0111726
-0.01209 -0.00643557 -0.0014647 -0.0122146
-0.0135969 -0.00736301 -0.00155477 -0.013531
-0.0156652 -0.00856474 -0.00168349 -0.0152656
-0.0178446 -0.00978429 -0.00186047 -0.0169927
-0.0202398 -0.011065 -0.00209587 -0.0187754
-0.022668 -0.0122954 -0.00239743 -0.0204357
-0.0259602 -0.0139171 -0.00277173 -0.0225938
-0.0274913 -0.0145281 -0.00323188 -0.0232504
-0.0290504 -0.0151317 -0.00377307 -0.0238398
-0.0303617 -0.0155651 -0.00437852 -0.024143
-0.0319029 -0.0161108 -0.00504396 -0.0245023
-0.0332043 -0.016559 -0.0057712 -0.024651
-0.030442 -0.0150633 -0.00656468 -0.0226472
-0.0293878 8.97499e-16 -0.00353002 -0.0157939
-0.0311353 9.0187e-16 -0.00351278 -0.0161022
-0.0358997 8.95015e-16 -0.00336976 -0.0174282
-0.0389426 8.98952e-16 -0.003208 -0.0179923
-0.0427719 8.93642e-16 -0.00305231 -0.0188258
-0.0454205 8.957e-16 -0.00290697 -0.0191321
-0.0520135 8.98831e-16 -0.00277061 -0.0206751
-0.0579101 8.98059e-16 -0.00264168 -0.0219064
-0.0602712 8.96961e-16 -0.00251957 -0.0219426
-0.0580947 9.09699e-16 -0.00240371 -0.0202701
-0.0595094 9.24545e-16 -0.00229149 -0.0191231
-0.0686928 9.13586e-16 -0.00218035 -0.0191236
-0.080423 9.0888e-16 -0.00206857 -0.0193099
-0.0852657 9.09496e-16 -0.0019548 -0.0189324
-0.0902903 9.04733e-16 -0.00183766 -0.0172411
-0.0192363 -0.00221539 -0.00171742 -0.0150435
-0.0153706 -0.0020438 -0.00160714 -0.0123533
-0.0121202 -0.00184932 -0.00151339 -0.0100833
-0.00903416 -0.00157264 -0.0014282 -0.00790302
-0.00727137 -0.00143599 -0.00134866 -0.00664283
-0.00679472 -0.00151376 -0.00127398 -0.00631079
-0.00712168 -0.00177966 -0.00120543 -0.00659098
-0.00685917 -0.0019112 -0.00114535 -0.00644538
-0.00426137 -0.00131559 -0.00109444 -0.00446269
-0.000720657 -0.000244874 -0.00104734 -0.00163038
0.00199229 0.000739777 -0.000993932 0.000655657
0.00394885 0.00159 -0.000927665 0.00241514
0.00494745 0.00214205 -0.000847065 0.00342644
0.00524765 0.00242143 -0.00075403 0.00385793
0.00491466 0.0023943 -0.00065277 0.00372518
0.00398878 0.00203227 -0.000548977 0.00303592
0.00261857 0.00138218 -0.000450236 0.00191165
0.00106943 0.000579465 -0.00036541 0.000596985
-0.000138999 -7.66608e-05 -0.000302769 -0.000426796
-0.00126099 -0.000702001 -0.000265676 -0.00137395
-0.00222886 -0.00124338 -0.000253776 -0.00217021
-0.0030675 -0.00170372 -0.000266795 -0.00282925
-0.00389869 -0.00214407 -0.000303632 -0.00344554
-0.00557807 -0.00302905 -0.000364293 -0.00467391
-0.00732068 -0.00390983 -0.000459012 -0.00584298
-0.00849989 -0.0044569 -0.000602377 -0.00651422
-0.0110016 -0.00566288 -0.000794305 -0.0079874
-0.0143359 -0.00725353 -0.00104668 -0.00980956
-0.0169918 -0.00847761 -0.00139401 -0.0110604
-0.0175741 -0.00876448 -0.00185095 -0.0111987
-0.0183566 6.63597e-17 -0.0108358 -0.0182048
-0.0240969 6.78072e-17 -0.0101626 -0.0196623
-0.0331184 7.0889e-17 -0.00935111 -0.0221782
-0.0451051 6.0656e-17 -0.00854353 -0.0256665
-0.0560676 6.17324e-17 -0.00777416 -0.0286158
-0.0613316 8.01661e-17 -0.0070515 -0.0292337
-0.0646769 7.89336e-17 -0.00637665 -0.0292758
-0.0671329 8.83405e-17 -0.00574401 -0.0300734
-0.0729154 8.74363e-17 -0.00515945 -0.0313855
-0.0796251 7.17666e-17 -0.00463117 -0.0314965
-0.0863233 1.08516e-16 -0.00415513 -0.0310501
-0.0897133 1.04496e-16 -0.00373018 -0.0301641
-0.091 1.10591e-16 -0.00335704 -0.029497
-0.091 1.2288e-16 -0.00303667 -0.0285729
-0.091 1.18312e-16 -0.00276916 -0.0265407
-0.0318717 -0.00367876 -0.00255029 -0.0245807
-0.0284206 -0.00378523 -0.00237801 -0.0222067
-0.025208 -0.0038507 -0.00224093 -0.02003
-0.0225634 -0.00393059 -0.00212232 -0.018263
-0.0206332 -0.00407595 -0.00201837 -0.0170138
-0.0190415 -0.00424158 -0.00192739 -0.0160162
-0.0177783 -0.00443976 -0.00184862 -0.0152656
-0.0166825 -0.00464198 -0.00178159 -0.014642
-0.0142092 -0.0043764 -0.00172641 -0.0129265
-0.0125644 -0.00425325 -0.00168075 -0.0118111
-0.010462 -0.00386315 -0.00164198 -0.0102676
-0.00868977 -0.00347201 -0.00160775 -0.0089255
-0.00762522 -0.00326863 -0.00157477 -0.00811982
-0.00685729 -0.00312563 -0.00154316 -0.00752462
-0.00660124 -0.00317038 -0.00151481 -0.00734391
-0.00626115 -0.0031395 -0.00149258 -0.00706384
-0.00684671 -0.0035521 -0.00147815 -0.00758511
-0.00764708 -0.00406911 -0.00147624 -0.00827422
-0.00836863 -0.00452948 -0.0014953 -0.00886435
-0.00969603 -0.00529725 -0.00153911 -0.00994257
-0.0116118 -0.00636035 -0.00161376 -0.0114556
-0.0133808 -0.00730605 -0.00173215 -0.0127524
-0.0156222 -0.00847244 -0.0019031 -0.0143319
-0.0177932 -0.00954114 -0.00213413 -0.0157193
-0.0204063 -0.0107899 -0.00243335 -0.0172934
-0.0223173 -0.0116186 -0.00280906 -0.0182162
-0.0248393 -0.0127255 -0.00326286 -0.0194207
-0.0273214 -0.013787 -0.00379771 -0.020448
-0.0295053 -0.0149945 -0.00442578 -0.0214413
-0.0315549 -0.0157701 -0.00515773 -0.0219722
-0.0395929 -7.04631e-16 -0.00532369 -0.0214802
-0.0426243 -7.02383e-16 -0.00515214 -0.0222933
-0.0499089 -6.92726e-16 -0.00484376 -0.0244037
-0.0604945 -6.84576e-16 -0.00451914 -0.0276361
-0.0694319 -6.72015e-16 -0.00420758 -0.0300656
-0.0709192 -6.84952e-16 -0.00391535 -0.0317699
-0.0728548 -6.4757e-16 -0.00364289 -0.0330209
-0.0775128 -6.56445e-16 -0.00338928 -0.0346374
-0.0839555 -6.34458e-16 -0.0031535 -0.0358311
-0.0867791 -6.3739e-16 -0.00293418 -0.0346408
-0.0901626 -6.62898e-16 -0.00273008 -0.0338694
-0.091 -6.51754e-16 -0.00254017 -0.032682
-0.091 -6.45464e-16 -0.00236334 -0.031601
-0.091 -6.21517e-16 -0.00219847 -0.0305254
-0.091 -6.15415e-16 -0.00204459 -0.0292055
-0.0354692 -0.00408952 -0.00190087 -0.0264446
-0.0299963 -0.00399193 -0.00178212 -0.0227313
-0.0248057 -0.00378712 -0.001692 -0.0192141
-0.0186498 -0.00324764 -0.00161475 -0.014969
-0.0122558 -0.00242068 -0.00154404 -0.0104601
-0.00379259 -0.00084489 -0.00147481 -0.00428407
0.00642462 0.00160509 -0.00139949 0.00345533
0.0171059 0.00476425 -0.00130568 0.0119022
0.0283986 0.00876217 -0.001179 0.021252
0.0426952 0.0144961 -0.00100278 0.0335146
0.0570066 0.0211468 -0.000750992 0.0464143
0.0715372 0.0287704 -0.000391374 0.0601188
0.086638 0.0374614 0.000107947 0.0748823
0.0999362 0.0460448 0.000783568 0.0885345
0.119 0.0533484 0.00166742 0.101079
0.119 0.0943946 0.00277032 0.113864
0.119 0.119461 0.00446498 0.125772
0.119 0.131198 0.00707857 0.136042
0.119 0.139095 0.0104333 0.14615
0.119 0.137998 0.014315 0.152066
0.119 0.129092 0.0185123 0.152996
0.119 0.123215 0.0227331 0.155289
0.119 0.122028 0.0268195 0.160494
0.119 0.124366 0.0308792 0.168567
0.119 0.123949 0.0351553 0.174653
0.119 8.37057e-16 -0.050602 0.0813463
0.119 8.5364e-16 -0.0454879 0.0790374
0.119 8.74532e-16 -0.0406714 0.0799335
0.119 8.54217e-16 -0.0360916 0.0787377
0.119 8.63757e-16 -0.0317363 0.0787036
0.119 8.85016e-16 -0.0276311 0.0791095
0.119 9.0547e-16 -0.0238345 0.079561
0.119 8.77726e-16 -0.0202978 0.0779799
0.119 8.81946e-16 -0.0170593 0.0757845
0.119 8.59899e-16 -0.0141996 0.0746685
0.118845 0.0239505 -0.0121789 0.0742894
0.11696 0.0236397 -0.0109446 0.0715875
0.11458 0.0217199 -0.00989119 0.068449
0.111935 0.0202524 -0.00894581 0.0656326
0.107767 0.0201629 -0.0080665 0.0636855
0.102058 0.023324 -0.00722859 0.0631813
0.0957243 0.0290543 -0.00640859 0.063177
0.0917742 0.0311936 -0.00557339 0.0634658
0.082191 0.0306943 -0.00471208 0.0590532
0.0713664 0.0291086 -0.003851 0.0530409
0.0644552 0.0266185 -0.00302361 0.0489668
0.061012 0.0259868 -0.0022456 0.0476312
0.0604817 0.0254802 -0.00151239 0.0478936
0.058226 0.0246683 -0.000807 0.0465955
0.0560658 0.0240421 -0.000129926 0.0451583
0.0534318 0.0235278 0.000527043 0.0432711
0.0489545 0.0215864 0.00117131 0.0394777
0.0446507 0.0197662 0.00178947 0.0358224
0.0403613 0.0182436 0.00236143 0.0323898
0.0334631 0.0154251 0.0028724 0.0272116
0.0249062 0.0122829 0.00330623 0.0216017
0.0129014 0.00665302 0.00367032 0.0137851
-0.000101871 0.000152031 0.00388491 0.00519898
-0.0163224 -0.00809155 0.00384803 -0.00589571
-0.0337806 -0.0171032 0.00346964 -0.018139
-0.0431379 -0.021927 0.00265042 -0.0249181
-0.0477646 -0.0242493 0.00142066 -0.0285329
-0.0485699 -0.0243896 -7.87858e-05 -0.0290036
-0.0489515 -0.0243224 -0.00171321 -0.0291168
-0.0578908 -0.0285711 -0.00339412 -0.033703
-0.0791018 -1.28875e-15 0.0199963 -0.0126612
-0.0846573 -1.27376e-15 0.018166 -0.0170511
-0.0821206 -1.28431e-15 0.0164369 -0.0204792
-0.0807144 -1.28578e-15 0.0148092 -0.0225981
-0.0791017 -1.28323e-15 0.0132814 -0.0227604
-0.0774179 -1.28312e-15 0.0118514 -0.0220747
-0.0777498 -1.29462e-15 0.010519 -0.0224573
-0.080941 -1.27886e-15 0.00928833 -0.0238975
-0.083045 -1.27062e-15 0.00816187 -0.0241555
-0.0839823 -1.24033e-15 0.00714069 -0.023281
-0.0846047 -1.22853e-15 0.0062291 -0.0214262
-0.0857455 -1.23182e-15 0.00543304 -0.0194205
-0.0874659 -1.21661e-15 0.00475567 -0.0172121
-0.0906072 -1.22241e-15 0.0042009 -0.0152931
-0.091 -1.22085e-15 0.00376876 -0.0121784
-0.0185428 -0.0021869 0.00344516 -0.00939248
-0.013386 -0.00182013 0.00317964 -0.00617726
-0.00766081 -0.00119373 0.00293521 -0.00248319
-0.00424177 -0.000753146 0.00271264 -0.000329825
-0.00252469 -0.000507951 0.00251165 0.000671203
-0.00177129 -0.000401559 0.00233263 0.00101748
-0.00116348 -0.00029551 0.00217197 0.00129043
0.00213713 0.00060452 0.00202825 0.0036832
0.00590579 0.00184871 0.00190582 0.00658507
0.00855615 0.00294418 0.00181188 0.00875129
0.0103557 0.00388872 0.00174744 0.0103421
0.010932 0.00444483 0.00170942 0.0109827
0.0108528 0.00473776 0.00169364 0.0110835
0.0102228 0.0047489 0.001693 0.0106871
0.00995852 0.00487688 0.00170087 0.0105752
0.00939059 0.00480195 0.00171531 0.0101509
0.00855632 0.00452593 0.00173644 0.00944266
0.00753103 0.00408352 0.00176059 0.00852085
0.0063035 0.00347387 0.00178256 0.0073867
0.00486751 0.0027053 0.0017961 0.00605418
0.00371672 0.00206878 0.00179352 0.00497131
0.0025971 0.00143908 0.00177051 0.00392598
0.00160907 0.000883708 0.0017271 0.00301491
6.16981e-05 3.35467e-05 0.0016635 0.00171085
-0.00179764 -0.000955654 0.00157316 0.000264092
-0.00359555 -0.00187673 0.0014433 -0.00103078
-0.00674143 -0.00345506 0.00126519 -0.00309198
-0.00890976 -0.00449108 0.00101794 -0.00436254
-0.011223 -0.00558369 0.000688595 -0.00561774
-0.0108428 -0.00535513 0.000280796 -0.00537603
-0.0088014 -6.38257e-16 -0.00908326 -0.0127264
-0.0123978 -6.3847e-16 -0.00848977 -0.0134614
-0.0173931 -6.39222e-16 -0.00777662 -0.0145321
-0.0276993 -6.4221e-16 -0.00706703 -0.0174845
-0.0348646 -6.4335e-16 -0.00639122 -0.0190871
-0.0393527 -6.45158e-16 -0.00575661 -0.019632
-0.0429328 -6.4397e-16 -0.0051643 -0.0198085
-0.0500109 -6.43484e-16 -0.00461175 -0.0210561
-0.0582049 -6.43704e-16 -0.00410338 -0.0224263
-0.0602486 -6.43342e-16 -0.00364492 -0.0215359
-0.0637903 -6.36866e-16 -0.00323417 -0.0205813
-0.0710883 -6.35125e-16 -0.00287152 -0.0196818
-0.0809929 -6.33278e-16 -0.00255842 -0.0194987
-0.0864481 -6.32185e-16 -0.00229538 -0.0188408
-0.091 -6.32155e-16 -0.00208195 -0.0169913
-0.0184279 -0.00217551 -0.0019131 -0.014658
-0.0149718 -0.0020372 -0.00178083 -0.0122364
-0.0112417 -0.00175257 -0.0016726 -0.00961664
-0.00874699 -0.00155354 -0.0015751 -0.00784342
-0.00734202 -0.00147734 -0.00148441 -0.00683173
-0.0068595 -0.00155492 -0.00139993 -0.00648774
-0.00591527 -0.00150175 -0.00132205 -0.0057982
-0.00417768 -0.00118049 -0.0012508 -0.00448055
-0.00227797 -0.000711694 -0.00118388 -0.00298479
-0.000279421 -9.58425e-05 -0.00111779 -0.00134376
0.00142399 0.000532085 -0.00104866 0.000128812
0.00291286 0.00117616 -0.000973185 0.00148626
0.00394739 0.00170763 -0.000889345 0.00250641
0.00428254 0.00196711 -0.000796345 0.00294541
0.00424071 0.00204948 -0.000696746 0.00305159
0.00362265 0.00182527 -0.000594769 0.00262929
0.00268521 0.00139778 -0.000496187 0.00189716
0.00196598 0.00104796 -0.000408308 0.00133632
0.000939663 0.000508734 -0.000334634 0.000490468
-0.000969645 -0.000529457 -0.000278352 -0.00111559
-0.00317504 -0.00173626 -0.000251312 -0.00292948
-0.00574857 -0.00313637 -0.000269029 -0.00497884
-0.00793784 -0.00429531 -0.00034457 -0.0066189
-0.0108432 -0.00579817 -0.00048375 -0.00870072
-0.0131542 -0.00693383 -0.000694799 -0.0101932
-0.0157912 -0.00819438 -0.000983554 -0.0117832
-0.0180614 -0.00933846 -0.00135149 -0.0130672
-0.0196254 -0.0101487 -0.00180487 -0.0138571
-0.0192765 -0.00977691 -0.00233901 -0.0133331
-0.021522 -0.0107308 -0.00291279 -0.0142379
-0.0275744 1.85002e-15 -0.00590791 -0.0170549
-0.0300955 1.85542e-15 -0.00562121 -0.0176202
-0.033837 1.86333e-15 -0.00522047 -0.0183695
-0.040127 1.86732e-15 -0.00481199 -0.0200258
-0.0450966 1.88217e-15 -0.00442162 -0.0210933
-0.0505771 1.90405e-15 -0.00405524 -0.0222904
-0.0561053 1.89298e-15 -0.00371379 -0.0234532
-0.0637703 1.9251e-15 -0.00339739 -0.0254221
-0.0700261 1.92553e-15 -0.00310548 -0.0275084
-0.0775206 1.97475e-15 -0.00283667 -0.028347
-0.0869044 1.98489e-15 -0.00259097 -0.0288619
-0.0908914 1.95316e-15 -0.00236855 -0.0284693
-0.091 1.95168e-15 -0.00216916 -0.0282814
-0.091 1.9384e-15 -0.00199205 -0.0279187
-0.091 1.93688e-15 -0.00183661 -0.0267368
-0.0337821 -0.00398176 -0.00170088 -0.0251057
-0.0313843 -0.0042652 -0.00159455 -0.0235475
-0.0288672 -0.00449658 -0.00151855 -0.021949
-0.0259639 -0.0046091 -0.00145862 -0.0200924
-0.0235478 -0.00473735 -0.0014107 -0.0185866
-0.0210012 -0.00476146 -0.00137315 -0.0169753
-0.0178937 -0.00454585 -0.00134478 -0.0149101
-0.0163374 -0.00462273 -0.00132292 -0.0139806
-0.0153658 -0.00481177 -0.0013076 -0.0134871
-0.0130455 -0.0044907 -0.00130139 -0.0118853
-0.0102803 -0.00386204 -0.00130156 -0.0098362
-0.00755291 -0.00307254 -0.00130076 -0.00770983
-0.00568488 -0.00248328 -0.0012925 -0.00621294
-0.00364599 -0.00169483 -0.00127441 -0.00448342
-0.00396055 -0.00194101 -0.00124519 -0.00477611
-0.00483353 -0.00247372 -0.00121194 -0.0055561
-0.005816 -0.00307917 -0.00119018 -0.00643127
-0.00705876 -0.0038311 -0.00118869 -0.00752896
-0.00856751 -0.00472648 -0.00121367 -0.00883597
-0.0102699 -0.00571274 -0.00127211 -0.0102626
-0.0120273 -0.00669778 -0.00137122 -0.0116611
-0.014389 -0.00797121 -0.00151719 -0.0134646
-0.0173588 -0.00952423 -0.00172027 -0.0156163
-0.0204935 -0.011093 -0.00199799 -0.0177079
-0.0233282 -0.0124162 -0.0023666 -0.0193743
-0.0255167 -0.0133336 -0.00283264 -0.020411
-0.0285268 -0.0146343 -0.00339 -0.021847
-0.030821 -0.0155478 -0.00404274 -0.0226715
-0.0328838 -0.016464 -0.00479682 -0.0233691
-0.0306986 -0.0153083 -0.00564446 -0.0218007
-0.033808 -4.59422e-16 -0.00873851 -0.0223044
-0.0361158 -4.53182e-16 -0.00833681 -0.0226248
-0.0454578 -4.5084e-16 -0.0077651 -0.0253676
-0.0546388 -4.49771e-16 -0.00718289 -0.0278528
-0.0597374 -4.43314e-16 -0.00662793 -0.028679
-0.062386 -4.30551e-16 -0.00610756 -0.0286357
-0.0634566 -4.45777e-16 -0.00562228 -0.0278182
-0.0661865 -4.45772e-16 -0.00516967 -0.0287282
-0.0712277 -4.63696e-16 -0.00474958 -0.0297261
-0.0745113 -4.61772e-16 -0.0043634 -0.0284486
-0.0273028 -4.65452e-16 -0.00400912 -0.0275456
-0.0323182 -0.00409281 -0.00369799 -0.0265304
-0.0325681 -0.00451347 -0.0034443 -0.0263048
-0.0324244 -0.00493832 -0.00323622 -0.0261102
-0.0310008 -0.00536716 -0.00305615 -0.0252147
-0.0294304 -0.00577858 -0.0028992 -0.0242683
-0.0273011 -0.00604592 -0.00276386 -0.0229433
-0.025232 -0.00626604 -0.00264858 -0.0216698
-0.0236792 -0.00655429 -0.00255169 -0.0207857
-0.02109 -0.0064644 -0.00247267 -0.0190793
-0.0190539 -0.0064222 -0.002409 -0.0177574
-0.0168658 -0.00620411 -0.00235778 -0.0162517
-0.0143253 -0.00570517 -0.00231732 -0.0143727
-0.0124965 -0.0053427 -0.00228298 -0.0130044
-0.0110091 -0.00500824 -0.00225181 -0.0118532
-0.010951 -0.00525259 -0.00222366 -0.0118954
-0.0106533 -0.00533815 -0.00220434 -0.0116888
-0.0116663 -0.00605181 -0.00219968 -0.0126149
-0.0129976 -0.00691921 -0.00221714 -0.0137867
-0.0145585 -0.00788779 -0.00226919 -0.0151113
-0.0164109 -0.00898108 -0.00236426 -0.0166199
-0.0186454 -0.0102371 -0.00251015 -0.0183581
-0.0206801 -0.0113244 -0.00271633 -0.0198052
-0.0236338 -0.0128451 -0.00298868 -0.0218548
-0.0264021 -0.0141877 -0.00333789 -0.0235701
-0.0288734 -0.015297 -0.00377622 -0.0248853
-0.0304183 -0.0158644 -0.00430328 -0.025393
-0.0324769 -0.0166825 -0.00490822 -0.0261435
-0.0329497 -0.0166702 -0.00558715 -0.0257781
-0.0318182 -0.015889 -0.00633027 -0.0245039
-0.025724 -0.0127375 -0.00709243 -0.0207398
-0.0261638 -1.39283e-15 -0.00716875 -0.0181142
-0.0304367 -1.39641e-15 -0.00688128 -0.0192176
-0.0374514 -1.39509e-15 -0.00645594 -0.0211523
-0.0422767 -1.39818e-15 -0.00602017 -0.0220791
-0.0463254 -1.39047e-15 -0.00560508 -0.0226651
-0.048462 -1.39521e-15 -0.00521616 -0.0225268
-0.0511889 -1.37687e-15 -0.00485325 -0.0225137
-0.0535558 -1.3702e-15 -0.00451524 -0.0224065
-0.0532661 -1.36482e-15 -0.0042008 -0.0214473
-0.0528133 -1.34548e-15 -0.00390834 -0.0202278
-0.0519178 -1.34956e-15 -0.00363615 -0.0184287
-0.0539305 -1.34714e-15 -0.00338279 -0.0168075
-0.0628602 -1.34311e-15 -0.0031468 -0.015796
-0.0767475 -1.3382e-15 -0.0029269 -0.014544
-0.079408 -1.33824e-15 -0.00272172 -0.0116991
-0.00868778 -0.00099414 -0.00253025 -0.00854116
-0.00253652 -0.00033515 -0.00235553 -0.00412647
0.00493809 0.000748784 -0.00219562 0.00129087
0.014012 0.00242424 -0.00204062 0.0079864
0.0237508 0.00466219 -0.00188207 0.0153827
0.0345307 0.00764738 -0.00171085 0.0238422
0.0453306 0.0112618 -0.00151558 0.0327018
0.0569487 0.0157769 -0.0012822 0.0426376
0.0734141 0.0225375 -0.000994449 0.0569205
0.0884601 0.0298932 -0.00062238 0.0708046
0.101839 0.0376124 -0.000131829 0.0840217
0.113773 0.0455707 0.000504145 0.0966227
0.119 0.0640843 0.0013082 0.106143
0.119 0.0889461 0.00239693 0.113075
0.119 0.105425 0.00398361 0.118943
0.119 0.107337 0.00613214 0.122511
0.119 0.107231 0.00864985 0.125728
0.119 0.108519 0.0113447 0.129901
0.119 0.107786 0.0141772 0.133135
0.119 0.103557 0.0171489 0.134207
0.119 0.097885 0.0201632 0.133865
0.119 0.0928442 0.0231342 0.133226
0.119 0.0960917 0.0260131 0.138418
0.119 0.0933788 0.0289494 0.137997
0.119 0.0948178 0.0320636 0.141146
0.119 0.08885 0.0353074 0.137565
0.119 0.0763838 0.0385779 0.125771
0.108389 0.0644923 0.0415288 0.115578
0.111141 0.0553638 0.0439045 0.107207
0.107335 0.0530236 0.0457091 0.102505
