22
1
0
0
0
0
0
0
0
0
0
0
0
0
0
0
0
0
0
0
0
0
0
0
0
0
0
0
0
0
0
0
0
0
0
0
0
0
0
0
0
0
0
0
0
0
0
0
0
0
0
0
0
0
2
0
0
0
0
0
0
0
2
0
0
0
0
0
0
0
0
0
0
0
0
0
1
0
0
2
0
0
0
0
0
0
0
0
0
0
0
0
0
0
0
0
0
0
0
0
0
0
0
0
0
0
0
0
0
0
0
0
0
0
0
0
0
0
0
0
0
0
0
0
0
1
0
0
0
0
0
0
0
0
0
0
0
0
0
0
0
0
0
0
11
0
0
0
0
0
0
0
0
0
0
0
0
0
0
0
0
0
0
0
0
0
0
0
0
0
0
0
0
0
0
0
0
0
0
0
0
0
0
0
0
0
0
0
0
20
10 1030
10 919
10 922
10 931
10 930
8 714
6 640
7 719
9 849
10 959
10 996
10 1080
8 912
6 751
5 608
4 563
4 390
4 384
4 385
4 390
4 384
4 381
4 380
4 378
4 381
4 387
4 420
4 397
4 387
4 378
4 374
4 374
3 301
3 312
3 313
4 387
4 390
3 343
3 343
3 330
3 363
3 340
6 571
3 344
3 341
7 807
6 635
8 757
9 850
9 857
9 835
8 746
10 946
10 982
10 1090
10 984
9 982
9 1038
8 993
6 677
4 586
4 417
4 373
3 281
3 282
3 283
3 283
3 285
3 286
3 284
3 284
3 283
3 317
3 306
3 308
3 303
3 311
3 284
3 298
3 300
3 292
4 362
4 367
3 320
3 309
2 223
2 273
3 292
2 211
3 349
4 526
4 398
4 426
4 400
4 410
4 401
4 412
5 501
6 602
7 698
7 768
6 631
5 592
7 969
6 649
3 473
3 316
3 285
3 284
3 295
4 383
4 394
4 385
4 387
4 396
4 405
4 402
4 416
4 432
8 733
5 509
4 450
4 459
7 679
8 774
9 873
8 771
9 828
9 832
8 777
5 539
4 420
4 438
2 237
2 244
4 498
4 404
4 405
3 318
3 335
3 309
3 332
4 407
4 391
4 390
4 389
5 512
5 524
6 725
6 680
3 438
3 305
3 309
3 312
3 307
4 384
4 422
4 402
4 384
4 379
4 380
4 377
4 379
4 374
4 376
4 373
3 307
3 280
3 295
3 296
3 285
4 362
4 359
3 623
3 316
3 316
2 216
3 361
3 297
3 324
4 528
4 417
4 405
4 418
4 402
4 414
4 408
5 498
5 544
5 554
7 711
5 569
6 915
6 717
6 700
3 456
3 283
3 281
3 284
3 285
3 323
3 305
3 302
3 304
2 222
2 203
2 208
2 206
3 281
3 280
3 293
3 284
3 296
3 287
4 360
4 360
3 300
3 299
3 313
3 307
3 341
3 306
6 535
3 309
3 326
8 864
8 760
9 810
8 732
6 581
5 514
5 516
7 700
7 668
8 790
8 844
7 705
5 591
6 851
6 661
3 464
3 317
3 281
3 282
3 282
3 280
3 282
3 281
3 281
2 248
2 204
2 204
2 205
2 206
2 205
3 286
3 295
3 300
3 287
3 291
4 361
3 300
3 303
2 230
3 311
3 339
3 301
4 383
3 314
3 316
6 709
6 600
6 605
7 693
5 517
4 460
4 439
4 403
4 396
5 501
4 435
4 450
5 550
5 597
6 706
3 513
3 316
3 337
4 422
4 416
4 422
4 432
4 434
4 437
5 520
4 504
6 766
7 876
6 791
6 812
7 898
7 925
7 968
5 813
5 841
10 1210
10 1206
10 1158
9 1089
10 1172
5 839
6 765
10 1047
9 887
8 823
10 995
10 1001
10 1084
10 1060
10 1059
5 737
6 679
9 910
7 724
8 766
7 697
7 693
8 737
8 749
7 687
7 686
7 712
7 708
7 713
8 818
7 715
6 639
7 729
8 785
9 824
8 764
8 731
6 590
8 758
5 484
6 542
5 526
4 409
4 471
8 711
5 626
5 565
5 646
5 609
5 657
6 767
6 718
4 535
4 524
4 501
7 966
10 1888
10 1562
6 721
6 690
4 556
4 397
4 384
4 393
4 388
4 387
4 397
4 386
4 387
4 394
4 417
4 414
4 405
4 404
4 403
4 391
4 403
4 405
4 388
4 374
4 375
3 298
3 304
4 361
4 363
3 319
2 241
2 236
3 308
4 400
3 361
3 316
3 321
3 322
3 298
3 296
3 296
4 405
5 514
6 583
6 605
6 569
4 436
5 524
6 579
3 470
3 285
3 281
3 281
2 212
2 207
2 206
2 241
2 202
2 215
2 220
2 221
2 222
2 262
3 284
3 285
3 301
3 299
3 294
3 292
4 365
4 369
3 315
2 230
2 222
3 310
3 355
3 292
6 562
3 305
4 516
4 498
4 497
10 965
10 939
8 718
4 412
4 451
4 466
5 505
5 549
5 544
5 650
6 726
6 734
3 493
3 306
3 312
3 305
3 310
3 330
3 300
3 302
3 304
2 207
2 206
2 206
2 209
3 279
3 297
3 287
3 298
3 286
4 366
4 372
4 375
3 314
2 235
2 226
3 311
3 339
4 389
9 796
3 308
3 299
4 475
4 435
4 424
4 452
4 444
4 461
10 1064
10 1072
10 1088
10 1104
5 551
7 870
7 720
4 467
4 389
4 383
4 388
4 374
4 356
3 282
3 299
3 291
3 286
3 289
3 282
3 282
3 286
3 283
3 281
3 295
3 311
3 278
3 278
3 304
3 283
4 358
3 309
3 335
4 391
3 356
3 294
4 546
4 448
5 576
6 580
9 815
7 643
5 484
5 512
9 842
10 950
10 950
10 948
7 773
5 597
7 884
4 656
3 316
3 328
3 295
3 290
3 284
3 285
3 285
2 246
2 204
2 204
2 206
2 204
3 282
2 205
2 213
3 281
3 278
3 298
3 298
3 287
4 365
4 361
3 311
2 239
3 317
4 396
2 262
3 294
5 462
10 926
10 947
4 507
4 486
10 1033
10 959
10 903
10 912
10 1045
10 1100
10 1158
10 964
9 898
7 984
6 742
4 603
3 341
3 330
3 287
3 292
3 282
3 282
3 283
3 325
3 313
3 305
3 303
2 203
2 203
2 205
3 278
3 286
3 297
3 298
3 288
4 364
4 369
3 311
2 232
3 318
4 394
2 239
4 402
4 412
3 308
4 491
4 440
4 441
4 462
4 500
4 563
10 1047
10 978
10 1029
10 1073
10 985
10 944
8 857
6 853
6 737
4 620
3 331
3 315
3 293
3 288
3 285
3 285
3 326
4 390
4 389
4 396
4 402
4 400
4 408
4 432
4 460
6 771
7 884
6 830
6 870
7 971
10 1282
6 913
6 888
6 928
5 907
4 733
8 1031
4 611
4 525
4 483
4 484
4 490
4 489
4 494
5 798
6 716
6 717
6 728
10 1007
7 737
7 745
7 8147
7 695
6 662
6 639
7 721
8 779
8 816
8 820
8 817
8 791
8 790
7 723
9 849
8 747
6 588
6 573
6 565
6 586
6 577
6 533
5 462
5 469
6 569
4 477
3 346
4 411
4 419
4 407
4 414
4 414
4 427
4 462
5 513
5 509
5 509
5 506
5 556
6 822
3 466
3 315
2 228
2 226
2 202
2 202
2 203
2 201
2 202
2 227
3 307
3 298
2 223
2 205
3 294
3 287
3 286
3 296
3 282
3 289
3 286
4 367
4 359
3 309
2 233
3 310
3 307
3 352
3 292
3 290
4 515
4 430
4 382
3 341
3 318
3 333
3 301
3 315
4 402
4 422
7 661
4 437
4 469
5 511
6 824
3 491
3 301
3 302
3 304
3 311
3 330
2 263
2 212
2 214
2 212
2 208
2 214
2 210
2 205
3 288
3 301
3 298
3 288
3 286
4 379
4 367
3 311
2 235
3 320
2 279
3 324
8 713
4 387
3 297
3 295
4 476
4 433
4 425
4 427
4 441
10 1001
10 971
10 1017
10 1101
10 1092
10 1119
10 1136
10 1030
8 993
6 748
4 620
4 403
3 287
3 328
3 293
3 287
3 278
3 281
3 284
3 291
3 294
3 320
2 225
2 208
2 206
2 204
3 281
3 281
3 296
3 298
3 283
4 358
3 297
3 325
2 248
3 304
3 356
2 213
5 464
4 386
10 981
4 448
4 482
4 523
10 992
10 980
10 964
10 1015
10 1078
10 1085
5 522
6 783
7 705
4 444
4 418
4 387
4 404
4 372
4 360
4 358
4 360
4 359
4 358
4 361
4 355
4 354
4 362
4 355
4 355
4 358
4 355
3 312
3 285
3 279
3 305
3 289
4 366
3 308
3 323
3 330
4 389
3 404
3 344
3 323
4 441
5 470
6 525
5 451
6 560
10 858
10 935
10 937
10 885
9 815
6 630
6 631
4 618
3 316
3 318
3 280
3 293
4 380
4 398
4 415
4 432
4 436
4 439
4 445
5 543
4 498
10 991
10 1207
10 1376
10 1301
10 1201
10 1177
6 792
6 808
6 806
6 821
6 818
6 803
8 886
4 464
4 426
4 394
0
0
0
0
0
0
0
0
0
0
0
0
0
0
0
0
0
0
0
0
0
0
0
0
0
0
0
0
0
0
0
0
0
0
0
0
0
0
0
0
0
0
0
0
0
0
0
0
0
0
0
0
0
0
0
0
0
0
0
0
0
0
0
0
0
0
0
0
0
0
0
0
0
0
0
0
0
0
0
0
0
0
0
0
0
0
0
0
0
0
0
0
0
0
0
0
0
0
0
0
0
0
0
0
0
0
0
0
0
2
0
0
0
