-0.104191,-0.0745723,3.15859e-05,0,-0.0144419,-0.104189,-0.100272
-0.104191,-0.0736468,3.24276e-05,-2.6848e-07,-0.0144418,-0.104184,-0.100352
-0.104191,-0.0733964,3.25318e-05,-9.07774e-07,-0.0144375,-0.104178,-0.100261
-0.104191,-0.0734011,3.23476e-05,-1.55726e-06,-0.0144278,-0.104171,-0.100262
-0.104191,-0.0737835,3.17466e-05,-2.20624e-06,-0.0144232,-0.104165,-0.100409
-0.104191,-0.0743412,3.0946e-05,-2.84778e-06,-0.0144131,-0.104158,-0.10062
-0.104191,-0.0750022,3.0024e-05,-3.47551e-06,-0.0144131,-0.104151,-0.10087
-0.104191,-0.0755356,2.92272e-05,-4.08613e-06,-0.0144136,-0.104144,-0.101066
-0.104191,-0.076061,2.84291e-05,-4.67944e-06,-0.0143931,-0.104136,-0.101262
-0.104191,-0.0766518,2.75524e-05,-5.2568e-06,-0.014373,-0.104129,-0.101483
-0.104191,-0.07751,2.6384e-05,-5.8175e-06,-0.0143682,-0.104121,-0.101809
-0.104191,-0.078867,2.46802e-05,-6.35803e-06,-0.0143683,-0.104112,-0.10233
-0.104191,-0.07992,2.32967e-05,-6.87037e-06,-0.0143484,-0.104104,-0.102721
-0.104191,-0.0811386,2.17347e-05,-7.35152e-06,-0.0142723,-0.104094,-0.103184
-0.104191,-0.0827624,1.97416e-05,-7.8034e-06,-0.0141039,-0.104085,-0.103806
-0.104191,-0.0839031,1.82635e-05,-8.22016e-06,-0.0141091,-0.104075,-0.104229
-0.104191,-0.0854945,1.63079e-05,-8.60168e-06,-0.014115,-0.104065,-0.104839
-0.104191,-0.087205,1.42302e-05,-8.94935e-06,-0.0141152,-0.104055,-0.105489
-0.104191,-0.0888771,1.21992e-05,-9.25681e-06,-0.0141054,-0.104045,-0.106121
-0.104191,-0.0907811,9.92891e-06,-9.52314e-06,-0.0141006,-0.104034,-0.106845
-0.104191,-0.0928592,7.48304e-06,-9.74669e-06,-0.0140858,-0.104022,-0.107635
-0.104191,-0.0949878,4.99475e-06,-9.92325e-06,-0.0140553,-0.10401,-0.108441
-0.104191,-0.0970506,2.58914e-06,-1.00505e-05,-0.0140145,-0.103997,-0.10922
-0.104191,-0.0991399,1.69044e-07,-1.01288e-05,-0.0139941,-0.103983,-0.110009
-0.104191,-0.101034,-2.02918e-06,-1.01588e-05,-0.0139534,-0.103968,-0.110718
-0.104191,-0.102541,-3.80084e-06,-1.01424e-05,-0.0139123,-0.103952,-0.111275
-0.104191,-0.104511,-6.04897e-06,-1.00858e-05,-0.0138606,-0.103935,-0.11202
-0.104191,-0.10641,-8.20626e-06,-9.98959e-06,-0.0138497,-0.103916,-0.11273
-0.104191,-0.108127,-1.01527e-05,-9.84919e-06,-0.0138853,-0.103896,-0.113365
-0.104191,-0.109491,-1.17085e-05,-9.66755e-06,-0.0139511,-0.103874,-0.113858
-0.104191,-0.110143,-1.24936e-05,-9.45049e-06,-0.0139967,-0.103849,-0.114071
-0.104191,-0.111191,-1.3689e-05,-9.20925e-06,-0.0138791,-0.103822,-0.11445
-0.104191,-0.111351,-1.39305e-05,-8.94862e-06,-0.0140425,-0.103792,-0.114466
-0.104191,-0.11093,-1.35498e-05,-8.67267e-06,-0.0140018,-0.10376,-0.114262
-0.104191,-0.110245,-1.28863e-05,-8.39749e-06,-0.0140535,-0.103725,-0.113958
-0.104191,-0.109087,-1.17222e-05,-8.13246e-06,-0.0140748,-0.103686,-0.113467
-0.104191,-0.107511,-1.01206e-05,-7.88521e-06,-0.0139428,-0.103645,-0.112813
-0.104191,-0.105659,-8.23622e-06,-7.66518e-06,-0.0139741,-0.1036,-0.112053
-0.104191,-0.103466,-6.00253e-06,-7.47973e-06,-0.0140205,-0.103552,-0.111157
-0.104191,-0.101354,-3.87266e-06,-7.33511e-06,-0.0139693,-0.103499,-0.110295
-0.104191,-0.0985043,-9.78093e-07,-7.23423e-06,-0.013969,-0.103443,-0.109133
-0.104191,-0.0957991,1.73787e-06,-7.18283e-06,-0.0139687,-0.103383,-0.108036
-0.104191,-0.0936556,3.83067e-06,-7.18771e-06,-0.0139839,-0.103318,-0.107157
-0.104191,-0.0924743,4.87533e-06,-7.2413e-06,-0.0140347,-0.103248,-0.106648
-0.104191,-0.0919896,5.15656e-06,-7.32732e-06,-0.0140301,-0.103172,-0.106397
-0.104191,-0.092165,4.71505e-06,-7.42735e-06,-0.0140458,-0.103091,-0.106393
-0.104191,-0.0926906,3.88199e-06,-7.52651e-06,-0.0140408,-0.103004,-0.106513
-0.104191,-0.09377,2.44264e-06,-7.61332e-06,-0.0140414,-0.10291,-0.106842
-0.104191,-0.095122,6.97804e-07,-7.678e-06,-0.0140416,-0.102809,-0.107265
-0.104191,-0.0963643,-9.44939e-07,-7.71115e-06,-0.0140424,-0.102701,-0.107631
-0.104191,-0.097786,-2.79273e-06,-7.71032e-06,-0.0140682,-0.102584,-0.108063
-0.104191,-0.0996772,-5.15222e-06,-7.67479e-06,-0.014038,-0.102458,-0.10867
-0.104191,-0.101415,-7.35925e-06,-7.5977e-06,-0.0140394,-0.102322,-0.1092
-0.104191,-0.10297,-9.382e-06,-7.4748e-06,-0.0140392,-0.102177,-0.109649
-0.104191,-0.104245,-1.11182e-05,-7.30941e-06,-0.0140394,-0.10202,-0.109978
-0.104191,-0.105308,-1.26405e-05,-7.10614e-06,-0.0140401,-0.101851,-0.110215
-0.104191,-0.106338,-1.41402e-05,-6.87007e-06,-0.0140412,-0.101669,-0.11043
-0.104191,-0.106876,-1.51284e-05,-6.60377e-06,-0.0140422,-0.101473,-0.110435
-0.104191,-0.106817,-1.54967e-05,-6.31207e-06,-0.0140425,-0.101262,-0.110194
-0.104191,-0.10643,-1.55318e-05,-6.00619e-06,-0.0140417,-0.101035,-0.109815
-0.104191,-0.10596,-1.54983e-05,-5.69594e-06,-0.0140374,-0.100789,-0.10939
-0.104191,-0.105583,-1.55817e-05,-5.3856e-06,-0.0140334,-0.100525,-0.108985
-0.104191,-0.105038,-1.55068e-05,-5.07489e-06,-0.0140079,-0.100239,-0.108492
-0.104191,-0.104357,-1.53074e-05,-4.76393e-06,-0.0140077,-0.0999306,-0.107926
-0.104191,-0.103794,-1.52551e-05,-4.45558e-06,-0.0140086,-0.0995985,-0.107386
-0.104191,-0.103684,-1.57037e-05,-4.14991e-06,-0.0140041,-0.0992407,-0.106999
-0.104191,-0.103846,-1.64588e-05,-3.84077e-06,-0.0140156,-0.0988551,-0.106686
-0.104191,-0.104294,-1.75329e-05,-3.5199e-06,-0.0139605,-0.0984398,-0.106453
-0.104191,-0.104323,-1.8176e-05,-3.18106e-06,-0.0139251,-0.0979925,-0.106014
-0.104191,-0.104487,-1.89755e-05,-2.82461e-06,-0.014017,-0.0975107,-0.105598
-0.104191,-0.105264,-2.04373e-05,-2.4539e-06,-0.0139024,-0.0969917,-0.105384
-0.104191,-0.105405,-2.12312e-05,-2.06123e-06,-0.01372,-0.0964328,-0.104862
-0.104191,-0.105094,-2.15526e-05,-1.64534e-06,-0.014041,-0.0958309,-0.104118
-0.104191,-0.105692,-2.28455e-05,-1.21782e-06,-0.0139404,-0.0951827,-0.103689
-0.104191,-0.10609,-2.39283e-05,-7.75135e-07,-0.0138657,-0.0944849,-0.103106
-0.104191,-0.106446,-2.49671e-05,-3.0848e-07,-0.0139733,-0.0937339,-0.102443
-0.104191,-0.108097,-2.73773e-05,1.79436e-07,-0.0138728,-0.0929254,-0.102223
-0.104191,-0.109363,-2.93667e-05,7.0047e-07,-0.0139656,-0.0920551,-0.101748
-0.104191,-0.110003,-3.06784e-05,1.26592e-06,-0.0139057,-0.091118,-0.100941
-0.104191,-0.111543,-3.29322e-05,1.86506e-06,-0.0137907,-0.0901088,-0.100408
-0.104191,-0.112481,-3.45265e-05,2.49891e-06,-0.0137767,-0.0890218,-0.0995177
-0.104191,-0.113207,-3.58756e-05,3.17191e-06,-0.0137021,-0.0878509,-0.0984438
-0.104191,-0.113793,-3.70523e-05,3.87458e-06,-0.0137799,-0.0865896,-0.0972026
-0.104191,-0.11463,-3.84714e-05,4.60268e-06,-0.0137206,-0.0852308,-0.0959458
-0.104191,-0.115793,-4.02085e-05,5.3565e-06,-0.0137781,-0.0837669,-0.0946948
-0.104191,-0.117445,-4.24317e-05,6.14156e-06,-0.0136578,-0.0821897,-0.0935136
-0.104191,-0.118782,-4.42849e-05,6.96574e-06,-0.0137152,-0.0804904,-0.0920828
-0.104191,-0.120002,-4.59733e-05,7.83105e-06,-0.013742,-0.0786595,-0.0904994
-0.104191,-0.121343,-4.77495e-05,8.73195e-06,-0.0136924,-0.0766869,-0.0888676
-0.104191,-0.122522,-4.93085e-05,9.66829e-06,-0.0137088,-0.0745614,-0.0870866
-0.104191,-0.123262,-5.03545e-05,1.06373e-05,-0.0137912,-0.0722712,-0.0850721
-0.104191,-0.12349,-5.08066e-05,1.16329e-05,-0.0136703,-0.0698037,-0.0828262
-0.104191,-0.123097,-5.05494e-05,1.2644e-05,-0.0136768,-0.0671449,-0.0803407
-0.104191,-0.122176,-4.96802e-05,1.36579e-05,-0.0136424,-0.0642802,-0.0776934
-0.104191,-0.120587,-4.80446e-05,1.4661e-05,-0.0136534,-0.0611937,-0.074871
-0.104191,-0.118487,-4.58056e-05,1.56399e-05,-0.0136436,-0.0578686,-0.0719863
-0.104191,-0.115451,-4.25129e-05,1.65807e-05,-0.0135839,-0.054288,-0.0689173
-0.104191,-0.111557,-3.82504e-05,1.74671e-05,-0.0135042,-0.0504381,-0.0657486
-0.104191,-0.106457,-3.26515e-05,1.8279e-05,-0.0135518,-0.0463211,-0.0623831
-0.104191,-0.100184,-2.57536e-05,1.89936e-05,-0.0135077,-0.0420044,-0.0588718
-0.0906466,-0.0930954,-1.09745e-05,1.95846e-05,-0.0133931,-0.0378086,-0.0553799
-0.0767544,-0.084443,2.53681e-05,1.99667e-05,-0.0134816,-0.03409,-0.0516038
-0.0628622,-0.0753796,8.08737e-05,1.98591e-05,-0.0134535,-0.0309818,-0.0479918
-0.04897,-0.064987,8.9689e-05,1.88521e-05,-0.0134465,-0.0285549,-0.0441257
-0.0350778,-0.0538271,9.93964e-05,1.71553e-05,-0.0133898,-0.0268646,-0.040206
-0.0211856,-0.0421667,0.000109622,1.52742e-05,-0.0132039,-0.0259545,-0.0362881
-0.0072934,-0.0308546,0.000119452,1.31942e-05,-0.0126238,-0.0258297,-0.032667
0,-0.0253726,0.000123121,1.09133e-05,-0.00738824,-0.0263407,-0.0314832
0,-0.0181083,0.000128747,8.49127e-06,-0.00826766,-0.0271913,-0.0295873
0,-0.0130834,0.000132052,5.97822e-06,-0.00852946,-0.028182,-0.0286931
0,-0.00959738,0.000133786,3.37354e-06,-0.00751284,-0.029265,-0.0284626
0,-0.00570269,0.000136021,7.16889e-07,-0.00847591,-0.030432,-0.0281364
0,-0.00407624,0.000135909,-1.97895e-06,-0.00842288,-0.031686,-0.0288222
0,-0.00171155,0.00013665,-4.69835e-06,-0.00954989,-0.0330329,-0.0292887
0,-0.000486335,0.000136245,-7.4232e-06,-0.0106262,-0.0344799,-0.0303424
0,-0.000379602,0.000134719,-1.01526e-05,-0.0115003,-0.0360349,-0.0319578
0,-0.00175004,0.000131693,-1.28637e-05,-0.012176,-0.0377065,-0.0342909
0,-0.00348054,0.00012836,-1.55309e-05,-0.0123891,-0.039504,-0.0369026
0,-0.00534875,0.000124955,-1.81347e-05,-0.0118955,-0.0414373,-0.0397333
0,-0.00746023,0.000121365,-2.06713e-05,-0.0113158,-0.0435169,-0.0428407
0,-0.00933288,0.000118103,-2.31381e-05,-0.0103575,-0.045754,-0.0460441
0,-0.00922301,0.000117016,-2.5536e-05,-0.00923976,-0.0481611,-0.048666
0,-0.00829065,0.000116861,-2.78883e-05,-0.00793843,-0.0507516,-0.0512061
0,-0.00580712,0.000118405,-3.02272e-05,-0.00664375,-0.05354,-0.0533629
0,-0.00149421,0.000121931,-3.25783e-05,-0.00537457,-0.0565419,-0.0550404
0,0.00472613,0.000127509,-3.49781e-05,-0.00434314,-0.059774,-0.0562118
0,0.0121329,0.000134358,-3.7467e-05,-0.003539,-0.0632544,-0.057161
0,0.0196588,0.000141331,-4.00788e-05,-0.00256519,-0.0670026,-0.0582922
0,0.0269074,0.000147999,-4.28287e-05,-0.00221328,-0.0710393,-0.0597295
0,0.0340201,0.000154504,-4.57153e-05,-0.00245001,-0.0753872,-0.0613848
0,0.0408396,0.000160671,-4.87371e-05,-0.00305269,-0.0800705,-0.0632893
0,0.0447998,0.000163767,-5.18827e-05,-0.00393882,-0.0851152,-0.0664229
0,0.0467654,0.000164713,-5.5124e-05,-0.00490771,-0.0905491,-0.0703507
0,0.0467235,0.000163498,-5.84078e-05,-0.00594653,-0.0964016,-0.0750335
0,0.0454216,0.000160916,-6.16912e-05,-0.00746239,-0.102702,-0.0801099
0,0.0396362,0.000153543,-6.49379e-05,-0.00771889,-0.10947,-0.0868125
0,0.031564,0.000143726,-6.80898e-05,-0.00541361,-0.116691,-0.0941501
-0.00680833,0.0238209,0.00013425,-7.10724e-05,-0.00464316,-0.1242,-0.10105
-0.0211417,0.022899,0.000132009,-7.38616e-05,-0.0073487,-0.131691,-0.104908
-0.035475,0.0253896,0.000218465,-7.65264e-05,-0.00979628,-0.138947,-0.106857
-0.0498083,0.0190093,0.00198858,-7.99015e-05,-0.00769155,-0.145896,-0.109063
-0.0641417,0.00585835,0.0148976,-9.75466e-05,-0.0106481,-0.152499,-0.109499
-0.078475,-0.00847498,0.0477489,-0.00024059,-0.0112371,-0.158726,-0.112116
-0.0928083,-0.0228083,0.123397,-0.000784926,-0.0119616,-0.164543,-0.115759
-0.107142,-0.0371416,2.0562,-0.00230726,-0.0128687,-0.169904,-0.115759
0.093525,0.144034,2.05603,-0.0047752,0.0144097,0.0452039,0.0778365
0.0705917,0.103021,1.98903,-0.00872389,0.017872,0.0407669,0.0631793
0.06235,0.0918189,1.92097,-0.031402,0.0182703,0.0371361,0.0584792
0.050525,0.0740875,1.85406,-0.0638801,0.0194468,0.0342046,0.0513459
0.0361917,0.0532184,1.78824,-0.101697,0.0197132,0.0320588,0.0435563
0.0218583,0.0312689,1.72332,-0.138219,0.0195694,0.0307926,0.0356059
0.007525,0.00946396,1.65939,-0.173432,0.0186076,0.0304225,0.0279089
0,-0.0224032,1.634,-0.207323,0.0116758,0.0314299,0.0232773
0,-0.0239935,1.60301,-0.240282,0.0115121,0.0330779,0.0190013
0,-0.0311228,1.53943,-0.272683,0.0122308,0.0342466,0.0162049
0,-0.0351366,1.47695,-0.304171,0.00880738,0.035249,0.0157352
0,-0.0401769,1.41556,-0.334398,0.0092752,0.036286,0.014907
0,-0.0393371,1.35528,-0.363384,0.00802938,0.0374326,0.0167543
0,-0.0370835,1.29611,-0.391153,0.00759826,0.0387213,0.0191285
0,-0.0343902,1.23804,-0.417726,0.00716335,0.0401508,0.0217702
0,-0.0320434,1.18108,-0.443125,0.00579886,0.0417224,0.0244281
0,-0.0297517,1.12524,-0.467374,0.00405851,0.0434431,0.0272438
0,-0.0280495,1.0705,-0.490493,0.00226807,0.0453166,0.0299488
0,-0.0277264,1.01688,-0.512505,0.000686862,0.0473515,0.0323645
0,-0.0269702,0.964366,-0.533432,-1.0842e-19,0.0495638,0.0351883
0,-0.0279903,0.91296,-0.553297,2.40741e-35,0.0519602,0.0374406
0,-0.0302493,0.862668,-0.571865,-5.34553e-51,0.0545524,0.0395335
0,-0.0333199,0.813487,-0.58942,1.18695e-66,0.0573615,0.0415708
0,-0.0370126,0.765414,-0.60596,-2.63555e-82,0.0604049,0.0436285
0,-0.0407536,0.718443,-0.621557,5.8521e-98,0.0636998,0.0459359
0,-0.0445639,0.67257,-0.636184,-1.29943e-113,0.0672551,0.0483565
0,-0.0487165,0.627788,-0.649888,2.88531e-129,0.0710876,0.0509918
0,-0.0524168,0.584093,-0.66269,-6.40667e-145,0.0752283,0.0540497
0,-0.0551558,0.541476,-0.674634,1.42257e-160,0.0797026,0.0576989
0,-0.0577576,0.499932,-0.685698,-3.15873e-176,0.084536,0.0615717
0,-0.0600452,0.459453,-0.695925,7.01379e-192,0.0897558,0.0657109
0,-0.05971,0.420035,-0.705337,-1.55737e-207,0.095391,0.0709856
0,-0.0584195,0.381662,-0.713954,3.45807e-223,0.101489,0.0767395
0,-0.0532953,0.344328,-0.721799,-7.67845e-239,0.108088,0.0838775
0,-0.0464857,0.308016,-0.728909,1.70496e-254,0.115205,0.0915199
0,-0.0384428,0.272722,-0.735269,-3.78577e-270,0.122857,0.0994439
0,-0.0282606,0.238435,-0.740935,8.40609e-286,0.131021,0.107945
0.00744167,-0.0184493,0.205156,-0.74591,-1.86653e-301,0.139496,0.11594
0.0231083,-0.0138131,0.17303,-0.750196,4.14452e-317,0.147909,0.121492
0.038775,-0.0119399,0.142446,-0.753849,-1.86263e-321,0.155996,0.125605
0.0544417,-0.00817566,0.112928,-0.756882,-1.86263e-321,0.163666,0.129206
0.0701083,0.000108333,0.0822008,-0.759347,-0.00786635,0.170867,0.130797
0.085775,0.015775,0.0482143,-0.761421,-0.00722504,0.177562,0.135046
0.101442,0.0314417,0.0117788,-0.762759,-0.00623875,0.183709,0.139833
0.117108,0.0471083,-0.0463308,-0.763432,-0.0055925,0.189267,0.139833
-0.102167,-0.124724,-0.0462468,-0.763668,0.0046824,-0.0457173,-0.0701132
-0.0794633,-0.0828712,-0.0686642,-0.764009,0.00128369,-0.0411656,-0.0547388
-0.0708515,-0.0711002,-0.0911406,-0.763529,0.00158241,-0.0374175,-0.0497955
-0.0551937,-0.047462,-0.112612,-0.761965,0.000222984,-0.0344115,-0.0406134
-0.0395359,-0.0253726,-0.133216,-0.759949,-0.000197796,-0.0322563,-0.0325078
-0.0238781,-0.0013942,-0.153228,-0.757522,4.84424e-20,-0.0310133,-0.0238532
-0.00822034,0.0217117,-0.173172,-0.754677,-6.01853e-36,-0.0306905,-0.0157592
0,0.0380994,-0.192575,-0.751323,1.33638e-51,-0.0311158,-0.0104764
0,0.0554148,-0.211266,-0.747588,-2.96736e-67,-0.0319485,-0.00483261
0,0.0661867,-0.22921,-0.743466,6.58887e-83,-0.0329587,-0.0019177
0,0.0699271,-0.246382,-0.738989,-1.46302e-98,-0.0340907,-0.00181607
0,0.07,-0.262647,-0.734165,1.62428e-114,-0.0353345,-0.000875361
0,0.07,-0.278167,-0.729009,-3.60663e-130,-0.0366929,-0.00225477
0,0.07,-0.292972,-0.723617,8.00833e-146,-0.0381721,-0.00377013
0,0.07,-0.307062,-0.71792,-1.77821e-161,-0.0397802,-0.00522696
0,0.07,-0.320455,-0.711934,3.94841e-177,-0.0415259,-0.00692668
0,0.07,-0.333157,-0.705672,-8.76724e-193,-0.0434188,-0.00867802
0,0.07,-0.345194,-0.699149,1.94672e-208,-0.0454695,-0.0107819
0,0.07,-0.356623,-0.692377,-4.32258e-224,-0.0476892,-0.0137246
0,0.07,-0.367494,-0.685371,9.59806e-240,-0.05009,-0.0173773
0,0.07,-0.377808,-0.67814,-2.1312e-255,-0.0526849,-0.0210578
0,0.07,-0.387571,-0.670697,4.73221e-271,-0.0554884,-0.0249297
0,0.07,-0.396765,-0.663053,-1.05076e-286,-0.0585162,-0.028623
0,0.07,-0.405391,-0.655219,2.33316e-302,-0.061785,-0.0324468
0,0.07,-0.413457,-0.647206,-5.18065e-318,-0.0653132,-0.0364687
0,0.07,-0.420971,-0.639026,2.05037e-321,-0.0691204,-0.0406699
0,0.07,-0.427928,-0.630689,2.05037e-321,-0.0732279,-0.0448814
0,0.07,-0.434309,-0.622207,2.05037e-321,-0.0776586,-0.0488531
0,0.07,-0.440114,-0.613591,2.05037e-321,-0.0824372,-0.0528405
0,0.07,-0.44534,-0.604853,2.05037e-321,-0.0875904,-0.056768
0,0.07,-0.449964,-0.596003,2.05037e-321,-0.0931468,-0.0602622
0,0.07,-0.454051,-0.587055,2.05037e-321,-0.0991373,-0.064787
0,0.07,-0.457733,-0.578019,2.05037e-321,-0.105539,-0.0700823
0,0.07,-0.461046,-0.568905,2.05037e-321,-0.11237,-0.0762669
0,0.07,-0.46403,-0.55972,2.05037e-321,-0.119717,-0.0833072
0,0.07,-0.466618,-0.550473,2.05037e-321,-0.12762,-0.0897933
0,0.0675779,-0.468876,-0.541169,2.05037e-321,-0.136062,-0.0974593
-0.00689572,0.0556832,-0.470437,-0.531816,2.05037e-321,-0.144849,-0.105704
-0.0231209,0.0416679,-0.471057,-0.522417,2.05037e-321,-0.153597,-0.113867
-0.0393462,0.0304381,-0.469689,-0.513003,0.00562384,-0.162015,-0.11852
-0.0555714,0.0144286,-0.467758,-0.503593,0.0149351,-0.170005,-0.125849
-0.0717966,-0.00179662,-0.460946,-0.494215,0.0177692,-0.177514,-0.129657
-0.0880218,-0.0180218,-0.45264,-0.484911,0.0170439,-0.184501,-0.136678
-0.104247,-0.0342471,-0.444151,-0.475767,0.0152479,-0.190924,-0.144612
-0.120472,-0.0504723,-0.436897,-0.46679,0.013784,-0.196739,-0.153272
0.106681,0.129754,-0.436982,-0.457907,-0.00442155,0.0414789,0.0695067
0.0851824,0.090945,-0.437102,-0.446137,-0.00655468,0.0370799,0.0552773
0.0742304,0.0773873,-0.437131,-0.440238,-0.00788864,0.0334518,0.0498452
0.0580052,0.0552829,-0.436894,-0.431495,-0.00342432,0.0305811,0.0414134
0.04178,0.0320371,-0.4364,-0.422755,6.0446e-11,0.0285709,0.0329337
0.0255547,0.0066941,-0.435637,-0.414021,0,0.0274842,0.0238614
0.0093295,-0.0166886,-0.434594,-0.405304,0,0.0273338,0.0157843
0,-0.0322897,-0.433284,-0.396607,0,0.027957,0.0109221
0,-0.0509068,-0.431728,-0.387933,0,0.0290015,0.0048427
0,-0.0581801,-0.429922,-0.379289,0,0.0302151,0.00343349
0,-0.0632841,-0.427882,-0.37068,0,0.0315369,0.00281551
0,-0.0690428,-0.425617,-0.36211,0,0.0329566,0.00201073
0,-0.07,-0.42314,-0.353584,0,0.0344774,0.00308041
0,-0.07,-0.420563,-0.345107,0,0.0361065,0.00319625
0,-0.07,-0.417856,-0.336667,0,0.0378526,0.00394583
0,-0.07,-0.415001,-0.32828,0,0.0397253,0.00522245
0,-0.07,-0.411986,-0.319949,0,0.041735,0.00697142
0,-0.07,-0.408807,-0.311676,0,0.0438929,0.00909771
0,-0.07,-0.405412,-0.303465,0,0.0462108,0.0123031
0,-0.07,-0.401805,-0.295319,0,0.0487014,0.0158513
0,-0.07,-0.398021,-0.287243,0,0.0513782,0.0192687
0,-0.07,-0.394109,-0.279241,0,0.0542562,0.0223167
0,-0.07,-0.390082,-0.271316,0,0.0573513,0.0254783
0,-0.07,-0.385923,-0.26347,0,0.0606809,0.0292752
0,-0.07,-0.38162,-0.255706,0,0.0642636,0.0336284
0,-0.07,-0.377191,-0.248026,0,0.0681193,0.0381101
0,-0.07,-0.372696,-0.240434,0,0.0722697,0.0420521
0,-0.07,-0.36815,-0.23293,0,0.0767378,0.0460881
0,-0.07,-0.36357,-0.225517,0,0.0815485,0.0501445
0,-0.07,-0.358961,-0.218195,0,0.0867288,0.054385
0,-0.07,-0.354391,-0.210966,0,0.0923074,0.0582966
0,-0.07,-0.349845,-0.203827,0,0.0983154,0.0624563
0,-0.07,-0.345173,-0.196781,0,0.104729,0.0676738
0,-0.07,-0.340332,-0.189826,0,0.111566,0.0739363
0,-0.07,-0.335282,-0.182966,0,0.118916,0.0810586
0,-0.07,-0.330072,-0.176205,0,0.126817,0.0873202
0,-0.07,-0.324769,-0.169546,0,0.135258,0.0944692
0.0060833,-0.0582467,-0.319736,-0.162989,0,0.144062,0.103019
0.0223054,-0.0445212,-0.315363,-0.156537,0,0.152844,0.110582
0.0385276,-0.0314724,-0.312298,-0.150182,-0.00830677,0.161302,0.116172
0.0547497,-0.0152503,-0.309096,-0.143899,-0.0148936,0.169333,0.124663
0.0709718,0.000971808,-0.307423,-0.137678,-0.0192732,0.176884,0.130957
0.0871939,0.0171939,-0.307939,-0.131507,-0.0178031,0.183913,0.137588
0.103416,0.0334161,-0.307589,-0.125354,-0.0171064,0.190379,0.146184
0.119638,0.0496382,-0.306776,-0.119198,-0.0147862,0.196239,0.154375
-0.107472,-0.128744,-0.306689,-0.113047,0.0051153,-0.0418856,-0.0695106
-0.0867884,-0.0898375,-0.300147,-0.105203,0.0071808,-0.0374297,-0.0551576
-0.0750273,-0.0733929,-0.293653,-0.100779,0.00855673,-0.0337408,-0.0486229
-0.0588052,-0.0501598,-0.287232,-0.0948342,0.00484941,-0.0308161,-0.0397626
-0.0425831,-0.0274599,-0.280851,-0.0890189,-7.63078e-11,-0.0287518,-0.0314989
-0.026361,-0.00281627,-0.274459,-0.0833317,1.29247e-26,-0.02761,-0.022681
-0.0101388,0.0196173,-0.267881,-0.0778074,-2.86986e-42,-0.0274067,-0.0149578
0,0.0354742,-0.261261,-0.0724136,6.37237e-58,-0.0279944,-0.00996668
0,0.0528299,-0.254661,-0.0671486,-1.41495e-73,-0.0290223,-0.00438383
0,0.0649697,-0.248108,-0.0620191,3.14182e-89,-0.0302243,-0.00100135
0,0.07,-0.24161,-0.0570176,-7.24875e-105,-0.031536,-0.000455424
0,0.07,-0.234946,-0.0521464,1.54904e-120,-0.0329458,0.00141319
0,0.07,-0.228276,-0.0473775,-3.43955e-136,-0.0344568,0.000936947
0,0.07,-0.221647,-0.0427386,7.63734e-152,-0.036076,-0.000331294
0,0.07,-0.214968,-0.0382328,-1.69583e-167,-0.037812,-0.000855284
0,0.07,-0.208261,-0.0338599,3.7655e-183,-0.0396745,-0.00169178
0,0.07,-0.201489,-0.0296209,-6.27082e-199,-0.0416737,-0.00240219
0,0.07,-0.194684,-0.0255167,9.28267e-215,-0.0438206,-0.00379411
0,0.07,-0.187902,-0.0215516,-2.06117e-230,-0.0461273,-0.00575767
0,0.07,-0.181214,-0.0177189,4.57671e-246,-0.0486061,-0.00845351
0,0.07,-0.174619,-0.0140244,-1.01623e-261,-0.0512707,-0.0113583
0,0.07,-0.168133,-0.0104595,2.25649e-277,-0.0541359,-0.0146062
0,0.07,-0.161732,-0.00702549,-5.01042e-293,-0.0572175,-0.0179216
0,0.07,-0.15536,-0.00372364,1.11254e-308,-0.0605329,-0.0210444
0,0.07,-0.149036,-0.00054954,1.2154e-321,-0.0641005,-0.024539
0,0.07,-0.142796,0.00249758,1.2154e-321,-0.0679402,-0.0285258
0,0.07,-0.136577,0.00542214,1.2154e-321,-0.0720736,-0.0323111
0,0.07,-0.130333,0.00822209,1.2154e-321,-0.0765237,-0.0360592
0,0.07,-0.124041,0.0108943,1.2154e-321,-0.0813152,-0.0397994
0,0.07,-0.11766,0.0134444,1.2154e-321,-0.0864749,-0.0433991
0,0.07,-0.111156,0.0158677,1.2154e-321,-0.0920316,-0.0468161
0,0.07,-0.104527,0.0181624,1.2154e-321,-0.0980161,-0.0501737
0,0.07,-0.098142,0.0203259,1.2154e-321,-0.104367,-0.0545576
0,0.07,-0.0917582,0.0223589,1.2154e-321,-0.111092,-0.0596649
0,0.07,-0.0846043,0.0242675,1.2154e-321,-0.118315,-0.0653511
0,0.07,-0.075681,0.0260419,0.000574586,-0.126087,-0.07103
0,0.07,-0.0653714,0.0276581,0.0130958,-0.134405,-0.0775105
-0.00444577,0.0655542,-0.053084,0.0290841,0.0204781,-0.143123,-0.0850326
-0.0206122,0.0493878,-0.0367655,0.0302994,0.0204986,-0.151862,-0.0935946
-0.0367786,0.0332214,-0.0153187,0.0312142,0.017959,-0.160294,-0.101369
-0.0529451,0.0170549,0.00611521,0.0317672,0.0191734,-0.168309,-0.109721
-0.0691115,0.000888482,0.0339807,0.0318807,0.0172567,-0.175852,-0.116851
-0.085278,-0.015278,0.0631257,0.0315215,0.0161178,-0.182881,-0.124866
-0.101444,-0.0314444,0.0836973,0.0305796,0.015275,-0.189356,-0.134849
-0.117611,-0.0476108,0.101977,0.0291422,0.0124757,-0.195232,-0.143875
0.108719,0.14943,0.101937,0.0274683,-0.00472403,0.0420324,0.0774817
0.0864904,0.109414,0.0994281,0.0251666,-0.00694472,0.0375592,0.0626514
0.0763864,0.10004,0.0969512,0.023904,-0.00752948,0.033847,0.0587902
0.06022,0.0789274,0.0945136,0.0219377,-0.00596269,0.030871,0.0506486
0.0440535,0.0576391,0.0921018,0.0200206,2.58099e-11,0.0287406,0.0428999
0.0278871,0.0330323,0.0896981,0.0181521,-3.23117e-27,0.0275231,0.0340627
0.0117207,0.00857136,0.0872333,0.0163437,7.17465e-43,0.027243,0.0255209
0,-0.0101395,0.0847612,0.0145855,-1.59309e-58,0.0277839,0.0194159
0,-0.0267437,0.0823065,0.0128754,3.53737e-74,0.0287998,0.0141732
0,-0.0399057,0.0798787,0.0112158,-7.85455e-90,0.0299981,0.0103668
0,-0.0464669,0.0774843,0.00960485,1.74406e-105,0.0313071,0.00924083
0,-0.0529468,0.0751176,0.008042,-3.87259e-121,0.0327138,0.00815226
0,-0.0540005,0.0727852,0.00652545,8.59888e-137,0.0342204,0.00934568
0,-0.0538555,0.0704834,0.00505691,-1.90934e-152,0.035834,0.0110633
0,-0.0545367,0.0682105,0.00363459,4.23958e-168,0.0375631,0.0125742
0,-0.0533527,0.06597,0.00225788,-9.41375e-184,0.0394172,0.0149979
0,-0.0522089,0.0637603,0.000926153,2.09027e-199,0.0414066,0.017547
0,-0.0503616,0.0615827,-0.000361206,-4.64134e-215,0.0435423,0.0205624
0,-0.0495047,0.0594357,-0.00160593,1.03058e-230,0.0458361,0.0233713
0,-0.0486092,0.0573208,-0.00280645,-2.28836e-246,0.0483005,0.0264242
0,-0.0473259,0.0552388,-0.0039645,5.08117e-262,0.050949,0.0298606
0,-0.0458766,0.0531897,-0.00508176,-1.12825e-277,0.0537963,0.0335999
0,-0.0462099,0.0511713,-0.0061681,2.50521e-293,0.0568581,0.0368789
0,-0.0474582,0.0491849,-0.00721373,-5.56268e-309,0.0601517,0.0400822
0,-0.050219,0.0472301,-0.00822027,1.89227e-321,0.0636953,0.0429625
0,-0.0546958,0.0453068,-0.00918735,1.89227e-321,0.0675089,0.0454474
0,-0.0594852,0.0434168,-0.0101166,1.89227e-321,0.0716137,0.048094
0,-0.0632833,0.0415616,-0.0110076,1.89227e-321,0.0760325,0.0513881
0,-0.0690065,0.0397381,-0.0118704,1.89227e-321,0.0807901,0.0541235
0,-0.07,0.0377516,-0.0126916,1.89227e-321,0.085913,0.0559648
0,-0.07,0.0357493,-0.0134833,1.89227e-321,0.0914297,0.0604333
0,-0.0680963,0.0343156,-0.0151633,1.89227e-321,0.0980749,0.074719
0,-0.0547754,0.0326455,-0.0168624,1.89227e-321,0.106653,0.0873709
0,-0.0584232,0.0309677,-0.017257,1.89227e-321,0.116453,0.0909126
0.00362711,-0.0558681,0.029012,-0.0177873,1.89227e-321,0.126494,0.0966366
0.0197476,-0.0447679,0.0264043,-0.018389,1.89227e-321,0.136394,0.104635
0.0358681,-0.0323436,0.0228009,-0.018964,-0.00977681,0.145887,0.111235
0.0519885,-0.0159941,0.0195005,-0.0194831,-0.0152804,0.154883,0.120462
0.068109,-0.00189097,0.0140067,-0.0199342,-0.0166857,0.163338,0.127239
0.0842295,0.0142295,0.00590118,-0.0203132,-0.0163296,0.171215,0.133072
0.10035,0.03035,-0.00237279,-0.020565,-0.0173867,0.17848,0.139525
0.11647,0.0464705,-0.011794,-0.0206499,-0.0163281,0.185094,0.145381
-0.109216,-0.15976,-0.0121706,-0.0206024,0.00398202,-0.0507923,-0.0837406
-0.0846325,-0.126357,-0.0128137,-0.0205301,0.00644145,-0.0457005,-0.0717246
-0.0717361,-0.111417,-0.0133624,-0.0203402,0.0080354,-0.0414858,-0.0663897
-0.0588398,-0.0970663,-0.0137109,-0.0201355,0.00438118,-0.0380646,-0.0609518
-0.0447343,-0.081011,-0.0138856,-0.0199012,-2.05303e-11,-0.0354502,-0.0550732
-0.0286139,-0.0634981,-0.0140452,-0.0196263,3.23117e-27,-0.0337263,-0.0487499
-0.0124934,-0.0452841,-0.0141977,-0.019347,-7.17465e-43,-0.0329595,-0.0423728
0,-0.0339963,-0.014346,-0.0190648,1.59309e-58,-0.0330571,-0.0389322
0,-0.0267029,-0.0144842,-0.0187795,-3.53737e-74,-0.0336763,-0.0371048
0,-0.0186584,-0.0146071,-0.0184912,7.85455e-90,-0.0345099,-0.0350241
0,-0.0186116,-0.0147242,-0.0182004,-1.74406e-105,-0.0354812,-0.0362577
0,-0.0132208,-0.0148217,-0.0179071,3.87259e-121,-0.0365742,-0.0353522
0,-0.00968935,-0.0149076,-0.0176117,-8.59888e-137,-0.0377894,-0.0353979
0,-0.00665369,-0.0149809,-0.0173145,1.90934e-152,-0.0391319,-0.0357509
0,-0.00525556,-0.015043,-0.0170156,-4.23958e-168,-0.0406088,-0.0369003
0,-0.00531078,-0.0150943,-0.0167154,9.41375e-184,-0.0422281,-0.0387681
0,-0.00567812,-0.0151339,-0.0164141,-2.09027e-199,-0.0439987,-0.0409154
0,-0.00555893,-0.0151613,-0.0161118,4.64134e-215,-0.0459305,-0.0430551
0,-0.00475108,-0.0151766,-0.0158089,-1.03058e-230,-0.0480341,-0.0451331
0,-0.00302609,-0.0151801,-0.0155055,2.28836e-246,-0.0503209,-0.0470744
0,-0.000214306,-0.0151719,-0.0152019,-5.08117e-262,-0.0528033,-0.0488301
0,0.00284183,-0.0151532,-0.0148985,1.12825e-277,-0.055495,-0.0507524
0,0.00763196,-0.0151228,-0.0145953,-2.50521e-293,-0.058411,-0.0522446
0,0.0133273,-0.0150821,-0.0142927,5.56268e-309,-0.0615677,-0.0536686
0,0.0191963,-0.015032,-0.0139908,-1.89227e-321,-0.0649825,-0.0553083
0,0.0275565,-0.0149705,-0.0136899,-1.89227e-321,-0.0686747,-0.0562267
0,0.03766,-0.0148988,-0.0133901,-1.89227e-321,-0.0726647,-0.0567518
0,0.048391,-0.0148183,-0.0130917,-1.89227e-321,-0.0769748,-0.0573043
0,0.0584529,-0.0147308,-0.0127949,-1.89227e-321,-0.0816291,-0.0583633
0,0.067952,-0.0146364,-0.0124997,-1.89227e-321,-0.0866534,-0.0598361
0,0.07,-0.0143529,-0.0122064,-1.89227e-321,-0.0920758,-0.0616152
0,0.07,-0.0138608,-0.0119177,-1.89227e-321,-0.0979265,-0.063917
0,0.07,-0.0132719,-0.011635,-1.89227e-321,-0.104182,-0.0676052
0,0.07,-0.0125643,-0.0113631,-1.89227e-321,-0.110861,-0.0714303
0,0.07,-0.0119758,-0.0111041,-1.89227e-321,-0.118049,-0.0776036
0,0.07,-0.0115472,-0.0108581,-1.89227e-321,-0.125791,-0.0848076
0,0.07,-0.0112112,-0.0106224,-1.89227e-321,-0.13409,-0.0925727
-0.00283927,0.0612263,-0.0106992,-0.0103943,-1.89227e-321,-0.142828,-0.101641
-0.0190637,0.0470923,-0.00962448,-0.0101744,-1.89227e-321,-0.151628,-0.10962
-0.0352881,0.0347119,-0.00710032,-0.00996959,0.00724375,-0.160133,-0.114755
-0.0515125,0.0184875,-0.00456791,-0.00979856,0.0154542,-0.168226,-0.122683
-0.0677369,0.00226312,0.00178041,-0.00967681,0.0181905,-0.175849,-0.127465
-0.0839613,-0.0139613,0.0115133,-0.00962989,0.016561,-0.182961,-0.13294
-0.100186,-0.0301857,0.022406,-0.0097531,0.0149027,-0.189521,-0.140051
-0.11641,-0.0464101,0.0340726,-0.0100814,0.0127793,-0.195484,-0.147308
0.110732,0.143886,0.0339986,-0.0105295,-0.00448168,0.0425594,0.0753927
0.0888286,0.102743,0.032519,-0.0111345,-0.00668925,0.0379894,0.060027
0.0782827,0.0885214,0.0310602,-0.0115728,-0.00669029,0.0341765,0.0542462
0.0620583,0.0669152,0.0296294,-0.01221,-0.005736,0.0311011,0.0459511
0.0458339,0.0441551,0.0282464,-0.0128183,2.39796e-11,0.0288698,0.0375974
0.0296095,0.0207506,0.026888,-0.0133985,-3.23117e-27,0.0275508,0.0292436
0.0133851,-0.00355272,0.0255112,-0.0139437,7.17465e-43,0.027176,0.020732
0,-0.0203281,0.024147,-0.0144615,-1.59309e-58,0.0276591,0.0153873
0,-0.0307967,0.0228119,-0.0149526,3.53737e-74,0.0286558,0.0125566
0,-0.0397602,0.0215055,-0.0154169,-7.85455e-90,0.0298443,0.0103245
0,-0.0389694,0.0202377,-0.0158542,1.74406e-105,0.0311455,0.0120605
0,-0.0409627,0.0189955,-0.0162665,-3.87259e-121,0.032544,0.0126406
0,-0.0403723,0.0177849,-0.0166539,8.59888e-137,0.0340417,0.0144104
0,-0.040032,0.0166026,-0.0170163,-1.90934e-152,0.0356455,0.0161682
0,-0.0419014,0.0154465,-0.0173554,4.23958e-168,0.0373637,0.0171877
0,-0.0420478,0.0143206,-0.0176707,-9.41375e-184,0.0392059,0.0190829
0,-0.0436135,0.0132213,-0.0179639,2.09027e-199,0.0411821,0.0205534
0,-0.0443699,0.0121508,-0.0182349,-4.64134e-215,0.0433035,0.0225523
0,-0.0446098,0.0111086,-0.0184838,1.03058e-230,0.0455816,0.0249432
0,-0.0449749,0.0100936,-0.0187122,-2.28836e-246,0.048029,0.027488
0,-0.0444956,0.00910683,-0.0189197,5.08117e-262,0.0506589,0.0305995
0,-0.0440218,0.00814698,-0.0191077,-1.12825e-277,0.053486,0.0339374
0,-0.0433157,0.00721407,-0.0192764,2.50521e-293,0.0565259,0.0376211
0,-0.0428949,0.00630732,-0.0194258,-5.56268e-309,0.0597956,0.041449
0,-0.0419408,0.00542731,-0.019557,1.89227e-321,0.0633135,0.0457609
0,-0.0408493,0.00457333,-0.0196708,1.89227e-321,0.0670992,0.0503865
0,-0.0414622,0.00374313,-0.0197674,1.89227e-321,0.0711738,0.0545909
0,-0.0416606,0.00293869,-0.0198468,1.89227e-321,0.07556,0.0592355
0,-0.0427658,0.0021583,-0.0199104,1.89227e-321,0.0802823,0.0637398
0,-0.0440089,0.00140245,-0.0199583,1.89227e-321,0.0853671,0.0684011
0,-0.0463347,0.000669852,-0.0199909,1.89227e-321,0.0908426,0.0727909
0,-0.0489234,-3.89473e-05,-0.0200086,1.89227e-321,0.0967394,0.0772012
0,-0.0494627,-0.000721735,-0.0200118,1.89227e-321,0.103156,0.0830954
0,-0.0465179,-0.0013775,-0.0200011,1.89227e-321,0.110145,0.0898077
0,-0.042743,-0.0020093,-0.0199771,1.89227e-321,0.11768,0.0966985
0,-0.0370972,-0.00261636,-0.0199404,1.89227e-321,0.125776,0.104144
0,-0.0301927,-0.00319961,-0.0198917,1.89227e-321,0.134423,0.111806
0.0037058,-0.0221926,-0.00375885,-0.0198313,1.89227e-321,0.143487,0.119555
0.020176,-0.0200247,-0.00429824,-0.0197592,1.89227e-321,0.152583,0.124564
0.0366463,-0.0193563,-0.00480427,-0.0196764,1.89227e-321,0.161361,0.128626
0.0531165,-0.0104381,-0.00584954,-0.0195831,1.89227e-321,0.169707,0.134406
0.0695867,0.00163333,-0.00793118,-0.0194734,-0.0158959,0.177565,0.137031
0.0860569,0.0160569,-0.0120132,-0.0193398,-0.0212656,0.184892,0.141089
0.102527,0.0325272,-0.0175506,-0.0191567,-0.0213218,0.191647,0.146992
0.118997,0.0489974,-0.0230656,-0.0188694,-0.0200107,0.197787,0.153924
-0.111586,-0.145092,-0.0229915,-0.0185183,0.00448394,-0.0437877,-0.076403
-0.090998,-0.107167,-0.0227858,-0.0180796,0.00655549,-0.0390646,-0.0621205
-0.0786453,-0.0877025,-0.0225969,-0.0177382,0.00791583,-0.035116,-0.0543054
-0.0621751,-0.0594382,-0.0223923,-0.0172842,0.0065107,-0.0319439,-0.0434047
-0.0457049,-0.031522,-0.0221813,-0.0168341,-8.45112e-11,-0.0296423,-0.0330711
-0.0292347,-0.00787813,-0.021966,-0.0163882,1.29247e-26,-0.0282757,-0.0246802
-0.0127644,0.0167435,-0.0217355,-0.0159477,-2.86986e-42,-0.0278713,-0.0160265
0,0.0356227,-0.0215005,-0.0155117,6.37237e-58,-0.0283252,-0.00982912
0,0.0521039,-0.02126,-0.0150803,-1.41495e-73,-0.029285,-0.0046137
0,0.0651929,-0.021016,-0.0146536,3.14182e-89,-0.0304372,-0.000811903
0,0.0681522,-0.0207757,-0.0142319,-6.97624e-105,-0.0317046,-0.00110116
0,0.07,-0.0204136,-0.0138149,7.74518e-121,-0.0330724,-5.05962e-05
0,0.07,-0.0199907,-0.0134045,-1.71978e-136,-0.0345424,-0.000669602
0,0.07,-0.0195728,-0.013,3.81867e-152,-0.0361211,-0.00236131
0,0.07,-0.0191156,-0.0126039,-8.47915e-168,-0.0378171,-0.00353176
0,0.07,-0.0186351,-0.0122166,1.88275e-183,-0.0396395,-0.00507359
0,0.07,-0.0181075,-0.0118389,-4.18054e-199,-0.0415985,-0.00641282
0,0.07,-0.017561,-0.0114709,1.34889e-214,-0.0437049,-0.00833299
0,0.07,-0.0169502,-0.0111137,0,-0.0459704,-0.010078
0,0.07,-0.0163233,-0.0107683,0,-0.0484073,-0.0125147
0,0.07,-0.015694,-0.0104349,0,-0.0510289,-0.0153135
0,0.07,-0.0150886,-0.0101141,0,-0.0538497,-0.0186216
0,0.07,-0.0145293,-0.00980566,0,-0.0568855,-0.0224197
0,0.07,-0.0139859,-0.00950892,0,-0.0601531,-0.0261693
0,0.07,-0.0134147,-0.00922322,0,-0.0636708,-0.0297261
0,0.07,-0.0128102,-0.00894865,0,-0.0674584,-0.033471
0,0.07,-0.0121918,-0.00868579,0,-0.0715368,-0.0376547
0,0.07,-0.0115427,-0.00843515,0,-0.075929,-0.04189
0,0.07,-0.0108139,-0.00819716,0,-0.0806593,-0.0458079
0,0.07,-0.00995566,-0.00797286,0,-0.0857542,-0.0493514
0,0.07,-0.00891093,-0.00776431,0,-0.091242,-0.0527773
0,0.07,-0.00773439,-0.0075746,0,-0.0971533,-0.0566767
0,0.07,-0.00651455,-0.00740756,0,-0.103521,-0.0611984
0,0.07,-0.00575843,-0.00726385,0,-0.110023,-0.0670954
0,0.07,-0.00523314,-0.00714036,0,-0.116594,-0.074036
0,0.07,-0.00485225,-0.00702992,0,-0.123601,-0.0805237
0,0.07,-0.00471806,-0.00692869,0,-0.131146,-0.0886198
0,0.0639196,-0.00462601,-0.00683285,0,-0.139194,-0.0975335
-0.0144978,0.0495265,-0.00440941,-0.00673932,0,-0.147414,-0.106708
-0.030171,0.0352624,-0.00380053,-0.00664864,0,-0.15542,-0.114294
-0.0458443,0.0210026,-0.00277256,-0.00656593,0.00122063,-0.163065,-0.121791
-0.0615176,0.00594598,-0.00163485,-0.00649917,0.00766919,-0.170285,-0.12902
-0.0771908,-0.00719083,0.0012628,-0.00645396,0.00849217,-0.177038,-0.134862
-0.0928641,-0.0228641,0.00427852,-0.00644155,0.0082886,-0.183282,-0.143299
-0.108537,-0.0385374,0.0077296,-0.00649394,0.0057246,-0.188976,-0.151462
0.110888,0.118894,0.00764675,-0.00661057,-0.00412779,0.0410234,0.0647965
0.0932559,0.0846311,0.0070922,-0.00678449,-0.00194608,0.0365846,0.051937
0.0795418,0.0644083,0.00651785,-0.00691502,-0.00020615,0.0328432,0.0440041
0.0638686,0.0465896,0.00593247,-0.0070517,-9.67124e-05,0.0298309,0.0373231
0.0481953,0.0223493,0.00547632,-0.00717679,0.00188852,0.0276196,0.0283281
0.032522,0.00245323,0.00504632,-0.00729156,0.00059073,0.0262704,0.0214076
0.0168488,-0.0192966,0.00461404,-0.00739721,-1.45565e-19,0.0258265,0.0138739
0.00117549,-0.0387135,0.00418478,-0.00749425,0,0.026262,0.00745091
0,-0.0480412,0.00377438,-0.00758052,0,0.0272739,0.00513346
0,-0.0607312,0.00337043,-0.00765827,0,0.0285089,0.00141103
0,-0.0648093,0.0029862,-0.0077279,0,0.0298592,0.00127091
0,-0.0674547,0.00261414,-0.00778973,0,0.0313023,0.00167086
0,-0.07,0.002251,-0.00784406,0,0.0328384,0.00217263
0,-0.0681439,0.00190489,-0.00789126,0,0.0344738,0.00460526
0,-0.0696999,0.00156533,-0.00793317,0,0.0362171,0.00571638
0,-0.07,0.00123614,-0.00796634,0,0.038078,0.00751133
0,-0.07,0.000911712,-0.00799304,0,0.0400665,0.00950354
0,-0.07,0.000571171,-0.00801468,0,0.0421939,0.0113634
0,-0.07,0.000264559,-0.00802968,0,0.0444718,0.014149
0,-0.07,-3.06254e-05,-0.00803819,0,0.0469128,0.0168212
0,-0.0699763,-0.000307325,-0.00804068,0,0.0495302,0.0198326
0,-0.0689472,-0.000573623,-0.00803757,0,0.0523383,0.023353
0,-0.068142,-0.000830941,-0.00802757,0,0.0553528,0.0270179
0,-0.0688103,-0.00108073,-0.00801236,0,0.0585906,0.0303568
0,-0.0683749,-0.00132033,-0.00799212,0,0.0620698,0.034424
0,-0.0670469,-0.00155015,-0.00796703,0,0.0658097,0.0390975
0,-0.0664286,-0.00177206,-0.00793729,0,0.0698313,0.0437368
0,-0.066589,-0.00198624,-0.00790307,0,0.0741571,0.0483282
0,-0.0676586,-0.00219295,-0.00786453,0,0.078811,0.0528022
0,-0.0696008,-0.00239225,-0.0078218,0,0.0838192,0.0571479
0,-0.07,-0.0026059,-0.00777505,0,0.0892096,0.0619321
0,-0.07,-0.00290068,-0.00772422,0,0.095012,0.0659894
0,-0.07,-0.00322157,-0.0076693,0,0.101259,0.0708867
0,-0.06895,-0.00337579,-0.00760824,0,0.107749,0.0768946
0,-0.0661893,-0.00352089,-0.00754242,0,0.114451,0.0830645
0,-0.0616104,-0.00365682,-0.0074728,0,0.121619,0.0898054
0,-0.0561837,-0.00378451,-0.00740041,0,0.129329,0.0966561
0,-0.0466704,-0.00389982,-0.00732542,0,0.137553,0.104852
0.011514,-0.0352055,-0.00400548,-0.00724806,0,0.146016,0.113425
0.0273954,-0.0279572,-0.00410755,-0.00716853,0,0.15433,0.11989
0.0432768,-0.0194714,-0.00450952,-0.00708694,0,0.162295,0.125599
0.0591583,-0.0054031,-0.00519813,-0.00699936,-0.00176406,0.169832,0.132904
0.0750397,0.00900009,-0.00616868,-0.00690332,-0.0117957,0.176895,0.137945
0.0909211,0.0235729,-0.00766889,-0.00679111,-0.0120399,0.183444,0.144769
0.106802,0.0368025,-0.0101107,-0.00665648,-0.0106752,0.189435,0.151803
-0.115537,-0.131548,-0.0100361,-0.00648357,0.00362693,-0.043395,-0.0705074
-0.0996558,-0.106122,-0.00988713,-0.00628169,0.00550018,-0.0386519,-0.0607192
-0.0837744,-0.0801113,-0.00971606,-0.00608231,0.00567305,-0.0346073,-0.0503975
-0.067893,-0.0557053,-0.00951219,-0.00588611,0.00510264,-0.0313156,-0.0410697
-0.0520116,-0.0290237,-0.00935951,-0.00569362,1.29046e-11,-0.0288342,-0.0311105
-0.0361302,-0.00528238,-0.00920862,-0.00550468,-1.61559e-27,-0.027221,-0.0226159
-0.0202488,0.0209218,-0.00905091,-0.00531967,3.58732e-43,-0.0265219,-0.0132997
-0.00436739,0.0437007,-0.0088915,-0.00513771,-7.96546e-59,-0.0267248,-0.00555121
0,0.056198,-0.00874056,-0.00495892,1.76869e-74,-0.0275811,-0.00197816
0,0.07,-0.0084974,-0.00478321,-5.4e-90,-0.028738,0.00350191
0,0.07,-0.0082005,-0.0046118,0,-0.0300315,0.00307232
0,0.07,-0.00786912,-0.00444452,0,-0.031424,0.00229008
0,0.07,-0.00744804,-0.00428366,0,-0.0329115,0.00224087
0,0.07,-0.00703998,-0.00413028,0,-0.0344992,0.000591568
0,0.07,-0.00654513,-0.00398499,0,-0.0361951,-1.44974e-05
0,0.07,-0.00599179,-0.00384865,0,-0.0380084,-0.00114962
0,0.07,-0.00539567,-0.00372272,0,-0.0399491,-0.00258647
0,0.07,-0.00476982,-0.00360825,0,-0.0420281,-0.00431746
0,0.07,-0.00413546,-0.00350628,0,-0.0442567,-0.00644725
0,0.07,-0.00348253,-0.0034166,0,-0.0466473,-0.00866876
0,0.07,-0.00282225,-0.00333976,0,-0.0492128,-0.0112405
0,0.07,-0.00215021,-0.00327606,0,-0.0519674,-0.0140655
0,0.07,-0.00145992,-0.003226,0,-0.0549263,-0.0170754
0,0.07,-0.000740285,-0.00318955,0,-0.0581062,-0.0202404
0,0.07,4.17598e-06,-0.00316683,0,-0.0615247,-0.0236796
0,0.07,0.000770273,-0.00315909,0,-0.065201,-0.0273819
0,0.07,0.00155397,-0.00316646,0,-0.0691555,-0.0313466
0,0.07,0.00241216,-0.00318931,0,-0.0734105,-0.0350961
0,0.07,0.00348269,-0.00322811,0,-0.0779895,-0.038004
0,0.07,0.00475077,-0.00328599,0,-0.0829182,-0.0414287
0,0.07,0.00621667,-0.00336705,0,-0.0882239,-0.0449062
0,0.07,0.00794338,-0.00347526,0,-0.0939364,-0.0480276
0,0.07,0.00985469,-0.00361514,0,-0.100087,-0.0515137
0,0.07,0.0114428,-0.00379121,0,-0.106517,-0.0560284
0,0.07,0.0131171,-0.00400259,0,-0.113205,-0.0610834
0,0.07,0.0156641,-0.00424568,0,-0.120367,-0.0666727
0,0.07,0.0199746,-0.00452967,0,-0.128076,-0.0724853
0,0.07,0.025722,-0.00488175,0.0111397,-0.136319,-0.0792274
-0.00762022,0.0623798,0.0362374,-0.00533009,0.0135496,-0.144891,-0.0867911
-0.0236628,0.0463372,0.0527099,-0.00592339,0.0123275,-0.153411,-0.0948952
-0.0397053,0.0302947,0.0729582,-0.00679639,0.0115768,-0.161607,-0.103461
-0.0557479,0.0142521,0.0916314,-0.00803283,0.0125006,-0.169383,-0.112663
-0.0717905,-0.00179047,0.11747,-0.00966005,0.0102731,-0.176688,-0.120344
-0.087833,-0.017833,0.140539,-0.0117123,0.00959495,-0.18348,-0.129331
-0.103876,-0.0338756,0.158965,-0.0142809,0.00858774,-0.189719,-0.13846
-0.119918,-0.0499182,0.272712,-0.0172575,0.00685097,-0.195359,-0.13846
0.104678,0.120841,0.27262,-0.0204368,-0.00498311,0.0453941,0.0682839
0.0794107,0.0821424,0.263041,-0.0254442,-0.00248395,0.0407913,0.0544882
0.0705873,0.0793092,0.25345,-0.0283862,-0.00250772,0.037038,0.0530702
0.05655,0.0678602,0.244165,-0.0329318,-0.00222483,0.0340226,0.0484403
0.0405075,0.0549423,0.235127,-0.0379173,2.02596e-13,0.031842,0.0438079
0.0244649,0.0328702,0.22614,-0.0427192,0.000227441,0.030585,0.0357744
0.00842235,0.0118234,0.216996,-0.047296,2.80478e-21,0.0302668,0.0284753
0,-0.00439502,0.207912,-0.0517365,-3.76158e-37,0.0307122,0.0232313
0,-0.0249139,0.198957,-0.0559492,8.35239e-53,0.0315715,0.0163085
0,-0.0365066,0.190169,-0.0599821,-1.8546e-68,0.0326085,0.0131171
0,-0.0417369,0.181554,-0.0638382,4.11805e-84,0.0337658,0.0124348
0,-0.0474997,0.173105,-0.067521,-9.1439e-100,0.0350333,0.0115566
0,-0.0459585,0.164831,-0.0710338,2.03035e-115,0.0364135,0.0137274
0,-0.0456918,0.156724,-0.07438,-4.50829e-131,0.0379132,0.0154139
0,-0.0460576,0.148782,-0.0775631,1.00104e-146,0.0395401,0.0170165
0,-0.0457055,0.141009,-0.0805864,-2.22276e-162,0.0413033,0.0190781
0,-0.0460545,0.133401,-0.0834533,4.93552e-178,0.0432124,0.0210259
0,-0.04562,0.125961,-0.0861669,-1.0959e-193,0.0452782,0.023489
0,-0.0455717,0.118685,-0.0887308,2.4334e-209,0.0475118,0.0259918
0,-0.0458224,0.111574,-0.0911481,-5.40323e-225,0.0499255,0.0286011
0,-0.0461627,0.104627,-0.0934223,1.19976e-240,0.0525325,0.0314142
0,-0.0445957,0.0978452,-0.0955565,-2.664e-256,0.0553471,0.0352382
0,-0.0436256,0.0912252,-0.0975541,5.91526e-272,0.0583851,0.039053
0,-0.0436062,0.0847656,-0.0994183,-1.31345e-287,0.0616635,0.0427634
0,-0.0433962,0.0784664,-0.101152,2.91645e-303,0.0652005,0.0468338
0,-0.043787,0.0723259,-0.102756,-6.47582e-319,0.0690159,0.0509292
0,-0.0444263,0.066343,-0.10424,-2.91499e-322,0.0731311,0.0551946
0,-0.0453569,0.0605166,-0.105602,-2.91499e-322,0.0775688,0.0595923
0,-0.0461996,0.0548455,-0.106848,-2.91499e-322,0.082354,0.0642508
0,-0.0478057,0.0493276,-0.107979,-2.91499e-322,0.0875132,0.0687917
0,-0.0492799,0.0439623,-0.108998,-2.91499e-322,0.0930752,0.0735426
0,-0.0509501,0.0387478,-0.10991,-2.91499e-322,0.0990709,0.0783062
0,-0.0500824,0.0336854,-0.110716,-2.91499e-322,0.105543,0.0842181
0,-0.0452237,0.0287751,-0.11142,-2.91499e-322,0.11253,0.0915603
0,-0.0388001,0.0240125,-0.112025,-2.91499e-322,0.120055,0.0993499
0,-0.032106,0.0193947,-0.112534,-2.91499e-322,0.128141,0.107028
0,-0.0233578,0.014922,-0.11295,-2.91499e-322,0.136765,0.115252
0.00777144,-0.0134175,0.0105932,-0.113275,-2.91499e-322,0.145714,0.123577
0.0241324,-0.0110288,0.00642149,-0.113513,-2.91499e-322,0.154597,0.128467
0.0404933,-0.0110092,0.00247606,-0.113664,-2.91499e-322,0.163137,0.13209
0.0568542,-0.00678991,-0.00186005,-0.113737,-2.91499e-322,0.171238,0.135778
0.0732152,0.00321515,-0.00790579,-0.11373,-0.0187932,0.178848,0.13594
0.0895761,0.0195761,-0.019054,-0.113654,-0.0176918,0.185925,0.138838
0.105937,0.035937,-0.0325153,-0.113401,-0.0169645,0.192428,0.143783
0.122298,0.0522979,-0.0593283,-0.112899,-0.0164756,0.198311,0.143783
-0.106755,-0.140438,-0.0593442,-0.112248,0.00465362,-0.047219,-0.0762967
-0.0838498,-0.0974036,-0.0608987,-0.111338,0.00690499,-0.0423678,-0.0605753
-0.0740332,-0.0832664,-0.0624684,-0.110638,0.00818788,-0.0383564,-0.0546855
-0.0576723,-0.0588549,-0.0639222,-0.109406,0.0029873,-0.0351336,-0.0451788
-0.0413113,-0.0349837,-0.0652942,-0.108143,2.49686e-11,-0.0328065,-0.0363339
-0.0249504,-0.0101799,-0.0665917,-0.106852,-6.46235e-27,-0.0314373,-0.0273464
-0.00858949,0.0133692,-0.0678497,-0.105528,1.43493e-42,-0.0310336,-0.0190639
0,0.028463,-0.0690443,-0.104178,-3.18618e-58,-0.031414,-0.0142845
0,0.0462172,-0.0701537,-0.102805,7.07475e-74,-0.0322198,-0.00842803
0,0.0570077,-0.0711864,-0.101408,-1.57091e-89,-0.033209,-0.00549603
0,0.060898,-0.0721428,-0.0999906,3.48812e-105,-0.0343225,-0.00531957
0,0.0663622,-0.0730154,-0.0985535,-7.74518e-121,-0.0355494,-0.00452456
0,0.0657401,-0.0738135,-0.0970984,1.71978e-136,-0.0368922,-0.00630968
0,0.0656354,-0.0745344,-0.0956269,-3.81867e-152,-0.038357,-0.00793254
0,0.0652934,-0.0751809,-0.0941406,8.47915e-168,-0.0399517,-0.00980832
0,0.0654765,-0.0757543,-0.0926408,-1.88275e-183,-0.0416849,-0.0116345
0,0.0664848,-0.0762561,-0.0911292,4.18054e-199,-0.0435664,-0.0133173
0,0.067057,-0.0766893,-0.0896071,-9.28267e-215,-0.0456064,-0.0153796
0,0.0681399,-0.0770553,-0.0880759,2.06117e-230,-0.0478162,-0.0174379
0,0.0683132,-0.0773574,-0.086537,-4.57671e-246,-0.0502077,-0.0200879
0,0.0676253,-0.0775977,-0.0849915,1.01623e-261,-0.0527942,-0.0233035
0,0.0662561,-0.0777784,-0.083441,-2.25649e-277,-0.0555898,-0.0270265
0,0.0654526,-0.0779003,-0.0818864,5.01042e-293,-0.0586102,-0.0307722
0,0.0655423,-0.0779646,-0.0803291,-1.11254e-308,-0.0618722,-0.0344364
0,0.0658937,-0.0779737,-0.0787702,-1.2154e-321,-0.0653941,-0.0382797
0,0.0657834,-0.0779301,-0.0772108,-1.2154e-321,-0.0691954,-0.0425796
0,0.0661453,-0.0778349,-0.0756519,-1.2154e-321,-0.0732975,-0.0469442
0,0.0666149,-0.0776899,-0.0740947,-1.2154e-321,-0.0777232,-0.0515182
0,0.0677018,-0.0774966,-0.07254,-1.2154e-321,-0.0824971,-0.0560691
0,0.07,-0.0772497,-0.070989,-1.2154e-321,-0.087646,-0.0602441
0,0.07,-0.0768614,-0.0694425,-1.2154e-321,-0.0931983,-0.0641122
0,0.07,-0.0763695,-0.067901,-1.2154e-321,-0.0991851,-0.0685627
0,0.07,-0.0758571,-0.0663682,-1.2154e-321,-0.105586,-0.073738
0,0.07,-0.0753986,-0.0648454,-1.2154e-321,-0.112421,-0.0803746
0,0.0678098,-0.0749749,-0.0633324,-1.2154e-321,-0.119775,-0.0874715
0,0.0628082,-0.074515,-0.0618282,-1.2154e-321,-0.127683,-0.0944681
0,0.0543259,-0.0740151,-0.0603352,-1.2154e-321,-0.136132,-0.102548
-0.00689959,0.0425669,-0.0734804,-0.0588519,-1.2154e-321,-0.144926,-0.11155
-0.0231339,0.0349851,-0.0729059,-0.0573793,-1.2154e-321,-0.153679,-0.11844
-0.0393683,0.025881,-0.0713952,-0.0559177,-1.2154e-321,-0.162104,-0.123079
-0.0556026,0.0117078,-0.0693079,-0.0544793,0.00549564,-0.1701,-0.130101
-0.0718369,-0.00183693,-0.0662467,-0.0530702,0.0180785,-0.177615,-0.134254
-0.0880713,-0.0180713,-0.0609332,-0.051707,0.0173376,-0.184607,-0.140462
-0.104306,-0.0343056,-0.0543904,-0.0504272,0.0155555,-0.191035,-0.147165
-0.12054,-0.0505399,-0.0481212,-0.0492641,0.0141292,-0.196854,-0.154568
0.106741,0.129332,-0.0482064,-0.0481763,-0.00483577,0.0414959,0.0694999
0.0856361,0.0889242,-0.0481795,-0.0467622,-0.0069367,0.0370889,0.0545973
0.0742721,0.0746314,-0.0481179,-0.0460843,-0.00830476,0.0334524,0.0489321
0.0580377,0.0533027,-0.0480368,-0.0451212,-0.0038395,0.0305782,0.040821
0.0418034,0.0301676,-0.0479311,-0.0441596,2.2966e-11,0.0285663,0.0323734
0.0255691,0.00651247,-0.047798,-0.0431998,-3.23117e-27,0.0274787,0.0239732
0.00933474,-0.0165845,-0.0476337,-0.0422431,7.17465e-43,0.027328,0.0159842
0,-0.0316726,-0.0474339,-0.0412895,-1.59309e-58,0.0279513,0.0113221
0,-0.0491708,-0.0472118,-0.0403396,3.53737e-74,0.0289961,0.0056812
0,-0.0628756,-0.0469617,-0.039394,-7.85455e-90,0.0302101,0.00168652
0,-0.0685243,-0.0466796,-0.0384534,1.74406e-105,0.0315323,0.000949041
0,-0.07,-0.0465059,-0.0375183,-1.9363e-121,0.0329523,-0.00015271
0,-0.07,-0.0463236,-0.0365871,4.29944e-137,0.0344734,0.00112049
0,-0.07,-0.0461394,-0.0356587,-9.54668e-153,0.0361028,0.00243895
0,-0.07,-0.0459592,-0.0347339,2.11979e-168,0.0378492,0.00381835
0,-0.07,-0.0457625,-0.0338129,-4.70687e-184,0.0397221,0.00565751
0,-0.07,-0.0455416,-0.0328955,1.04514e-199,0.0417321,0.00779576
0,-0.07,-0.0452843,-0.0319823,-2.32067e-215,0.0438902,0.0103171
0,-0.07,-0.0449449,-0.0310739,5.15292e-231,0.0462083,0.0137428
0,-0.07,-0.0445086,-0.0301714,-1.14418e-246,0.048699,0.0176498
0,-0.07,-0.0440092,-0.0292767,2.54059e-262,0.051376,0.0213404
0,-0.07,-0.0435352,-0.0283913,-5.64123e-278,0.0542541,0.0239931
0,-0.07,-0.0430947,-0.0275156,1.25261e-293,0.0573494,0.0267676
0,-0.07,-0.0426675,-0.0266488,-2.78134e-309,0.0606791,0.0300956
0,-0.07,-0.0422385,-0.025791,-1.47726e-321,0.0642619,0.0339107
0,-0.07,-0.0418102,-0.0249415,-1.47726e-321,0.0681178,0.0379611
0,-0.07,-0.0414055,-0.0241008,-1.47726e-321,0.0722683,0.0419362
0,-0.07,-0.0410571,-0.0232682,-1.47726e-321,0.0767365,0.0456583
0,-0.07,-0.0407232,-0.0224434,-1.47726e-321,0.0815473,0.0501973
0,-0.07,-0.0404041,-0.0216255,-1.47726e-321,0.0867277,0.0549194
0,-0.07,-0.0401879,-0.0208139,-1.47726e-321,0.0923064,0.0587932
0,-0.07,-0.0400803,-0.0200077,-1.47726e-321,0.0983145,0.0627577
0,-0.07,-0.0399556,-0.019205,-1.47726e-321,0.104723,0.0674243
0,-0.07,-0.0397278,-0.0184046,-1.47726e-321,0.111549,0.0734462
0,-0.07,-0.0393282,-0.0176075,-1.47726e-321,0.118886,0.0807844
0,-0.07,-0.0387993,-0.0168166,-1.47726e-321,0.126774,0.087535
0,-0.0695435,-0.0380451,-0.016035,-1.47726e-321,0.135202,0.0958937
0.00607807,-0.0558278,-0.037478,-0.0152655,-1.47726e-321,0.143991,0.105155
0.0222863,-0.0427069,-0.0374447,-0.0145097,-1.47726e-321,0.15276,0.112613
0.0384945,-0.0311217,-0.0387866,-0.0137604,-0.00495168,0.161205,0.117716
0.0547027,-0.0152973,-0.0401437,-0.0130008,-0.012571,0.169224,0.125833
0.0709108,0.000910846,-0.0435034,-0.0122148,-0.0183521,0.176764,0.131105
0.087119,0.017119,-0.0495482,-0.0113901,-0.0169947,0.183783,0.137128
0.103327,0.0333272,-0.0547219,-0.0104657,-0.0162403,0.190239,0.145589
0.119535,0.0495354,-0.0592813,-0.00943072,-0.0143926,0.19609,0.153616
-0.107379,-0.130748,-0.059197,-0.00833628,0.00485226,-0.0418343,-0.070193
-0.0863086,-0.0908607,-0.0574788,-0.00691351,0.00695935,-0.0373902,-0.0554621
-0.0749629,-0.0740428,-0.055794,-0.00609215,0.00830683,-0.0337131,-0.0487607
-0.0587547,-0.0492251,-0.0541347,-0.00495773,0.00460561,-0.0307948,-0.0392767
-0.0425465,-0.0242207,-0.0524974,-0.00385679,-8.78687e-12,-0.0287349,-0.03012
-0.0263383,0.000956852,-0.0508688,-0.00278883,1.61559e-27,-0.0275962,-0.0211268
-0.0101301,0.0245616,-0.0492059,-0.00176168,-3.58732e-43,-0.027395,-0.0129468
0,0.040612,-0.0475515,-0.000767586,7.96546e-59,-0.027984,-0.00789877
0,0.0588564,-0.0459115,0.00019337,-1.76869e-74,-0.0290127,-0.00196645
0,0.07,-0.0442514,0.00112144,3.43637e-90,-0.0302155,0.00173699
0,0.07,-0.0425045,0.00201643,-4.36015e-106,-0.0315278,0.00210841
0,0.07,-0.0405388,0.00288573,9.68148e-122,-0.0329382,0.00395174
0,0.07,-0.0384837,0.00371813,-2.14972e-137,-0.0344497,0.00376469
0,0.07,-0.036451,0.00451041,4.77334e-153,-0.0360694,0.00232043
0,0.07,-0.0344783,0.00526179,-1.05989e-168,-0.037806,0.000344173
0,0.07,-0.0325911,0.00597306,2.35344e-184,-0.0396689,-0.00206711
0,0.07,-0.030728,0.00664564,-5.22568e-200,-0.0416684,-0.00402216
0,0.07,-0.0288714,0.00728069,1.16033e-215,-0.0438158,-0.00597616
0,0.07,-0.0270127,0.00787854,-2.57646e-231,-0.0461228,-0.00802964
0,0.07,-0.0251992,0.00843924,5.72089e-247,-0.048602,-0.01078
0,0.07,-0.0234409,0.00896318,-1.27029e-262,-0.0512669,-0.0138668
0,0.07,-0.0217329,0.00945133,2.82062e-278,-0.0541323,-0.0171539
0,0.07,-0.0200799,0.00990478,-6.26303e-294,-0.0572142,-0.0207477
0,0.07,-0.0184748,0.0103246,1.39067e-309,-0.0605298,-0.0245339
0,0.07,-0.0169203,0.0107117,-1.68476e-321,-0.0640976,-0.0286139
0,0.07,-0.0153404,0.0110672,-1.68476e-321,-0.0679376,-0.0321628
0,0.07,-0.0137189,0.0113914,-1.68476e-321,-0.0720712,-0.035858
0,0.07,-0.01199,0.0116836,-1.68476e-321,-0.0765214,-0.0393502
0,0.07,-0.0100904,0.0119424,-1.68476e-321,-0.0813131,-0.0425083
0,0.07,-0.00800396,0.0121651,-1.68476e-321,-0.086473,-0.0456347
0,0.07,-0.00558487,0.0123482,-1.68476e-321,-0.0920298,-0.0481885
0,0.07,-0.00283005,0.0124865,-1.68476e-321,-0.0980144,-0.0507387
0,0.07,-8.92649e-05,0.0125734,-1.68476e-321,-0.104349,-0.0540319
0,0.07,0.00313688,0.0126053,-1.68476e-321,-0.111037,-0.0581121
0,0.07,0.00778119,0.0125797,-1.68476e-321,-0.118217,-0.0630944
0,0.07,0.0155793,0.0124775,0.00863684,-0.125943,-0.0674833
0,0.07,0.0280578,0.0122595,0.0208019,-0.134215,-0.0725375
-0.00443282,0.0655672,0.0504006,0.0118668,0.0192354,-0.142887,-0.0790725
-0.0205522,0.0494478,0.0880904,0.0111157,0.0167452,-0.151581,-0.0864146
-0.0366715,0.0333285,0.137974,0.00980616,0.0156756,-0.15997,-0.0948542
-0.0527909,0.0172091,0.170491,0.00762034,0.0178178,-0.167944,-0.1052
-0.0689102,0.00108975,0.215425,0.00458446,0.0155532,-0.175449,-0.113011
-0.0850296,-0.0150296,0.250541,0.000792704,0.0149182,-0.182442,-0.122484
-0.101149,-0.031149,0.278308,-0.00383185,0.0138803,-0.188883,-0.131479
-0.117268,-0.0472683,0.300623,-0.00907869,0.0119058,-0.194729,-0.140422
0.108403,0.160074,0.300776,-0.0146448,-0.00494152,0.0418575,0.0809183
0.0858356,0.117081,0.290409,-0.0224375,-0.00606882,0.0374139,0.0656031
0.076164,0.10919,0.280108,-0.0260355,-0.0061127,0.0337292,0.0623326
0.0600446,0.087899,0.270074,-0.031751,-0.00564456,0.0307733,0.0541248
0.0439252,0.065455,0.260225,-0.0372629,3.19944e-11,0.0286588,0.0459181
0.0278059,0.0407262,0.250494,-0.0425757,-6.46235e-27,0.0274535,0.0370501
0.0116865,0.0156434,0.240585,-0.047644,1.43493e-42,0.0271823,0.0282613
0,-0.00421911,0.230695,-0.0525102,-3.18618e-58,0.0277293,0.0217052
0,-0.0236131,0.220939,-0.0571834,7.07475e-74,0.0287496,0.0153651
0,-0.0381698,0.211352,-0.0616607,-1.57091e-89,0.0299517,0.0110435
0,-0.0473088,0.201947,-0.0659405,3.48812e-105,0.0312641,0.00890842
0,-0.0553561,0.192721,-0.0700358,-7.74518e-121,0.0326739,0.00723223
0,-0.0543926,0.183684,-0.0739456,1.71978e-136,0.0341834,0.00925367
0,-0.055963,0.174825,-0.0776735,-3.81867e-152,0.0357997,0.0102541
0,-0.0561911,0.166148,-0.0812187,8.47915e-168,0.0375312,0.0119708
0,-0.0542679,0.157654,-0.0845894,-1.88275e-183,0.0393877,0.0146812
0,-0.0530068,0.149338,-0.0877935,4.18054e-199,0.0413792,0.0172642
0,-0.0523316,0.1412,-0.090826,-9.28267e-215,0.0435169,0.0198085
0,-0.0522293,0.133241,-0.0936947,2.06117e-230,0.0458126,0.0223325
0,-0.0524828,0.125459,-0.0964073,-4.57671e-246,0.0482787,0.0249368
0,-0.0541147,0.117854,-0.0989632,1.01623e-261,0.0509288,0.0272253
0,-0.0557762,0.110424,-0.101366,-2.25649e-277,0.0537775,0.0297658
0,-0.0576689,0.10317,-0.103619,5.01042e-293,0.0568407,0.0324683
0,-0.0597601,0.0960904,-0.105722,-1.11254e-308,0.0601355,0.0353575
0,-0.0627395,0.0891839,-0.107687,-1.2154e-321,0.0636804,0.0381619
0,-0.0666782,0.0824497,-0.109512,-1.2154e-321,0.067495,0.0408636
0,-0.07,0.0758867,-0.111201,-1.2154e-321,0.0716008,0.0440518
0,-0.07,0.0694062,-0.112758,-1.2154e-321,0.0760206,0.0474655
0,-0.07,0.0630511,-0.114218,-1.2154e-321,0.0807791,0.051744
0,-0.07,0.0568553,-0.115548,-1.2154e-321,0.0859027,0.0567301
0,-0.07,0.0508219,-0.116754,-1.2154e-321,0.0914202,0.0619397
0,-0.07,0.0449535,-0.117834,-1.2154e-321,0.097362,0.0673125
0,-0.07,0.039289,-0.118794,-1.2154e-321,0.103767,0.0733946
0,-0.0699359,0.0339107,-0.119639,-1.2154e-321,0.110672,0.0806952
0,-0.0629449,0.0286956,-0.120377,-1.2154e-321,0.118107,0.0888238
0,-0.0526197,0.0236394,-0.120979,-1.2154e-321,0.126096,0.0979974
0,-0.0398121,0.0187467,-0.121483,-1.2154e-321,0.134634,0.107854
0.00449647,-0.0228048,0.0140216,-0.121884,-1.2154e-321,0.14357,0.11902
0.0208473,-0.0134005,0.00945371,-0.122191,-1.2154e-321,0.15252,0.126694
0.0371981,-0.00872277,0.00511128,-0.122405,-1.2154e-321,0.161153,0.132164
0.0535489,-0.0034523,0.000985844,-0.122531,-1.2154e-321,0.169358,0.13749
0.0698997,0.00389135,-0.00413834,-0.122574,-0.00920024,0.177079,0.139184
0.0862505,0.0162505,-0.0112933,-0.122532,-0.0164863,0.184275,0.142367
0.102601,0.0326013,-0.0211997,-0.122403,-0.0155222,0.190904,0.146995
0.118952,0.0489521,-0.0318903,-0.122092,-0.0142919,0.196923,0.152954
-0.109959,-0.135886,-0.0318084,-0.121668,0.00461371,-0.0429764,-0.0725083
-0.109959,-0.100595,-0.0347032,-0.121668,0.00495316,-0.0381728,-0.0573302
-0.0772575,-0.0787213,-0.0373472,-0.120669,0.00809596,-0.0340977,-0.0504157
-0.0609067,-0.0508982,-0.039948,-0.119951,0.0059263,-0.0309921,-0.0397741
-0.0445559,-0.0239205,-0.0424363,-0.11918,2.36839e-11,-0.0288015,-0.0298517
-0.0282051,0.000781258,-0.0448257,-0.118359,-3.23117e-27,-0.0275502,-0.0210623
-0.0118543,0.0271055,-0.0471888,-0.117477,7.17465e-43,-0.0272518,-0.0117783
0,0.0468969,-0.0494863,-0.116546,-1.59309e-58,-0.0277854,-0.00527197
0,0.0645905,-0.0516858,-0.115569,3.53737e-74,-0.0287995,0.00038741
0,0.07,-0.0535923,-0.114548,-1.17818e-89,-0.0299973,0.00400593
0,0.07,-0.0553999,-0.113488,1.74406e-105,-0.0313064,0.00262418
0,0.07,-0.0569691,-0.112399,-4.5987e-121,-0.0327131,0.00324076
0,0.07,-0.0584468,-0.111277,8.59888e-137,-0.0342198,0.00169877
0,0.07,-0.0598428,-0.110124,-1.90934e-152,-0.0358334,-3.00668e-05
0,0.07,-0.0610637,-0.108943,4.23958e-168,-0.0375626,-0.000900191
0,0.07,-0.0621456,-0.107735,-9.41375e-184,-0.0394167,-0.00226908
0,0.07,-0.0630509,-0.106504,2.09027e-199,-0.0414062,-0.00336837
0,0.07,-0.0638163,-0.105253,-4.64134e-215,-0.043542,-0.00498776
0,0.07,-0.0644612,-0.103985,1.03058e-230,-0.0458358,-0.0070717
0,0.07,-0.0649895,-0.102703,-2.28836e-246,-0.0483003,-0.00941502
0,0.07,-0.0654279,-0.101408,5.08117e-262,-0.0509489,-0.0121585
0,0.07,-0.0657802,-0.100105,-1.12825e-277,-0.0537961,-0.015146
0,0.07,-0.0660543,-0.0987929,2.50521e-293,-0.056858,-0.0184172
0,0.07,-0.0662329,-0.0974748,-5.56268e-309,-0.0601516,-0.0217879
0,0.07,-0.0663525,-0.0961521,1.89227e-321,-0.0636953,-0.0256653
0,0.07,-0.0664027,-0.0948264,1.89227e-321,-0.0675088,-0.0296907
0,0.07,-0.0664157,-0.0934989,1.89227e-321,-0.0716136,-0.0341779
0,0.07,-0.0663195,-0.0921707,1.89227e-321,-0.0760325,-0.0383197
0,0.07,-0.0660671,-0.0908432,1.89227e-321,-0.0807901,-0.0422674
0,0.07,-0.0655763,-0.0895191,1.89227e-321,-0.085913,-0.0457009
0,0.07,-0.064813,-0.0882022,1.89227e-321,-0.0914297,-0.0489997
0,0.07,-0.0637973,-0.0868975,1.89227e-321,-0.0973709,-0.0525723
0,0.07,-0.062543,-0.0856104,1.89227e-321,-0.103769,-0.056215
0,0.07,-0.0618243,-0.0843458,1.89227e-321,-0.110272,-0.0613896
0,0.07,-0.0612022,-0.0831014,1.89227e-321,-0.116802,-0.0666896
0,0.07,-0.0600958,-0.0818705,1.89227e-321,-0.123758,-0.072098
0,0.07,-0.0581981,-0.0806553,1.89227e-321,-0.131249,-0.0783649
0,0.07,-0.0550301,-0.0794695,0.00174233,-0.139238,-0.0851543
-0.0152005,0.0547995,-0.0516005,-0.0783325,0.00918303,-0.147383,-0.093919
-0.0307907,0.0392093,-0.0452478,-0.077261,0.0100259,-0.155297,-0.101778
-0.0463809,0.0236191,-0.0379317,-0.0762767,0.0104152,-0.162848,-0.110784
-0.0619711,0.00802886,-0.0301386,-0.0754375,0.0100349,-0.169976,-0.119404
-0.0775614,-0.00756137,-0.021241,-0.0747491,0.00815202,-0.176639,-0.127388
-0.0931516,-0.0231516,-0.0145641,-0.0742264,0.00810141,-0.182796,-0.136708
-0.108742,-0.0387418,-0.00844782,-0.0738616,0.00585828,-0.188405,-0.145303
0.109521,0.136412,-0.00852707,-0.0735703,-0.00421925,0.0404315,0.0713988
0.0888643,0.0967036,-0.0106745,-0.0731844,-0.00116199,0.0361079,0.0566755
0.0783409,0.0841696,-0.0128012,-0.073062,-0.000577274,0.0324868,0.0516427
0.0627507,0.0616412,-0.0148815,-0.0728293,-2.37549e-05,0.0295553,0.0429873
0.0471604,0.0377779,-0.0167673,-0.0725546,0.00182835,0.0274128,0.0342343
0.0315702,0.0149793,-0.018556,-0.0722409,0.00108679,0.0261272,0.0261645
0.01598,-0.00903212,-0.0203233,-0.0718895,8.89101e-20,0.0257428,0.0177843
0.000389756,-0.0293027,-0.0220559,-0.0715025,-1.20371e-35,0.0262307,0.0110644
0,-0.0423036,-0.0237198,-0.0710717,2.67276e-51,0.0272752,0.00730036
0,-0.0568546,-0.0253175,-0.0706073,-5.93473e-67,0.0285241,0.00289704
0,-0.0622332,-0.0268364,-0.0701106,1.31777e-82,0.0298833,0.00227194
0,-0.0656969,-0.0282839,-0.0695822,-2.92605e-98,0.0313342,0.00237122
0,-0.0684361,-0.0296624,-0.0690252,6.49713e-114,0.0328779,0.00284118
0,-0.0683115,-0.0309709,-0.0684402,-1.44265e-129,0.034521,0.00456597
0,-0.069173,-0.0322157,-0.0678287,3.20333e-145,0.0362723,0.00598855
0,-0.07,-0.0334561,-0.0671918,-7.11283e-161,0.0381414,0.00670583
0,-0.07,-0.0347546,-0.0665301,1.57937e-176,0.0401386,0.00695526
0,-0.07,-0.0360625,-0.0658487,-3.50689e-192,0.0422749,0.00806606
0,-0.07,-0.0374095,-0.0651418,5.84015e-208,0.0445623,0.0091862
0,-0.07,-0.0387257,-0.0644084,-8.64516e-224,0.0470133,0.0114312
0,-0.07,-0.0399917,-0.0636484,1.91961e-239,0.0496411,0.0141115
0,-0.07,-0.0411683,-0.0628625,-4.26239e-255,0.0524603,0.0174499
0,-0.07,-0.0422923,-0.0620521,9.46442e-271,0.0554866,0.0206777
0,-0.07,-0.0434499,-0.0612186,-2.10152e-286,0.0587369,0.0232647
0,-0.07,-0.0446318,-0.0603623,4.66632e-302,0.0622294,0.0261832
0,-0.07,-0.0457967,-0.0594827,-5.18065e-318,0.0659835,0.0298218
0,-0.07,-0.0469177,-0.0585796,2.05037e-321,0.0700203,0.0339856
0,-0.07,-0.0479849,-0.0576535,2.05037e-321,0.0743623,0.0384546
0,-0.07,-0.0489872,-0.0567056,2.05037e-321,0.0790337,0.0432339
0,-0.07,-0.0499636,-0.0557369,2.05037e-321,0.0840605,0.0478651
0,-0.07,-0.0508603,-0.0547483,2.05037e-321,0.0894708,0.0532093
0,-0.07,-0.0517057,-0.053741,2.05037e-321,0.0952947,0.0583805
0,-0.07,-0.0524547,-0.0527162,2.05037e-321,0.101564,0.064072
0,-0.07,-0.0528035,-0.0516749,2.05037e-321,0.108075,0.0710591
0,-0.07,-0.0529521,-0.0506227,2.05037e-321,0.114791,0.078429
0,-0.07,-0.0528622,-0.0495652,2.05037e-321,0.121974,0.0862939
0,-0.0616567,-0.0527002,-0.048507,2.05037e-321,0.129699,0.0947545
0,-0.0503013,-0.0525009,-0.0474512,2.05037e-321,0.137935,0.10362
0.0122986,-0.0363391,-0.0522672,-0.0464,2.05037e-321,0.146392,0.113137
0.0281678,-0.02896,-0.0520109,-0.0453534,2.05037e-321,0.15468,0.11959
0.044037,-0.0193153,-0.0520768,-0.0443116,2.05037e-321,0.162614,0.125608
0.0599063,-0.00533535,-0.0525227,-0.0432705,-0.00286928,0.170117,0.132237
0.0757755,0.00832268,-0.0534665,-0.0422254,-0.0126212,0.177146,0.136576
0.0916447,0.0219913,-0.0553928,-0.0411679,-0.0119152,0.183658,0.143738
0.107514,0.0375139,-0.0580604,-0.0400831,-0.010553,0.189612,0.15097
-0.114655,-0.131976,-0.0579873,-0.0389526,0.00378739,-0.0430747,-0.0706394
-0.0987858,-0.105094,-0.0572927,-0.0377916,0.00564099,-0.0383723,-0.0602723
-0.0829166,-0.0793462,-0.056568,-0.0366381,0.00562291,-0.0343703,-0.0500984
-0.0670474,-0.0536013,-0.055797,-0.0354987,0.00483617,-0.031123,-0.0402503
-0.0511782,-0.0280179,-0.055075,-0.0343743,-2.03331e-11,-0.0286882,-0.0307658
-0.035309,-0.0047899,-0.0543464,-0.0332649,3.23117e-27,-0.0271235,-0.0224724
-0.0194398,0.0214825,-0.0535879,-0.0321736,-7.17465e-43,-0.0264741,-0.0131316
-0.00357057,0.04319,-0.0528033,-0.0310977,1.59309e-58,-0.0267242,-0.00582015
0,0.056242,-0.0520126,-0.0300373,-3.53737e-74,-0.0276105,-0.00201534
0,0.07,-0.051139,-0.0289923,8.83637e-90,-0.0287791,0.00317032
0,0.07,-0.0502041,-0.0279643,-1.74406e-105,-0.0300796,0.00271122
0,0.07,-0.049192,-0.0269499,3.87259e-121,-0.0314781,0.00245073
0,0.07,-0.0481014,-0.0259554,-8.59888e-137,-0.0329716,0.00215098
0,0.07,-0.0469662,-0.0249819,1.90934e-152,-0.0345656,0.00116192
0,0.07,-0.04574,-0.0240301,-4.23958e-168,-0.036268,0.000446795
0,0.07,-0.0444724,-0.0231018,9.41375e-184,-0.0380883,-0.000897781
0,0.07,-0.0431209,-0.0221984,-2.09027e-199,-0.0400365,-0.00193413
0,0.07,-0.0417037,-0.0213218,6.38184e-215,-0.0421233,-0.00335112
0,0.07,-0.0401942,-0.0204722,0,-0.0443603,-0.0049276
0,0.07,-0.0386539,-0.0196524,0,-0.0467599,-0.00714637
0,0.07,-0.037127,-0.0188632,0,-0.049335,-0.00990235
0,0.07,-0.0356364,-0.0181046,0,-0.0520999,-0.013059
0,0.07,-0.0341287,-0.0173762,0,-0.0550698,-0.016053
0,0.07,-0.0325831,-0.0166771,0,-0.0582615,-0.0191238
0,0.07,-0.0309999,-0.0160092,0,-0.0616927,-0.0224306
0,0.07,-0.0293547,-0.0153726,0,-0.0653826,-0.0257826
0,0.07,-0.0276408,-0.0147682,0,-0.0693518,-0.0294296
0,0.07,-0.0258205,-0.0141965,0,-0.0736224,-0.0330584
0,0.07,-0.0238111,-0.013661,0,-0.0782183,-0.0363659
0,0.07,-0.0216122,-0.0131627,0,-0.0831652,-0.0397684
0,0.07,-0.0190949,-0.0127063,0,-0.0884905,-0.0424904
0,0.07,-0.016175,-0.0122967,0,-0.094224,-0.0450711
0,0.07,-0.0129724,-0.011941,0,-0.100397,-0.048095
0,0.07,-0.010081,-0.011648,0,-0.106819,-0.0521123
0,0.07,-0.00617274,-0.0114145,0,-0.113459,-0.0569527
0,0.07,-0.000443433,-0.0112461,0,-0.120565,-0.0623321
0,0.07,0.00810772,-0.0111743,0.0143352,-0.128215,-0.0671425
0,0.07,0.0231371,-0.0112381,0.0177418,-0.136399,-0.0733372
-0.00760132,0.0623987,0.0456043,-0.0115129,0.0168593,-0.144915,-0.080791
-0.0236041,0.0463959,0.0752871,-0.0121779,0.0160366,-0.15338,-0.0891176
-0.0396069,0.0303931,0.112724,-0.0133423,0.0150142,-0.161525,-0.0975856
-0.0556096,0.0143904,0.144721,-0.0151662,0.0157538,-0.169252,-0.107001
-0.0716124,-0.0016124,0.18694,-0.0177087,0.0136395,-0.176512,-0.114938
-0.0876152,-0.0176152,0.223044,-0.020962,0.0132999,-0.183262,-0.123675
-0.103618,-0.0336179,0.251572,-0.0250257,0.01226,-0.189461,-0.132577
-0.119621,-0.0496207,0.548287,-0.0297433,0.0101408,-0.195065,-0.132577
0.104418,0.148166,0.548409,-0.0347748,-0.00527996,0.0450913,0.0783327
0.0776134,0.105138,0.529603,-0.0432025,-0.00499479,0.0405423,0.0633924
0.0684118,0.0971554,0.510726,-0.0493607,-0.00486894,0.0368707,0.0600756
0.0564098,0.0857753,0.492348,-0.0572293,-0.00348147,0.0339173,0.0553842
0.040407,0.0695536,0.474459,-0.0672784,1.48681e-11,0.0317619,0.0494326
0.0244042,0.0453618,0.456671,-0.0769644,-3.23117e-27,0.0305185,0.0406028
0.00840145,0.0225609,0.438553,-0.0862045,7.17465e-43,0.0302086,0.0326346
0,0.00440042,0.420538,-0.0950843,-1.59309e-58,0.0306597,0.0266405
0,-0.0151633,0.402778,-0.103603,3.53737e-74,0.0315231,0.020127
0,-0.0260371,0.385333,-0.111765,-7.85455e-90,0.0325637,0.0172062
0,-0.0336954,0.368214,-0.119577,1.74406e-105,0.0337243,0.0155416
0,-0.037995,0.351427,-0.127044,-3.87259e-121,0.0349947,0.0152828
0,-0.0361032,0.334973,-0.134173,8.59888e-137,0.0363778,0.0175692
0,-0.0342016,0.318848,-0.140971,-1.90934e-152,0.03788,0.019901
0,-0.0316066,0.303051,-0.147445,4.23958e-168,0.0395094,0.0226586
0,-0.0305417,0.287581,-0.153601,-9.41375e-184,0.0412748,0.0249574
0,-0.0315697,0.272435,-0.159445,2.09027e-199,0.043186,0.026621
0,-0.0309135,0.257616,-0.164985,-4.64134e-215,0.0452537,0.029181
0,-0.0312552,0.243122,-0.170226,1.03058e-230,0.0474891,0.0315225
0,-0.0332703,0.228951,-0.175175,-2.28836e-246,0.0499044,0.0334313
0,-0.0358701,0.215101,-0.179839,5.08117e-262,0.0525129,0.0353672
0,-0.0387764,0.201572,-0.184224,-1.12825e-277,0.055329,0.0374376
0,-0.0420569,0.188362,-0.188337,2.50521e-293,0.0583683,0.0396218
0,-0.0457336,0.17547,-0.192183,-5.56268e-309,0.0616479,0.0419195
0,-0.0500645,0.162892,-0.19577,1.89227e-321,0.065186,0.0442315
0,-0.0546321,0.150628,-0.199104,1.89227e-321,0.0690025,0.0467268
0,-0.0595154,0.138675,-0.20219,1.89227e-321,0.0731186,0.0493598
0,-0.0633495,0.127034,-0.205035,1.89227e-321,0.0775573,0.0526612
0,-0.0664548,0.115702,-0.207645,1.89227e-321,0.0823433,0.056459
0,-0.0697523,0.104676,-0.210027,1.89227e-321,0.0875033,0.0603573
0,-0.07,0.0938775,-0.212187,1.89227e-321,0.093066,0.0644513
0,-0.07,0.0833308,-0.214129,1.89227e-321,0.0990624,0.0691182
0,-0.07,0.073132,-0.215912,1.89227e-321,0.105487,0.0749813
0,-0.0696847,0.0633027,-0.217487,1.89227e-321,0.112365,0.0816269
0,-0.0637506,0.0537642,-0.218861,1.89227e-321,0.119765,0.0892366
0,-0.0555036,0.0445155,-0.219994,1.89227e-321,0.127721,0.0974953
0,-0.041528,0.0355777,-0.220939,1.89227e-321,0.136218,0.107741
0.00691753,-0.0274755,0.0269322,-0.221705,1.89227e-321,0.14506,0.117595
0.0231941,-0.0185222,0.0186062,-0.222295,1.89227e-321,0.15386,0.125016
0.0394706,-0.0132253,0.0106931,-0.222717,1.89227e-321,0.162328,0.130624
0.0557472,-0.00423358,0.0029724,-0.222978,1.89227e-321,0.170366,0.136883
0.0720237,0.00579402,-0.00544698,-0.223088,-0.00952083,0.17792,0.139767
0.0883003,0.0195791,-0.0143511,-0.223084,-0.01612,0.184948,0.14509
0.104577,0.0345768,-0.025056,-0.222918,-0.0148215,0.19141,0.15069
0.120853,0.0508533,-0.0360172,-0.222545,-0.0135356,0.197261,0.157312
-0.107018,-0.122941,-0.0359248,-0.222044,0.00492081,-0.0416946,-0.0670536
-0.0887072,-0.0909501,-0.0417722,-0.22148,0.00679547,-0.0372314,-0.0553128
-0.0744652,-0.0684856,-0.0474841,-0.220819,0.00841137,-0.033535,-0.0465089
-0.0581886,-0.0417958,-0.0529565,-0.219932,0.00395534,-0.0306358,-0.0363807
-0.0419121,-0.0150099,-0.0582028,-0.218933,-6.61363e-11,-0.0286097,-0.0265572
-0.0256356,0.00798524,-0.063283,-0.217827,1.29247e-26,-0.0275129,-0.0184767
-0.00935901,0.034496,-0.0683299,-0.216592,-2.86986e-42,-0.0273565,-0.00911525
0,0.0501806,-0.0732396,-0.215255,6.37237e-58,-0.0279765,-0.0042682
0,0.0675396,-0.0779525,-0.21382,-1.41495e-73,-0.0290191,0.00130702
0,0.07,-0.0822373,-0.212287,1.57091e-89,-0.0302313,0.00422603
0,0.07,-0.0862684,-0.210668,-3.48812e-105,-0.0315519,0.00361292
0,0.07,-0.0899282,-0.208987,3.87259e-121,-0.0329706,0.00422375
0,0.07,-0.0934727,-0.207228,-8.59888e-137,-0.0344903,0.00191219
0,0.07,-0.0968484,-0.205398,1.90934e-152,-0.0361185,0.000125235
0,0.07,-0.100061,-0.203496,-4.23958e-168,-0.0378637,-0.00184799
0,0.07,-0.103118,-0.20153,9.41375e-184,-0.0397357,-0.00403147
0,0.07,-0.10602,-0.1995,-2.09027e-199,-0.0417446,-0.00634782
0,0.07,-0.108769,-0.19741,4.64134e-215,-0.0439018,-0.00888924
0,0.07,-0.11138,-0.195265,-1.03058e-230,-0.0462191,-0.0118192
0,0.07,-0.113865,-0.193065,2.28836e-246,-0.048709,-0.0150892
0,0.07,-0.116214,-0.190814,-5.08117e-262,-0.0513853,-0.0184027
0,0.07,-0.118428,-0.188515,1.12825e-277,-0.0542627,-0.0219486
0,0.07,-0.120512,-0.186171,-2.50521e-293,-0.0573574,-0.0257767
0,0.07,-0.122473,-0.183784,5.56268e-309,-0.0606866,-0.0299296
0,0.07,-0.124295,-0.181355,-1.89227e-321,-0.0642688,-0.0340468
0,0.07,-0.125976,-0.178889,-1.89227e-321,-0.0681242,-0.0383941
0,0.07,-0.127455,-0.176387,-1.89227e-321,-0.0722742,-0.0420022
0,0.07,-0.128764,-0.173854,-1.89227e-321,-0.076742,-0.0462849
0,0.07,-0.129887,-0.171294,-1.89227e-321,-0.0815524,-0.0504585
0,0.07,-0.130816,-0.168708,-1.89227e-321,-0.0867324,-0.054632
0,0.07,-0.131488,-0.166102,-1.89227e-321,-0.0923108,-0.058432
0,0.07,-0.131934,-0.16348,-1.89227e-321,-0.0983186,-0.0625513
0,0.07,-0.132285,-0.160846,-1.89227e-321,-0.104728,-0.0674034
0,0.07,-0.132604,-0.158204,-1.89227e-321,-0.111558,-0.07329
0,0.07,-0.13292,-0.155555,-1.89227e-321,-0.118898,-0.0800415
0,0.07,-0.133225,-0.152901,-1.89227e-321,-0.12679,-0.0867582
0,0.07,-0.133491,-0.150239,-1.89227e-321,-0.135222,-0.0945822
-0.00607975,0.0580066,-0.133391,-0.147573,-1.89227e-321,-0.144016,-0.103491
-0.0222924,0.0431137,-0.132788,-0.144904,-1.89227e-321,-0.152789,-0.112254
-0.0385051,0.0313642,-0.130722,-0.142241,0.00558801,-0.161238,-0.117573
-0.0547177,0.0152823,-0.128522,-0.139602,0.0135682,-0.169261,-0.125525
-0.0709304,-0.000930403,-0.122682,-0.137004,0.0181708,-0.176804,-0.129684
-0.0871431,-0.0171431,-0.114336,-0.134475,0.0172684,-0.183826,-0.135611
-0.103356,-0.0333557,-0.105402,-0.132096,0.0156474,-0.190286,-0.142901
-0.119568,-0.0495684,-0.0967799,-0.12989,0.0136675,-0.196139,-0.150664
0.107409,0.137167,-0.0968574,-0.127782,-0.00468079,0.0418495,0.0726965
0.0859271,0.0962353,-0.0977343,-0.124988,-0.00682338,0.0374074,0.0574931
0.0749836,0.0807403,-0.0985629,-0.123674,-0.00813419,0.0337336,0.0512988
0.0587709,0.0586415,-0.0993049,-0.121712,-0.00443527,0.0308144,0.0428796
0.0425582,0.0364057,-0.0999641,-0.119734,1.87522e-11,0.0287526,0.0347864
0.0263456,0.0134435,-0.100543,-0.117742,-3.23117e-27,0.0276121,0.0266351
0.0101329,-0.00979974,-0.101059,-0.115735,7.17465e-43,0.0274095,0.0185654
0,-0.0260895,-0.101492,-0.113717,-1.59309e-58,0.0279973,0.0134163
0,-0.0408554,-0.101845,-0.11169,3.53737e-74,0.029025,0.00887653
0,-0.0541884,-0.102116,-0.109655,-7.85455e-90,0.0302269,0.00498042
0,-0.0598138,-0.102302,-0.107614,1.74406e-105,0.0315383,0.00423843
0,-0.066038,-0.102412,-0.105569,-3.87259e-121,0.0329478,0.00324466
0,-0.0684337,-0.102443,-0.103522,8.59888e-137,0.0344579,0.00390589
0,-0.0684123,-0.102401,-0.101473,-1.90934e-152,0.0360756,0.00560338
0,-0.07,-0.102301,-0.0994247,4.23958e-168,0.0378096,0.00664626
0,-0.07,-0.102201,-0.0973781,-9.41375e-184,0.0396694,0.00761641
0,-0.07,-0.102118,-0.095333,2.09027e-199,0.0416654,0.00848774
0,-0.07,-0.102045,-0.0932893,-4.64134e-215,0.0438088,0.00965556
0,-0.07,-0.101938,-0.0912472,1.03058e-230,0.0461116,0.0116826
0,-0.07,-0.101741,-0.0892066,-2.28836e-246,0.0485866,0.0147594
0,-0.07,-0.101457,-0.0871686,5.08117e-262,0.0512476,0.0181027
0,-0.07,-0.101087,-0.0851346,-1.12825e-277,0.0541095,0.021718
0,-0.07,-0.100634,-0.0831069,2.50521e-293,0.0571883,0.0255879
0,-0.07,-0.100136,-0.0810346,-5.56268e-309,0.0605057,0.0292341
0,-0.07,-0.0996086,-0.0790728,1.89227e-321,0.0640765,0.032867
0,-0.07,-0.0990121,-0.0770706,1.89227e-321,0.0679149,0.0374166
0,-0.07,-0.0982176,-0.0747796,1.89227e-321,0.0720806,0.0444322
0,-0.0500116,-0.0973974,-0.0747796,1.89227e-321,0.0763656,0.055013
0,-0.0672471,-0.0965496,-0.0689499,1.89227e-321,0.0812193,0.0578903
0,-0.07,-0.0956441,-0.0672023,1.89227e-321,0.0870098,0.0609944
0,-0.07,-0.0948003,-0.0652795,1.89227e-321,0.0933167,0.0651445
0,-0.07,-0.093921,-0.0633704,1.89227e-321,0.100308,0.0721132
0,-0.07,-0.0929221,-0.0614783,1.89227e-321,0.108062,0.0790689
0,-0.0493911,-0.091671,-0.0580502,1.89227e-321,0.116749,0.0952292
0.00367608,-0.0235656,-0.0903639,-0.0554019,1.89227e-321,0.126466,0.110506
0.0159297,-0.018151,-0.0890948,-0.0540295,1.89227e-321,0.136478,0.117108
0.0322678,-0.0150442,-0.0878086,-0.052233,1.89227e-321,0.146172,0.122599
0.0486059,-0.0105194,-0.0868802,-0.0504627,-0.00013965,0.155394,0.127973
0.0649441,-0.000847516,-0.0868871,-0.0487139,-0.015049,0.164084,0.131263
0.0812822,0.0112822,-0.0900057,-0.0469763,-0.0185304,0.1722,0.135485
0.0976203,0.0276203,-0.0933115,-0.0452339,-0.0207787,0.179706,0.142113
0.113958,0.0439585,-0.0973719,-0.0434239,-0.0180198,0.186565,0.148894
-0.114775,-0.151597,-0.0975366,-0.0415576,0.00367344,-0.0523388,-0.0815589
-0.0861836,-0.124095,-0.09599,-0.0382917,0.00647862,-0.0470366,-0.0717035
-0.0608595,-0.0947782,-0.0941592,-0.0352702,0.00523501,-0.0428427,-0.0620449
-0.0277748,-0.0464199,-0.0921395,-0.0313819,-1.42507e-10,-0.0400931,-0.0448488
-0.0130705,-0.0193655,-0.090021,-0.0296861,2.58494e-26,-0.0387593,-0.0351271
-0.000408453,-0.00515202,-0.0879161,-0.0282664,-5.73972e-42,-0.038393,-0.0303289
0,0.0111547,-0.085817,-0.026485,1.27447e-57,-0.0385946,-0.0247468
0,0.0284509,-0.0837251,-0.0247455,-2.8299e-73,-0.0390498,-0.0189226
0,0.035532,-0.0816285,-0.0221281,6.28364e-89,-0.0397087,-0.0176957
0,0.0443547,-0.0795495,-0.0207875,-1.39525e-104,-0.0405467,-0.0152851
0,0.0483327,-0.0775085,-0.0196855,3.09807e-120,-0.0414954,-0.0148189
0,0.053721,-0.0754827,-0.0181088,-6.87911e-136,-0.0425561,-0.0140866
0,0.0596772,-0.0734724,-0.0165637,1.52747e-151,-0.0437611,-0.0133064
0,0.0621758,-0.0714827,-0.0150631,-3.39166e-167,-0.045124,-0.0140855
0,0.0645696,-0.0694871,-0.0128221,7.531e-183,-0.0467125,-0.0157061
0,0.0642586,-0.0675584,-0.0128221,-1.67222e-198,-0.0484365,-0.016728
0,0.07,-0.0655645,-0.0105894,1.85653e-214,-0.0502869,-0.0165946
0,0.07,-0.063462,-0.00938535,-4.12234e-230,-0.0523762,-0.0170277
0,0.07,-0.0611222,-0.00808352,9.15342e-246,-0.0546704,-0.016391
