0.00983873,-0.00884942,-1.98329e-05,0,0,0.00983508,0.00308948
0.00983873,-0.0100141,-2.09729e-05,-1.98329e-07,0,0.0098267,0.00290333
0.00983873,-0.0109492,-2.18521e-05,-6.12087e-07,0,0.00981703,0.00254009
0.00983873,-0.0114165,-2.22187e-05,-1.04473e-06,0,0.00980693,0.00235976
0.00983873,-0.0120863,-2.27863e-05,-1.48727e-06,0,0.00979658,0.0020911
0.00983873,-0.0116491,-2.21636e-05,-1.94016e-06,0,0.00978598,0.00226719
0.00983873,-0.0112645,-2.15875e-05,-2.38655e-06,0,0.00977509,0.00240488
0.00983873,-0.0101242,-2.02e-05,-2.82118e-06,0,0.00976385,0.00284464
0.00983873,-0.00867667,-1.84817e-05,-3.23212e-06,0,0.0097522,0.00339497
0.00983873,-0.00676915,-1.62728e-05,-3.61034e-06,0,0.00974008,0.00412368
0.00983873,-0.00543572,-1.46745e-05,-3.94684e-06,0,0.00972742,0.00461552
0.00983873,-0.00288889,-1.17876e-05,-4.24832e-06,0,0.00971414,0.00559992
0.00983873,-0.00101067,-9.61727e-06,-4.49851e-06,0,0.00970018,0.00629802
0.00983873,0.000591503,-7.74495e-06,-4.70171e-06,0,0.00968545,0.00689533
0.00983873,0.00374932,-4.22583e-06,-4.86597e-06,0,0.00966988,0.00811707
0.00983873,0.00499893,-2.74601e-06,-4.96808e-06,0,0.00965338,0.00855211
0.00983873,0.00816312,7.60617e-07,-5.0304e-06,0,0.00963585,0.00977972
0.00983873,0.0113637,4.29003e-06,-5.03272e-06,0,0.0096172,0.0109914
0.00983873,0.0135785,6.75496e-06,-4.96457e-06,0,0.00959732,0.0118075
0.00983873,0.0157999,9.21237e-06,-4.84179e-06,0,0.0095761,0.0126401
0.00983873,0.0177854,1.14035e-05,-4.66983e-06,0,0.00955344,0.0133767
0.00983873,0.0199737,1.37944e-05,-4.45272e-06,0,0.00952919,0.0141963
0.00983873,0.0207385,1.46567e-05,-4.18878e-06,0,0.00950323,0.0144425
0.00983873,0.0217446,1.57637e-05,-3.89996e-06,0,0.00947541,0.0148048
0.00983873,0.0222497,1.63262e-05,-3.59022e-06,0,0.00944557,0.0149612
0.00983873,0.0217009,1.57594e-05,-3.26651e-06,0,0.00941356,0.014702
0.00983873,0.0225065,1.66255e-05,-2.94849e-06,0,0.00937919,0.0149971
0.00983873,0.0221396,1.62358e-05,-2.62031e-06,0,0.00934227,0.0148003
0.00983873,0.0210684,1.50928e-05,-2.29365e-06,0,0.0093026,0.0143371
0.00983873,0.0199992,1.39506e-05,-1.98608e-06,0,0.00925995,0.013882
0.00983873,0.0187153,1.25799e-05,-1.70135e-06,0,0.0092141,0.0133374
0.00983873,0.0178098,1.16125e-05,-1.4429e-06,0,0.00916478,0.0129431
0.00983873,0.0172872,1.10523e-05,-1.20581e-06,0,0.00911172,0.0126915
0.00983873,0.0166095,1.03268e-05,-9.81966e-07,0,0.00905463,0.0123675
0.00983873,0.0156846,9.33965e-06,-7.71803e-07,0,0.00899319,0.0119422
0.00983873,0.0143476,7.91747e-06,-5.80074e-07,0,0.00892706,0.0113509
0.00983873,0.013181,6.68151e-06,-4.14614e-07,0,0.00885587,0.0108286
0.00983873,0.0117948,5.21761e-06,-2.74804e-07,0,0.00877922,0.0102104
0.00983873,0.0109826,4.37018e-06,-1.63132e-07,0,0.00869669,0.00981894
0.00983873,0.0107218,4.11336e-06,-7.14915e-08,0,0.00860781,0.00963311
0.00983873,0.0101736,3.55425e-06,1.20598e-08,0,0.00851211,0.00931834
0.00983873,0.00989107,3.28164e-06,8.59403e-08,0,0.00840903,0.00910846
0.00983873,0.0097757,3.18992e-06,1.52936e-07,0,0.00829802,0.00895595
0.00983873,0.00902777,2.4293e-06,2.17193e-07,0,0.00817845,0.00854338
0.00983873,0.00842956,1.83341e-06,2.69582e-07,0,0.00804966,0.00819587
0.00983873,0.0076876,1.09025e-06,3.0923e-07,0,0.00791093,0.00778488
0.00983873,0.00730385,7.33669e-07,3.34751e-07,0,0.00776154,0.00751603
0.00983873,0.00773523,1.24729e-06,3.51207e-07,0,0.00760074,0.00756484
0.00983873,0.00811946,1.71169e-06,3.73585e-07,0,0.00742803,0.0075808
0.00983873,0.0086108,2.29047e-06,4.05496e-07,0,0.00724395,0.00763945
0.00964688,0.00835596,2.07673e-06,4.48412e-07,0,0.00705317,0.00739839
0.0094501,0.00784519,1.59418e-06,4.91015e-07,0,0.00686092,0.00706686
0.00925333,0.00763794,1.43796e-06,5.25312e-07,0,0.00666868,0.00686087
0.00905655,0.00712534,9.60286e-07,5.54852e-07,0,0.00647686,0.00652879
0.00885978,0.00735038,1.26989e-06,5.76446e-07,0,0.00628557,0.00649643
0.008663,0.00742367,1.41902e-06,6.00296e-07,0,0.00609489,0.00639273
0.00846623,0.00689788,9.33161e-07,6.2793e-07,0,0.00590484,0.00605275
0.00826945,0.00659739,6.90229e-07,6.49023e-07,0,0.00571546,0.00581253
0.00807268,0.00623184,3.80964e-07,6.64042e-07,0,0.00552681,0.00554355
0.0078759,0.00577055,-2.69157e-08,6.73208e-07,0,0.00533892,0.00523806
0.00767913,0.00588502,1.7998e-07,6.74709e-07,0,0.00515184,0.00516468
0.00748236,0.00550907,-1.33053e-07,6.77274e-07,0,0.00496562,0.00488749
0.00728558,0.0045528,-1.05935e-06,6.76178e-07,0,0.00478033,0.00438699
0.00708881,0.00374042,-1.82719e-06,6.59623e-07,0,0.00459602,0.00395378
0.00689203,0.00336318,-2.12775e-06,6.26918e-07,0,0.00441277,0.00369311
0.00669526,0.0023506,-3.09941e-06,5.85866e-07,0,0.00423064,0.00317321
0.00649848,0.00257194,-2.75454e-06,5.28736e-07,0,0.00404973,0.00315689
0.00630171,0.00245225,-2.77094e-06,4.71921e-07,0,0.00387012,0.00298678
0.00610493,0.00246748,-2.642e-06,4.16584e-07,0,0.0036919,0.00287716
0.00590816,0.002534,-2.45736e-06,3.63099e-07,0,0.00351518,0.00278746
0.00571138,0.00244382,-2.43832e-06,3.13029e-07,0,0.00334006,0.00263605
0.00551461,0.00136834,-3.46412e-06,2.64167e-07,0,0.00316667,0.00209544
0.00531783,0.000828973,-3.91488e-06,2.00014e-07,0,0.00299514,0.00178592
0.00512106,0.000241575,-4.41301e-06,1.2397e-07,0,0.0028256,0.00145115
0.00492429,0.000311978,-4.20885e-06,3.82005e-08,0,0.00265822,0.00138207
0.00472751,1.04165e-05,-4.39881e-06,-4.69973e-08,0,0.00249314,0.00115695
0.00453074,-0.000253456,-4.54644e-06,-1.34024e-07,0,0.00233055,0.000955342
0.00433396,-0.000141545,-4.29307e-06,-2.24214e-07,0,0.00217063,0.000906217
0.00413719,-0.000491207,-4.52964e-06,-3.11343e-07,0,0.0020136,0.000670332
0.00394041,-0.000753013,-4.67088e-06,-4.00753e-07,0,0.00185966,0.000480165
0.00374364,-0.000890841,-4.67892e-06,-4.93464e-07,0,0.00170907,0.000342015
0.00354686,-0.00122386,-4.89331e-06,-5.87002e-07,0,0.00156207,0.000128199
0.00335009,-0.00198169,-5.55705e-06,-6.83796e-07,0,0.00141894,-0.000247769
0.00315331,-0.00232675,-5.77887e-06,-7.91619e-07,0,0.00127999,-0.000447652
0.00295654,-0.00260298,-5.92576e-06,-9.06087e-07,0,0.00114552,-0.000621318
0.00275976,-0.00339199,-6.61557e-06,-1.02387e-06,0,0.00101589,-0.000995437
0.00256299,-0.00384867,-6.94868e-06,-1.15273e-06,0,0.000891478,-0.00122345
0.00236622,-0.00401594,-6.97204e-06,-1.29004e-06,0,0.000772673,-0.00133525
0.00216944,-0.00438862,-7.21242e-06,-1.42936e-06,0,0.000659915,-0.00152761
0.00197267,-0.00436344,-7.02845e-06,-1.57241e-06,0,0.00055367,-0.00155204
0.00177589,-0.005506,-8.08429e-06,-1.7139e-06,0,0.000454441,-0.0020429
0.00157912,-0.00602851,-8.47642e-06,-1.8703e-06,0,0.000362771,-0.00226254
0.00138234,-0.0064788,-8.78902e-06,-2.03787e-06,0,0.000279244,-0.00245735
0.00118557,-0.00698053,-9.1537e-06,-2.21209e-06,0,0.000204489,-0.00266866
0.000988793,-0.00711202,-9.12244e-06,-2.39334e-06,0,0.000139183,-0.00272673
0.000792018,-0.00805033,-9.94663e-06,-2.57594e-06,0,8.40507e-05,-0.00310858
0.000595243,-0.00906656,-1.08486e-05,-2.77076e-06,0,3.98524e-05,-0.00350585
0.000398469,-0.0099448,-1.15984e-05,-2.98322e-06,0,7.33465e-06,-0.00384425
0.000201694,-0.0107478,-1.2263e-05,-3.21144e-06,0,-1.29798e-05,-0.00415291
4.91937e-06,-0.0111201,-1.24649e-05,-3.45338e-06,0,-2.16032e-05,-0.0042896
0,-0.0111843,-1.23362e-05,-3.70166e-06,0,-2.3193e-05,-0.00430945
0,-0.0113927,-1.23587e-05,-3.94903e-06,0,-2.29454e-05,-0.0043915
0,-0.0117309,-1.25163e-05,-4.19609e-06,0,-2.23164e-05,-0.0045232
0,-0.0124156,-1.30387e-05,-4.44563e-06,0,-2.16836e-05,-0.00479134
0,-0.013037,-1.34891e-05,-4.70379e-06,0,-2.11431e-05,-0.00502896
0,-0.0137243,-1.40048e-05,-4.97132e-06,0,-2.07178e-05,-0.00529398
0,-0.0146857,-1.48062e-05,-5.24884e-06,0,-2.04117e-05,-0.00566746
0,-0.0181074,-1.82132e-05,-5.54095e-06,0,-2.02244e-05,-0.00701917
0,-0.0181415,-1.80046e-05,-5.88818e-06,0,-2.01549e-05,-0.00698074
0,-0.0183334,-1.79594e-05,-6.24932e-06,0,-2.02024e-05,-0.00705728
0,-0.01912,-1.8541e-05,-6.60873e-06,0,-2.03668e-05,-0.00736893
0,-0.0175965,-1.66626e-05,-6.97664e-06,0,-2.06487e-05,-0.00674923
0,-0.0157822,-1.44793e-05,-7.31929e-06,0,-2.10493e-05,-0.00604893
0,-0.0136147,-1.19274e-05,-7.61979e-06,0,-2.15705e-05,-0.00521217
0,-0.0104637,-8.34052e-06,-7.8711e-06,0,-2.22148e-05,-0.00398828
0,-0.00579023,-3.15273e-06,-8.05584e-06,0,-2.29857e-05,-0.00217169
0,-0.00295205,6.17693e-08,-8.14484e-06,0,-2.3887e-05,-0.00111134
0,-0.00188885,1.37327e-06,-8.15967e-06,0,-2.49237e-05,-0.0007317
0,-0.00205099,1.37241e-06,-8.13877e-06,0,-2.61011e-05,-0.000814253
0,-0.00345587,4.61897e-08,-8.11131e-06,0,-2.74255e-05,-0.00137438
0,-0.00401572,-3.82588e-07,-8.10376e-06,0,-2.89037e-05,-0.00157825
0,-0.00526457,-1.54581e-06,-8.10927e-06,0,-3.05439e-05,-0.00207033
0,-0.00741357,-3.6639e-06,-8.13437e-06,0,-3.23551e-05,-0.00291144
0,-0.0106496,-6.93013e-06,-8.19705e-06,0,-3.43473e-05,-0.00417295
0,-0.016737,-1.32113e-05,-8.31933e-06,0,-3.65314e-05,-0.00655649
0,-0.022874,-1.9517e-05,-8.55215e-06,0,-3.89196e-05,-0.0089163
0,-0.0279316,-2.46451e-05,-8.91096e-06,0,-4.1525e-05,-0.0108446
0,-0.0323755,-2.90921e-05,-9.37822e-06,0,-4.43622e-05,-0.0125445
0,-0.0358163,-3.24451e-05,-9.93783e-06,0,-4.74469e-05,-0.0138535
0,-0.0374077,-3.38086e-05,-1.057e-05,0,-5.07961e-05,-0.0144397
0,-0.0391623,-3.53268e-05,-1.12393e-05,0,-5.44285e-05,-0.0151194
0,-0.039327,-3.51374e-05,-1.19383e-05,0,-5.83642e-05,-0.0151618
0,-0.0405103,-3.60173e-05,-1.2642e-05,0,-6.26247e-05,-0.0156354
0,-0.0423457,-3.75729e-05,-1.33579e-05,0,-6.72331e-05,-0.0163537
0,-0.043213,-3.80809e-05,-1.41016e-05,0,-7.22117e-05,-0.0166754
0,-0.0436569,-3.81241e-05,-1.48607e-05,0,-7.75762e-05,-0.0168427
0,-0.0437629,-3.77952e-05,-1.56229e-05,0,-8.33102e-05,-0.0168815
-4.62121e-06,-0.0399991,-3.33467e-05,-1.63805e-05,0,-8.92698e-05,-0.01538
-1.43501e-05,-0.042381,-3.54314e-05,-1.70697e-05,0,-9.51893e-05,-0.0163915
-2.40789e-05,-0.0441825,-3.6881e-05,-1.77679e-05,0,-0.000100881,-0.0170766
-3.38078e-05,-0.0456795,-3.79906e-05,-1.84982e-05,0,-0.000106278,-0.0176488
-4.35367e-05,-0.0402712,-3.17532e-05,-1.92525e-05,0,-0.000111345,-0.0154684
-5.32655e-05,-0.032375,-2.28922e-05,-1.99187e-05,0,-0.000116054,-0.0124
-6.29944e-05,-0.0218096,-1.12305e-05,-2.04209e-05,0,-0.000120375,-0.00830374
-7.27233e-05,-0.021402,-1.04046e-05,-2.07038e-05,0,-0.000124278,-0.00830374
0,-0.0349056,-2.39552e-05,-2.09284e-05,0,-8.65266e-06,-0.0136069
0,-0.0373019,-2.60616e-05,-2.16314e-05,0,-8.17751e-06,-0.0143625
0,-0.0392286,-2.76642e-05,-2.19205e-05,0,-7.62169e-06,-0.0150948
0,-0.0414338,-2.95539e-05,-2.2369e-05,0,-7.07624e-06,-0.0159455
0,-0.040986,-2.86131e-05,-2.29506e-05,0,-6.56269e-06,-0.0157326
0,-0.0375005,-2.44454e-05,-2.35276e-05,0,-6.08456e-06,-0.0143476
0,-0.0338631,-2.01301e-05,-2.40373e-05,0,-5.64079e-06,-0.0129485
0,-0.0333168,-1.91134e-05,-2.44615e-05,0,-5.22926e-06,-0.012786
0,-0.0263452,-1.12791e-05,-2.48489e-05,0,-4.84773e-06,-0.0100106
0,-0.0207779,-4.97152e-06,-2.51136e-05,0,-4.49404e-06,-0.00789443
0,-0.0172841,-8.98438e-07,-2.52446e-05,0,-4.16617e-06,-0.0065846
0,-0.0131878,3.7882e-06,-2.52829e-05,0,-3.86222e-06,-0.00500245
0,-0.00969301,7.80521e-06,-2.52306e-05,0,-3.58045e-06,-0.00366975
0,-0.0068402,1.11106e-05,-2.50946e-05,0,-3.31924e-06,-0.00258413
0,-0.00365516,1.474e-05,-2.48889e-05,0,-3.0771e-06,-0.00135605
0,6.90357e-05,1.89103e-05,-2.46122e-05,0,-2.85263e-06,8.22092e-05
0,0.00118606,2.02771e-05,-2.42549e-05,0,-2.64454e-06,0.000471244
0,0.00134196,2.05991e-05,-2.38562e-05,0,-2.45163e-06,0.000516465
0,-0.000450834,1.88322e-05,-2.34458e-05,0,-2.2728e-06,-0.000201637
0,-0.00265014,1.66239e-05,-2.30603e-05,0,-2.10702e-06,-0.0010522
0,-0.00519598,1.40412e-05,-2.27168e-05,0,-1.95334e-06,-0.0020349
0,-0.00579831,1.3519e-05,-2.24231e-05,0,-1.81087e-06,-0.00223632
0,-0.00533698,1.41154e-05,-2.21501e-05,0,-1.67879e-06,-0.00204283
0,-0.00606906,1.34297e-05,-2.18707e-05,0,-1.55635e-06,-0.00234214
0,-0.0060255,1.35585e-05,-2.15987e-05,0,-1.44284e-06,-0.00231347
0,-0.00706052,1.25299e-05,-2.13282e-05,0,-1.33762e-06,-0.00272734
0,-0.00867165,1.08831e-05,-2.10724e-05,0,-1.24007e-06,-0.00335471
0,-0.0108982,8.58015e-06,-2.08466e-05,0,-1.14964e-06,-0.00421896
0,-0.0124118,7.03546e-06,-2.06634e-05,0,-1.0658e-06,-0.00478913
0,-0.0123681,7.1435e-06,-2.0515e-05,0,-9.88081e-07,-0.00474848
0,-0.0132868,6.22277e-06,-2.03727e-05,0,-9.1603e-07,-0.00511591
0,-0.014905,4.55714e-06,-2.02436e-05,0,-8.49236e-07,-0.00574788
0,-0.0173264,2.04048e-06,-2.01441e-05,0,-7.87313e-07,-0.00668987
0,-0.0208921,-1.68417e-06,-2.00907e-05,0,-7.29908e-07,-0.0080764
0,-0.0252255,-6.20998e-06,-2.01058e-05,0,-6.76689e-07,-0.0097519
0,-0.0308188,-1.20539e-05,-2.02074e-05,0,-6.27352e-07,-0.0119187
0,-0.0333322,-1.45997e-05,-2.04192e-05,0,-5.81614e-07,-0.0128365
0,-0.0341808,-1.5362e-05,-2.06985e-05,0,-5.39211e-07,-0.0131368
0,-0.0292742,-1.00046e-05,-2.10019e-05,0,-4.99901e-07,-0.0111647
0,-0.0249555,-5.29002e-06,-2.12288e-05,0,-4.63457e-07,-0.00951559
0,-0.0267906,-7.1276e-06,-2.13582e-05,0,-4.29672e-07,-0.0103144
0,-0.0228804,-2.85668e-06,-2.14915e-05,0,-3.9835e-07,-0.00872508
0,-0.0181954,2.2185e-06,-2.157e-05,0,-3.69312e-07,-0.00691442
0,-0.0149088,5.78471e-06,-2.1551e-05,0,-3.42392e-07,-0.00567396
0,-0.0147827,5.97528e-06,-2.14532e-05,0,-3.17435e-07,-0.00567396
0.000702783,-0.0348016,-1.67804e-05,-2.13375e-05,0,0.00156182,-0.0129783
0.000546609,-0.0392792,-2.13505e-05,-2.17113e-05,0,0.00144489,-0.0144891
0.000487371,-0.0408065,-2.27665e-05,-2.19233e-05,0,0.00132094,-0.0150869
0.000379664,-0.0422687,-2.40974e-05,-2.23715e-05,0,0.00120419,-0.0156949
0.000271958,-0.0405749,-2.20618e-05,-2.28468e-05,0,0.00109881,-0.0150392
0.000164252,-0.0399021,-2.11093e-05,-2.32983e-05,0,0.00100577,-0.0148353
5.65458e-05,-0.0382298,-1.90912e-05,-2.37252e-05,0,0.000924943,-0.014213
0,-0.0384804,-1.9116e-05,-2.41171e-05,0,0.00085458,-0.0143709
0,-0.0333013,-1.33697e-05,-2.44993e-05,0,0.000791595,-0.0123289
0,-0.0254121,-4.76613e-06,-2.47954e-05,0,0.000733787,-0.00928591
0,-0.0193735,1.83629e-06,-2.49338e-05,0,0.000680342,-0.00702121
0,-0.0136598,8.06159e-06,-2.49301e-05,0,0.000630828,-0.00485605
0,-0.0104539,1.15904e-05,-2.48e-05,0,0.000584928,-0.00368549
0,-0.00858681,1.3673e-05,-2.45858e-05,0,0.000542372,-0.00300945
0,-0.0075355,1.48696e-05,-2.43227e-05,0,0.000502914,-0.00263713
0,-0.00858546,1.38186e-05,-2.40313e-05,0,0.000466328,-0.0030899
0,-0.010547,1.1793e-05,-2.37497e-05,0,0.000432404,-0.0038732
0,-0.0122728,1.00165e-05,-2.35037e-05,0,0.00040095,-0.00454718
0,-0.0157174,6.41377e-06,-2.32945e-05,0,0.000371784,-0.00590999
0,-0.0186596,3.35304e-06,-2.31482e-05,0,0.000344741,-0.0070448
0,-0.0203667,1.61157e-06,-2.30659e-05,0,0.000319666,-0.0076933
0,-0.021482,5.02313e-07,-2.30249e-05,0,0.000296416,-0.00812354
0,-0.0214036,6.62474e-07,-2.30093e-05,0,0.000274857,-0.00808542
0,-0.0213699,7.72025e-07,-2.29969e-05,0,0.000254867,-0.0080827
0,-0.0214061,8.04316e-07,-2.2982e-05,0,0.000236332,-0.00810655
0,-0.0213907,8.88941e-07,-2.29661e-05,0,0.000219145,-0.00810804
0,-0.022074,2.28959e-07,-2.29487e-05,0,0.000203208,-0.0083887
0,-0.0227528,-4.2559e-07,-2.29408e-05,0,0.000188431,-0.0086563
0,-0.0230088,-6.30254e-07,-2.29461e-05,0,0.000174729,-0.00875466
0,-0.0231987,-7.653e-07,-2.29576e-05,0,0.000162024,-0.0088326
0,-0.0243706,-1.94377e-06,-2.29723e-05,0,0.000150243,-0.00930321
0,-0.0267738,-4.42538e-06,-2.30053e-05,0,0.000139319,-0.01025
0,-0.0286336,-6.26032e-06,-2.30814e-05,0,6.57133e-05,-0.011622
0,-0.0319879,-9.67203e-06,-2.31974e-05,0,-8.91019e-05,-0.0130463
0,-0.0336923,-1.13141e-05,-2.33738e-05,0,-0.000265573,-0.0137862
0,-0.0364621,-1.40759e-05,-2.35918e-05,0,-0.000448674,-0.014972
0,-0.0377825,-1.52817e-05,-2.38596e-05,0,-0.000634491,-0.0155571
-7.68274e-05,-0.0360574,-1.32428e-05,-2.41592e-05,0,-0.000819912,-0.0149418
-0.000257598,-0.0288546,-5.39165e-06,-2.44342e-05,0,-0.00100017,-0.0121791
-0.000438368,-0.0245369,-6.34982e-07,-2.45813e-05,0,-0.00117192,-0.0106448
-0.000619138,-0.0245487,-4.96652e-07,-2.46178e-05,0,-0.00133424,-0.0107875
-0.000799909,-0.0221018,2.24868e-06,-2.46284e-05,0,-0.0014868,-0.00987489
-0.000980679,-0.0199071,4.71081e-06,-2.45972e-05,0,-0.00162942,-0.00909334
-0.00116145,-0.0188627,5.93592e-06,-2.45153e-05,0,-0.00176185,-0.00876018
-0.00134222,-0.0174458,7.54514e-06,-2.44027e-05,0,-0.00188383,-0.00825392
0.00118856,-0.0429962,-2.0909e-05,-2.42839e-05,0,0.000716497,-0.0166571
0.000949044,-0.0443365,-2.21559e-05,-2.47038e-05,0,0.000616992,-0.0168066
0.000827024,-0.0439154,-2.15222e-05,-2.49967e-05,0,0.000529194,-0.0166488
0.000646254,-0.0431235,-2.04878e-05,-2.54303e-05,0,0.000452879,-0.0163605
0.000465484,-0.040714,-1.77316e-05,-2.58452e-05,0,0.000389013,-0.0154282
0.000284713,-0.0360528,-1.25891e-05,-2.62136e-05,0,0.000338147,-0.0136186
0.000103943,-0.0324692,-8.60776e-06,-2.64911e-05,0,0.000300226,-0.0122714
0,-0.0336872,-9.73901e-06,-2.66832e-05,0,0.000272974,-0.0128232
0,-0.0288435,-4.42807e-06,-2.68723e-05,0,0.000251718,-0.0108802
0,-0.0242142,6.32667e-07,-2.69874e-05,0,0.000233058,-0.00911478
0,-0.0189357,6.35834e-06,-2.70001e-05,0,0.00021603,-0.00708627
0,-0.0136223,1.2091e-05,-2.69015e-05,0,0.000200311,-0.00505316
0,-0.00854971,1.75349e-05,-2.66884e-05,0,0.000185754,-0.00311621
0,-0.00673074,1.94898e-05,-2.63649e-05,0,0.00017226,-0.00247412
0,-0.00444755,2.19161e-05,-2.59849e-05,0,0.000159747,-0.00159635
0,-0.00523031,2.10632e-05,-2.55587e-05,0,0.000148144,-0.0019494
0,-0.00728753,1.8847e-05,-2.51332e-05,0,0.000137384,-0.00276392
0,-0.011065,1.48015e-05,-2.47451e-05,0,0.000127407,-0.00424539
0,-0.0152913,1.02863e-05,-2.44289e-05,0,0.000118154,-0.00587936
0,-0.0174134,8.01685e-06,-2.42006e-05,0,0.000109573,-0.00666596
0,-0.0198637,5.40284e-06,-2.40289e-05,0,0.000101616,-0.00761559
0,-0.0189608,6.35595e-06,-2.39078e-05,0,9.42372e-05,-0.00722108
0,-0.0177574,7.62043e-06,-2.37854e-05,0,8.73943e-05,-0.00675768
0,-0.017792,7.56078e-06,-2.36393e-05,0,8.10485e-05,-0.00679298
0,-0.0190339,6.2153e-06,-2.34878e-05,0,7.51637e-05,-0.0072911
0,-0.020361,4.78124e-06,-2.33568e-05,0,6.97064e-05,-0.00780455
0,-0.0218579,3.17015e-06,-2.3254e-05,0,6.46455e-05,-0.00838428
0,-0.0229373,2.00704e-06,-2.31825e-05,0,5.99522e-05,-0.00879458
0,-0.0232486,1.66332e-06,-2.31366e-05,0,5.55998e-05,-0.00890438
0,-0.0196007,5.52363e-06,-2.31016e-05,0,5.15635e-05,-0.00744507
0,-0.0191831,5.93597e-06,-2.30104e-05,0,4.78204e-05,-0.00733601
0,-0.0192828,5.79442e-06,-2.28938e-05,0,4.43492e-05,-0.00738389
0,-0.0194375,5.63188e-06,-2.27772e-05,0,-1.2926e-06,-0.00788836
0,-0.0209982,3.97519e-06,-2.26637e-05,0,-0.000101468,-0.00858362
0,-0.0240144,7.78548e-07,-2.25759e-05,0,-0.00021636,-0.0098368
0,-0.0278791,-3.30555e-06,-2.25444e-05,0,-0.000335916,-0.0114034
0,-0.0296822,-5.18184e-06,-2.25901e-05,0,-0.000457537,-0.0121302
-4.54751e-05,-0.0294463,-4.88221e-06,-2.26843e-05,0,-0.000579254,-0.0120702
-0.000166742,-0.0251792,-3.00844e-07,-2.27835e-05,0,-0.000697869,-0.0104272
-0.000288009,-0.0153384,1.018e-05,-2.28124e-05,0,-0.000811005,-0.00661582
-0.000409276,-0.0130845,1.25581e-05,-2.26612e-05,0,-0.000918004,-0.00591408
-0.000530543,-0.0107009,1.50575e-05,-2.24219e-05,0,-0.00101863,-0.00503944
-0.00065181,-0.00871902,1.71121e-05,-2.21333e-05,0,-0.00111273,-0.00432239
-0.000773077,-0.00779001,1.80315e-05,-2.18013e-05,0,-0.00120015,-0.0040149
-0.000894344,-0.00715958,1.86207e-05,-2.14453e-05,0,-0.00128071,-0.003806
0.000803394,-0.0316285,-8.73159e-06,-2.10846e-05,0,0.000464837,-0.0123688
0.000648778,-0.035086,-1.23963e-05,-2.11735e-05,0,0.000399052,-0.0133735
0.00056086,-0.0344475,-1.16915e-05,-2.13349e-05,0,0.000340989,-0.0130853
0.000439593,-0.0335303,-1.06862e-05,-2.15722e-05,0,0.000290579,-0.0127428
0.000318326,-0.0338633,-1.10057e-05,-2.1791e-05,0,0.000248429,-0.0129012
0.000197059,-0.0324773,-9.49228e-06,-2.20095e-05,0,0.000214912,-0.0123521
7.57919e-05,-0.0317462,-8.67459e-06,-2.22069e-05,0,0.000190024,-0.0120892
0,-0.0340095,-1.10346e-05,-2.23845e-05,0,0.000172374,-0.0130108
0,-0.0316812,-8.50401e-06,-2.25934e-05,0,0.000158845,-0.0120525
0,-0.0256363,-2.0333e-06,-2.27761e-05,0,0.000147043,-0.00968014
0,-0.0224406,1.38703e-06,-2.28491e-05,0,0.000136293,-0.00850194
0,-0.0150297,9.26772e-06,-2.28385e-05,0,0.000126375,-0.00559669
0,-0.0101534,1.44201e-05,-2.26926e-05,0,0.000117192,-0.00376767
0,-0.00464648,2.0213e-05,-2.24299e-05,0,0.000108679,-0.00164773
0,-0.00176123,2.3188e-05,-2.20546e-05,0,0.000100786,-0.000583883
0,-0.000772711,2.41246e-05,-2.16057e-05,0,9.34659e-05,-0.000236897
0,-0.00148825,2.32356e-05,-2.11279e-05,0,8.66783e-05,-0.000540971
0,-0.00372653,2.07215e-05,-2.06588e-05,0,8.03837e-05,-0.00142668
0,-0.00767946,1.6387e-05,-2.02318e-05,0,7.45466e-05,-0.00297345
0,-0.0112824,1.24341e-05,-1.98824e-05,0,6.91334e-05,-0.004354
0,-0.0137868,9.6584e-06,-1.96139e-05,0,6.41136e-05,-0.0053011
0,-0.0149179,8.34847e-06,-1.94069e-05,0,5.94584e-05,-0.0057166
0,-0.0159782,7.11653e-06,-1.92333e-05,0,5.51414e-05,-0.00612467
0,-0.0171654,5.75309e-06,-1.90848e-05,0,5.11379e-05,-0.00658435
0,-0.0178298,4.94928e-06,-1.8963e-05,0,4.74253e-05,-0.0068332
0,-0.018565,4.07306e-06,-1.886e-05,0,4.39823e-05,-0.0071182
0,-0.0203534,2.08221e-06,-1.87741e-05,0,4.07894e-05,-0.0078225
0,-0.0225221,-3.03272e-07,-1.87225e-05,0,3.78284e-05,-0.00866241
0,-0.0243004,-2.26221e-06,-1.87167e-05,0,3.50825e-05,-0.00934049
0,-0.0266599,-4.8269e-06,-1.87521e-05,0,3.25359e-05,-0.0102565
0,-0.029756,-8.15867e-06,-1.88358e-05,0,3.01743e-05,-0.0114577
0,-0.0325028,-1.10996e-05,-1.89823e-05,0,2.79842e-05,-0.012508
0,-0.0342199,-1.28517e-05,-1.91896e-05,0,-5.48554e-05,-0.0139982
0,-0.0376832,-1.64408e-05,-1.94379e-05,0,-0.000241873,-0.0154955
0,-0.0407269,-1.95589e-05,-1.97488e-05,0,-0.000457211,-0.0167956
0,-0.0436076,-2.24789e-05,-2.01244e-05,0,-0.000681735,-0.0180315
0,-0.045872,-2.47194e-05,-2.05593e-05,0,-0.0009106,-0.019017
-6.40044e-05,-0.0467746,-2.54909e-05,-2.10425e-05,0,-0.00114052,-0.0194602
-0.000296748,-0.0437079,-2.20312e-05,-2.15485e-05,0,-0.00136539,-0.0183308
-0.000529491,-0.0379691,-1.57372e-05,-2.20064e-05,0,-0.00158019,-0.0161861
-0.000762234,-0.035553,-1.29888e-05,-2.23526e-05,0,-0.00178352,-0.0153997
-0.000994977,-0.0334358,-1.05637e-05,-2.26261e-05,0,-0.00197488,-0.0146725
-0.00122772,-0.0309585,-7.76233e-06,-2.28495e-05,0,-0.00215397,-0.0137879
-0.00146046,-0.0288685,-5.38157e-06,-2.30188e-05,0,-0.00232047,-0.0130544
-0.00169321,-0.0273359,-3.6021e-06,-2.31383e-05,0,-0.00247402,-0.0125291
0.0015652,-0.0474567,-2.69471e-05,-2.3246e-05,0,0.000876972,-0.0182461
0.00124518,-0.0481637,-2.7487e-05,-2.38792e-05,0,0.000751557,-0.0182209
0.00109971,-0.047497,-2.65602e-05,-2.42201e-05,0,0.000640799,-0.0179833
0.000866968,-0.0460613,-2.48085e-05,-2.47559e-05,0,0.000544286,-0.0174468
0.000634225,-0.044403,-2.28168e-05,-2.52608e-05,0,0.000463371,-0.0168282
0.000401482,-0.041376,-1.9371e-05,-2.57271e-05,0,0.000398848,-0.0156626
0.000168739,-0.0383403,-1.59226e-05,-2.61318e-05,0,0.000350856,-0.0145114
0,-0.0407167,-1.82295e-05,-2.64675e-05,0,0.000317234,-0.0155192
0,-0.04041,-1.76725e-05,-2.68205e-05,0,0.000292058,-0.0153714
0,-0.0359582,-1.27116e-05,-2.71768e-05,0,0.000270285,-0.0136088
0,-0.0356725,-1.21913e-05,-2.74558e-05,0,0.000250505,-0.0135723
0,-0.031918,-7.98838e-06,-2.77022e-05,0,0.000232271,-0.0120864
0,-0.0309613,-6.773e-06,-2.7883e-05,0,0.00021539,-0.0117699
0,-0.0272332,-2.62116e-06,-2.80245e-05,0,0.000199743,-0.0103036
0,-0.0273588,-2.58087e-06,-2.80977e-05,0,0.000185235,-0.0104178
0,-0.0278737,-2.95727e-06,-2.81495e-05,0,0.000171781,-0.0106278
0,-0.0321335,-7.31113e-06,-2.82068e-05,0,0.000159306,-0.0123267
0,-0.0392204,-1.46494e-05,-2.83313e-05,0,0.000147737,-0.0150965
0,-0.052601,-2.86367e-05,-2.85876e-05,0,0.000137008,-0.0203355
0,-0.0723839,-4.93537e-05,-2.90904e-05,0,0.000127059,-0.0280339
0,-0.09,-0.000204745,-2.99738e-05,0,0.000117833,-0.0368076
0,-0.09,-0.00135122,-3.32918e-05,0,0.000109277,-0.0469102
0,-0.09,-0.00465295,-4.88515e-05,0,0.000101342,-0.0567093
0,-0.09,-0.0137493,-0.000107242,0,9.39844e-05,-0.0675397
0,-0.09,-0.0423353,-0.000286717,0,8.71609e-05,-0.0790736
0,-0.09,-0.114907,-0.000818978,-0.0478337,8.08329e-05,-0.0899349
0,-0.09,-0.210657,-0.00231883,-0.112991,7.49646e-05,-0.0989025
0,-0.09,-0.354902,-0.00547872,-0.129291,6.95226e-05,-0.110293
0,-0.09,-0.706311,-0.0102688,-0.142304,6.44758e-05,-0.128365
0,-0.09,-3.00544,-0.019651,-0.127236,5.97955e-05,-0.141186
0,-0.09,-10,-0.0406747,-0.105855,5.54551e-05,-0.154792
0,-0.09,-9.88045,-0.212887,-0.070144,-0.00414722,-0.175949
0,-0.09,-9.60425,-0.68717,-0.027077,-0.0142322,-0.195502
0,-0.09,-9.34635,-0.800657,-0.019216,-0.0261911,-0.198879
-0.00249297,-0.092493,-9.08636,-0.95745,-0.010794,-0.0383518,-0.20183
-0.0135728,-0.103573,-8.78569,-1.14165,-0.0131309,-0.0502008,-0.198414
-0.0246527,-0.114653,-8.4623,-1.32082,-0.0205987,-0.0614931,-0.189852
-0.0357325,-0.125733,-8.13389,-1.49346,-0.00944364,-0.072165,-0.182823
-0.0468124,-0.136812,-7.80659,-1.65959,-1.97465e-09,-0.0821979,-0.176309
-0.0578923,-0.147892,-7.48255,-1.81899,-2.03122e-09,-0.0915819,-0.170992
-0.0689721,-0.158972,-7.16338,-1.97188,0,-0.100307,-0.169794
-0.080052,-0.170052,-6.84951,-2.11834,0,-0.108361,-0.16949
0.075066,-0.014934,-6.85106,-2.26161,0,0.0504713,-0.0106673
0.0581693,-0.0318307,-6.53705,-2.47369,0,0.0438706,-0.0216604
0.0493054,-0.0406946,-6.2305,-2.58142,0,0.0380592,-0.0299103
0.0404415,-0.0495585,-5.93125,-2.68418,0,0.0329799,-0.0370591
0.0307466,-0.0592534,-5.6383,-2.79082,0,0.0286334,-0.038294
0.0196667,-0.0703333,-5.35096,-2.90651,0,0.0250668,-0.0391455
0.00858689,-0.0814131,-5.06901,-3.01626,0,0.0223137,-0.0356922
0,-0.09,-4.79267,-3.12046,0,0.0202876,-0.0351635
0,-0.09,-4.52242,-3.21908,0,0.0187072,-0.0365765
0,-0.09,-4.25834,-3.31209,0,0.0173198,-0.0381275
0,-0.09,-4.00042,-3.39977,0,0.0160538,-0.0396548
0,-0.09,-3.74855,-3.48223,0,0.0148852,-0.0404923
0,-0.09,-3.50254,-3.55959,0,0.013803,-0.0396708
0,-0.09,-3.26226,-3.63198,0,0.0127998,-0.0386367
0,-0.09,-3.02761,-3.69951,0,0.0118697,-0.037128
0,-0.09,-2.79857,-3.76229,0,0.0110072,-0.0350919
0,-0.09,-2.57514,-3.82055,0,0.0102074,-0.0338534
0,-0.09,-2.35725,-3.87418,0,0.00946573,-0.0315832
0,-0.0863541,-2.14498,-3.92339,0,0.00877799,-0.0297834
0,-0.0798487,-1.93833,-3.96841,0,0.00814024,-0.0274618
0,-0.0757193,-1.73727,-4.00821,0,0.00754884,-0.0261128
0,-0.0718194,-1.54177,-4.04396,0,0.00700044,-0.0248008
0,-0.0655803,-1.3518,-4.07578,0,0.00649189,-0.0225346
0,-0.0617112,-1.16728,-4.10376,0,0.0060203,-0.021235
0,-0.0595304,-0.988193,-4.12803,0,0.00558298,-0.0205591
0,-0.0573171,-0.814469,-4.14869,0,0.00517745,-0.0198313
0,-0.0517203,-0.646047,-4.16585,0,0.00480138,-0.0177413
0,-0.0462705,-0.482867,-4.17961,0,0.00445265,-0.0157508
0,-0.041966,-0.324866,-4.19008,0,0.00412925,-0.0142055
0,-0.0404092,-0.171979,-4.19737,0,0.00382936,-0.0137305
0,-0.0395878,-0.0241344,-4.20158,0,0.00355125,-0.0134987
0,-0.0413562,0.118736,-4.2028,0,0.00329336,-0.0142821
0,-0.0365354,0.256713,-4.20114,0,0.00302193,-0.0127266
0,-0.0347704,0.389858,-4.19669,0,0.00272621,-0.0122035
0,-0.0298881,0.518251,-4.18956,0,0.00243524,-0.010382
0,-0.0261464,0.641961,-4.17984,0,0.00215548,-0.00905631
0,-0.021296,0.761065,-4.16762,0,0.00188772,-0.00726304
-1.63883e-05,-0.00997883,0.875643,-4.15299,0,0.00163209,-0.00289741
-0.000110036,0.00310668,0.985766,-4.13605,0,0.00139007,0.00208249
-0.000203683,0.0121526,1.0915,-4.11689,0,0.00116302,0.00542958
-0.000297331,0.010432,1.19292,-4.09559,0,0.000950742,0.00454665
-0.000390978,0.0120183,1.29012,-4.07223,0,0.000752709,0.00515553
-0.000484626,0.0142423,1.38317,-4.04692,0,0.000568357,0.00597453
-0.000578273,0.0145143,1.47214,-4.01972,0,0.000397176,0.00601017
-0.000671921,0.0167008,1.55711,-3.99072,0,0.000238718,0.00684553
0.000639144,0.0105159,1.63816,-3.96,0,0.00149732,0.00526495
0.00051272,0.0150277,1.71499,-3.91618,0,0.00136358,0.00716164
0.000451849,0.0175382,1.78847,-3.89427,0,0.0012417,0.00807238
0.000358202,0.0189002,1.85826,-3.85887,0,0.00113112,0.0085614
0.000264554,0.0162616,1.92443,-3.82205,0,0.00103196,0.00747378
0.000170907,0.0117887,1.98708,-3.78389,0,0.000944165,0.00571751
7.72592e-05,0.00496218,2.04626,-3.74446,0,0.000867495,0.00305158
0,-0.00428673,2.10206,-3.70384,0,0.000800958,-0.000543993
0,-0.0117656,2.15455,-3.66207,0,0.000741892,-0.00339471
0,-0.0152574,2.20383,-3.61924,0,0.000687806,-0.00467988
0,-0.0198464,2.24995,-3.57541,0,0.000637828,-0.00646363
0,-0.0193158,2.293,-3.53065,0,0.000591526,-0.00618598
0,-0.0180795,2.33304,-3.485,0,0.000548598,-0.00570467
0,-0.0169091,2.37016,-3.43854,0,0.00050879,-0.00526014
0,-0.0183544,2.40442,-3.39132,0,0.000471872,-0.00585879
0,-0.0219537,2.4359,-3.34341,0,0.000437635,-0.00727725
0,-0.0247779,2.46467,-3.29485,0,0.000405883,-0.00835312
0,-0.0266477,2.49081,-3.2457,0,0.000376436,-0.00905982
0,-0.0282385,2.51438,-3.19601,0,0.000349127,-0.00966976
0,-0.0277275,2.53545,-3.14584,0,0.000323799,-0.00944488
0,-0.0266152,2.5541,-3.09524,0,0.00030031,-0.00901222
0,-0.0244149,2.5704,-3.04425,0,0.000278526,-0.00815451
0,-0.023701,2.58441,-2.99292,0,0.000258323,-0.00790715
0,-0.0251545,2.59619,-2.9413,0,0.000239586,-0.0085026
0,-0.0283471,2.60583,-2.88944,0,0.000222208,-0.00975938
0,-0.0303951,2.61337,-2.83737,0,0.000206092,-0.0105328
0,-0.0289231,2.6189,-2.78514,0,0.000191145,-0.00991863
0,-0.0251502,2.62248,-2.73279,0,0.000177283,-0.00844
0,-0.021709,2.62416,-2.68036,0,0.000164426,-0.00712933
0,-0.0237396,2.624,-2.62788,0,0.000152503,-0.00799858
0,-0.0259824,2.62208,-2.5754,0,0.000141444,-0.00886904
0,-0.0293792,2.61844,-2.52295,0,0.000131188,-0.0101973
0,-0.0301733,2.61316,-2.47056,0,6.26191e-05,-0.011088
0,-0.0321256,2.6063,-2.41827,0,-8.15037e-05,-0.011965
0,-0.034385,2.5979,-2.36611,0,-0.000245787,-0.0129451
0,-0.0384505,2.58803,-2.31411,0,-0.0004163,-0.0146379
0,-0.0414476,2.57674,-2.2623,0,-0.000589584,-0.0158719
-3.84163e-05,-0.0441585,2.56409,-2.21071,0,-0.000763448,-0.0170025
-0.000209156,-0.0436377,2.55013,-2.15937,0,-0.000933468,-0.0168412
-0.000379895,-0.0409171,2.53493,-2.1083,0,-0.00109582,-0.0158447
-0.000550634,-0.0401887,2.51852,-2.05752,0,-0.00124946,-0.0156708
-0.000721374,-0.035009,2.50097,-2.00707,0,-0.00139404,-0.0136828
-0.000892113,-0.024407,2.48233,-1.95696,0,-0.00152936,-0.00959156
-0.00106285,-0.0145256,2.46264,-1.90722,0,-0.0016552,-0.00586491
-0.00123359,-0.00626838,2.44194,-1.85787,0,-0.00177132,-0.00276971
0.00115676,-0.0322534,2.42026,-1.80893,0,0.000683672,-0.0115823
0.000943335,-0.037644,2.39728,-1.74831,0,0.00058836,-0.0133327
0.00081528,-0.0412561,2.37387,-1.71224,0,0.00050392,-0.0147304
0.000644541,-0.0459782,2.34964,-1.66464,0,0.000430293,-0.016591
0.000473802,-0.0471525,2.32464,-1.61753,0,0.000368299,-0.0170147
0.000303062,-0.0446159,2.29892,-1.57091,0,0.000318475,-0.0160084
0.000132323,-0.0432003,2.27251,-1.52481,0,0.000280946,-0.0155045
0,-0.0449372,2.24545,-1.47922,0,0.000254298,-0.0162406
0,-0.043372,2.21779,-1.43418,0,0.000234195,-0.0156093
0,-0.0381152,2.18957,-1.38969,0,0.000216759,-0.0135541
0,-0.0323223,2.16082,-1.34575,0,0.000200906,-0.0113411
0,-0.0235949,2.13159,-1.30239,0,0.000186287,-0.00796422
0,-0.0169263,2.10189,-1.25961,0,0.000172752,-0.00545401
0,-0.0116136,2.07178,-1.21743,0,0.000160206,-0.00345333
0,-0.00723216,2.04128,-1.17584,0,0.000148573,-0.00180341
0,-0.00629483,2.01043,-1.13486,0,0.000137786,-0.00151408
0,-0.00801898,1.97925,-1.0945,0,0.000127782,-0.00223438
0,-0.0115913,1.94779,-1.05476,0,0.000118505,-0.0036516
0,-0.0171812,1.91607,-1.01565,0,0.000109901,-0.00584583
0,-0.0227755,1.88413,-0.977167,0,0.000101923,-0.00801068
0,-0.026278,1.85199,-0.939325,0,9.4524e-05,-0.0093401
0,-0.0286274,1.81968,-0.902125,0,8.76625e-05,-0.010241
0,-0.0293467,1.78724,-0.86557,0,8.12993e-05,-0.0105085
0,-0.0309844,1.75468,-0.829663,0,7.53981e-05,-0.0111675
0,-0.032605,1.72203,-0.794406,0,6.99255e-05,-0.0118054
0,-0.0336787,1.68932,-0.759802,0,6.48504e-05,-0.0122251
0,-0.0351898,1.65658,-0.725852,0,6.01437e-05,-0.0128276
0,-0.0362182,1.62381,-0.692557,0,5.57788e-05,-0.0132306
0,-0.036088,1.59106,-0.659917,0,5.17309e-05,-0.0131782
0,-0.0346105,1.55834,-0.627932,0,4.79768e-05,-0.0126055
0,-0.034898,1.52566,-0.596602,0,4.44953e-05,-0.0127579
0,-0.0343762,1.49306,-0.565925,0,4.12666e-05,-0.0125601
0,-0.0366585,1.46055,-0.535901,0,3.82723e-05,-0.0134941
0,-0.0389339,1.42814,-0.506527,0,-7.26655e-05,-0.015494
0,-0.0420368,1.39587,-0.477802,0,-0.000323022,-0.0168932
0,-0.0458238,1.36373,-0.449724,0,-0.000611184,-0.0185479
0,-0.0465576,1.33176,-0.422288,0,-0.000911266,-0.0189648
0,-0.0444955,1.29998,-0.395493,0,-0.00121573,-0.018302
-0.000274648,-0.0400953,1.26839,-0.369335,0,-0.00151616,-0.0167373
-0.000571565,-0.0300434,1.23701,-0.343809,0,-0.00180432,-0.0129399
-0.000868483,-0.0258441,1.20585,-0.318912,0,-0.00207756,-0.0115535
-0.0011654,-0.02435,1.17493,-0.294639,0,-0.00233508,-0.0111454
-0.00146232,-0.0207035,1.14425,-0.270986,0,-0.0025765,-0.0098243
-0.00175923,-0.0189927,1.11383,-0.247948,0,-0.00280147,-0.00929721
-0.00205615,-0.0177739,1.08369,-0.225519,0,-0.00300959,-0.00892548
0.00210069,-0.0392151,1.0538,-0.203694,0,0.00125337,-0.0145682
0.00176666,-0.0420514,1.02415,-0.179834,0,0.00108079,-0.0153681
0.00150685,-0.0446234,0.994887,-0.161763,0,0.000926871,-0.016413
0.00120994,-0.0432756,0.965944,-0.141719,0,0.000791995,-0.0158857
0.00091302,-0.0421643,0.937324,-0.122256,0,0.000677255,-0.0155058
0.000616103,-0.0394973,0.909038,-0.103366,0,0.000583572,-0.0144954
0.000319186,-0.0370919,0.881092,-0.0850439,0,0.000511516,-0.0136087
2.22688e-05,-0.0382466,0.853489,-0.0672823,0,0.000460167,-0.0141361
0,-0.0395698,0.82624,-0.0500745,0,0.000422602,-0.014674
0,-0.0335182,0.79936,-0.0334134,0,0.000390817,-0.0122632
0,-0.0290395,0.772845,-0.0172918,0,0.00036214,-0.0105921
0,-0.0223423,0.746704,-0.00170237,0,0.000335756,-0.00801004
0,-0.018148,0.720938,0.0133624,0,0.000311345,-0.00646019
0,-0.0133353,0.695555,0.02791,0,0.000288723,-0.00462408
0,-0.0098651,0.670557,0.041948,0,0.000267748,-0.00333253
0,-0.00820127,0.645947,0.0554841,0,0.000248299,-0.00274074
0,-0.00812476,0.621728,0.0685261,0,0.000230263,-0.0027542
0,-0.00956162,0.597906,0.0810818,0,0.000213538,-0.00334679
0,-0.0131053,0.57448,0.093159,0,0.000198029,-0.00475663
0,-0.0171996,0.551456,0.104766,0,0.000183646,-0.00635334
0,-0.021083,0.528835,0.11591,0,0.000170309,-0.00785673
0,-0.0213885,0.506624,0.1266,0,0.00015794,-0.00793421
0,-0.0202623,0.484822,0.136843,0,0.000146471,-0.00749427
0,-0.0182081,0.463428,0.146649,0,0.000135834,-0.00670518
0,-0.0169124,0.442442,0.156024,0,0.000125971,-0.00623262
0,-0.0156728,0.421865,0.164978,0,0.000116824,-0.00577035
0,-0.0148536,0.401696,0.173518,0,0.000108341,-0.00547455
0,-0.0147129,0.381936,0.181653,0,0.000100475,-0.00544278
0,-0.0128591,0.362586,0.189391,0,9.31798e-05,-0.00471615
0,-0.0129489,0.343642,0.196739,0,8.64148e-05,-0.00479139
0,-0.0115523,0.325106,0.203707,0,8.01411e-05,-0.00424298
0,-0.0127707,0.306973,0.210301,0,7.43232e-05,-0.00476103
0,-0.0147859,0.289243,0.216531,0,6.89278e-05,-0.00555679
0,-0.016414,0.271917,0.222405,0,6.22421e-06,-0.00678172
0,-0.020613,0.254988,0.22793,0,-0.000130601,-0.00853994
0,-0.0249594,0.238458,0.233114,0,-0.000287373,-0.0103149
0,-0.0276031,0.222326,0.237966,0,-0.000450342,-0.0114031
0,-0.0292417,0.206588,0.242493,0,-0.000615672,-0.0121107
-0.000116517,-0.0286819,0.191245,0.246704,0,-0.000779525,-0.0119498
-0.00027723,-0.021513,0.176297,0.250605,0,-0.000937531,-0.00917725
-0.000437944,-0.0160553,0.161732,0.254206,0,-0.00108764,-0.0071824
-0.000598657,-0.0169443,0.147543,0.257514,0,-0.00122927,-0.00768867
-0.00075937,-0.0155832,0.133735,0.260535,0,-0.00136219,-0.00719257
-0.000920083,-0.0150598,0.120302,0.263279,0,-0.0014862,-0.0070589
-0.0010808,-0.0127193,0.107243,0.265752,0,-0.00160111,-0.00618052
0.00116919,-0.0338236,0.0945239,0.267962,0,0.000704042,-0.013053
0.00100848,-0.0342036,0.0821942,0.269917,0,0.000608154,-0.0128808
0.000847762,-0.0353522,0.0702242,0.271622,0,0.000522281,-0.0133647
0.000687049,-0.0364749,0.0586104,0.273086,0,0.000446827,-0.0138219
0.000526336,-0.0374861,0.047349,0.274317,0,0.000382246,-0.0142309
0.000365623,-0.037515,0.0364365,0.27532,0,0.000329001,-0.0142461
0.000204909,-0.0366876,0.0258684,0.276103,0,0.000287424,-0.0139318
4.41961e-05,-0.0357316,0.0156396,0.276673,0,0.000257186,-0.0135773
0,-0.0373977,0.00574248,0.277037,0,0.000235226,-0.0142702
0,-0.0301648,-0.00381519,0.277202,0,0.000217279,-0.011369
0,-0.0219522,-0.0130466,0.277173,0,0.000201271,-0.00821205
0,-0.0146783,-0.0219584,0.276958,0,0.000186591,-0.00544429
0,-0.00964712,-0.0305569,0.276564,0,0.000173022,-0.00355694
0,-0.00646193,-0.0388464,0.275996,0,0.00016045,-0.00237167
0,-0.00527093,-0.0468321,0.27526,0,0.000148795,-0.00195377
0,-0.0056806,-0.0545183,0.274363,0,0.000137987,-0.00214388
0,-0.00723718,-0.0619096,0.273312,0,0.000127966,-0.0027669
0,-0.00974059,-0.0690107,0.27211,0,0.000118672,-0.00374992
0,-0.0118181,-0.0758252,0.270766,0,0.000110054,-0.00454794
0,-0.0163623,-0.0823613,0.269283,0,0.000102061,-0.00633693
0,-0.0194183,-0.0886197,0.267669,0,9.46499e-05,-0.00749358
0,-0.0222345,-0.0946069,0.265928,0,8.77768e-05,-0.00857691
0,-0.0237556,-0.100327,0.264065,0,8.14031e-05,-0.00914643
0,-0.0247783,-0.105786,0.262087,0,7.54924e-05,-0.00953654
0,-0.0256327,-0.110989,0.259999,0,7.00111e-05,-0.00986672
0,-0.0263386,-0.115941,0.257805,0,6.4928e-05,-0.0101399
0,-0.026392,-0.120647,0.255511,0,6.02141e-05,-0.0101546
0,-0.0266817,-0.125113,0.253122,0,5.58426e-05,-0.0102734
0,-0.0272026,-0.129344,0.250642,0,5.17886e-05,-0.0104806
0,-0.0278508,-0.133345,0.248076,0,4.80291e-05,-0.0107348
0,-0.0289186,-0.137121,0.245429,0,4.45426e-05,-0.0111545
0,-0.0308655,-0.140678,0.242706,0,4.13093e-05,-0.0119184
0,-0.032633,-0.14402,0.23991,0,3.83108e-05,-0.0125971
0,-0.0332582,-0.147151,0.237046,0,-3.17997e-05,-0.0135228
0,-0.0356484,-0.150078,0.234119,0,-0.000188629,-0.0145854
0,-0.0372318,-0.152805,0.231132,0,-0.000368962,-0.015296
0,-0.0392233,-0.155336,0.228089,0,-0.000556808,-0.0161769
0,-0.0403845,-0.157677,0.224995,0,-0.000747926,-0.0167141
-9.07395e-05,-0.040485,-0.15983,0.221854,0,-0.000938786,-0.0168337
-0.00028177,-0.0365962,-0.161799,0.218668,0,-0.0011243,-0.0153693
-0.000472801,-0.0317064,-0.163591,0.215442,0,-0.00130108,-0.0135587
-0.000663831,-0.0300088,-0.165215,0.212179,0,-0.00146818,-0.0130301
-0.000854862,-0.028834,-0.166673,0.208883,0,-0.00162526,-0.0126537
-0.00104589,-0.0260227,-0.167968,0.205556,0,-0.00177207,-0.0116083
-0.00123692,-0.0223402,-0.169104,0.202203,0,-0.00190835,-0.0102327
-0.00142795,-0.0220872,-0.170091,0.198827,0,-0.0020338,-0.0102327
0.00124647,-0.0328797,-0.170945,0.195445,0,0.000832778,-0.0125853
0.000945601,-0.0343643,-0.171575,0.190069,0,0.000722565,-0.0129982
0.000840535,-0.0349652,-0.17212,0.188186,0,0.00062578,-0.0132522
0.000673383,-0.0376496,-0.172547,0.185176,0,0.000541161,-0.0143416
0.000482352,-0.0397012,-0.172843,0.181727,0,0.000469668,-0.0151404
0.000291322,-0.0394462,-0.173009,0.178272,0,0.000412168,-0.0150246
0.000100291,-0.0387087,-0.173052,0.174813,0,0.000368611,-0.0147489
0,-0.041114,-0.17298,0.171352,0,0.000336386,-0.0157335
0,-0.0379649,-0.172787,0.167892,0,0.000310516,-0.0144509
0,-0.033958,-0.172484,0.164435,0,0.000287577,-0.01291
0,-0.0303092,-0.172074,0.160984,0,0.000266582,-0.0115244
0,-0.025356,-0.17156,0.15754,0,0.000247185,-0.00961165
0,-0.0221241,-0.170949,0.154107,0,0.000229217,-0.00840548
0,-0.0168997,-0.170241,0.150685,0,0.00021256,-0.00637674
0,-0.0136901,-0.169444,0.147276,0,0.000197116,-0.00518232
0,-0.0103727,-0.168559,0.143883,0,0.000182794,-0.00391347
0,-0.00922034,-0.167592,0.140508,0,0.000169514,-0.00351012
0,-0.0102495,-0.166547,0.137151,0,0.000157199,-0.00394413
0,-0.0112464,-0.165424,0.133815,0,0.000145778,-0.00433138
0,-0.0142569,-0.16423,0.130501,0,0.000135188,-0.00552266
0,-0.0165917,-0.162964,0.12721,0,0.000125368,-0.00641292
0,-0.0176477,-0.161629,0.123945,0,0.000116261,-0.00680256
0,-0.0189609,-0.160231,0.120705,0,0.000107816,-0.00731416
0,-0.0187481,-0.15877,0.117494,0,9.99853e-05,-0.0072122
0,-0.0183856,-0.15725,0.114311,0,9.27232e-05,-0.00707361
0,-0.0178797,-0.155676,0.111159,0,8.59888e-05,-0.00687972
0,-0.0186015,-0.154051,0.108037,0,7.97437e-05,-0.00717798
0,-0.0183093,-0.152375,0.104948,0,7.39524e-05,-0.00705235
0,-0.0177534,-0.150652,0.101892,0,6.85819e-05,-0.00683672
0,-0.0160047,-0.148885,0.0988704,0,6.36016e-05,-0.00614868
0,-0.0146404,-0.147077,0.0958839,0,5.89831e-05,-0.00563224
0,-0.014058,-0.145231,0.0929333,0,5.47001e-05,-0.00542188
0,-0.0143561,-0.14335,0.0900195,0,2.25386e-05,-0.00584431
0,-0.0167392,-0.141438,0.0871431,0,-4.57264e-05,-0.00684051
0,-0.0211827,-0.139497,0.0843048,0,-0.000123643,-0.00862614
0,-0.0259794,-0.137528,0.0815051,0,-0.000204529,-0.0105191
0,-0.0298086,-0.135531,0.0787447,0,-0.000286623,-0.0120179
-3.79909e-05,-0.0277258,-0.133504,0.0760241,0,-0.000368458,-0.011168
-0.000117972,-0.0206219,-0.13145,0.0733439,0,-0.000447913,-0.00840092
-0.000197952,-0.0162791,-0.129379,0.0707047,0,-0.000523584,-0.00680982
-0.000277933,-0.0154411,-0.127293,0.0681067,0,-0.000595084,-0.00657249
-0.000357914,-0.0116631,-0.125189,0.0655504,0,-0.000662273,-0.00510438
-0.000437895,-0.00642878,-0.12307,0.0630361,0,-0.000725058,-0.00309663
-0.000517876,-0.00304911,-0.120941,0.0605641,0,-0.000783341,-0.00184859
-0.000597856,-0.00287393,-0.118805,0.0581347,0,-0.000837002,-0.00184859
0.000521875,-0.0283566,-0.116688,0.0557158,0,0.000363179,-0.0112028
0.000409902,-0.0340407,-0.114511,0.0524273,0,0.000315834,-0.0130776
0.000361913,-0.0362868,-0.112357,0.0510423,0,0.000274031,-0.013902
0.000281932,-0.039615,-0.110201,0.0487844,0,0.000237519,-0.0152064
0.000201952,-0.0391783,-0.108039,0.0465696,0,0.000206737,-0.0149892
0.000121971,-0.0382025,-0.105877,0.044398,0,0.000181916,-0.0146131
4.19899e-05,-0.0378895,-0.103716,0.0422697,0,0.000162997,-0.0145087
0,-0.0399363,-0.101561,0.0401845,0,0.000148875,-0.0153355
0,-0.0357278,-0.0994039,0.0381425,0,0.000137461,-0.0136282
0,-0.028949,-0.0972491,0.0361437,0,0.000127316,-0.01099
0,-0.0233529,-0.0951022,0.0341879,0,0.000118024,-0.00886306
0,-0.01567,-0.0929612,0.0322751,0,0.000109438,-0.00588448
0,-0.010136,-0.0908315,0.0304052,0,0.000101484,-0.00379558
0,-0.00567194,-0.0887133,0.0285779,0,9.41098e-05,-0.00210068
0,-0.00244563,-0.0866077,0.0267931,0,8.72724e-05,-0.000883319
0,-0.00329113,-0.0845188,0.0250504,0,8.09322e-05,-0.0012725
0,-0.00550088,-0.0824447,0.0233496,0,7.50528e-05,-0.00214378
0,-0.00963366,-0.080387,0.0216903,0,6.96007e-05,-0.00376176
0,-0.0142406,-0.0783451,0.0200723,0,6.45448e-05,-0.0055394
0,-0.0193,-0.0763196,0.0184952,0,5.98564e-05,-0.00749027
0,-0.0223417,-0.0743089,0.0169586,0,5.55087e-05,-0.00862847
0,-0.0232653,-0.0723137,0.0154624,0,5.14769e-05,-0.00895176
0,-0.0234359,-0.0703361,0.0140061,0,4.77382e-05,-0.00900669
0,-0.0232135,-0.0683773,0.0125895,0,4.4271e-05,-0.00891611
0,-0.0232522,-0.0664387,0.0112122,0,4.10559e-05,-0.0089357
0,-0.0242954,-0.0645215,0.00987373,0,3.80743e-05,-0.00935228
0,-0.0266237,-0.0626269,0.00857371,0,3.53093e-05,-0.0102665
0,-0.0287534,-0.0607537,0.0073117,0,3.27453e-05,-0.0110816
0,-0.0298907,-0.0589016,0.00608726,0,3.03675e-05,-0.0115034
0,-0.0292848,-0.0570704,0.00489997,0,2.81625e-05,-0.0112443
0,-0.0287039,-0.0552624,0.00374941,0,2.61176e-05,-0.011022
0,-0.0288499,-0.0534788,0.00263512,0,2.42213e-05,-0.0110893
0,-0.0295696,-0.0517197,0.00155663,0,-3.43454e-05,-0.0119665
0,-0.033158,-0.0499882,0.000513436,0,-0.000166123,-0.0134859
0,-0.0361645,-0.0482807,-0.000494985,0,-0.000317775,-0.0147267
0,-0.041099,-0.0466003,-0.00146914,0,-0.000475817,-0.0167423
0,-0.0450419,-0.0449443,-0.00240955,0,-0.000636713,-0.0183275
-6.87571e-05,-0.0450378,-0.0433096,-0.00331671,0,-0.000797648,-0.0183463
-0.000230538,-0.0384639,-0.0416939,-0.00419108,0,-0.000954326,-0.0157963
-0.00039232,-0.0298434,-0.0401021,-0.00503303,0,-0.00110373,-0.0125234
-0.000554101,-0.0257725,-0.0385414,-0.00584303,0,-0.001245,-0.0110919
-0.000715882,-0.0202962,-0.0370057,-0.00662167,0,-0.00137784,-0.00902306
-0.000877664,-0.0151597,-0.035497,-0.00736946,0,-0.00150204,-0.0071051
-0.00103944,-0.0136471,-0.0340189,-0.00808694,0,-0.00161738,-0.00662264
-0.00120123,-0.013338,-0.0325689,-0.00877471,0,-0.0017236,-0.00655929
0.00106371,-0.041893,-0.031178,-0.00945509,0,0.00060632,-0.0163491
0.000853396,-0.0455461,-0.0297786,-0.0102799,0,0.000519766,-0.0173594
0.000740149,-0.0466962,-0.0284098,-0.0107038,0,0.000443496,-0.0177881
0.000578368,-0.0477795,-0.0270679,-0.0112789,0,0.000377373,-0.0182206
0.000416587,-0.0469144,-0.025751,-0.0118269,0,0.000322243,-0.0178729
0.000254806,-0.0426501,-0.0244574,-0.0123485,0,0.000278603,-0.0161951
9.30243e-05,-0.0392635,-0.0231918,-0.0128441,0,0.00024641,-0.0149179
0,-0.0395676,-0.021957,-0.0133143,0,0.000223641,-0.0150994
0,-0.0365883,-0.0207455,-0.0137596,0,0.000206119,-0.0139125
0,-0.030769,-0.0195578,-0.0141806,0,0.000190811,-0.0116414
0,-0.025198,-0.018397,-0.0145777,0,0.000176863,-0.0095124
0,-0.0199378,-0.0172631,-0.0149514,0,0.000163993,-0.00750319
0,-0.0174928,-0.0161586,-0.0153024,0,0.000152075,-0.00661279
0,-0.015635,-0.0150809,-0.0156311,0,0.000141027,-0.00591335
0,-0.014344,-0.01403,-0.0159381,0,0.000130784,-0.00543081
0,-0.0145162,-0.0130066,-0.0162239,0,0.000121285,-0.00552348
0,-0.0159654,-0.0120102,-0.0164892,0,0.000112476,-0.00610324
0,-0.0167989,-0.0110388,-0.0167344,0,0.000104308,-0.00641732
0,-0.0202651,-0.0100955,-0.01696,0,9.67327e-05,-0.00779171
0,-0.0215711,-0.00917496,-0.0171666,0,8.97081e-05,-0.00826303
0,-0.0236744,-0.00828019,-0.0173547,0,8.31938e-05,-0.00908555
0,-0.0235034,-0.00740767,-0.0175248,0,7.71528e-05,-0.00898756
0,-0.0228828,-0.00655909,-0.0176773,0,7.15507e-05,-0.00874473
0,-0.0225358,-0.00573498,-0.0178127,0,6.63555e-05,-0.00861785
0,-0.0222138,-0.00493481,-0.0179316,0,6.15377e-05,-0.00849655
0,-0.0215018,-0.00415788,-0.0180343,0,5.70699e-05,-0.00821903
0,-0.020498,-0.00340401,-0.0181213,0,5.29266e-05,-0.00783083
0,-0.0184875,-0.00267218,-0.0181931,0,4.90843e-05,-0.00704503
0,-0.0166907,-0.0019634,-0.0182502,0,4.5521e-05,-0.00635985
0,-0.0117326,-0.00127378,-0.0182931,0,4.22166e-05,-0.00440906
0,-0.0110184,-0.00061092,-0.018322,0,3.91521e-05,-0.00420105
0,-0.0106582,2.96376e-05,-0.0183375,0,3.63102e-05,-0.00406926
0,-0.0116639,0.000647149,-0.0183401,0,8.99987e-06,-0.00473484
0,-0.0140759,0.00124187,-0.0183303,0,-4.99741e-05,-0.00572589
0,-0.0173526,0.00181468,-0.0183084,0,-0.000117456,-0.00703964
0,-0.0196358,0.0023679,-0.018275,0,-0.000187604,-0.00794168
0,-0.0192541,0.00290362,-0.0182304,0,-0.000258908,-0.00779278
-2.64502e-05,-0.0176052,0.00342065,-0.018175,0,-0.000330228,-0.00717626
-9.69842e-05,-0.0134157,0.00392068,-0.0181092,0,-0.000399704,-0.00556209
-0.000167518,-0.00765157,0.00440299,-0.0180332,0,-0.000465959,-0.00335529
-0.000238052,-0.00936275,0.0048583,-0.0179476,0,-0.000528612,-0.0041544
-0.000308586,-0.00993807,0.00529612,-0.0178527,0,-0.000587528,-0.00438263
-0.00037912,-0.0102075,0.0057159,-0.017749,0,-0.00064262,-0.00450333
-0.000449654,-0.00855759,0.00611968,-0.0176368,0,-0.000693801,-0.00385968
-0.000520188,-0.00532653,0.00650743,-0.0175164,0,-0.000740963,-0.00261152
0.000467287,-0.0261156,0.0068547,-0.017394,0,0.000274031,-0.0102099
0.000375593,-0.0273091,0.0072022,-0.0172194,0,0.000235519,-0.0104111
0.000326219,-0.0270773,0.00753605,-0.0171204,0,0.000201522,-0.0103119
0.000255686,-0.0281631,0.00785215,-0.0169713,0,0.000171976,-0.0107571
0.000185152,-0.0292658,0.00815223,-0.0168158,0,0.000147247,-0.0111873
0.000114618,-0.0289088,0.00843818,-0.0166543,0,0.000127552,-0.0110333
4.40837e-05,-0.0281684,0.00870921,-0.016487,0,0.000112892,-0.0107477
0,-0.0291196,0.00896342,-0.0163141,0,0.000102454,-0.0111427
0,-0.0253625,0.00920798,-0.0161361,0,9.44263e-05,-0.00963147
0,-0.0186831,0.00944127,-0.0159532,0,8.7414e-05,-0.00702536
0,-0.0149512,0.0096574,-0.0157655,0,8.10245e-05,-0.00564061
0,-0.0085303,0.00986268,-0.0155735,0,7.51289e-05,-0.00313688
0,-0.00279943,0.0100538,-0.0153772,0,6.96696e-05,-0.000949647
0,-0.00129793,0.0102274,-0.0151771,0,6.4609e-05,-0.00044029
0,0.000738197,0.0103889,-0.0149734,0,5.99166e-05,0.000347486
0,0.00197207,0.0105371,-0.0147665,0,5.55653e-05,0.000806918
0,-8.04537e-05,0.0106697,-0.0145565,0,5.15302e-05,-3.33592e-05
0,-0.00427458,0.0107883,-0.0143437,0,4.77882e-05,-0.00167822
0,-0.00813124,0.0108958,-0.0141286,0,4.43181e-05,-0.00315541
0,-0.0103414,0.010994,-0.0139112,0,4.11001e-05,-0.00398025
0,-0.0119205,0.011082,-0.0136918,0,3.81159e-05,-0.00457828
0,-0.0135665,0.0111594,-0.0134706,0,3.53485e-05,-0.00521254
0,-0.0143499,0.0112276,-0.0132478,0,3.27821e-05,-0.00550133
0,-0.0160264,0.0112848,-0.0130236,0,3.04021e-05,-0.00615979
0,-0.0171265,0.0113331,-0.0127982,0,2.81949e-05,-0.0065744
0,-0.0182092,0.0113721,-0.0125718,0,2.61481e-05,-0.00699078
0,-0.0196754,0.0114016,-0.0123445,0,2.425e-05,-0.00756046
0,-0.0210527,0.0114225,-0.0121166,0,2.24897e-05,-0.00808876
0,-0.0227435,0.0114346,-0.0118883,0,2.08572e-05,-0.00874352
0,-0.0241799,0.0114387,-0.0116596,0,1.93433e-05,-0.00929185
0,-0.0264509,0.011434,-0.0114309,0,1.79393e-05,-0.0101772
0,-0.0293115,0.0114211,-0.0112022,0,1.66373e-05,-0.0112852
0,-0.031545,0.0114016,-0.0109737,0,-6.1323e-05,-0.012937
0,-0.0350736,0.0113735,-0.0107456,0,-0.000238286,-0.0144451
0,-0.0378781,0.0113394,-0.010518,0,-0.000442195,-0.0156415
0,-0.0409807,0.0112983,-0.010291,0,-0.000654874,-0.0169628
0,-0.0426466,0.0112524,-0.0100648,0,-0.00087172,-0.0176993
-6.07921e-05,-0.0430781,0.0112018,-0.00983955,0,-0.0010896,-0.0179575
-0.000281854,-0.0403565,0.0111486,-0.00961527,0,-0.00130273,-0.0169674
-0.000502916,-0.0347999,0.0110927,-0.00939203,0,-0.00150632,-0.014885
-0.000723978,-0.0289879,0.0110317,-0.00916989,0,-0.00169905,-0.0127353
-0.00094504,-0.0257479,0.0109628,-0.00894896,0,-0.00188045,-0.0116076
-0.0011661,-0.0226306,0.0108887,-0.00872936,0,-0.00205021,-0.0104809
-0.00138716,-0.0193231,0.0108101,-0.00851121,0,-0.00220803,-0.00926788
-0.00160823,-0.0159465,0.010727,-0.00829462,0,-0.00235358,-0.00802209
0.00148664,-0.0311754,0.0106197,-0.00807842,0,0.000829495,-0.0119022
0.00117716,-0.0331635,0.0105195,-0.00778011,0,0.000710679,-0.0124921
0.00104452,-0.0344574,0.0104191,-0.00765333,0,0.000605779,-0.0130161
0.000823456,-0.0363757,0.0103143,-0.00744444,0,0.000514335,-0.0137873
0.000602394,-0.0380024,0.0102063,-0.00723764,0,0.000437677,-0.0144278
0.000381332,-0.0368465,0.010098,-0.00703297,0,0.00037657,-0.013958
0.00016027,-0.0365496,0.0099856,-0.00683047,0,0.000331151,-0.0138709
0,-0.0386103,0.00986778,-0.00663019,0,0.000299368,-0.0147101
0,-0.03689,0.00975121,-0.00643225,0,0.000275597,-0.0140021
0,-0.0326183,0.00963475,-0.00623664,0,0.000255047,-0.0123325
0,-0.0300731,0.009514,-0.00604337,0,0.000236381,-0.0113907
0,-0.0246068,0.00939408,-0.00585248,0,0.000219175,-0.00925541
0,-0.0229681,0.00926796,-0.005664,0,0.000203245,-0.00869256
0,-0.0195802,0.00914174,-0.00547801,0,0.00018848,-0.00737207
0,-0.0161524,0.00901375,-0.00529454,0,0.00017479,-0.00606198
0,-0.0114108,0.00888549,-0.00511363,0,0.000162095,-0.00422745
0,-0.00882353,0.00875341,-0.00493528,0,0.000150323,-0.00327276
0,-0.00872976,0.00861731,-0.00475955,0,0.000139406,-0.00328022
0,-0.0108346,0.00847764,-0.00458652,0,0.000129282,-0.00412694
0,-0.0135689,0.00833621,-0.00441627,0,0.000119894,-0.00519093
0,-0.0180528,0.00819198,-0.00424884,0,0.000111188,-0.00694353
0,-0.0211425,0.00804842,-0.00408428,0,0.000103115,-0.00811234
0,-0.0246478,0.00790372,-0.00392259,0,9.56275e-05,-0.00946819
0,-0.0285971,0.00775797,-0.0037638,0,8.86843e-05,-0.0109947
0,-0.031998,0.00761236,-0.00360791,0,8.22455e-05,-0.0122952
0,-0.0349391,0.00746689,-0.00345493,0,7.62743e-05,-0.0134203
0,-0.0366204,0.00732253,-0.00330487,0,7.07369e-05,-0.0140492
0,-0.0359597,0.00718052,-0.0031577,0,6.56017e-05,-0.0137622
0,-0.0343076,0.00703952,-0.00301337,0,6.08394e-05,-0.013115
0,-0.0320917,0.00689917,-0.00287188,0,5.64231e-05,-0.0122577
0,-0.0281732,0.00676077,-0.00273319,0,5.23274e-05,-0.0107292
0,-0.0256674,0.00662109,-0.00259729,0,4.85292e-05,-0.0097906
0,-0.0238188,0.00648106,-0.00246417,0,1.4514e-05,-0.00941177
0,-0.0235349,0.00633977,-0.00233384,0,-5.86123e-05,-0.00938119
0,-0.0251987,0.00619691,-0.00220634,0,-0.000142239,-0.0101031
0,-0.0279289,0.00605349,-0.00208169,0,-0.000229161,-0.0112187
0,-0.0292968,0.00591218,-0.0019599,0,-0.000317561,-0.0117714
-2.41518e-05,-0.0267506,0.00577575,-0.00184095,0,-0.00040621,-0.0107792
-0.000111977,-0.0197634,0.00564482,-0.00172476,0,-0.000492819,-0.00807038
-0.000199801,-0.0122465,0.00551527,-0.00161121,0,-0.000575498,-0.0052146
-0.000287626,-0.00929692,0.00538176,-0.00150025,0,-0.000653731,-0.00418698
-0.000375451,-0.00469415,0.00525096,-0.00139195,0,-0.00072734,-0.00242577
-0.000463276,0.00156524,0.00512293,-0.00128628,0,-0.000796214,-2.49716e-05
-0.0005511,0.00528847,0.00499326,-0.00118318,0,-0.000860245,0.00134125
-0.000638925,0.00592626,0.00486144,-0.00108266,0,-0.000919301,0.00151769
0.000590621,-0.0167277,0.00470526,-0.000982798,0,0.000344147,-0.0066537
0.000590621,-0.0228405,0.00457191,-0.000982798,0,0.000294852,-0.00876029
0.000414972,-0.0259591,0.00443971,-0.000794348,0,0.000250942,-0.00991708
0.000327147,-0.0301442,0.00430773,-0.000704893,0,0.00021352,-0.0115506
0.000239322,-0.0309857,0.00418071,-0.000618078,0,0.000182308,-0.0118309
0.000151498,-0.0301737,0.00405688,-0.000533829,0,0.000157397,-0.0115008
6.36729e-05,-0.0312787,0.00393248,-0.000452072,0,0.000138782,-0.0119602
0,-0.0360925,0.00380564,-0.000372801,0,0.000125631,-0.0138702
0,-0.036642,0.00368488,-0.000296054,0,0.000115701,-0.0140203
0,-0.0331214,0.00357001,-0.000221752,0,0.000107087,-0.0126103
0,-0.0297267,0.00345658,-0.000149778,0,9.9254e-05,-0.0113126
0,-0.0221256,0.00334922,-8.00789e-05,0,9.20309e-05,-0.00833324
0,-0.0166937,0.00324115,-1.25577e-05,0,8.53434e-05,-0.00628418
0,-0.0124912,0.0031334,5.28056e-05,0,7.91446e-05,-0.00469246
0,-0.00974099,0.00302576,0.000116012,0,7.33968e-05,-0.00366159
0,-0.01049,0.00291608,0.000177066,0,6.80669e-05,-0.00400537
0,-0.0126376,0.00280661,0.000235936,0,6.31242e-05,-0.00485375
0,-0.0170353,0.00269649,0.000292615,0,5.85407e-05,-0.00657893
0,-0.0209894,0.00258859,0.000347096,0,5.42901e-05,-0.00809236
0,-0.0255063,0.00248186,0.000399407,0,5.03483e-05,-0.00983715
0,-0.0279454,0.00237912,0.000449578,0,4.66928e-05,-0.0107436
0,-0.0292052,0.00227941,0.000497674,0,4.33029e-05,-0.0112109
0,-0.0280719,0.00218402,0.000543761,0,4.01591e-05,-0.0107406
0,-0.0275223,0.00208979,0.000587918,0,3.72438e-05,-0.01054
0,-0.0265798,0.00199776,0.000630185,0,3.45401e-05,-0.0101734
0,-0.0261279,0.00190699,0.0006706,0,3.20328e-05,-0.0100087
0,-0.0266437,0.00181699,0.000709194,0,2.97077e-05,-0.0102227
0,-0.0276296,0.00172827,0.000745984,0,2.75513e-05,-0.0106095
0,-0.0280976,0.0016419,0.000780993,0,2.55516e-05,-0.0107822
0,-0.0287352,0.00155714,0.000814263,0,2.36971e-05,-0.0110305
0,-0.0290656,0.0014745,0.000845829,0,2.19772e-05,-0.0111536
0,-0.0288665,0.00139419,0.000875733,0,2.03823e-05,-0.0110698
0,-0.0309182,0.00131327,0.000904018,0,1.89031e-05,-0.0118928
0,-0.0317623,0.00123549,0.000930688,0,-7.56709e-05,-0.0131558
0,-0.0357002,0.0011562,0.000955787,0,-0.000290455,-0.0148711
0,-0.0386599,0.00107971,0.000979307,0,-0.000537878,-0.0161442
0,-0.0416363,0.00100497,0.00100128,0,-0.000795614,-0.0174318
0,-0.0431732,0.000933504,0.00102176,0,-0.0010571,-0.0181358
-0.000248561,-0.041191,0.00086751,0.00104078,0,-0.00131482,-0.0174471
-0.000503495,-0.0330782,0.000809731,0.00105846,0,-0.00156166,-0.0143543
-0.000758429,-0.026785,0.00075168,0.00107495,0,-0.00179561,-0.0120715
-0.00101336,-0.0233972,0.000692197,0.00109027,0,-0.00201603,-0.0109104
-0.0012683,-0.0195748,0.000634823,0.00110441,0,-0.00222262,-0.00952105
-0.00152323,-0.0161324,0.000578674,0.0011174,0,-0.00241506,-0.00827996
-0.00177816,-0.0133099,0.000523481,0.00112925,0,-0.00259303,-0.00727082
0.00179091,-0.0304743,0.000444607,0.00114,0,0.00106792,-0.0116348
0.00145312,-0.0319566,0.000388041,0.00115217,0,0.000921051,-0.0119446
0.00128104,-0.0324736,0.000334185,0.00115769,0,0.00079034,-0.0121746
0.00102611,-0.032744,0.000282166,0.00116465,0,0.000675466,-0.0123073
0.000771175,-0.0334809,0.000231209,0.00117055,0,0.00057778,-0.0126241
0.000516241,-0.0319,0.000184252,0.00117543,0,0.000498179,-0.0120036
0.000261307,-0.0292598,0.00013993,0.00117935,0,0.000437166,-0.0109919
6.37335e-06,-0.0308855,9.25635e-05,0.00118237,0,0.00039389,-0.011697
0,-0.0320922,4.71263e-05,0.00118446,0,0.000362136,-0.0121677
0,-0.026876,9.97148e-06,0.00118563,0,0.000335004,-0.0100792
0,-0.0230697,-2.7268e-05,0.00118601,0,0.00031045,-0.00865101
0,-0.0177667,-6.15228e-05,0.00118565,0,0.000287839,-0.00660281
0,-0.0147817,-9.68731e-05,0.00118459,0,0.000266913,-0.00550226
0,-0.0112246,-0.000130263,0.00118283,0,0.000247518,-0.00413701
0,-0.006684,-0.000161281,0.0011804,0,0.000229537,-0.00238721
0,-0.00583897,-0.000194924,0.00117732,0,0.000212862,-0.00212735
0,-0.00747339,-0.000229905,0.00117359,0,0.0001974,-0.00280026
0,-0.0109142,-0.00026552,0.00116917,0,0.000183062,-0.00415588
0,-0.01749,-0.000303191,0.00116404,0,0.000169765,-0.00673501
0,-0.0241846,-0.000339721,0.00115816,0,0.000157435,-0.0093131
0,-0.0302413,-0.000374323,0.00115155,0,0.000146001,-0.0116342
0,-0.0316163,-0.000402726,0.00114424,0,0.000135397,-0.0120955
0,-0.0315338,-0.000428394,0.00113633,0,0.000125564,-0.0120462
0,-0.0304932,-0.000451887,0.00112789,0,0.000116446,-0.0116364
0,-0.0299871,-0.000474816,0.00111897,0,0.00010799,-0.0114543
0,-0.027816,-0.000494867,0.00110958,0,0.000100148,-0.010599
0,-0.0266658,-0.000514922,0.00109979,0,9.28762e-05,-0.0101764
0,-0.0253752,-0.000533767,0.00108959,0,8.61325e-05,-0.009682
0,-0.0224975,-0.000549889,0.00107901,0,7.98786e-05,-0.00855581
0,-0.021671,-0.000567182,0.00106809,0,7.40791e-05,-0.00827268
0,-0.0186446,-0.000581146,0.00105683,0,6.87008e-05,-0.00707956
0,-0.0176618,-0.00059632,0.00104528,0,6.37132e-05,-0.0067359
0,-0.0180159,-0.000611967,0.00103343,0,5.90879e-05,-0.00689458
0,-0.0177499,-0.000625978,0.00102127,0,3.05982e-06,-0.00731897
0,-0.0195937,-0.000641323,0.00100882,0,-0.000119446,-0.00814831
0,-0.0230491,-0.000657484,0.000996069,0,-0.000259846,-0.00958641
0,-0.0264512,-0.000672707,0.000983001,0,-0.000405803,-0.0109746
0,-0.0277241,-0.000684806,0.000969623,0,-0.000553838,-0.0115087
-0.000111277,-0.0255901,-0.000692456,0.000955987,0,-0.000700362,-0.0107097
-0.000254861,-0.01801,-0.000693529,0.000942176,0,-0.000841455,-0.00778284
-0.000398444,-0.011696,-0.0006952,0.000928311,0,-0.000975426,-0.00543897
-0.000542028,-0.012844,-0.000704065,0.000914415,0,-0.00110179,-0.00604915
-0.000685611,-0.0121621,-0.000710248,0.000900378,0,-0.00122034,-0.00580854
-0.000829195,-0.0117998,-0.000716059,0.000886204,0,-0.00133092,-0.00571786
-0.000972778,-0.0114796,-0.000721223,0.000871912,0,-0.00143334,-0.00563356
0.00103739,-0.0339235,-0.000752169,0.000857513,0,0.000626383,-0.0131746
0.000893807,-0.035357,-0.000757747,0.000842625,0,0.000541007,-0.0133978
0.000750224,-0.0352647,-0.000761051,0.000827498,0,0.000464604,-0.0133623
0.00060664,-0.0353539,-0.000763918,0.000812293,0,0.000397539,-0.0134187
0.000463057,-0.0356127,-0.000766354,0.000797029,0,0.000340218,-0.0135365
0.000319473,-0.0341156,-0.000766333,0.000781714,0,0.000293053,-0.0129478
0.00017589,-0.033224,-0.000766391,0.000766388,0,0.000256334,-0.0126256
3.23063e-05,-0.0318191,-0.000765355,0.00075106,0,0.000229727,-0.0120875
0,-0.0319543,-0.000765427,0.000735748,0,0.000210342,-0.0121711
0,-0.0232835,-0.000755634,0.00072044,0,0.000194356,-0.00871439
0,-0.0142297,-0.000744979,0.000705278,0,0.000180052,-0.00523909
0,-0.00376277,-0.000732392,0.000690325,0,0.000166924,-0.00120495
0,0.00504209,-0.000721169,0.000675614,0,0.000154786,0.00214438
0,0.00848661,-0.000715248,0.000661135,0,0.000143539,0.0033794
0,0.0106989,-0.000710242,0.0006468,0,0.000133112,0.00420493
0,0.0094334,-0.000708548,0.00063257,0,0.000123444,0.00366117
0,0.00661151,-0.000708124,0.000618391,0,0.000114478,0.00254959
0,0.00161224,-0.000709636,0.000604226,0,0.000106164,0.000592821
0,-0.00270027,-0.000710047,0.000590041,0,9.84537e-05,-0.0010561
0,-0.00771048,-0.000710842,0.000575842,0,9.13038e-05,-0.00299385
0,-0.0125843,-0.000711142,0.000561629,0,8.46734e-05,-0.00486621
0,-0.0159074,-0.00070946,0.000547408,0,7.85247e-05,-0.00612129
0,-0.019189,-0.000707417,0.00053321,0,7.28227e-05,-0.00738331
0,-0.0214025,-0.000703933,0.000519052,0,6.7535e-05,-0.00821933
0,-0.0238751,-0.000700437,0.000504956,0,6.26314e-05,-0.00917497
0,-0.0256629,-0.000695936,0.00049093,0,5.8084e-05,-0.00985308
0,-0.0267929,-0.000690475,0.000476988,0,5.38669e-05,-0.0102789
0,-0.028809,-0.000685708,0.000463152,0,4.99561e-05,-0.0110684
0,-0.0302522,-0.000680094,0.000449414,0,4.63294e-05,-0.0116155
0,-0.031835,-0.000674403,0.000435784,0,4.29661e-05,-0.0122269
0,-0.0331582,-0.000668223,0.000422267,0,3.98471e-05,-0.0127324
0,-0.0343736,-0.000661727,0.000408872,0,3.69546e-05,-0.0131988
0,-0.0361103,-0.000655595,0.000395605,0,3.42722e-05,-0.0138749
0,-0.0374749,-0.000648812,0.000382462,0,-4.7992e-05,-0.0152244
0,-0.0400761,-0.000643173,0.000369452,0,-0.000233065,-0.0163799
0,-0.0415528,-0.000636174,0.00035656,0,-0.000446041,-0.0170642
0,-0.0443297,-0.000630406,0.000343802,0,-0.000667968,-0.0182792
0,-0.0452252,-0.000622494,0.000331165,0,-0.00089382,-0.0187161
-0.000107514,-0.0452098,-0.000613487,0.000318675,0,-0.00111941,-0.0188101
-0.000333859,-0.0404647,-0.000599345,0.000306361,0,-0.0013387,-0.017021
-0.000560204,-0.0348678,-0.000584218,0.000294303,0,-0.00154769,-0.0149553
-0.000786549,-0.0323197,-0.000572265,0.000282543,0,-0.00174524,-0.0141108
-0.00101289,-0.0311243,-0.000561681,0.000271038,0,-0.00193095,-0.0137505
-0.00123924,-0.0271064,-0.000548039,0.000259751,0,-0.00210451,-0.0122338
-0.00146558,-0.0230648,-0.000534334,0.000248722,0,-0.00226563,-0.0107421
-0.00169193,-0.022779,-0.000524587,0.000237967,0,-0.00241395,-0.0107421
0.0014769,-0.0370265,-0.000533542,0.000227281,0,0.000982551,-0.0141122
0.00109777,-0.036528,-0.000523182,0.000209403,0,0.000852549,-0.0136749
0.000967625,-0.0364159,-0.000513361,0.000203335,0,0.000738852,-0.0136801
0.000797866,-0.0377772,-0.000505171,0.000195585,0,0.000639331,-0.0142589
0.000571521,-0.0387048,-0.000496498,0.000185441,0,0.000554901,-0.0146329
0.000345176,-0.0378009,-0.000485866,0.000175467,0,0.000486925,-0.0142784
0.000118831,-0.0361422,-0.000474434,0.000165697,0,0.000435429,-0.0136474
0,-0.0382093,-0.00046697,0.000156151,0,0.000397344,-0.0145135
0,-0.0358268,-0.000454783,0.000146774,0,0.000366781,-0.0135444
0,-0.0338607,-0.000443066,0.000137618,0,0.000339685,-0.0128086
0,-0.0331011,-0.000432663,0.000128698,0,0.000314885,-0.0125472
0,-0.0303096,-0.000420137,0.000119993,0,0.000291973,-0.0114553
0,-0.0284406,-0.000408641,0.000111527,0,0.000270749,-0.0107619
0,-0.0228725,-0.000393269,0.000103297,0,0.000251074,-0.00857677
0,-0.0189727,-0.000379745,9.53546e-05,0,0.00023283,-0.00711372
0,-0.0132237,-0.000364333,8.76921e-05,0,0.000215914,-0.00488618
0,-0.0101371,-0.000351839,8.03284e-05,0,0.000200226,-0.00374937
0,-0.00810192,-0.000340547,7.32291e-05,0,0.00018568,-0.00299101
0,-0.00869146,-0.000332128,6.63617e-05,0,0.00017219,-0.003264
0,-0.0109039,-0.00032551,5.9677e-05,0,0.000159681,-0.00414428
0,-0.0144749,-0.000320408,5.31338e-05,0,0.000148082,-0.00554172
0,-0.0173346,-0.000314619,4.67001e-05,0,0.000137325,-0.00663392
0,-0.0195461,-0.000308215,4.03788e-05,0,0.00012735,-0.00747783
0,-0.0209682,-0.00030105,3.41825e-05,0,0.0001181,-0.00801616
0,-0.0228551,-0.000294462,2.81256e-05,0,0.000109522,-0.00875183
0,-0.024829,-0.000288049,2.22035e-05,0,0.000101567,-0.00951482
0,-0.0273034,-0.000282252,1.64104e-05,0,9.41904e-05,-0.010476
0,-0.0275079,-0.000274128,1.07364e-05,0,8.73498e-05,-0.0105231
0,-0.0276026,-0.000265982,5.21322e-06,0,8.10062e-05,-0.0105608
0,-0.0272582,-0.000257468,-1.47152e-07,0,7.51236e-05,-0.0104246
0,-0.0260252,-0.000248113,-5.33909e-06,0,6.96683e-05,-0.0099402
0,-0.0257045,-0.000239836,-1.03481e-05,0,6.46094e-05,-0.00983346
0,-0.0247073,-0.000230907,-1.51862e-05,0,1.76374e-05,-0.00988305
0,-0.0250376,-0.0002235,-1.9849e-05,0,-8.35772e-05,-0.0101049
0,-0.0277756,-0.000218757,-2.4356e-05,0,-0.000199356,-0.011266
0,-0.0316855,-0.000215355,-2.87549e-05,0,-0.000319679,-0.012855
0,-0.0329153,-0.000209199,-3.3079e-05,0,-0.00044193,-0.0133522
-5.11737e-05,-0.0299162,-0.000198657,-3.72938e-05,0,-0.000564029,-0.0121976
-0.000171582,-0.0230396,-0.000184124,-4.13196e-05,0,-0.000682791,-0.00955511
-0.000291991,-0.0144626,-0.000167932,-4.50748e-05,0,-0.000795979,-0.00628818
-0.000412399,-0.0107905,-0.000157108,-4.85144e-05,0,-0.000902977,-0.00500078
-0.000532808,-0.00526252,-0.000144456,-5.17107e-05,0,-0.00100356,-0.00289237
-0.000653217,-0.00159476,-0.000133931,-5.4663e-05,0,-0.00109759,-0.00155031
-0.000773625,0.000118826,-0.000125629,-5.73943e-05,0,-0.00118491,-0.000955335
-0.000894034,7.24113e-05,-0.000119336,-5.99484e-05,0,-0.00126533,-0.00102866
0.000791687,-0.0245672,-0.000141249,-6.2461e-05,0,0.000467481,-0.00966827
0.000656227,-0.030178,-0.000140982,-6.5561e-05,0,0.00040168,-0.0115217
0.000550869,-0.0324991,-0.000137326,-6.80295e-05,0,0.000343574,-0.0123807
0.000430461,-0.0346631,-0.000133607,-7.07943e-05,0,0.000293313,-0.0132231
0.000310052,-0.0352805,-0.000128349,-7.3485e-05,0,0.00025136,-0.0134479
0.000189644,-0.0329043,-0.000120023,-7.60783e-05,0,0.000218039,-0.0124991
6.9235e-05,-0.032917,-0.000114358,-7.85204e-05,0,0.000193303,-0.0125484
0,-0.0349237,-0.000110923,-8.08359e-05,0,0.000175637,-0.0133563
0,-0.0322784,-0.000102654,-8.30715e-05,0,0.000161929,-0.0122755
0,-0.0268337,-9.15387e-05,-8.5166e-05,0,0.000149918,-0.0101478
0,-0.022235,-8.14618e-05,-8.70523e-05,0,0.000138963,-0.00840025
0,-0.014598,-6.82983e-05,-8.87319e-05,0,0.000128853,-0.00542632
0,-0.0088397,-5.72853e-05,-9.01637e-05,0,0.000119489,-0.00324871
0,-0.00635473,-4.98979e-05,-9.13645e-05,0,0.00011081,-0.00234891
0,-0.00562399,-4.45097e-05,-9.23994e-05,0,0.000102762,-0.00209906
0,-0.00727207,-4.17755e-05,-9.33165e-05,0,9.52987e-05,-0.00277184
0,-0.0099466,-4.02472e-05,-9.41657e-05,0,8.83779e-05,-0.00381774
0,-0.0139041,-4.019e-05,-9.49783e-05,0,8.196e-05,-0.00535993
0,-0.0192937,-4.17534e-05,-9.57824e-05,0,7.60084e-05,-0.00745403
0,-0.0245149,-4.32276e-05,-9.66096e-05,0,7.04892e-05,-0.00945872
0,-0.0278897,-4.28278e-05,-9.74668e-05,0,6.53709e-05,-0.0107286
0,-0.0292012,-4.0329e-05,-9.83254e-05,0,6.06244e-05,-0.0112028
0,-0.0288926,-3.62085e-05,-9.91444e-05,0,5.62228e-05,-0.0110616
0,-0.0283149,-3.1907e-05,-9.98892e-05,0,5.21408e-05,-0.0108376
0,-0.028,-2.79898e-05,-0.000100549,0,4.83554e-05,-0.0107225
0,-0.0281116,-2.46287e-05,-0.000101128,0,4.48449e-05,-0.0107736
0,-0.0299516,-2.32027e-05,-0.000101638,0,4.15894e-05,-0.0115081
0,-0.0316558,-2.17233e-05,-0.000102109,0,3.85703e-05,-0.0121618
0,-0.0328744,-1.98175e-05,-0.000102551,0,3.57705e-05,-0.0126235
0,-0.0319996,-1.57786e-05,-0.000102957,0,3.31741e-05,-0.0122568
0,-0.0306931,-1.13793e-05,-0.000103292,0,3.07662e-05,-0.0117498
0,-0.0308186,-8.59959e-06,-0.000103542,0,2.85331e-05,-0.011821
0,-0.0311462,-6.07192e-06,-0.000103728,0,-3.18532e-05,-0.0125594
0,-0.0352726,-7.66655e-06,-0.000103862,0,-0.000167374,-0.0143033
0,-0.0389465,-8.85018e-06,-0.000104007,0,-0.000323283,-0.015806
0,-0.0430413,-1.05491e-05,-0.000104178,0,-0.000485751,-0.0174797
0,-0.0466928,-1.18405e-05,-0.000104381,0,-0.000651195,-0.0189648
-6.25116e-05,-0.046171,-8.76357e-06,-0.000104611,0,-0.000816896,-0.0187847
-0.000229209,-0.0388332,1.47027e-06,-0.000104802,0,-0.00097845,-0.0159408
-0.000395907,-0.0301714,1.29975e-05,-0.000104824,0,-0.00113258,-0.0126661
-0.000562604,-0.0273684,1.81825e-05,-0.000104621,0,-0.00127838,-0.0117442
-0.000729301,-0.0241088,2.37549e-05,-0.000104284,0,-0.00141551,-0.0105436
-0.000895999,-0.020684,2.94031e-05,-0.000103836,0,-0.00154376,-0.0092775
-0.0010627,-0.0195036,3.25673e-05,-0.000103276,0,-0.0016629,-0.00890364
-0.00122939,-0.0183376,3.56258e-05,-0.000102641,0,-0.00177268,-0.00849499
0.00110437,-0.0440068,8.6515e-06,-0.00010199,0,0.000627686,-0.0170845
0.000883497,-0.0463797,7.87544e-06,-0.000101641,0,0.000538156,-0.0176408
0.000770976,-0.0466344,9.29623e-06,-0.000101531,0,0.000459199,-0.0177336
0.000604278,-0.0465925,1.09701e-05,-0.000101352,0,0.000390623,-0.0177318
0.000437581,-0.0453699,1.38353e-05,-0.000101141,0,0.00033333,-0.0172596
0.000270883,-0.0415763,1.93631e-05,-0.000100878,0,0.00028785,-0.0157763
0.000104186,-0.038034,2.45449e-05,-0.000100519,0,0.000254188,-0.0144305
0,-0.0406399,2.31203e-05,-0.000100054,0,0.000230436,-0.0155342
0,-0.0413244,2.36857e-05,-9.95842e-05,0,0.000212311,-0.0157756
0,-0.038537,2.78806e-05,-9.91133e-05,0,0.000196526,-0.0146596
0,-0.0378209,2.98045e-05,-9.85766e-05,0,0.000182155,-0.0144232
0,-0.0391817,2.94612e-05,-9.79902e-05,0,0.000168899,-0.0149838
0,-0.0483592,2.07676e-05,-9.73992e-05,0,0.000156624,-0.0186331
0,-0.0602159,9.2181e-06,-9.69404e-05,0,0.000145246,-0.0232319
0,-0.0791297,-9.81609e-06,-9.66983e-05,0,0.000134697,-0.0306069
0,-0.09,-0.000363596,-9.67995e-05,0,0.000124914,-0.0397438
0,-0.09,-0.00211307,-0.000102126,0,0.000115842,-0.0505169
0,-0.09,-0.0073582,-0.000126892,0,0.000107429,-0.0615385
0,-0.09,-0.020781,-0.000218982,0,9.96277e-05,-0.071661
0,-0.09,-0.0546891,-0.000493663,0,9.2393e-05,-0.0806377
0,-0.09,-0.138606,-0.00121446,-0.0249046,8.5684e-05,-0.0887627
0,-0.09,-0.256676,-0.00306349,-0.0889037,7.94623e-05,-0.0958754
0,-0.09,-0.432689,-0.00701631,-0.121581,7.36926e-05,-0.103222
0,-0.09,-0.667661,-0.0132462,-0.143475,6.83421e-05,-0.114537
0,-0.09,-1.08721,-0.023446,-0.14603,6.33802e-05,-0.125264
0,-0.09,-6.33714,-0.039736,-0.127932,5.87787e-05,-0.137309
0,-0.09,-10,-0.0936165,-0.107579,5.45115e-05,-0.149838
0,-0.09,-10,-0.0936165,-0.107579,5.05542e-05,-0.165843
0,-0.09,-10,-0.544428,-0.0600351,4.68843e-05,-0.169926
0,-0.09,-10,-0.724428,-0.0495118,4.34809e-05,-0.172152
0,-0.09,-10,-0.924428,-0.0454027,4.03248e-05,-0.171129
0,-0.09,-10,-1.12443,-0.0455436,-0.00167468,-0.1683
0,-0.09,-10,-1.32443,-0.0558341,-0.00559951,-0.162354
0,-0.09,-9.71319,-1.68943,-0.0868359,-0.0102445,-0.144461
-0.00105368,-0.0910537,-9.34685,-1.97285,-0.053763,-0.0152467,-0.13148
-0.00456595,-0.0945659,-8.97724,-2.11727,-0.0321071,-0.0202654,-0.124823
-0.00924897,-0.099249,-8.60689,-2.30069,-0.0132108,-0.0250778,-0.116946
-0.013932,-0.103932,-8.23949,-2.47653,-0.0109955,-0.0296368,-0.115643
-0.018615,-0.108615,-7.87817,-2.645,-0.0245189,-0.0339293,-0.122111
-0.023298,-0.113298,-7.52254,-2.80617,-0.0243422,-0.0379501,-0.121516
-0.0279811,-0.117981,-7.17221,-2.96036,-0.0248499,-0.0416948,-0.12095
-0.0326641,-0.122664,-6.82769,-3.10748,-0.0291084,-0.0451582,-0.122491
0.0328982,-0.0571018,-6.60596,-3.24765,9.75782e-18,0.0219116,-0.0819586
0.0247029,-0.0652971,-8.55579,-3.48219,-0.119905,0.019066,-0.101813
0.0174443,-0.0725557,-10,-3.69965,-0.236035,0.0166132,-0.115262
0.00796114,-0.0820389,-10,-4.05482,-0.234214,0.0146476,-0.124308
0.00374642,-0.0862536,-10,-4.23482,-0.237177,0.0131601,-0.124588
0.000117076,-0.0898829,-10,-4.38982,-0.236614,0.0120205,-0.125515
0,-0.09,-10,-4.58982,-0.236557,0.0110965,-0.128256
0,-0.09,-10,-4.78982,-0.216513,0.0102766,-0.129809
0,-0.09,-10,-5.09482,-0.23921,0.00952603,-0.135865
0,-0.09,-10,-5.25482,-0.237347,0.00883259,-0.138532
0,-0.09,-10,-5.38982,-0.235284,0.00819025,-0.140927
0,-0.09,-10,-5.58982,-0.229861,0.0075948,-0.144905
0,-0.09,-10,-5.78982,-0.221009,0.0070427,-0.14783
0,-0.09,-10,-5.98982,-0.209026,0.00653076,-0.156627
0,-0.09,-10,-6.29482,-0.188458,0.00605606,-0.170587
0,-0.09,-10,-6.29482,-0.188458,0.00561587,-0.185945
0,-0.09,-10,-6.60982,-0.152421,0.0052077,-0.194789
0,-0.09,-10,-6.78982,-0.129725,0.0048292,-0.209407
0,-0.09,-10,-6.98982,-0.108934,0.00447823,-0.224718
