-0.000145933,0,-0.000129538,0,0,0.9
-0.000145933,0,-0.000129538,0,0,0.9
-0.000145933,0,-0.000129538,0,0,0.9
-0.000145933,0,-0.000129538,0,0,0.9
-0.000145933,0,-0.000129538,0,0,0.9
-0.000145933,0,-0.000129538,0,0,0.9
-0.000145933,0,-0.000129538,0,0,0.9
-0.000145933,0,-0.000129538,0,0,0.9
-0.000145933,0,-0.000129538,0,0,0.9
-0.000145933,0,-0.000129538,0,0,0.9
-0.000145933,0,-0.000129538,0,0,0.9
-0.000145933,0,-0.000129538,0,0,0.9
-0.000145933,0,-0.000129538,0,0,0.9
-0.000145933,0,-0.000129538,0,0,0.9
-0.000145933,0,-0.000129538,0,0,0.9
-0.000145933,0,-0.000129538,0,0,0.9
-0.000145933,0,-0.000129538,0,0,0.9
-0.000145933,0,-0.000129538,0,0,0.9
-0.000145933,0,-0.000129538,0,0,0.9
-0.000145933,0,-0.000129538,0,0,0.9
-0.000145933,0,-0.000129538,0,0,0.9
-0.000145933,0,-0.000129538,0,0,0.9
-0.000145933,0,-0.000129538,0,0,0.9
-0.000145933,0,-0.000129538,0,0,0.9
-0.000145933,0,-0.000129538,0,0,0.9
-0.000145933,0,-0.000129538,0,0,0.9
-0.000145933,0,-0.000129538,0,0,0.9
-0.000145933,0,-0.000129538,0,0,0.9
-0.000145933,0,-0.000129538,0,0,0.9
-0.000145933,0,-0.000129538,0,0,0.9
-0.000145933,0,-0.000129538,0,0,0.9
-0.000145933,0,-0.000129538,0,0,0.9
-0.000145933,0,-0.000129538,0,0,0.9
-0.000145933,0,-0.000129538,0,0,0.9
-0.000145933,0,-0.000129538,0,0,0.9
-0.000145933,0,-0.000129538,0,0,0.9
-0.000145933,0,-0.000129538,0,0,0.9
-0.000145933,0,-0.000129538,0,0,0.9
-0.000145933,0,-0.000129538,0,0,0.9
-0.000145933,0,-0.000129538,0,0,0.9
-0.000145933,0,-0.000129538,0,0,0.9
-0.000145933,0,-0.000129538,0,0,0.9
-0.000145933,0,-0.000129538,0,0,0.9
-0.000145933,0,-0.000129538,0,0,0.9
-0.000145933,0,-0.000129538,0,0,0.9
-0.000145933,0,-0.000129538,0,0,0.9
-0.000145933,0,-0.000129538,0,0,0.9
-0.000145933,0,-0.000129538,0,0,0.9
-0.000145933,0,-0.000129538,0,0,0.9
-0.000145933,0,-0.000129538,0,0,0.9
-0.000145933,0,-0.000129538,0,0,0.9
-0.000145933,0,-0.000129538,0,0,0.9
-0.000145933,0,-0.000129538,0,0,0.9
-0.000145933,0,-0.000129538,0,0,0.9
-0.000145933,0,-0.000129538,0,0,0.9
-0.000145933,0,-0.000129538,0,0,0.9
-0.000145933,0,-0.000129538,0,0,0.9
-0.000145933,0,-0.000129538,0,0,0.9
-0.000145933,0,-0.000129538,0,0,0.9
-0.000145933,0,-0.000129538,0,0,0.9
-0.000145933,0,-0.000129538,0,0,0.9
-0.000145933,0,-0.000129538,0,0,0.9
-0.000145933,0,-0.000129538,0,0,0.9
-0.000145933,0,-0.000129538,0,0,0.9
-0.000145933,0,-0.000129538,0,0,0.9
-0.000145933,0,-0.000129538,0,0,0.9
-0.000145933,0,-0.000129538,0,0,0.9
-0.000145933,0,-0.000129538,0,0,0.9
-0.000145933,0,-0.000129538,0,0,0.9
-0.000145933,0,-0.000129538,0,0,0.9
-0.000145933,0,-0.000129538,0,0,0.9
-0.000145933,0,-0.000129538,0,0,0.9
-0.000145933,0,-0.000129538,0,0,0.9
-0.000145933,0,-0.000129538,0,0,0.9
-0.000145933,0,-0.000129538,0,0,0.9
-0.000145933,0,-0.000129538,0,0,0.9
-0.000145933,0,-0.000129538,0,0,0.9
-0.000145933,0,-0.000129538,0,0,0.9
-0.000145933,0,-0.000129538,0,0,0.9
-0.000145933,0,-0.000129538,0,0,0.9
-0.000145933,0,-0.000129538,0,0,0.9
-0.000145933,0,-0.000129538,0,0,0.9
-0.000145933,0,-0.000129538,0,0,0.9
-0.000145933,0,-0.000129538,0,0,0.9
-0.000145933,0,-0.000129538,0,0,0.9
-0.000145933,0,-0.000129538,0,0,0.9
-0.000145933,0,-0.000129538,0,0,0.9
-0.000145933,0,-0.000129538,0,0,0.9
-0.000145933,0,-0.000129538,0,0,0.9
-0.000145933,0,-0.000129538,0,0,0.9
-0.000145933,0,-0.000129538,0,0,0.9
-0.000145933,0,-0.000129538,0,0,0.9
-0.000145933,0,-0.000129538,0,0,0.9
-0.000145933,0,-0.000129538,0,0,0.9
-0.000145933,0,-0.000129538,0,0,0.9
-0.000145933,0,-0.000129538,0,0,0.9
-0.000145933,0,-0.000129538,0,0,0.9
-0.000145933,0,-0.000129538,0,0,0.9
-0.000145933,0,-0.000129538,0,0,0.9
-0.000145933,0,-0.000129538,0,0,0.9
-0.000145933,0,-0.000129538,0,0,0.9
-0.000145933,0,-0.000129538,0,0,0.9
-0.000145933,0,-0.000129538,0,0,0.9
-0.000145933,0,-0.000129538,0,0,0.9
-0.000145933,0,-0.000129538,0,0,0.9
-0.000145933,0,-0.000129538,0,0,0.9
-0.000145933,0,-0.000129538,0,0,0.9
-0.000145933,0,-0.000129589,0,0,0.9
-0.000145933,0,-0.000129742,0,0,0.9
-0.000145933,0,-0.00012999,0,0,0.9
-0.000145933,0,-0.000130326,0,0,0.9
-0.000145933,0,-0.000130741,0,0,0.9
-0.000145933,0,-0.00013123,0,0,0.9
-0.000145933,0,-0.000131785,0,0,0.9
-0.000145933,0,-0.000132398,0,0,0.9
-0.000145933,0,-0.000133062,0,0,0.9
-0.000145933,0,-0.000133771,0,0,0.9
-0.000145933,0,-0.000134515,0,0,0.9
-0.000145933,0,-0.00013529,0,0,0.9
-0.000145933,0,-0.000136086,0,0,0.9
-0.000145933,0,-0.000136897,0,0,0.9
-0.000145933,0,-0.000137715,0,0,0.9
-0.000145933,0,-0.000138534,0,0,0.9
-0.000145933,0,-0.000139345,0,0,0.9
-0.000145933,0,-0.000140142,0,0,0.9
-0.000145933,0,-0.000140918,0,0,0.9
-0.000145933,0,-0.000141664,0,0,0.9
-0.000145933,0,-0.000142374,0,0,0.9
-0.000145933,0,-0.000143041,0,0,0.9
-0.000145933,0,-0.000143657,0,0,0.9
-0.000145933,0,-0.000144215,0,0,0.9
-0.000145933,0,-0.000144707,0,0,0.9
-0.000145933,0,-0.000145127,0,0,0.9
-0.000145933,0,-0.000145467,0,0,0.9
-0.000145933,0,-0.000145719,0,0,0.9
-0.000145933,0,-0.000145877,0,0,0.9
-0.000145933,0,-0.000145933,0,0,0.9
-0.000145933,0,-0.000145933,0,0,0.9
-0.000145933,0,-0.000145933,0,0,0.9
-0.000145933,0,-0.000145933,0,0,0.9
-0.000145933,0,-0.000145933,0,0,0.9
-0.000145933,0,-0.000145933,0,0,0.9
-0.000145933,0,-0.000145933,0,0,0.9
-0.000145933,0,-0.000145933,0,0,0.9
0,-0.00976109,0,0,0,0.9
0,-0.00976109,0,0,0,0.9
0,-0.00976109,0,0,0,0.9
0,-0.00976109,0,0,0,0.9
0,-0.00976109,0,0,0,0.9
0,-0.00976109,0,0,0,0.9
0,-0.00976109,0,0,0,0.9
0,-0.00976109,0,0,0,0.9
-0.0436045,-0.00994542,0,0,0,0.751
0.0236062,-0.00931186,0,-0.015224,0,0.876
0.010903,-0.0091954,0,-0.0108025,0,0.902
0.00738759,-0.00894802,0,-0.00842035,0,0.904
0.00738757,-0.00851442,0,-0.00710547,0,0.903
0.00683715,-0.00803753,0,-0.0054674,0,0.898
0.00406807,-0.00785451,0,-0.00406737,0,0.898
0.00555045,-0.0070663,0,-0.00290855,0,0.897
0.00597091,-0.00635966,0,-0.00155223,0,0.898
0.00116485,-0.00692438,0,9.62249e-05,0,0.898
-0.000197154,-0.00684137,0,0.00056133,0,0.898
-0.0035748,-0.007585,0,0.000629231,0,0.899
-0.00346471,-0.00723984,0,-0.000251438,0,0.899
-0.00287284,-0.00675503,0,-0.00134952,0,0.9
-0.000756475,-0.00538258,0,-0.00268901,0,0.9
-0.00154086,-0.00532083,0,-0.00211838,0,0.897
-0.00135998,-0.00485067,0,-0.00288955,0,0.901
-0.00073195,-0.00405362,0,-0.00344015,0,0.901
-0.00146208,-0.00411954,0,-0.00435614,0,0.901
-0.00187173,-0.00403475,0,-0.00435614,0,0.901
-0.00242051,-0.00410241,0,-0.00560709,0,0.901
-0.00197546,-0.00344481,0,-0.00882101,0,0.901
-0.00116562,-0.00245675,0,-0.00920716,0,0.901
-0.000688462,-0.00171321,0,-0.0104261,0,0.9
-0.00212394,-0.00276397,0,-0.0123055,0,0.901
-0.00243775,-0.00205268,0,-0.0150174,0,0.9
-0.00345988,-0.00186824,0,-0.0150174,0,0.9
-0.00364189,-0.00173134,0,-0.0189472,0,0.9
-0.00425246,-0.0016406,0,-0.0238103,0,0.9
-0.00344534,-0.00159967,0,-0.0300788,0,0.9
-0.00215485,-0.00159762,0,0,0,0.9
-0.00215485,-0.00159762,0,0,0,0.9
-0.00215485,-0.00159762,0,0,0,0.9
-0.00215485,-0.00159762,0,0,0,0.9
-0.00215485,-0.00159762,0,0,0,0.9
-0.00215485,-0.00159762,0,0,0,0.9
-0.00215485,-0.00159762,0,0,0,0.9
0,0,-0.00809544,0,0,0.899
0,0,-0.00809544,0,0,0.899
0,0,-0.00809544,0,0,0.899
0,0,-0.00809544,0,0,0.899
0,0,-0.00809544,0,0,0.899
0,0,-0.00809544,0,0,0.899
0,0,-0.00809544,0,0,0.899
0,0,-0.00809544,0,0,0.899
-0.0477268,0,-0.00820962,0,0,0.763
0.0181246,0,-0.00784204,-0.0168127,0,0.896
0.0138806,0,-0.00759737,-0.0130247,0,0.908
0.0106487,0,-0.00731276,-0.00991907,0,0.905
0.00900864,0,-0.00697738,-0.00759261,0,0.906
0.00578755,0,-0.00667148,-0.0053251,0,0.902
0.00308627,0,-0.00657701,-0.00410455,0,0.903
-0.000673252,0,-0.00681226,-0.00340924,0,0.903
-0.00400754,0,-0.00722439,-0.00304339,0,0.903
-0.00495104,0,-0.00729064,-0.00363128,0,0.903
-0.00531083,0,-0.0072548,-0.00464188,0,0.902
-0.00717627,0,-0.00777387,-0.00557159,0,0.901
-0.0056487,0,-0.0071183,-0.00741612,0,0.9
-0.00403639,0,-0.00627362,-0.00907999,0,0.9
-0.00333312,0,-0.00572617,-0.0102152,0,0.901
-0.0022774,0,-0.00491089,-0.0111433,0,0.901
-0.00230482,0,-0.00463965,-0.011493,0,0.901
-0.0021647,0,-0.00426797,-0.0119377,0,0.901
-0.00236475,0,-0.0041262,-0.0124739,0,0.901
-0.00294226,0,-0.00429924,-0.0130324,0,0.902
-0.00261037,0,-0.00381702,-0.0141128,0,0.902
-0.00225649,0,-0.00331152,-0.0152753,0,0.903
-0.00286883,0,-0.00361595,-0.0162337,0,0.903
-0.00323052,0,-0.00375913,-0.0172256,0,0.903
-0.00422028,0,-0.00452359,-0.019072,0,0.903
-0.00461675,0,-0.00294092,-0.0220628,0,0.901
-0.00436791,0,-0.00282744,-0.0246222,0,0.901
-0.00420229,0,-0.00274265,-0.0288815,0,0.901
-0.00421514,0,-0.00268893,-0.0317053,0,0.901
-0.00365224,0,-0.0026687,-0.0355439,0,0.901
-0.00209321,0,-0.00266859,-0.0377825,0,0.901
-0.00209321,0,-0.00266859,0,0,0.901
-0.00209321,0,-0.00266859,0,0,0.901
-0.00209321,0,-0.00266859,0,0,0.901
-0.00209321,0,-0.00266859,0,0,0.901
-0.00209321,0,-0.00266859,0,0,0.901
-0.00209321,0,-0.00266859,0,0,0.901
0,-0.00786643,0,0,0,0.901
0,-0.00786643,0,0,0,0.901
0,-0.00786643,0,0,0,0.901
0,-0.00786643,0,0,0,0.901
0,-0.00786643,0,0,0,0.901
0,-0.00786643,0,0,0,0.901
0,-0.00786643,0,0,0,0.901
0,-0.00786643,0,0,0,0.901
-0.0405442,-0.00794643,0,0,0,0.768
0.0156863,-0.00765226,0,-0.0149739,0,0.897
0.00710702,-0.00753797,0,-0.0114867,0,0.907
0.00923157,-0.00717288,0,-0.00972677,0,0.906
0.00900461,-0.00678549,0,-0.00765195,0,0.906
0.00802616,-0.00638922,0,-0.00552851,0,0.903
0.00387554,-0.00630209,0,-0.0034601,0,0.905
0.00120341,-0.0063205,0,-0.00279182,0,0.904
-0.00182252,-0.00659114,0,-0.00183526,0,0.903
-0.00592568,-0.00737397,0,-0.00228256,0,0.903
-0.00796684,-0.00789651,0,-0.00330064,0,0.902
-0.00695308,-0.00754821,0,-0.00518128,0,0.9
-0.00511622,-0.00677484,0,-0.00735254,0,0.9
-0.00408195,-0.00618162,0,-0.00856588,0,0.901
-0.000474992,-0.00421675,0,-0.010081,0,0.902
-0.00123488,-0.00425309,0,-0.00987722,0,0.901
-0.00245235,-0.00464865,0,-0.00957741,0,0.901
-0.00294025,-0.00469909,0,-0.0100005,0,0.901
-0.00323943,-0.00467239,0,-0.0111779,0,0.901
-0.00333836,-0.00454082,0,-0.0124939,0,0.902
-0.00284742,-0.00396213,0,-0.014048,0,0.902
-0.0014528,-0.0026151,0,-0.0154569,0,0.902
5.05269e-06,-0.00113437,0,-0.0164455,0,0.903
-0.00179351,-0.00246325,0,-0.0144947,0,0.903
-0.00221815,-0.00266826,0,-0.015002,0,0.903
-0.00246599,-0.00206033,0,-0.015869,0,0.901
-0.00300245,-0.00193081,0,-0.016703,0,0.901
-0.00357571,-0.0018335,0,-0.0189527,0,0.901
-0.00381767,-0.0017711,0,-0.0226246,0,0.901
-0.00302844,-0.00174621,0,-0.0271916,0,0.901
-0.00175286,-0.00174601,0,-0.0296822,0,0.901
-0.00175286,-0.00174601,0,0,0,0.901
-0.00175286,-0.00174601,0,0,0,0.901
-0.00175286,-0.00174601,0,0,0,0.901
-0.00175286,-0.00174601,0,0,0,0.901
-0.00175286,-0.00174601,0,0,0,0.901
-0.00175286,-0.00174601,0,0,0,0.901
0,0,-0.00794369,0,0,0.9
0,0,-0.00794369,0,0,0.9
0,0,-0.00794369,0,0,0.9
0,0,-0.00794369,0,0,0.9
0,0,-0.00794369,0,0,0.9
0,0,-0.00794369,0,0,0.9
0,0,-0.00794369,0,0,0.9
0,0,-0.00794369,0,0,0.9
-0.0475173,0,-0.00802446,0,0,0.775
-0.00169762,0,-0.00789138,-0.0127225,0,0.904
0.00950961,0,-0.00757693,-0.0127225,0,0.909
0.00473315,0,-0.00744748,-0.0102185,0,0.909
0.015448,0,-0.00634192,-0.0090712,0,0.91
0.0109852,0,-0.00609042,-0.00604231,0,0.907
0.0104907,0,-0.00553447,-0.00412115,0,0.907
0.00534339,0,-0.00571106,-0.00185885,0,0.905
0.000525524,0,-0.00618444,-0.000673202,0,0.905
-0.00230267,0,-0.00653273,-0.000281701,0,0.905
-0.0054818,0,-0.00721589,-0.000650182,0,0.904
-0.00636716,0,-0.00740264,-0.00174432,0,0.903
-0.00579337,0,-0.0071026,-0.00559438,0,0.902
-0.00439278,0,-0.00637573,-0.00559438,0,0.902
-0.0029486,0,-0.0054897,-0.00701612,0,0.902
-0.00284699,0,-0.00519234,-0.00867388,0,0.902
-0.00259474,0,-0.00479904,-0.00867388,0,0.903
-0.00239862,0,-0.00441425,-0.0104701,0,0.903
-0.00274978,0,-0.00437802,-0.0104701,0,0.902
-0.00371996,0,-0.00485726,-0.0113895,0,0.903
-0.00351876,0,-0.00451739,-0.0130978,0,0.903
-0.0037209,0,-0.00450059,-0.0152102,0,0.903
-0.00406693,0,-0.00464051,-0.0172305,0,0.904
-0.00440892,0,-0.00480912,-0.0198907,0,0.904
-0.00484753,0,-0.00510237,-0.0233633,0,0.904
-0.00512735,0,-0.00366718,-0.0268116,0,0.902
-0.00521063,0,-0.00356744,-0.0294261,0,0.902
-0.00505181,0,-0.00349397,-0.0340213,0,0.902
-0.00497848,0,-0.00344606,-0.0383418,0,0.902
-0.00478331,0,-0.00342568,-0.0425086,0,0.902
-0.00302637,0,-0.00342509,-0.0458721,0,0.902
-0.00302637,0,-0.00342509,0,0,0.902
-0.00302637,0,-0.00342509,0,0,0.902
-0.00302637,0,-0.00342509,0,0,0.902
-0.00302637,0,-0.00342509,0,0,0.902
-0.00302637,0,-0.00342509,0,0,0.902
-0.00302637,0,-0.00342509,0,0,0.902
0,-0.00545785,0,0,0,0.901
0,-0.00545785,0,0,0,0.901
0,-0.00545785,0,0,0,0.901
0,-0.00545785,0,0,0,0.901
0,-0.00545785,0,0,0,0.901
0,-0.00545785,0,0,0,0.901
0,-0.00545785,0,0,0,0.901
0,-0.00545785,0,0,0,0.901
-0.0383853,-0.00552473,0,0,0,0.7
0.00924409,-0.00534555,0,-0.0189278,0,0.894
0.00309904,-0.00529429,0,-0.0143668,0,0.909
-0.00503715,-0.00544241,0,-0.0143668,0,0.908
0.00182849,-0.00502025,0,-0.0144819,0,0.907
-0.0017957,-0.0051377,0,-0.0130482,0,0.904
0.00163867,-0.00460539,0,-0.0130534,0,0.901
-0.00437936,-0.00528984,0,-0.0119363,0,0.901
-0.00524425,-0.00541601,0,-0.0124072,0,0.899
-0.00487392,-0.00531824,0,-0.0146887,0,0.899
-0.0157966,-0.00839916,0,-0.0146887,0,0.898
-0.023436,-0.0113906,0,-0.0254037,0,0.898
-0.0313127,-0.0152359,0,-0.0359825,0,0.898
-0.0350888,-0.0181615,0,-0.0359825,0,0.898
-0.0433428,-0.0240678,0,-0.0486342,0,0.898
-0.04889,-0.0289125,0,-0.06,0,0.899
-0.05,-0.0324688,0,-0.06,0,0.888
-0.05,-0.0355378,0,-0.06,0,0.875
-0.0978337,-0.0721231,0,-0.06,0,0.877
-0.162991,-0.125423,0,-0.06,0,0.881
-0.179291,-0.149522,0,-0.06,0,0.872
-0.192304,-0.165353,0,-0.06,0,0.877
-0.172935,-0.15524,0,-0.06,0,0.88
-0.146288,-0.159376,0,-0.06,0,0.881
-0.102785,-0.165242,0,-0.06,0,0.881
-0.0470648,-0.165855,0,-0.06,0,0.881
-0.0299997,-0.166069,0,-0.06,0,0.881
-0.0309009,-0.166074,0,0,0,0.881
-0.0309009,-0.166074,0,0,0,0.881
-0.0309009,-0.166074,0,0,0,0.881
-0.0309009,-0.166074,0,0,0,0.881
-0.0309009,-0.166074,0,0,0,0.881
-0.0309009,-0.166074,0,0,0,0.881
-0.0309009,-0.166074,0,0,0,0.881
0,0,0.16311,0,0,0.892
0,0,0.16311,0,0,0.892
0,0,0.16311,0,0,0.892
0,0,0.16311,0,0,0.892
0,0,0.16311,0,0,0.892
0,0,0.16311,0,0,0.892
0,0,0.16311,0,0,0.892
0,0,0.16311,0,0,0.892
0,0,0.162821,0,0,0.892
-0.0306302,0,0.161337,-0.0370466,0,0.904
-0.030798,0,0.158695,-0.0389294,0,0.901
-0.0286582,0,0.155027,-0.0410343,0,0.898
-0.0205878,0,0.151072,-0.0432019,0,0.902
-0.009137,0,0.146818,-0.0447136,0,0.9
-0.0101369,0,0.141046,-0.0444722,0,0.9
-0.00478038,0,0.135441,-0.0440383,0,0.898
-0.00535484,0,0.128345,-0.0431039,0,0.897
-0.00479123,0,0.121443,-0.0415839,0,0.897
-0.00162646,0,0.114783,-0.0410239,0,0.897
-0.00476204,0,0.105912,-0.0380656,0,0.898
-0.00166588,0,0.100994,-0.0380656,0,0.898
-0.00405703,0,0.09225,-0.0356033,0,0.899
-0.00310645,0,0.0841624,-0.0356033,0,0.899
-0.00169821,0,0.0765802,-0.0350687,0,0.899
-0.00391456,0,0.0673193,-0.0332062,0,0.9
-0.00386185,0,0.0591487,-0.0326662,0,0.9
-0.00357073,0,0.0515694,-0.0330715,0,0.901
-0.000659952,0,0.0461519,-0.0334534,0,0.902
-0.000663857,0,0.0390423,-0.0297289,0,0.902
-0.00178819,0,0.0310708,-0.0297289,0,0.902
-0.00249398,0,0.0240033,-0.0284369,0,0.902
-0.00302286,0,0.0178005,-0.0290093,0,0.903
-0.00349699,0,0.0107441,-0.0300596,0,0.903
-0.001715,0,0.00787851,-0.0332511,0,0.901
-0.00182378,0,0.00423354,-0.030642,0,0.901
-0.000799205,0,0.00143955,-0.0306361,0,0.901
-0.000973983,0,-0.000430709,-0.027344,0,0.901
0.000639242,0,-0.00131296,-0.0247014,0,0.901
0.00116197,0,-0.00136181,-0.0204844,0,0.901
0.00116197,0,-0.00136181,0,0,0.901
0.00116197,0,-0.00136181,0,0,0.901
0.00116197,0,-0.00136181,0,0,0.901
0.00116197,0,-0.00136181,0,0,0.901
0.00116197,0,-0.00136181,0,0,0.901
0.00116197,0,-0.00136181,0,0,0.901
0,-0.00318946,0,0,0,0.9
0,-0.00318946,0,0,0,0.9
0,-0.00318946,0,0,0,0.9
0,-0.00318946,0,0,0,0.9
0,-0.00318946,0,0,0,0.9
0,-0.00318946,0,0,0,0.9
0,-0.00318946,0,0,0,0.9
0,-0.00318946,0,0,0,0.9
-0.000623112,-0.00318603,0,0,0,0.7
-0.0178969,-0.00329112,0,-0.000729262,0,0.884
-0.011506,-0.00334221,0,-0.00363592,0,0.903
-0.0119028,-0.00350323,0,-0.00495063,0,0.901
-0.00224865,-0.00313427,0,-0.00699038,0,0.901
0.000464615,-0.00287322,0,-0.00677792,0,0.899
-0.000668419,-0.00289118,0,-0.00634164,0,0.899
-0.00247188,-0.00340513,0,-0.00673063,0,0.899
-0.00800399,-0.00411805,0,-0.00673063,0,0.899
-0.00693089,-0.00406527,0,-0.00851433,0,0.9
-0.00254288,-0.00300898,0,-0.0110658,0,0.899
-0.00440564,-0.00358537,0,-0.0110658,0,0.899
-0.00168644,-0.00262988,0,-0.0121576,0,0.899
-0.00100464,-0.00226605,0,-0.0121576,0,0.899
-8.48362e-05,-0.00172263,0,-0.0119568,0,0.899
-0.00162476,-0.00236984,0,-0.011238,0,0.898
-0.00240024,-0.00273664,0,-0.0125495,0,0.898
-0.00483677,-0.00421578,0,-0.0125495,0,0.898
-0.00391112,-0.00367278,0,-0.0149948,0,0.899
-0.00113416,-0.00171723,0,-0.016899,0,0.899
0.000322215,-0.000517413,0,-0.0166741,0,0.899
-0.000235345,-0.000817123,0,-0.0149088,0,0.899
-0.00283413,-0.00289015,0,-0.0132519,0,0.899
-0.00326757,-0.00325796,0,-0.0155893,0,0.9
-0.00366307,-0.00362008,0,-0.01817,0,0.9
-0.00325694,-0.00256723,0,-0.0219312,0,0.899
-0.00166244,-0.00255135,0,-0.0264756,0,0.899
-0.00346578,-0.00253929,0,-0.0264756,0,0.899
-0.00422727,-0.00253092,0,-0.0297572,0,0.899
-0.00389647,-0.00252654,0,-0.0348013,0,0.899
-0.0028303,-0.00252594,0,0,0,0.899
-0.0028303,-0.00252594,0,0,0,0.899
-0.0028303,-0.00252594,0,0,0,0.899
-0.0028303,-0.00252594,0,0,0,0.899
-0.0028303,-0.00252594,0,0,0,0.899
-0.0028303,-0.00252594,0,0,0,0.899
-0.0028303,-0.00252594,0,0,0,0.899
0,0,-0.00891777,0,0,0.899
0,0,-0.00891777,0,0,0.899
0,0,-0.00891777,0,0,0.899
0,0,-0.00891777,0,0,0.899
0,0,-0.00891777,0,0,0.899
0,0,-0.00891777,0,0,0.899
0,0,-0.00891777,0,0,0.899
0,0,-0.00891777,0,0,0.899
-0.05,0,-0.00897122,0,0,0.753
0.00831017,0,-0.00879533,-0.0189591,0,0.896
0.00706799,0,-0.00861906,-0.0164776,0,0.91
0.00876554,0,-0.00827539,-0.0143082,0,0.907
0.0145736,0,-0.00754053,-0.0121008,0,0.908
0.0119,0,-0.00696905,-0.00859856,0,0.906
0.0104272,0,-0.0064746,-0.00596581,0,0.905
0.00653549,0,-0.00641657,-0.0038329,0,0.906
-7.15526e-06,0,-0.00713578,-0.00174008,0,0.906
-0.00509045,0,-0.00798806,-0.00174008,0,0.906
-0.00871076,0,-0.00885816,-0.00261384,0,0.905
-0.0112612,0,-0.00969891,-0.00435634,0,0.906
-0.00981183,0,-0.00925929,-0.00712906,0,0.905
-0.00764709,0,-0.00837039,-0.010012,0,0.905
-0.00575273,0,-0.00739801,-0.011995,0,0.905
-0.00439609,0,-0.00651664,-0.0135496,0,0.904
-0.00539396,0,-0.00687733,-0.0143633,0,0.905
-0.00519601,0,-0.00658179,-0.0158107,0,0.905
-0.0047303,0,-0.00609063,-0.0173609,0,0.905
-0.00505237,0,-0.00613056,-0.0187261,0,0.905
-0.00464923,0,-0.0056586,-0.020518,0,0.906
-0.00350105,0,-0.00455699,-0.0221536,0,0.906
-0.00301208,0,-0.00394307,-0.0231505,0,0.907
-0.00391545,0,-0.00452646,-0.0232748,0,0.907
-0.00386529,0,-0.00432162,-0.0247633,0,0.907
-0.00561306,0,-0.00466601,-0.0256541,0,0.906
-0.00644446,0,-0.00456166,-0.0289398,0,0.906
-0.00613845,0,-0.00447994,-0.0321486,0,0.906
-0.00626133,0,-0.00442279,-0.036581,0,0.906
-0.00496173,0,-0.00439218,-0.0417704,0,0.906
-0.00372633,0,-0.00438734,-0.0431092,0,0.906
-0.00372633,0,-0.00438734,-0.0431092,0,0.906
-0.00372633,0,-0.00438734,0,0,0.906
-0.00372633,0,-0.00438734,0,0,0.906
-0.00372633,0,-0.00438734,0,0,0.906
-0.00372633,0,-0.00438734,0,0,0.906
-0.00372633,0,-0.00438734,0,0,0.906
-0.00372633,0,-0.00438734,0,0,0.906
0,-0.00495628,0,0,0,0.904
0,-0.00495628,0,0,0,0.904
0,-0.00495628,0,0,0,0.904
0,-0.00495628,0,0,0,0.904
0,-0.00495628,0,0,0,0.904
0,-0.00495628,0,0,0,0.904
0,-0.00495628,0,0,0,0.904
-0.05,-0.00496295,0,0,0,0.797
-0.05,-0.0052034,0,-0.0162793,0,0.83
0.0135659,-0.00467742,0,-0.0162793,0,0.899
0.00618695,-0.00461159,0,-0.0130881,0,0.903
-0.00058943,-0.00472898,0,-0.0086516,0,0.904
0.00498962,-0.00418263,0,-0.0086516,0,0.905
0.0079158,-0.00345177,0,-0.00706956,0,0.903
0.00409632,-0.00367812,0,-0.00513494,0,0.905
0.00164299,-0.00376387,0,-0.00376184,0,0.903
-0.00178884,-0.00422671,0,-0.00314977,0,0.904
-0.00481651,-0.00491797,0,-0.00322605,0,0.904
-0.00748168,-0.0057664,0,-0.00399993,0,0.903
-0.00760834,-0.00593307,0,-0.00795089,0,0.903
-0.0069049,-0.00577127,0,-0.00795089,0,0.903
-0.00251007,-0.00383972,0,-0.0101008,0,0.902
-0.00127098,-0.00309527,0,-0.0105109,0,0.902
-0.000196592,-0.00232231,0,-0.00951361,0,0.903
-0.000825596,-0.00246146,0,-0.00918942,0,0.902
-0.000635631,-0.00213792,0,-0.00886626,0,0.902
-0.00111666,-0.00227137,0,-0.00878776,0,0.902
-0.00125776,-0.00220847,0,-0.00914597,0,0.903
-0.000365349,-0.00134837,0,-0.00914597,0,0.903
-0.00122713,-0.00187545,0,-0.00887989,0,0.903
-0.000646258,-0.00123154,0,-0.00887989,0,0.903
-0.00234651,-0.00259631,0,-0.00828694,0,0.904
-0.00266428,-0.0025585,0,-0.0097524,0,0.904
-0.00366762,-0.00249475,0,-0.0119465,0,0.904
-0.00346006,-0.00245763,0,-0.0138351,0,0.904
-0.00372294,-0.00241817,0,-0.0183812,0,0.904
-0.00340964,-0.00239334,0,-0.0266803,0,0.904
-0.00185274,-0.00238423,0,-0.0290214,0,0.904
-0.00185274,-0.00238423,0,0,0,0.904
-0.00185274,-0.00238423,0,0,0,0.904
-0.00185274,-0.00238423,0,0,0,0.904
-0.00185274,-0.00238423,0,0,0,0.904
-0.00185274,-0.00238423,0,0,0,0.904
-0.00185274,-0.00238423,0,0,0,0.904
-0.00185274,-0.00238423,0,0,0,0.904
0,0,-0.0071421,0,0,0.901
0,0,-0.0071421,0,0,0.901
0,0,-0.0071421,0,0,0.901
0,0,-0.0071421,0,0,0.901
0,0,-0.0071421,0,0,0.901
0,0,-0.0071421,0,0,0.901
0,0,-0.0071421,0,0,0.901
0,0,-0.0071421,0,0,0.901
-0.05,0,-0.00730047,0,0,0.849
0.0187423,0,-0.00682652,-0.0154051,0,0.906
0.0176877,0,-0.0063506,-0.012002,0,0.903
0.00329882,0,-0.00658797,-0.00587927,0,0.905
0.00929717,0,-0.00585576,-0.00389238,0,0.906
0.00416161,0,-0.00590306,-0.00389238,0,0.905
0.00111767,0,-0.00595717,-0.00263406,0,0.906
-0.00231376,0,-0.00626534,-0.00220518,0,0.905
-0.00438127,0,-0.00652843,-0.00246121,0,0.905
-0.0052184,0,-0.00662986,-0.00323502,0,0.904
-0.00618547,0,-0.00684386,-0.00447339,0,0.904
-0.00804571,0,-0.00746643,-0.00554833,0,0.904
-0.00647424,0,-0.00687005,-0.00792222,0,0.904
-0.00291986,0,-0.00520934,-0.0113497,0,0.903
-0.00438272,0,-0.00574528,-0.0113497,0,0.904
-0.00387703,0,-0.00532746,-0.0125031,0,0.904
-0.00360131,0,-0.00500476,-0.0145132,0,0.904
-0.00335627,0,-0.00467446,-0.0155356,0,0.902
-0.00289808,0,-0.00417707,-0.0162493,0,0.903
-0.0031602,0,-0.00417647,-0.0162493,0,0.904
-0.00341689,0,-0.00421379,-0.0172085,0,0.905
-0.00342414,0,-0.0040703,-0.018414,0,0.905
-0.00392652,0,-0.00436623,-0.0198144,0,0.905
-0.00413377,0,-0.00444807,-0.0216486,0,0.906
-0.00436667,0,-0.00457099,-0.0243219,0,0.905
-0.00474996,0,-0.00450101,-0.0270231,0,0.905
-0.00463742,0,-0.00444315,-0.0287402,0,0.905
-0.00460701,0,-0.00440147,-0.0323276,0,0.905
-0.00455237,0,-0.00437602,-0.0351954,0,0.905
-0.00427787,0,-0.00436667,-0.0383937,0,0.905
-0.00427787,0,-0.00436667,-0.0405526,0,0.905
-0.00427787,0,-0.00436667,0,0,0.905
-0.00427787,0,-0.00436667,0,0,0.905
-0.00427787,0,-0.00436667,0,0,0.905
-0.00427787,0,-0.00436667,0,0,0.905
-0.00427787,0,-0.00436667,0,0,0.905
-0.00427787,0,-0.00436667,0,0,0.905
0,-0.00303683,0,0,0,0.903
0,-0.00303683,0,0,0,0.903
0,-0.00303683,0,0,0,0.903
0,-0.00303683,0,0,0,0.903
0,-0.00303683,0,0,0,0.903
0,-0.00303683,0,0,0,0.903
0,-0.00303683,0,0,0,0.903
0,-0.00303683,0,0,0,0.903
-0.0381741,-0.003172,0,0,0,0.7
0.0157992,-0.00285539,0,-0.0191904,0,0.897
0.00297345,-0.00290061,0,-0.0152563,0,0.908
0.00394537,-0.00274528,0,-0.0137761,0,0.905
0.00531306,-0.00248761,0,-0.0124425,0,0.904
0.00332066,-0.00242875,0,-0.0105123,0,0.899
0.00631657,-0.00183751,0,-0.00932444,0,0.9
0.00326528,-0.00199843,0,-0.00718625,0,0.9
0.00362766,-0.00167359,0,-0.00594261,0,0.9
0.000298425,-0.00221262,0,-0.00457543,0,0.9
-0.00350355,-0.00317313,0,-0.00419129,0,0.9
-0.00286234,-0.00297771,0,-0.00481685,0,0.9
-0.00510983,-0.00383719,0,-0.00542267,0,0.901
-0.0038086,-0.00337363,0,-0.00710187,0,0.9
-0.00313937,-0.00308682,0,-0.00849466,0,0.899
-0.00287494,-0.00294981,0,-0.00930863,0,0.899
-0.00187438,-0.00235579,0,-0.010367,0,0.9
-0.00174406,-0.00221781,0,-0.0108525,0,0.9
-0.0014859,-0.00197844,0,-0.0108525,0,0.9
-0.00217786,-0.00241112,0,-0.0110253,0,0.9
-0.00153784,-0.00187908,0,-0.0120382,0,0.9
-0.00159713,-0.00186531,0,-0.0124115,0,0.9
-0.000597465,-0.000961636,0,-0.012645,0,0.901
-0.000637414,-0.000911569,0,-0.0119746,0,0.901
-0.00121615,-0.00136741,0,-0.0115436,0,0.901
-0.00181854,-0.00125031,0,-0.0116783,0,0.9
-0.00273772,-0.00120874,0,-0.0124756,0,0.9
-0.00332875,-0.00117704,0,-0.0152684,0,0.9
-0.00361888,-0.00115602,0,-0.0201231,0,0.9
-0.00342368,-0.00114654,0,-0.0254919,0,0.9
-0.00168627,-0.00114607,0,-0.0299531,0,0.9
-0.00168627,-0.00114607,0,0,0,0.9
-0.00168627,-0.00114607,0,0,0,0.9
-0.00168627,-0.00114607,0,0,0,0.9
-0.00168627,-0.00114607,0,0,0,0.9
-0.00168627,-0.00114607,0,0,0,0.9
-0.00168627,-0.00114607,0,0,0,0.9
0,0,-0.00828265,0,0,0.899
0,0,-0.00828265,0,0,0.899
0,0,-0.00828265,0,0,0.899
0,0,-0.00828265,0,0,0.899
0,0,-0.00828265,0,0,0.899
0,0,-0.00828265,0,0,0.899
0,0,-0.00828265,0,0,0.899
0,0,-0.00828265,0,0,0.899
-0.0397722,0,-0.00840378,0,0,0.7
0.0191488,0,-0.0080149,-0.0186902,0,0.893
0.0109939,0,-0.00784575,-0.014385,0,0.908
0.00957888,0,-0.00753681,-0.0117248,0,0.905
0.013056,0,-0.00688343,-0.00956704,0,0.905
0.0101867,0,-0.00652154,-0.00643448,0,0.9
0.00706045,0,-0.00632128,-0.00421028,0,0.901
0.003513,0,-0.00634486,-0.00236818,0,0.901
-0.00213449,0,-0.00703237,-0.00101536,0,0.902
-0.00445986,0,-0.00734336,-0.00148907,0,0.902
-0.00727799,0,-0.00799089,-0.0025579,0,0.902
-0.00812773,0,-0.00823044,-0.00458742,0,0.902
-0.00774212,0,-0.00807462,-0.00692267,0,0.901
-0.00536576,0,-0.00701301,-0.00961718,0,0.901
-0.0030711,0,-0.00575504,-0.0122324,0,0.9
-0.00254686,0,-0.00521448,-0.0122324,0,0.901
-0.00227085,0,-0.00477618,-0.0127496,0,0.901
-0.00253151,0,-0.00464726,-0.0136868,0,0.901
-0.00320479,0,-0.00483079,-0.0136868,0,0.901
-0.00212487,0,-0.0037971,-0.0171827,0,0.9
-0.00397405,0,-0.00496125,-0.0171827,0,0.901
-0.00323277,0,-0.00418076,-0.0194533,0,0.901
-0.00245589,0,-0.00333387,-0.0212193,0,0.902
-0.00249882,0,-0.00312728,-0.021825,0,0.903
-0.00314899,0,-0.00355079,-0.0225068,0,0.903
-0.00437731,0,-0.00268792,-0.0237985,0,0.901
-0.00488274,0,-0.00256475,-0.0254901,0,0.901
-0.00505565,0,-0.00247272,-0.0300122,0,0.901
-0.00497193,0,-0.00242568,-0.0341091,0,0.901
-0.00476912,0,-0.00239439,-0.0401312,0,0.901
-0.0029365,0,-0.00239234,-0.0450898,0,0.901
-0.0029365,0,-0.00239234,0,0,0.901
-0.0029365,0,-0.00239234,0,0,0.901
-0.0029365,0,-0.00239234,0,0,0.901
-0.0029365,0,-0.00239234,0,0,0.901
-0.0029365,0,-0.00239234,0,0,0.901
-0.0029365,0,-0.00239234,0,0,0.901
0,-0.00864653,0,0,0,0.9
0,-0.00864653,0,0,0,0.9
0,-0.00864653,0,0,0,0.9
0,-0.00864653,0,0,0,0.9
0,-0.00864653,0,0,0,0.9
0,-0.00864653,0,0,0,0.9
0,-0.00864653,0,0,0,0.9
0,-0.00864653,0,0,0,0.9
-0.0447435,-0.00874375,0,0,0,0.746
0.0131709,-0.00844684,0,-0.0179945,0,0.895
0.00871479,-0.00827612,0,-0.0146863,0,0.91
0.00815222,-0.00798028,0,-0.0122891,0,0.909
0.00686003,-0.00766527,0,-0.0101497,0,0.91
0.00130012,-0.007662,0,-0.00733482,0,0.906
0.00207285,-0.0072098,0,-0.00733482,0,0.903
-0.00116527,-0.0073748,0,-0.00622401,0,0.903
-0.0025514,-0.00736301,0,-0.00645008,0,0.902
-0.00411971,-0.00749458,0,-0.00645008,0,0.902
-0.00432095,-0.00735203,0,-0.00782467,0,0.901
-0.00619314,-0.0077947,0,-0.00973819,0,0.9
-0.00436033,-0.00694075,0,-0.00973819,0,0.899
-0.00423609,-0.00668852,0,-0.0120216,0,0.901
-0.00197845,-0.00535403,0,-0.0120216,0,0.902
-0.00213593,-0.00510766,0,-0.0122862,0,0.902
-0.00206795,-0.00474573,0,-0.0123845,0,0.902
-0.0019482,-0.00433977,0,-0.0126786,0,0.901
-0.00159942,-0.00378189,0,-0.0130212,0,0.901
-0.000947009,-0.00299167,0,-0.0131564,0,0.902
-0.000368436,-0.00220698,0,-0.0131249,0,0.902
0.00038839,-0.00125786,0,-0.0123941,0,0.902
0.00125765,-0.000162355,0,-0.0117602,0,0.902
-0.000726293,-0.00159977,0,-0.00861156,0,0.903
-0.00114479,-0.0017426,0,-0.00860394,0,0.903
-0.00114632,-0.00142393,0,-0.0100394,0,0.901
-0.00252304,-0.00126281,0,-0.0100394,0,0.901
-0.00291079,-0.00114175,0,-0.0127291,0,0.901
-0.00111067,-0.00106413,0,-0.0191471,0,0.901
-0.00150106,-0.00103317,0,-0.0191471,0,0.901
-0.000952199,-0.00103292,0,-0.019251,0,0.901
-0.000952199,-0.00103292,0,0,0,0.901
-0.000952199,-0.00103292,0,0,0,0.901
-0.000952199,-0.00103292,0,0,0,0.901
-0.000952199,-0.00103292,0,0,0,0.901
-0.000952199,-0.00103292,0,0,0,0.901
-0.000952199,-0.00103292,0,0,0,0.901
0,0,-0.00744975,0,0,0.9
0,0,-0.00744975,0,0,0.9
0,0,-0.00744975,0,0,0.9
0,0,-0.00744975,0,0,0.9
0,0,-0.00744975,0,0,0.9
0,0,-0.00744975,0,0,0.9
0,0,-0.00744975,0,0,0.9
0,0,-0.00744975,0,0,0.9
-0.0482336,0,-0.00752122,0,0,0.813
0.0115411,0,-0.00729072,-0.0123543,0,0.904
0.0120913,0,-0.00704043,-0.0101663,0,0.91
0.0102201,0,-0.00666902,-0.00741569,0,0.911
0.0149143,0,-0.00592307,-0.00601805,0,0.911
0.0133958,0,-0.00540883,-0.00338666,0,0.907
0.00454179,0,-0.00587784,-0.00103967,0,0.906
0.00480808,0,-0.00537167,-0.000498133,0,0.902
0.00156395,0,-0.00556099,0.000395054,0,0.902
-0.00527855,0,-0.00690358,0.000938098,0,0.903
-0.00730762,0,-0.00740762,-4.33577e-05,0,0.903
-0.00636346,0,-0.00707695,-0.00204796,0,0.903
-0.00398612,0,-0.00609074,-0.00394405,0,0.902
-0.00365625,0,-0.00577468,-0.00511165,0,0.902
-0.0029827,0,-0.00525518,-0.00605712,0,0.902
-0.00272018,0,-0.00489071,-0.00712326,0,0.902
-0.00335083,0,-0.00502369,-0.00778778,0,0.901
-0.00283149,0,-0.00449809,-0.00905618,0,0.902
-0.00290001,0,-0.0043263,-0.0100678,0,0.902
-0.00319628,0,-0.00434159,-0.0111791,0,0.903
-0.00333511,0,-0.00426371,-0.0126538,0,0.903
-0.00317494,0,-0.00397037,-0.0141996,0,0.904
-0.00306198,0,-0.00371116,-0.0161226,0,0.904
-0.00386784,0,-0.00427338,-0.0180187,0,0.904
-0.0045721,0,-0.00480895,-0.0207506,0,0.904
-0.005063,0,-0.0034861,-0.0241788,0,0.902
-0.00479287,0,-0.00339366,-0.0271241,0,0.902
-0.00493738,0,-0.00332557,-0.0316582,0,0.902
-0.00471616,0,-0.00328037,-0.0356477,0,0.902
-0.00439199,0,-0.00326186,-0.0399389,0,0.902
-0.00272851,0,-0.00326172,-0.0426346,0,0.902
-0.00272851,0,-0.00326172,0,0,0.902
-0.00272851,0,-0.00326172,0,0,0.902
-0.00272851,0,-0.00326172,0,0,0.902
-0.00272851,0,-0.00326172,0,0,0.902
-0.00272851,0,-0.00326172,0,0,0.902
-0.00272851,0,-0.00326172,0,0,0.902
0,-0.00410533,0,0,0,0.901
0,-0.00410533,0,0,0,0.901
0,-0.00410533,0,0,0,0.901
0,-0.00410533,0,0,0,0.901
0,-0.00410533,0,0,0,0.901
0,-0.00410533,0,0,0,0.901
0,-0.00410533,0,0,0,0.901
0,-0.00410533,0,0,0,0.901
-0.0356538,-0.0041694,0,0,0,0.7
0.0127626,-0.00397732,0,-0.0179408,0,0.896
0.00380904,-0.00395404,0,-0.014782,0,0.909
0.0017472,-0.00388887,0,-0.0130196,0,0.91
0.00613272,-0.00349235,0,-0.0121545,0,0.908
-0.000968247,-0.00382875,0,-0.00999283,0,0.904
0.00305997,-0.00324722,0,-0.00830578,0,0.902
0.00402422,-0.00353604,0,-0.00694865,0,0.899
0.0054324,-0.00222698,0,-0.00694865,0,0.899
-0.000751866,-0.00330353,0,-0.00390728,0,0.899
-0.00173447,-0.00343464,0,-0.00390728,0,0.9
-0.00371156,-0.00397563,0,-0.00400677,0,0.9
-0.00502126,-0.00445097,0,-0.0051657,0,0.9
-0.00646632,-0.00511226,0,-0.00667444,0,0.9
-0.00494502,-0.00450524,0,-0.0091935,0,0.9
-0.00585007,-0.0050213,0,-0.0134099,0,0.9
-0.00648197,-0.00547101,0,-0.0134099,0,0.901
-0.00573827,-0.00512369,0,-0.0161719,0,0.901
-0.0051681,-0.00481903,0,-0.0188349,0,0.901
-0.0044922,-0.00438307,0,-0.0214677,0,0.901
-0.00257573,-0.00292518,0,-0.0235272,0,0.902
-0.00225907,-0.00260198,0,-0.0241841,0,0.901
-0.000926883,-0.00139555,0,-0.0242223,0,0.901
-0.00148398,-0.00177574,0,-0.0219601,0,0.9
-0.00126736,-0.00150106,0,-0.021066,0,0.901
-0.00190043,-0.00145309,0,-0.0204699,0,0.9
-0.00234795,-0.00139043,0,-0.0204699,0,0.9
-0.00277008,-0.00135534,0,-0.0212257,0,0.9
-0.00321987,-0.00131982,0,-0.0237247,0,0.9
-0.00271909,-0.00130246,0,-0.0292905,0,0.9
-0.00162822,-0.00130015,0,-0.0292905,0,0.9
-0.00162822,-0.00130015,0,0,0,0.9
-0.00162822,-0.00130015,0,0,0,0.9
-0.00162822,-0.00130015,0,0,0,0.9
-0.00162822,-0.00130015,0,0,0,0.9
-0.00162822,-0.00130015,0,0,0,0.9
-0.00162822,-0.00130015,0,0,0,0.9
0,0,-0.00733986,0,0,0.899
0,0,-0.00733986,0,0,0.899
0,0,-0.00733986,0,0,0.899
0,0,-0.00733986,0,0,0.899
0,0,-0.00733986,0,0,0.899
0,0,-0.00733986,0,0,0.899
0,0,-0.00733986,0,0,0.899
0,0,-0.00733986,0,0,0.899
-0.05,0,-0.00738768,-0.0151639,0,0.89
-0.00210955,0,-0.00730145,-0.0151639,0,0.906
0.00291314,0,-0.00714069,-0.0147986,0,0.91
0.00712041,0,-0.00673214,-0.0133103,0,0.907
0.0148332,0,-0.00587057,-0.0120685,0,0.908
0.00935215,0,-0.00574706,-0.0089946,0,0.905
0.00556669,0,-0.00569261,-0.00687078,0,0.906
0.00267401,0,-0.00570503,-0.00520373,0,0.907
-0.00377744,0,-0.00661867,-0.00412448,0,0.907
-0.00673399,0,-0.0071918,-0.00458909,0,0.907
-0.00918458,0,-0.00787231,-0.00566558,0,0.907
-0.0099596,0,-0.00821927,-0.00783781,0,0.906
-0.00878649,0,-0.00789449,-0.0098606,0,0.906
-0.00647364,0,-0.00696555,-0.0122874,0,0.906
-0.00416687,0,-0.00581226,-0.0137903,0,0.906
-0.0024678,0,-0.00475317,-0.0148256,0,0.906
-0.00272736,0,-0.00466398,-0.0146741,0,0.906
-0.00261663,0,-0.00437061,-0.0149168,0,0.906
-0.00284594,0,-0.00430183,-0.0149571,0,0.906
-0.00376535,0,-0.00475961,-0.015327,0,0.906
-0.00371017,0,-0.00456072,-0.0163467,0,0.906
-0.00376029,0,-0.00445606,-0.0177575,0,0.907
-0.00344132,0,-0.00404866,-0.0189315,0,0.907
-0.00315677,0,-0.00366618,-0.0203466,0,0.908
-0.00354295,0,-0.00388023,-0.0216383,0,0.907
-0.00476552,0,-0.00400494,-0.0225967,0,0.906
-0.00577538,0,-0.00392405,-0.0254936,0,0.906
-0.00556092,0,-0.00386097,-0.0272731,0,0.906
-0.00575906,0,-0.00381555,-0.0322293,0,0.906
-0.00555738,0,-0.00379401,-0.0363917,0,0.906
-0.00439345,0,-0.00379114,-0.040587,0,0.906
-0.00439345,0,-0.00379114,-0.0431722,0,0.906
-0.00439345,0,-0.00379114,0,0,0.906
-0.00439345,0,-0.00379114,0,0,0.906
-0.00439345,0,-0.00379114,0,0,0.906
-0.00439345,0,-0.00379114,0,0,0.906
-0.00439345,0,-0.00379114,0,0,0.906
-0.00439345,0,-0.00379114,0,0,0.906
0,-0.00421404,0,0,0,0.904
0,-0.00421404,0,0,0,0.904
0,-0.00421404,0,0,0,0.904
0,-0.00421404,0,0,0,0.904
0,-0.00421404,0,0,0,0.904
0,-0.00421404,0,0,0,0.904
0,-0.00421404,0,0,0,0.904
-0.0393409,-0.00422348,0,0,0,0.774
-0.0462037,-0.00446734,0,0,0,0.838
0.0110643,-0.00397515,0,-0.0134993,0,0.901
0.00490394,-0.00392706,0,-0.0106428,0,0.907
0.00803217,-0.00356612,0,-0.00923364,0,0.906
0.00339879,-0.00361112,0,-0.00713193,0,0.905
0.00576582,-0.00311342,0,-0.00602135,0,0.903
0.00626894,-0.00270114,0,-0.00459373,0,0.904
0.00048503,-0.00336325,0,-0.00269615,0,0.906
-0.00533706,-0.00447406,0,-0.00244583,0,0.907
-0.0087649,-0.00546967,0,-0.00327795,0,0.906
-0.0128172,-0.00698874,0,-0.00496127,0,0.905
-0.0132675,-0.00757225,0,-0.00821704,0,0.904
-0.0094888,-0.00642733,0,-0.0116437,0,0.904
-0.0051586,-0.00465701,0,-0.0149444,0,0.904
-0.00338021,-0.00378159,0,-0.0160082,0,0.904
-0.00267008,-0.00333898,0,-0.0164711,0,0.905
-0.00269169,-0.00327689,0,-0.0164841,0,0.905
-0.00143347,-0.00236941,0,-0.0168564,0,0.905
-0.00199744,-0.00263755,0,-0.0162525,0,0.904
-0.0013176,-0.00202522,0,-0.0162978,0,0.904
-0.000842804,-0.00152438,0,-0.0162359,0,0.904
-0.00141931,-0.00187828,0,-0.0150631,0,0.905
-0.000457587,-0.000938467,0,-0.0152969,0,0.905
-0.00166273,-0.00190619,0,-0.0137921,0,0.905
-0.00177019,-0.00226442,0,-0.0148284,0,0.904
-0.00276504,-0.00221457,0,-0.0148284,0,0.904
-0.00344685,-0.00217592,0,-0.0176776,0,0.904
-0.00390316,-0.0021468,0,-0.0176776,0,0.904
-0.00387043,-0.00213071,0,-0.0217165,0,0.904
-0.00281267,-0.00212716,0,-0.0257959,0,0.904
-0.00281267,-0.00212716,0,0,0,0.904
-0.00281267,-0.00212716,0,0,0,0.904
-0.00281267,-0.00212716,0,0,0,0.904
-0.00281267,-0.00212716,0,0,0,0.904
-0.00281267,-0.00212716,0,0,0,0.904
-0.00281267,-0.00212716,0,0,0,0.904
-0.00281267,-0.00212716,0,0,0,0.904
0,0,-0.00736578,0,0,0.903
0,0,-0.00736578,0,0,0.903
0,0,-0.00736578,0,0,0.903
0,0,-0.00736578,0,0,0.903
0,0,-0.00736578,0,0,0.903
0,0,-0.00736578,0,0,0.903
0,0,-0.00736578,0,0,0.903
-0.05,0,-0.00736578,0,0,0.823
-0.05,0,-0.00752837,0,0,0.868
0.0210962,0,-0.00700022,-0.0131392,0,0.905
0.0240492,0,-0.0063343,-0.00919998,0,0.903
0.0262381,0,-0.00556223,-0.00130385,0,0.905
0.00334227,0,-0.00649982,0.00233984,0,0.904
0.00909874,0,-0.00553983,0.00233984,0,0.906
0.0045028,0,-0.00564174,0.00374118,0,0.906
-0.00212677,0,-0.00640414,0.00472804,0,0.905
-0.00566463,0,-0.00698517,0.00418568,0,0.906
-0.00810512,0,-0.00756317,0.00296732,0,0.906
-0.00716321,0,-0.00730256,-0.00129448,0,0.905
-0.00841993,0,-0.00774667,-0.00129448,0,0.904
-0.00727794,0,-0.00732989,-0.00374697,0,0.904
-0.00578192,0,-0.00664065,-0.00810218,0,0.904
-0.00584827,0,-0.00659383,-0.00810218,0,0.904
-0.00482034,0,-0.00594795,-0.0116385,0,0.904
-0.00492704,0,-0.00588774,-0.0134934,0,0.904
-0.00240899,0,-0.0041101,-0.015093,0,0.903
-0.00414559,0,-0.00510965,-0.015093,0,0.905
-0.00261762,0,-0.00381204,-0.0185311,0,0.903
-0.00433103,0,-0.00497393,-0.0185311,0,0.905
-0.0042296,0,-0.00477304,-0.0203994,0,0.906
-0.00453404,0,-0.00492011,-0.0225576,0,0.906
-0.00416659,0,-0.00449577,-0.0247036,0,0.906
-0.00493071,0,-0.00511108,-0.0269376,0,0.906
-0.00564362,0,-0.00353366,-0.0297604,0,0.906
-0.0051837,0,-0.00344998,-0.0322373,0,0.906
-0.00516566,0,-0.00339093,-0.0361752,0,0.906
-0.00523869,0,-0.00335225,-0.0391035,0,0.906
-0.00469274,0,-0.00333939,-0.0432133,0,0.906
-0.00469274,0,-0.00333939,-0.0452259,0,0.906
-0.00469274,0,-0.00333939,0,0,0.906
-0.00469274,0,-0.00333939,0,0,0.906
-0.00469274,0,-0.00333939,0,0,0.906
-0.00469274,0,-0.00333939,0,0,0.906
-0.00469274,0,-0.00333939,0,0,0.906
-0.00469274,0,-0.00333939,0,0,0.906
0,-0.0045289,0,0,0,0.903
0,-0.0045289,0,0,0,0.903
0,-0.0045289,0,0,0,0.903
0,-0.0045289,0,0,0,0.903
0,-0.0045289,0,0,0,0.903
0,-0.0045289,0,0,0,0.903
0,-0.0045289,0,0,0,0.903
0,-0.0045289,0,0,0,0.903
-0.0337628,-0.00464137,0,0,0,0.7
0.0132088,-0.00435804,0,-0.0177095,0,0.897
-0.0031042,-0.00449651,0,-0.0143005,0,0.907
-0.00264775,-0.0044506,0,-0.013669,0,0.906
0.000672623,-0.0041857,0,-0.0135476,0,0.903
-1.60033e-05,-0.00409592,0,-0.0125287,0,0.898
0.00614002,-0.00315255,0,-0.0119378,0,0.898
0.00352032,-0.00319467,0,-0.00966425,0,0.898
0.00633478,-0.00230018,0,-0.00815555,0,0.899
0.00315866,-0.00262913,0,-0.00571188,0,0.9
0.000937977,-0.00292787,0,-0.00447824,0,0.899
-0.00195238,-0.00365584,0,-0.00365837,0,0.9
-0.00431906,-0.00444767,0,-0.00409261,0,0.9
-0.00509615,-0.00477581,0,-0.00533634,0,0.901
-0.00438526,-0.00445923,0,-0.00734596,0,0.901
-0.00382441,-0.00415206,0,-0.00908117,0,0.901
-0.00352757,-0.00394363,0,-0.0106019,0,0.901
-0.00377193,-0.0040495,0,-0.0118053,0,0.901
-0.00384882,-0.00406679,0,-0.0134223,0,0.902
-0.00389272,-0.00406737,0,-0.0152367,0,0.902
-0.00263905,-0.00307484,0,-0.0175563,0,0.902
-0.00281054,-0.0031356,0,-0.0185064,0,0.902
-0.00218514,-0.0025383,0,-0.0195142,0,0.902
-0.00199208,-0.00228526,0,-0.0202627,0,0.902
-0.00240382,-0.00256767,0,-0.0203373,0,0.902
-0.00249527,-0.00187837,0,-0.0211436,0,0.901
-0.00310815,-0.00182002,0,-0.0212333,0,0.901
-0.00366051,-0.00178587,0,-0.0225845,0,0.901
-0.0037254,-0.00175414,0,-0.0261631,0,0.901
-0.00297912,-0.00173931,0,-0.0309021,0,0.901
-0.0017883,-0.00173834,0,-0.0329155,0,0.901
-0.0017883,-0.00173834,0,0,0,0.901
-0.0017883,-0.00173834,0,0,0,0.901
-0.0017883,-0.00173834,0,0,0,0.901
-0.0017883,-0.00173834,0,0,0,0.901
-0.0017883,-0.00173834,0,0,0,0.901
-0.0017883,-0.00173834,0,0,0,0.901
0,0,-0.0067924,0,0,0.9
0,0,-0.0067924,0,0,0.9
0,0,-0.0067924,0,0,0.9
0,0,-0.0067924,0,0,0.9
0,0,-0.0067924,0,0,0.9
0,0,-0.0067924,0,0,0.9
0,0,-0.0067924,0,0,0.9
0,0,-0.0067924,0,0,0.9
-0.05,0,-0.00687415,0,0,0.833
0.00704265,0,-0.00667024,-0.0146034,0,0.906
0.00839216,0,-0.00646248,-0.0129579,0,0.91
0.0117793,0,-0.00594624,-0.0107121,0,0.909
0.0157904,0,-0.00519151,-0.00906813,0,0.905
0.00910798,0,-0.00518171,-0.00593426,0,0.901
0.000523527,0,-0.00580887,-0.00264838,0,0.902
-0.00100259,0,-0.00579968,-0.00264838,0,0.902
-0.0047573,0,-0.00636173,-0.00240815,0,0.902
-0.00704748,0,-0.00685703,-0.00455204,0,0.902
-0.00843597,0,-0.00728616,-0.00455204,0,0.901
-0.0109152,0,-0.00821997,-0.00931438,0,0.901
-0.00942335,0,-0.00783388,-0.00931438,0,0.901
-0.00711566,0,-0.00693631,-0.0121441,0,0.901
-0.0042635,0,-0.00554057,-0.0141907,0,0.901
-0.00257786,0,-0.00449602,-0.0153077,0,0.901
-0.00254265,0,-0.00426662,-0.0156583,0,0.901
-0.00270583,0,-0.0041649,-0.0159368,0,0.901
-0.00359493,0,-0.00458518,-0.016424,0,0.901
-0.00457343,0,-0.00516269,-0.0172332,0,0.902
-0.00425086,0,-0.00481533,-0.0192639,0,0.902
-0.00363724,0,-0.00420903,-0.0213534,0,0.902
-0.00237994,0,-0.00301865,-0.023287,0,0.903
-0.00235159,0,-0.00284134,-0.0237933,0,0.903
-0.00324229,0,-0.00352519,-0.0240016,0,0.903
-0.00434953,0,-0.00268532,-0.0253712,0,0.901
-0.00536863,0,-0.0025937,-0.0267932,0,0.901
-0.00522264,0,-0.00252486,-0.0318818,0,0.901
-0.00556556,0,-0.00248073,-0.0366873,0,0.901
-0.00514373,0,-0.00246312,-0.0419699,0,0.901
-0.00287746,0,-0.00246298,-0.0466928,0,0.901
-0.00287746,0,-0.00246298,0,0,0.901
-0.00287746,0,-0.00246298,0,0,0.901
-0.00287746,0,-0.00246298,0,0,0.901
-0.00287746,0,-0.00246298,0,0,0.901
-0.00287746,0,-0.00246298,0,0,0.901
-0.00287746,0,-0.00246298,0,0,0.901
0,-0.00783904,0,0,0,0.9
0,-0.00783904,0,0,0,0.9
0,-0.00783904,0,0,0,0.9
0,-0.00783904,0,0,0,0.9
0,-0.00783904,0,0,0,0.9
0,-0.00783904,0,0,0,0.9
0,-0.00783904,0,0,0,0.9
0,-0.00783904,0,0,0,0.9
-0.0404972,-0.0079274,0,0,0,0.712
0.00567994,-0.00772128,0,-0.0189389,0,0.892
-0.000547975,-0.00768631,0,-0.0166528,0,0.91
-0.00579683,-0.0077591,0,-0.0154746,0,0.909
-0.0128806,-0.00815263,0,-0.0153881,0,0.909
-0.0285656,-0.00972252,0,-0.0161736,0,0.905
-0.0299472,-0.0105973,0,-0.0206592,0,0.9
-0.0446181,-0.0137769,0,-0.0261574,0,0.899
-0.05,-0.01691,0,-0.046383,0,0.893
-0.05,-0.0195311,0,-0.046383,0,0.884
-0.05,-0.0213552,0,-0.06,0,0.89
-0.05,-0.0247173,0,-0.06,0,0.861
-0.05,-0.0283296,0,-0.06,0,0.836
-0.0749046,-0.0438847,0,-0.06,0,0.84
-0.138904,-0.0837552,0,-0.06,0,0.847
-0.171581,-0.115205,0,-0.06,0,0.841
-0.193475,-0.137427,0,-0.06,0,0.843
-0.19603,-0.148542,0,-0.06,0,0.844
-0.177932,-0.14231,0,-0.06,0,0.853
-0.157579,-0.137314,0,-0.06,0,0.863
-0.150718,-0.13354,0,-0.06,0,0.873
-0.085636,-0.0761135,0,-0.06,0,0.888
-0.0731236,-0.0670734,0,-0.06,0,0.888
-0.0615217,-0.0667418,0,-0.06,0,0.888
-0.0573441,-0.0681676,0,-0.06,0,0.888
-0.0400065,-0.0699916,0,-0.06,0,0.888
-0.064757,-0.0703209,0,-0.06,0,0.888
-0.064757,-0.0703209,0,-0.06,0,0.888
-0.064757,-0.0703209,0,0,0,0.888
-0.064757,-0.0703209,0,0,0,0.888
-0.064757,-0.0703209,0,0,0,0.888
-0.064757,-0.0703209,0,0,0,0.888
-0.064757,-0.0703209,0,0,0,0.888
-0.064757,-0.0703209,0,0,0,0.888
0,0,0.0481883,0,0,0.906
0,0,0.0481883,0,0,0.906
0,0,0.0481883,0,0,0.906
0,0,0.0481883,0,0,0.906
0,0,0.0481883,0,0,0.906
0,0,0.0481883,0,0,0.906
0,0,0.0481531,0,0,0.906
0,0,0.0478568,0,0,0.906
-0.266513,0,0.0249815,-0.06,0,0.718
-0.28921,0,0.00853212,-0.06,0,0.7
-0.287347,0,-0.00236447,-0.06,0,0.7
-0.285284,0,-0.0151001,-0.06,0,0.7
-0.279861,0,-0.0397918,-0.06,0,0.7
-0.271009,0,-0.0573198,-0.06,0,0.7
-0.259026,0,-0.0933335,-0.06,0,0.7
-0.238458,0,-0.106411,-0.06,0,0.7
-0.238458,0,-0.117625,-0.06,0,0.7
-0.202421,0,-0.105875,-0.06,0,0.702
-0.179725,0,-0.110799,-0.06,0,0.7
-0.179725,0,-0.115899,-0.06,0,0.7
