-8.3183,-1.3068,215.094,-0.39353,2.4199,-0.02564
-8.3018,-1.2779,215.059,-0.39624,2.42124,-0.02597
-8.3747,-1.2833,215.079,-0.40072,2.41864,-0.02509
-8.288,-1.381,215.231,-0.39873,2.41363,-0.02488
-8.3206,-1.2444,215.055,-0.39193,2.41618,-0.02468
-8.3046,-1.2705,214.992,-0.39385,2.42223,-0.02494
-8.3644,-1.2789,215.126,-0.39466,2.41938,-0.02537
-8.3761,-1.2467,215.098,-0.3949,2.42405,-0.02528
-8.3304,-1.1884,215.063,-0.39164,2.42,-0.02623
-8.2836,-1.3216,215.154,-0.39633,2.41264,-0.0264
-8.3724,-1.2967,215.072,-0.39868,2.42439,-0.02559
-8.3267,-1.21,215.278,-0.39196,2.41853,-0.02734
-8.362,-1.2324,215.089,-0.39035,2.42125,-0.02578
-8.2738,-1.3105,215.134,-0.39434,2.41607,-0.02623
-8.3507,-1.2295,214.987,-0.39763,2.42561,-0.02521
-8.3656,-1.2533,214.921,-0.39637,2.42621,-0.02278
-8.3357,-1.4015,215.075,-0.40504,2.42054,-0.02377
-8.3364,-1.2561,215.094,-0.39276,2.42006,-0.02477
-8.3222,-1.3188,215.117,-0.39691,2.41744,-0.02646
-8.3647,-1.2405,215.075,-0.39839,2.42291,-0.02462
-8.3914,-1.2256,214.99,-0.39113,2.42629,-0.02466
-8.4029,-1.069,214.95,-0.38698,2.42845,-0.02501
-8.3311,-1.2486,215.283,-0.39341,2.41751,-0.0265
-8.3369,-1.1947,215.131,-0.38924,2.42084,-0.02597
-8.3185,-1.2825,215.208,-0.39195,2.41887,-0.02515
-8.305,-1.404,215.183,-0.40143,2.41809,-0.02479
-8.3892,-1.2179,214.952,-0.39446,2.42669,-0.02298
-8.377,-1.2019,215.033,-0.39678,2.42192,-0.02468
-8.3693,-1.319,215.082,-0.40091,2.41752,-0.0243
-8.3464,-1.3355,215.141,-0.39778,2.41964,-0.02494
-8.3392,-1.2779,215.184,-0.39602,2.41617,-0.02658
-8.2733,-1.3803,215.18,-0.39765,2.41284,-0.02569
-8.3246,-1.3536,215.096,-0.40258,2.41971,-0.02467
-8.2972,-1.2891,215.193,-0.39302,2.41503,-0.02615
-8.3767,-1.2342,215.139,-0.39698,2.4204,-0.02448
-8.3557,-1.1973,215.126,-0.39531,2.42358,-0.02447
-8.2965,-1.3079,215.349,-0.39338,2.41475,-0.0254
-8.3181,-1.3654,215.319,-0.39935,2.41874,-0.02511
-8.3241,-1.2838,215.308,-0.39428,2.41741,-0.02629
-8.2892,-1.4593,215.281,-0.40718,2.41737,-0.02504
-8.3937,-1.174,215.022,-0.39611,2.42641,-0.02372
-8.3365,-1.3229,215.129,-0.40045,2.42226,-0.02445
-8.3385,-1.323,215.163,-0.40696,2.41934,-0.02382
-8.3133,-1.3155,215.26,-0.40191,2.41797,-0.02547
-8.4109,-1.213,215.113,-0.39685,2.42376,-0.02578
-8.3496,-1.3335,215.096,-0.40275,2.41923,-0.02425
-8.3635,-1.2442,215.225,-0.39647,2.41989,-0.02596
-8.3285,-1.3119,215.283,-0.39945,2.41651,-0.02577
-8.3121,-1.3208,215.192,-0.3946,2.41482,-0.02563
-8.3653,-1.2864,215.188,-0.39591,2.41881,-0.02581
-8.2952,-1.4217,215.232,-0.40267,2.41792,-0.02521
-8.3069,-1.3856,215.247,-0.40411,2.4159,-0.02521
-8.3349,-1.3552,215.245,-0.40053,2.41856,-0.02505
-8.3826,-1.1843,214.905,-0.39532,2.42222,-0.0243
-8.3425,-1.2628,215.183,-0.3967,2.41582,-0.02732
-8.3591,-1.319,215.155,-0.39893,2.42175,-0.02559
-8.3454,-1.309,215.198,-0.40004,2.41942,-0.02512
-8.2725,-1.2963,215.251,-0.39367,2.41699,-0.02653
-8.2791,-1.3192,215.293,-0.39496,2.41537,-0.02707
-8.3643,-1.2694,215.053,-0.40122,2.42421,-0.02333
-8.3153,-1.3411,215.2,-0.39845,2.41619,-0.02466
-8.3271,-1.3138,215.21,-0.39623,2.41726,-0.02501
-8.2994,-1.3392,215.179,-0.40105,2.41851,-0.02447
-8.3031,-1.3311,215.188,-0.39873,2.41878,-0.02522
-8.3407,-1.2776,215.234,-0.39797,2.42092,-0.02499
-8.3825,-1.2028,215.133,-0.39674,2.42207,-0.025
-8.3762,-1.2332,215.136,-0.39584,2.41993,-0.02489
-8.3009,-1.3445,215.349,-0.39445,2.4125,-0.02601
-8.2872,-1.3619,215.317,-0.39679,2.41138,-0.02667
-8.2985,-1.3116,215.246,-0.40023,2.41559,-0.02628
-8.316,-1.1929,215.186,-0.39073,2.41629,-0.02592
-8.3259,-1.2035,215.219,-0.39072,2.4166,-0.02674
-8.3241,-1.2303,215.204,-0.39449,2.42142,-0.02575
-8.3408,-1.2394,214.997,-0.39936,2.42257,-0.02466
-8.2634,-1.4012,215.253,-0.40129,2.41341,-0.0257
-8.2563,-1.2639,215.336,-0.39277,2.41249,-0.02643
-8.292,-1.2734,215.266,-0.39425,2.42242,-0.02658
-8.2466,-1.299,215.45,-0.3912,2.41967,-0.02692
-8.1605,-1.3466,215.518,-0.39341,2.42291,-0.02635
-8.1726,-1.2986,215.578,-0.39238,2.42856,-0.0249
-8.0459,-1.5007,215.475,-0.40404,2.42754,-0.02369
-7.9393,-1.5516,215.355,-0.40977,2.42438,-0.0211
-7.6712,-1.4463,215.069,-0.40886,2.4147,-0.01455
-7.252,-1.4871,215.204,-0.40873,2.40091,-0.02165
-6.9874,-1.4584,215.544,-0.39911,2.39287,-0.03205
-6.7146,-1.5642,215.334,-0.40805,2.38239,-0.03663
-6.6668,-1.6475,215.699,-0.40791,2.38007,-0.03937
-6.726,-1.7076,215.691,-0.4087,2.37815,-0.03558
-6.9634,-1.5415,215.563,-0.40048,2.38464,-0.03794
-6.9542,-1.5481,215.526,-0.40469,2.38197,-0.0375
-6.8838,-1.5352,215.632,-0.40925,2.37481,-0.04047
-6.603,-1.5822,215.644,-0.40328,2.36229,-0.04501
-6.3935,-1.6206,215.524,-0.41061,2.36175,-0.05022
-6.2822,-1.5921,215.347,-0.41392,2.36049,-0.05503
-6.2432,-1.6645,215.473,-0.41951,2.34732,-0.05538
-6.3796,-1.5931,215.25,-0.42094,2.34806,-0.05514
-6.5084,-1.6146,215.212,-0.42966,2.34764,-0.05476
-6.4937,-1.6748,215.125,-0.43738,2.34512,-0.05487
-6.5226,-1.6194,214.962,-0.44278,2.33161,-0.05392
-6.46,-1.6324,214.74,-0.44875,2.32772,-0.05068
-6.5553,-1.5203,214.645,-0.4568,2.32148,-0.04827
-6.5364,-1.4834,214.449,-0.46554,2.31855,-0.04848
-6.7182,-1.2982,214.225,-0.468,2.32299,-0.04513
-6.8767,-1.3264,214.129,-0.47282,2.32453,-0.04193
-6.899,-1.3193,214.135,-0.47618,2.32318,-0.03898
-6.9837,-1.3032,214.053,-0.4774,2.32501,-0.0376
-7.0503,-1.4352,214.026,-0.48722,2.32363,-0.03523
-7.0582,-1.3584,214.013,-0.48474,2.32239,-0.03642
-6.9675,-1.2402,213.938,-0.48051,2.32144,-0.04081
-6.9273,-1.1375,213.803,-0.47977,2.31899,-0.04889
-6.8882,-0.9967,213.655,-0.47694,2.31086,-0.05413
-7.1322,-1.3162,213.535,-0.49794,2.3164,-0.04845
-7.2222,-1.6657,213.058,-0.51773,2.30735,-0.03822
-7.0164,-1.6654,212.854,-0.50588,2.28933,-0.03776
-7.0061,-1.6648,212.954,-0.50146,2.28175,-0.03365
-7.138,-1.4307,212.874,-0.48913,2.29442,-0.03169
-7.2587,-1.2468,212.839,-0.47864,2.31069,-0.03133
-7.27,-1.5306,213.517,-0.47898,2.31722,-0.03311
-7.184,-1.566,213.886,-0.47517,2.33651,-0.04145
-6.9286,-1.6494,214.31,-0.47617,2.33269,-0.06141
-6.8305,-1.6376,214.325,-0.46978,2.33913,-0.07134
-6.6369,-1.9808,214.599,-0.47819,2.32386,-0.07764
-6.6692,-1.9222,214.676,-0.47556,2.32326,-0.07872
-6.843,-2.0091,214.611,-0.47758,2.31292,-0.07392
-7.0819,-2.0427,214.46,-0.47953,2.31728,-0.06527
-7.4159,-1.8833,214.256,-0.47524,2.32455,-0.05848
-7.6815,-1.9716,214.182,-0.48168,2.32349,-0.05015
-7.922,-2.0789,214.199,-0.48707,2.31863,-0.04314
-8.2423,-1.7358,213.72,-0.48807,2.32698,-0.03045
-8.4897,-1.4439,213.689,-0.47349,2.33203,-0.02738
-8.2086,-1.224,213.434,-0.47712,2.33177,-0.02869
-7.4277,-0.8937,213.333,-0.47554,2.32328,-0.04495
-6.9447,-0.9262,213.158,-0.47824,2.30925,-0.05539
-6.7242,-1.1629,213.388,-0.47609,2.29152,-0.06197
-6.5527,-1.2729,213.244,-0.47827,2.29047,-0.06634
-6.5161,-1.0251,212.964,-0.46733,2.29759,-0.06778
-6.3866,-0.8906,213.003,-0.46064,2.285,-0.07137
-6.4113,-0.7212,213.118,-0.46032,2.28695,-0.07011
-6.3741,-0.5121,213.3,-0.45586,2.29288,-0.07097
-6.4197,-0.313,213.476,-0.44984,2.29997,-0.07049
-6.5202,-0.3165,213.511,-0.44356,2.30242,-0.07247
-6.6282,-0.4881,213.383,-0.44864,2.29943,-0.07319
-6.8151,-0.4511,213.214,-0.44924,2.30687,-0.0701
-6.7413,-0.6269,213.13,-0.45581,2.29823,-0.06608
-6.7176,-0.5147,212.709,-0.45412,2.2943,-0.06017
-6.5535,-0.907,213.016,-0.46238,2.27737,-0.05654
-6.6068,-0.7607,212.866,-0.46165,2.27953,-0.05526
-6.5664,-0.9032,212.914,-0.46502,2.273,-0.05601
-6.7246,-0.5699,212.587,-0.46011,2.28393,-0.05469
-6.6055,-0.619,212.746,-0.4545,2.26996,-0.06155
-6.5468,-0.7355,212.889,-0.45686,2.26255,-0.06727
-6.7327,-0.5807,212.698,-0.4579,2.2779,-0.06683
-6.6579,-0.5637,212.7,-0.4544,2.27742,-0.07056
-6.5995,-0.6759,212.962,-0.45637,2.27317,-0.07667
-6.721,-0.6653,212.958,-0.45336,2.27898,-0.07925
-6.8845,-0.6068,212.963,-0.45624,2.288,-0.0771
-6.8703,-0.6806,213.087,-0.45691,2.28043,-0.0812
-6.9685,-0.6466,213.129,-0.45514,2.28591,-0.08288
-6.9812,-0.6649,213.005,-0.46008,2.29042,-0.07882
-7.128,-0.7751,213.183,-0.45697,2.29231,-0.08397
-7.3488,-0.8382,213.21,-0.45231,2.29833,-0.08804
-7.6175,-0.8054,213.218,-0.45459,2.31851,-0.08721
-7.7935,-0.9786,213.363,-0.45814,2.32272,-0.08167
-8.0365,-1.0863,213.455,-0.45782,2.32377,-0.08034
-8.2418,-0.8423,213.173,-0.45135,2.33524,-0.0788
-8.2164,-0.766,213.132,-0.44514,2.33823,-0.07705
-8.0593,-0.8022,213.591,-0.43125,2.32018,-0.07927
-8.2644,-0.7622,213.635,-0.42616,2.32204,-0.08073
-8.6696,-0.7691,213.478,-0.4309,2.33822,-0.07791
-8.7867,-0.7731,213.776,-0.42078,2.3374,-0.07977
-8.7458,-0.9381,213.804,-0.43305,2.34161,-0.07516
-8.7537,-0.886,213.642,-0.43944,2.34485,-0.06926
-8.6213,-0.9304,213.634,-0.44419,2.33624,-0.06645
-8.4618,-0.838,213.587,-0.43866,2.33584,-0.06798
-8.4293,-0.6511,213.51,-0.42918,2.34236,-0.06597
-8.2826,-0.7744,213.863,-0.42498,2.33229,-0.06288
-8.1484,-0.8378,214.09,-0.41853,2.32763,-0.06201
-7.9408,-0.8502,214.152,-0.41778,2.33073,-0.06153
-7.8266,-0.8864,214.001,-0.4303,2.33633,-0.05808
-7.4751,-1.1522,214.341,-0.43282,2.32296,-0.06052
-7.3403,-1.0677,214.196,-0.43542,2.32366,-0.05851
-7.2658,-1.163,214.317,-0.43713,2.32607,-0.05771
-7.2186,-1.1994,214.427,-0.43473,2.31656,-0.05734
-7.1956,-1.1952,214.609,-0.42816,2.31738,-0.05622
-7.2868,-1.22,214.37,-0.42723,2.31575,-0.05115
-7.3613,-1.2505,214.226,-0.42236,2.31268,-0.04443
-7.4952,-1.4241,214.465,-0.42691,2.31898,-0.04071
-7.5117,-1.4515,214.432,-0.42824,2.31693,-0.03859
-7.5493,-1.4456,214.398,-0.43213,2.31152,-0.0355
-7.5129,-1.5721,214.515,-0.43879,2.30104,-0.03383
-7.5983,-1.1985,213.958,-0.44103,2.31914,-0.03444
-7.5138,-1.273,213.966,-0.44895,2.30694,-0.03358
-7.4774,-1.2584,213.926,-0.44667,2.31,-0.03337
-7.4367,-1.1775,214.026,-0.44254,2.30683,-0.03474
-7.3797,-1.0512,214.128,-0.43313,2.3112,-0.03267
-7.2554,-0.9101,214.343,-0.41991,2.30299,-0.03541
-7.1193,-0.9755,214.482,-0.41759,2.29519,-0.03777
-7.236,-0.9758,214.231,-0.42366,2.30704,-0.03562
-7.4071,-0.9744,214.353,-0.4264,2.30706,-0.04031
-7.5012,-0.91,214.407,-0.41289,2.30988,-0.04758
-7.5961,-0.8148,214.382,-0.40517,2.31254,-0.04999
-7.7923,-0.6024,214.27,-0.4021,2.32608,-0.04802
-7.6938,-0.7318,214.462,-0.3989,2.31774,-0.04855
-7.5824,-0.8049,214.602,-0.39804,2.30693,-0.04696
-7.6231,-0.9099,214.755,-0.39918,2.30898,-0.04451
-7.6654,-0.9311,214.857,-0.39418,2.30742,-0.04108
-7.6728,-1.1346,215.022,-0.40541,2.30493,-0.03781
-7.8023,-0.8926,214.791,-0.40133,2.31769,-0.03504
-7.754,-0.9856,214.82,-0.40239,2.30636,-0.0362
-7.862,-0.7799,214.744,-0.3983,2.31077,-0.03682
-7.8512,-0.8838,214.62,-0.39908,2.31247,-0.03605
-7.8568,-0.8877,214.605,-0.40192,2.31608,-0.0364
-7.8452,-0.9203,214.68,-0.40578,2.3097,-0.03615
-7.7608,-1.0526,214.599,-0.4126,2.30937,-0.03554
-7.8204,-0.8762,214.49,-0.40784,2.31501,-0.03562
-7.7819,-0.9875,214.517,-0.41329,2.30795,-0.03713
-7.7709,-0.8374,214.563,-0.40712,2.31323,-0.04067
-7.7122,-0.9708,214.501,-0.41921,2.30861,-0.04234
-7.7221,-0.8908,214.439,-0.41687,2.30766,-0.04394
-7.7163,-0.7911,214.549,-0.41041,2.30855,-0.04515
-7.7645,-0.8525,214.625,-0.41235,2.30742,-0.04401
-7.8537,-0.7367,214.393,-0.4088,2.31993,-0.04222
-7.9163,-1.0105,214.466,-0.41145,2.31324,-0.04463
-8.2087,-1.1472,214.442,-0.42641,2.31896,-0.0458
-8.5298,-1.2846,214.084,-0.42799,2.33639,-0.04648
-8.6876,-1.6078,214.136,-0.43871,2.33506,-0.0432
-8.7188,-1.6396,214.199,-0.43115,2.33617,-0.04409
-8.7059,-1.6401,214.097,-0.42277,2.33956,-0.0427
-8.6475,-1.9432,214.252,-0.42591,2.33688,-0.04125
-8.8036,-1.858,214.247,-0.42328,2.34564,-0.03991
-8.7961,-1.8847,214.177,-0.42283,2.34712,-0.03841
-8.7416,-1.9526,214.427,-0.42169,2.34041,-0.04164
-8.6989,-1.8149,214.405,-0.42137,2.34059,-0.04054
-8.6115,-1.6054,214.645,-0.41218,2.34216,-0.04157
-8.3788,-1.5505,214.923,-0.417,2.33549,-0.0438
-8.0896,-1.0203,214.863,-0.407,2.33411,-0.0471
-8.0035,-0.9987,214.912,-0.40723,2.32825,-0.04834
-7.9529,-0.9901,214.959,-0.41398,2.32568,-0.04729
-7.8641,-0.9042,215.112,-0.41186,2.32005,-0.04954
-7.7883,-0.8235,215.11,-0.41344,2.31543,-0.04914
-7.7194,-0.6178,214.845,-0.4107,2.31867,-0.04924
-7.5065,-0.7026,214.861,-0.4067,2.30207,-0.04992
-7.4977,-0.7342,214.665,-0.41476,2.30299,-0.04542
-7.5492,-0.8346,214.532,-0.42075,2.3072,-0.04263
-7.7095,-0.7318,214.575,-0.41666,2.30829,-0.04333
-7.6991,-0.8011,214.701,-0.41212,2.30123,-0.04187
-7.8201,-0.7807,214.697,-0.4125,2.30863,-0.04
-7.8803,-0.5405,214.682,-0.3981,2.30944,-0.03936
-7.8865,-0.5672,214.865,-0.38872,2.30199,-0.04158
-7.8808,-0.6559,214.76,-0.39168,2.30144,-0.04064
-7.9095,-0.5837,214.572,-0.38848,2.30607,-0.03832
-7.8706,-0.589,214.619,-0.38845,2.30401,-0.04004
-7.7776,-0.6487,214.595,-0.38676,2.30027,-0.04169
-7.7038,-0.7098,214.539,-0.39207,2.2958,-0.04424
-7.582,-0.6095,214.494,-0.38706,2.29036,-0.04746
-7.5199,-0.5417,214.371,-0.38933,2.28731,-0.04862
-7.4185,-0.7793,214.559,-0.40299,2.28349,-0.0495
-7.4909,-0.7429,214.391,-0.40481,2.28613,-0.04934
-7.5552,-0.6764,214.284,-0.40664,2.28964,-0.05021
-7.6065,-0.663,214.249,-0.41067,2.29547,-0.05139
-7.5911,-0.7407,214.273,-0.41144,2.28554,-0.05252
-7.7011,-0.5806,214.101,-0.40906,2.29566,-0.0506
-7.7704,-0.5702,214.091,-0.40144,2.2961,-0.05233
-7.8557,-0.6725,214.225,-0.40526,2.29648,-0.05214
-8.0453,-0.6477,213.995,-0.40054,2.2994,-0.0525
-8.1157,-0.7571,214.081,-0.40918,2.29956,-0.05037
-8.1975,-0.7369,214.039,-0.41178,2.30167,-0.04745
-8.1779,-0.8719,214.091,-0.41378,2.30143,-0.04472
-8.1841,-1.0094,214.321,-0.41591,2.29993,-0.04416
-8.383,-0.7232,214.055,-0.40665,2.31319,-0.04363
-8.3092,-0.8986,214.166,-0.41747,2.30676,-0.04533
-8.3079,-0.8803,214.029,-0.42406,2.30999,-0.04379
-8.1791,-0.8835,214.058,-0.4225,2.30703,-0.04557
-8.0728,-0.9292,214.327,-0.42371,2.30242,-0.04775
-8.134,-0.7667,214.253,-0.41852,2.30658,-0.04886
-8.0646,-0.9026,214.228,-0.42689,2.30069,-0.04933
-8.1781,-0.6249,214.121,-0.41708,2.31355,-0.04985
-8.2192,-0.6298,214.305,-0.41278,2.31445,-0.0493
-8.2086,-0.6025,214.213,-0.41124,2.31607,-0.04669
-8.2236,-0.6801,214.502,-0.41328,2.31045,-0.04824
-8.3376,-0.7652,214.574,-0.41014,2.32015,-0.04291
-8.355,-0.8121,214.669,-0.40886,2.31789,-0.04253
-8.4533,-0.8847,214.695,-0.41188,2.32187,-0.03983
-8.5783,-0.9035,214.334,-0.41808,2.33205,-0.03613
-8.6651,-0.8002,214.322,-0.41833,2.33996,-0.03394
-8.6721,-0.6309,214.623,-0.40574,2.34456,-0.03631
-8.6826,-0.6643,214.472,-0.40967,2.34899,-0.03881
-8.4697,-0.6742,214.286,-0.41334,2.33592,-0.04285
-8.3835,-0.4323,214.198,-0.40503,2.33478,-0.04875
-8.2529,-0.4554,214.207,-0.40485,2.32787,-0.05209
-8.2119,-0.5958,214.403,-0.41214,2.32807,-0.05304
-8.172,-0.5384,214.497,-0.41003,2.32372,-0.05487
-8.2163,-0.4932,214.372,-0.40747,2.32508,-0.05163
-8.1317,-0.6685,214.482,-0.41018,2.31945,-0.05173
-8.0928,-0.5255,214.496,-0.40573,2.32058,-0.05339
-8.0242,-0.7064,214.471,-0.42083,2.31865,-0.04957
-8.0224,-0.7071,214.39,-0.42697,2.32483,-0.047
-7.9064,-0.7685,214.257,-0.42747,2.32254,-0.04575
-7.7601,-0.6766,214.282,-0.41958,2.31772,-0.04836
-7.749,-0.5953,214.26,-0.41873,2.32158,-0.04791
-7.6435,-0.7009,214.273,-0.41996,2.31878,-0.049
-7.6983,-0.6185,214.308,-0.41412,2.32212,-0.05003
-7.7346,-0.6559,214.322,-0.41585,2.32265,-0.05375
-7.8697,-0.5143,214.113,-0.41512,2.33141,-0.05172
-7.8871,-0.6253,214.037,-0.42198,2.32793,-0.04993
-7.9378,-0.6661,214.206,-0.41762,2.32657,-0.05227
-7.9831,-0.6852,214.235,-0.41508,2.32068,-0.05409
-8.0941,-0.5478,214.188,-0.41028,2.32554,-0.05365
-8.056,-0.7876,214.157,-0.42489,2.32177,-0.04972
-7.9502,-0.7712,214.341,-0.42107,2.31295,-0.05171
-7.9213,-0.6736,214.235,-0.41582,2.31805,-0.05167
-7.9135,-0.6974,214.113,-0.41926,2.32144,-0.05095
-7.916,-0.769,214.069,-0.42076,2.321,-0.05181
-7.87,-0.9243,214.309,-0.42561,2.31725,-0.05373
-7.9824,-0.8065,214.182,-0.41884,2.32786,-0.05811
-8.0019,-0.7649,213.975,-0.42617,2.33462,-0.05536
-7.9077,-0.7738,214.103,-0.42452,2.32819,-0.05509
-7.7796,-0.8182,214.124,-0.42787,2.32402,-0.05295
-7.7399,-0.8188,214.154,-0.42654,2.3224,-0.05404
-7.6719,-0.9239,214.146,-0.4308,2.31937,-0.0558
-7.7433,-0.8979,214.044,-0.43222,2.31696,-0.05517
-7.7644,-0.9544,214.091,-0.43743,2.30958,-0.05178
-7.7948,-0.9441,214.028,-0.43324,2.31027,-0.05215
-7.8387,-0.9001,214.124,-0.43263,2.31097,-0.05398
-7.9067,-0.8484,214.054,-0.43456,2.31337,-0.0527
-7.9615,-0.9117,214.306,-0.43423,2.312,-0.05641
-7.9544,-0.7533,214.271,-0.42265,2.30829,-0.06017
-7.9569,-0.8542,214.224,-0.42747,2.31196,-0.06127
-8.0191,-0.8738,214.397,-0.42552,2.31242,-0.06345
-8.0966,-0.7559,214.126,-0.42294,2.31538,-0.06356
-8.0986,-0.66,213.946,-0.42255,2.31723,-0.06156
-8.0314,-1.0053,214.041,-0.4334,2.30951,-0.06079
-7.7654,-0.9347,207.196,-0.49493,2.33634,-0.05267
-7.798,-0.0426,200.996,-0.47038,2.35757,-0.04775
-8.4671,0.4321,202.331,-0.44737,2.3687,-0.04847
-9.2061,0.1897,205.204,-0.44886,2.38358,-0.03662
-9.8298,0.4165,204.046,-0.44467,2.4231,-0.02989
-9.7374,0.5251,199.204,-0.45731,2.44066,-0.04285
-8.9105,0.6395,190.979,-0.46137,2.43888,-0.06191
-9.1047,0.4471,183.967,-0.49214,2.4731,-0.07128
-10.2502,0.1598,174.71,-0.54532,2.55619,-0.06459
-11.6003,0.4423,155.886,-0.65117,2.71579,-0.05243
-11.983,1.8418,122.752,-0.81593,2.92208,-0.01618
-12.983,4.4988,75.1476,-1.02666,3.288,0.08146
-13.5049,8.7732,40.7385,-1.031,3.53864,0.16522
-12.5395,15.9901,22.3537,-0.79344,3.59467,0.19436
-15.0422,19.3392,29.0933,-0.5434,3.53926,0.17021
-20.2417,15.7913,52.6464,-0.45763,3.49942,0.14421
-22.9956,9.6418,91.2606,-0.49674,3.32957,0.11681
-19.0564,3.401,142.964,-0.50937,2.95497,0.0613
-13.7738,-0.6172,186.081,-0.45814,2.62446,-0.01678
-10.9318,-1.1518,205.936,-0.36704,2.46445,-0.07504
-10.1728,-0.6007,210.974,-0.32625,2.4301,-0.10121
-10.2248,-1.1217,211.947,-0.36378,2.40493,-0.06659
-10.4305,-1.4609,212.394,-0.39424,2.40497,-0.02658
-10.384,-1.7656,211.982,-0.44424,2.42527,0.00797
-9.0756,-2.2937,210.558,-0.51056,2.38298,0.00055
-8.8647,-2.5028,210.657,-0.51751,2.3833,-0.00068
-8.8616,-2.6429,210.94,-0.52238,2.38858,0.00143
-9.106,-2.7017,211.532,-0.5147,2.4114,0.00486
-9.2908,-2.8518,212.868,-0.52741,2.43859,0.0066
-8.9174,-3.1508,212.972,-0.55764,2.43153,0.01236
-8.0553,-3.0521,211.985,-0.55945,2.40744,0.01006
-7.5387,-3.2827,212.001,-0.56493,2.38183,0.0011
-7.8184,-3.365,212.135,-0.56644,2.38192,-0.00281
-8.5437,-3.5752,212.409,-0.57709,2.40205,0.00136
-9.1029,-3.6057,212.709,-0.57491,2.41253,0.00471
-9.1763,-3.6734,213.213,-0.58144,2.417,0.00241
-9.0215,-3.3858,213.151,-0.56526,2.41884,-0.00197
-8.8361,-3.1509,212.993,-0.55103,2.40998,-0.00355
-8.6954,-3.0899,212.965,-0.54854,2.40779,-0.00722
-8.8135,-2.8336,212.979,-0.53834,2.40771,-0.01229
-9.0184,-2.6103,212.639,-0.52382,2.41535,-0.01476
-9.1133,-2.4218,212.768,-0.51013,2.42027,-0.01537
-9.192,-2.4775,212.759,-0.50291,2.41957,-0.01299
-9.1608,-2.5456,212.819,-0.51361,2.42646,-0.01163
-9.2103,-2.5619,212.799,-0.50993,2.43054,-0.01572
-9.2084,-2.5089,212.99,-0.50607,2.42765,-0.01813
-9.287,-2.5132,213.142,-0.50254,2.43669,-0.0139
-9.4721,-2.4972,213.149,-0.5031,2.44357,-0.00866
-9.5863,-2.2076,213.063,-0.48545,2.45116,-0.00939
-9.4996,-2.2518,213.383,-0.48416,2.44239,-0.01631
-9.5013,-2.0053,213.165,-0.47272,2.43839,-0.01783
-9.571,-1.7464,213.184,-0.45759,2.43693,-0.02438
-9.5589,-1.7722,213.25,-0.45648,2.43363,-0.03044
-9.5597,-1.6702,213.113,-0.45395,2.43838,-0.03526
-9.4127,-1.6053,213.121,-0.45125,2.43471,-0.04287
-9.3548,-1.4798,213.098,-0.44328,2.43732,-0.04682
-9.4091,-1.4202,213.013,-0.44529,2.43306,-0.04992
-9.3984,-1.571,213.023,-0.44991,2.43021,-0.055
-9.3558,-1.5013,213.109,-0.4512,2.4326,-0.05902
-9.4005,-1.465,213.071,-0.45769,2.43599,-0.06069
-9.3892,-1.3976,213.027,-0.45639,2.44597,-0.05903
-9.4151,-1.5189,213.249,-0.46348,2.44914,-0.05695
-9.4752,-1.4338,213.14,-0.45571,2.45889,-0.05498
-9.5253,-1.6475,213.329,-0.47023,2.46086,-0.05405
-9.5458,-1.7684,213.333,-0.47301,2.46441,-0.05608
-9.5977,-1.8957,213.38,-0.47612,2.46164,-0.0593
-9.7091,-1.9276,213.271,-0.47366,2.46515,-0.06055
-9.7559,-2.0107,213.071,-0.48494,2.46856,-0.05652
-9.6525,-2.1228,213.25,-0.4906,2.46134,-0.05406
-9.6389,-2.1164,213.365,-0.48701,2.46004,-0.05221
-9.6236,-2.0759,213.409,-0.48548,2.45753,-0.05223
-9.5355,-2.2685,213.466,-0.4939,2.44774,-0.05307
-9.6136,-2.1355,213.45,-0.48505,2.44929,-0.0541
-9.5965,-2.1748,213.308,-0.48613,2.45545,-0.05299
-9.5272,-2.0973,213.55,-0.47373,2.46304,-0.05576
-9.596,-2.206,213.33,-0.49218,2.46786,-0.05287
-9.6437,-2.1535,213.401,-0.49276,2.4665,-0.05109
-9.6226,-2.2181,213.568,-0.48977,2.46536,-0.05049
-9.6977,-2.1773,213.466,-0.49244,2.47178,-0.04843
-9.7016,-2.3664,213.446,-0.50241,2.47123,-0.04389
-9.681,-2.4469,213.68,-0.4982,2.46818,-0.04529
-9.681,-2.4469,213.68,-0.4982,2.46818,-0.04529
-9.679,-2.3293,213.595,-0.49496,2.47204,-0.04459
-9.6819,-2.2756,213.415,-0.49566,2.47219,-0.04297
-9.6562,-2.2578,213.507,-0.49503,2.47091,-0.04303
-9.6096,-2.3454,213.713,-0.49543,2.46922,-0.0443
-9.6523,-2.2031,213.457,-0.4882,2.47317,-0.04359
-9.7126,-2.211,213.532,-0.49198,2.47045,-0.04851
-9.6767,-2.1496,213.536,-0.48136,2.46677,-0.05549
-9.6519,-2.0992,213.471,-0.48324,2.47122,-0.05627
-9.5928,-2.1435,213.593,-0.48013,2.46336,-0.05936
-9.592,-2.2568,213.562,-0.48656,2.46284,-0.05663
-9.7013,-2.1912,213.351,-0.48749,2.46786,-0.05455
-9.6428,-2.3126,213.535,-0.48807,2.46241,-0.05767
-9.7095,-2.2627,213.491,-0.49033,2.4692,-0.05657
-9.6991,-2.2449,213.394,-0.48017,2.46776,-0.05799
-9.7583,-2.1566,213.388,-0.48067,2.47047,-0.05899
-9.6794,-2.4051,213.501,-0.4923,2.45967,-0.05706
-9.8649,-2.1165,213.322,-0.48298,2.47497,-0.05439
-9.7009,-2.3482,213.446,-0.48952,2.46219,-0.05449
-9.6937,-2.2691,213.447,-0.48929,2.4629,-0.05411
-9.6699,-2.2314,213.351,-0.48309,2.46117,-0.05642
-9.6956,-2.1706,213.359,-0.47664,2.46695,-0.05899
-9.6733,-2.2049,213.384,-0.47705,2.46466,-0.0593
-9.6962,-2.2538,213.337,-0.48412,2.46292,-0.05888
-9.6801,-2.1065,213.234,-0.47374,2.4608,-0.06082
-9.7115,-2.1511,213.118,-0.47706,2.46551,-0.05946
-9.7844,-2.056,212.932,-0.47697,2.47142,-0.05873
-9.739,-2.1659,213.015,-0.47529,2.46054,-0.06187
-9.7013,-2.2678,213.072,-0.47785,2.45973,-0.06285
-9.6411,-2.314,212.973,-0.47857,2.45657,-0.06311
-9.5787,-2.2812,213.198,-0.47195,2.448,-0.06528
-9.482,-2.2303,213.099,-0.47013,2.4511,-0.06285
-9.2651,-2.1329,213.128,-0.46804,2.45091,-0.06135
-9.0079,-1.8881,213.195,-0.45524,2.44677,-0.06217
-8.725,-1.801,213.302,-0.4538,2.43661,-0.05971
-8.503,-1.6927,213.44,-0.44637,2.42259,-0.05939
-8.3848,-1.6602,213.482,-0.44694,2.42058,-0.05746
-8.1191,-1.5355,213.45,-0.43619,2.41147,-0.05584
-7.9751,-1.4657,213.465,-0.43729,2.40753,-0.04928
-7.7322,-1.2879,213.377,-0.43013,2.40317,-0.04392
-7.5334,-1.3817,213.649,-0.42808,2.39348,-0.04349
-7.4563,-1.3581,213.73,-0.42288,2.39529,-0.04603
-7.4332,-1.3755,213.792,-0.42765,2.3947,-0.04493
-7.439,-1.3827,213.752,-0.42448,2.3923,-0.04311
-7.5757,-1.3403,213.942,-0.41767,2.4007,-0.04457
-7.554,-1.274,213.949,-0.41247,2.40606,-0.04718
-7.5746,-1.3418,214.077,-0.41218,2.41291,-0.04934
-7.5979,-1.4243,214.197,-0.41684,2.4123,-0.05131
-7.6639,-1.3,214.016,-0.41341,2.41814,-0.05115
-7.7522,-1.2362,213.992,-0.40965,2.41773,-0.04969
-7.7253,-1.4323,214.15,-0.41647,2.41786,-0.04854
-7.7276,-1.383,214.221,-0.40785,2.42174,-0.0474
-7.6866,-1.3831,214.276,-0.40292,2.41805,-0.04762
-7.7001,-1.3466,214.294,-0.40519,2.41765,-0.0471
-7.72,-1.2615,214.21,-0.40491,2.41563,-0.04601
-7.6405,-1.4273,214.365,-0.40648,2.41549,-0.0469
-7.7681,-1.3879,214.335,-0.39931,2.41538,-0.04355
-7.8749,-1.4799,214.298,-0.4111,2.41653,-0.03984
-8.0987,-1.2453,213.975,-0.40073,2.42792,-0.03518
-8.1696,-1.3963,214.115,-0.40804,2.42004,-0.03556
-8.3059,-1.2041,214.095,-0.39277,2.43233,-0.03764
-8.327,-1.3232,214.257,-0.39276,2.43282,-0.04086
-8.3419,-1.3867,214.417,-0.39269,2.43536,-0.04174
-8.2882,-1.3781,214.405,-0.39541,2.43713,-0.04166
-8.2559,-1.3352,214.641,-0.38025,2.44388,-0.0475
-8.2579,-1.3425,214.691,-0.38587,2.44423,-0.05075
-8.2896,-1.3863,214.644,-0.39022,2.4436,-0.05162
-8.2895,-1.3721,214.695,-0.38482,2.44846,-0.05784
-8.304,-1.3372,214.663,-0.38011,2.43974,-0.06094
-8.3493,-1.2333,214.424,-0.37928,2.45284,-0.05907
-8.2767,-1.3213,214.531,-0.3807,2.4405,-0.05862
-8.3047,-1.232,214.429,-0.38319,2.44161,-0.05595
-8.2538,-1.2361,214.486,-0.38575,2.43918,-0.05393
-8.1087,-1.121,214.507,-0.38534,2.43264,-0.05432
-7.9443,-1.2015,214.673,-0.38223,2.42761,-0.0544
-7.7768,-1.1579,214.88,-0.37429,2.42607,-0.05901
-7.722,-0.9958,214.623,-0.37387,2.43345,-0.06058
-7.5358,-1.1183,214.776,-0.37314,2.41512,-0.06271
-7.5145,-1.1046,214.633,-0.3743,2.40987,-0.06282
-7.5862,-0.9817,214.562,-0.36875,2.40856,-0.06436
-7.7224,-0.891,214.483,-0.36322,2.41035,-0.06668
-7.8018,-1.0243,214.598,-0.36775,2.40774,-0.06709
-7.7994,-1.167,214.696,-0.3714,2.39991,-0.06958
-7.8141,-1.0909,214.461,-0.37097,2.40371,-0.07076
-7.8214,-1.0902,214.549,-0.37086,2.40292,-0.0711
-7.8864,-1.0011,214.238,-0.36831,2.40387,-0.07082
-7.9586,-0.9205,214.347,-0.35949,2.40153,-0.07502
-7.992,-1.0305,214.299,-0.36705,2.40152,-0.07203
-8.014,-1.1472,214.346,-0.3766,2.39666,-0.06823
-8.122,-1.0404,214.056,-0.37879,2.40605,-0.06216
-8.1252,-1.0005,214.049,-0.37946,2.40464,-0.06134
-8.1239,-1.0162,214.202,-0.37774,2.39948,-0.05942
-8.1288,-1.2291,214.178,-0.3917,2.39427,-0.05355
-8.2132,-1.0671,214.142,-0.3832,2.40058,-0.05261
-8.2645,-1.1594,214.194,-0.38918,2.39731,-0.05027
-8.2978,-1.2009,214.125,-0.39569,2.39844,-0.04326
-8.3132,-1.206,214.106,-0.39817,2.40264,-0.03983
-8.2261,-1.3027,214.241,-0.40027,2.39537,-0.03685
-8.2852,-1.1781,214.294,-0.40248,2.39878,-0.03334
-8.2631,-1.0959,214.318,-0.39139,2.39975,-0.03379
-8.1683,-1.112,214.313,-0.39635,2.39827,-0.03079
-8.0284,-1.0951,214.371,-0.39558,2.39369,-0.03041
-7.9486,-1.0536,214.425,-0.39289,2.38848,-0.03284
-7.9747,-0.9837,214.408,-0.39124,2.39507,-0.03265
-7.9458,-1.0249,214.535,-0.39174,2.39352,-0.03244
-7.9719,-1.1255,214.511,-0.4046,2.40106,-0.02936
-7.8965,-1.2344,214.64,-0.40375,2.39286,-0.02947
-7.9879,-1.1172,214.504,-0.40575,2.40229,-0.02743
-8.0037,-0.9765,214.567,-0.39418,2.40154,-0.02905
-7.9925,-1.0709,214.679,-0.39494,2.40577,-0.03082
-8.0218,-0.9868,214.638,-0.39465,2.40603,-0.03185
-8.0365,-1.0565,214.638,-0.39455,2.41287,-0.0347
-7.9755,-1.1397,214.68,-0.39117,2.40574,-0.03796
-8.0528,-1.167,214.57,-0.39466,2.40923,-0.0347
-8.1933,-1.1332,214.49,-0.39678,2.41948,-0.03033
-8.3055,-1.0778,214.55,-0.39228,2.42243,-0.02874
-8.3082,-1.1702,214.642,-0.40061,2.42353,-0.02578
-8.2805,-1.1547,214.705,-0.39531,2.41765,-0.02523
-8.2649,-1.261,214.807,-0.40202,2.42246,-0.02526
-8.2643,-1.1517,214.774,-0.39919,2.42429,-0.02549
-8.2707,-1.291,214.824,-0.40021,2.42841,-0.01945
-8.392,-1.0537,214.686,-0.40516,2.43437,-0.00602
-7.5599,0.4627,214.627,-0.35,2.40948,-0.01081
-7.4952,0.2635,214.705,-0.3518,2.40358,-0.01877
-8.0214,-0.8101,214.737,-0.37856,2.42306,-0.0245
-8.2738,-1.0606,214.605,-0.37948,2.42695,-0.02791
-8.3099,-1.1652,214.537,-0.38235,2.43441,-0.02798
-8.3356,-1.3309,214.594,-0.38245,2.44226,-0.02508
-8.3877,-1.4407,214.541,-0.38027,2.44853,-0.02408
-8.4393,-1.2912,214.657,-0.37421,2.4593,-0.02534
-8.4573,-1.3602,214.802,-0.37461,2.4515,-0.02724
-8.5097,-1.3289,214.644,-0.37745,2.45002,-0.02434
-8.5861,-1.2284,214.615,-0.37264,2.44628,-0.02129
-8.5668,-1.2311,214.571,-0.3787,2.44317,-0.02023
-8.58,-1.1815,214.559,-0.38351,2.44918,-0.01843
-8.5737,-1.1609,214.476,-0.38422,2.44909,-0.01742
-8.4027,-1.3682,214.725,-0.38941,2.43594,-0.0192
-8.3757,-1.3937,214.63,-0.39231,2.43347,-0.01868
-8.4122,-1.2764,214.598,-0.38552,2.4368,-0.02064
-8.4573,-1.2427,214.518,-0.38505,2.4373,-0.01937
-8.4267,-1.2594,214.521,-0.38262,2.43214,-0.0192
-8.4389,-1.2877,214.535,-0.3842,2.43354,-0.02192
-8.377,-1.3771,214.737,-0.38455,2.43155,-0.02413
-8.4357,-1.3042,214.717,-0.38186,2.43452,-0.02326
-8.473,-1.3609,214.627,-0.38551,2.43311,-0.0229
-8.5476,-1.2326,214.531,-0.38333,2.43349,-0.02345
-8.4747,-1.3526,214.649,-0.38089,2.42508,-0.02437
-8.4657,-1.3831,214.699,-0.3826,2.42269,-0.02445
-8.4415,-1.3407,214.57,-0.38299,2.42542,-0.022
-8.4612,-1.3996,214.667,-0.39254,2.4241,-0.02112
-8.5712,-1.2861,214.43,-0.39436,2.43477,-0.01871
-8.4861,-1.3782,214.523,-0.39501,2.42999,-0.0181
-8.4811,-1.3835,214.514,-0.40023,2.42732,-0.01754
-8.4959,-1.3295,214.613,-0.39814,2.42811,-0.01756
-8.4803,-1.3169,214.736,-0.3955,2.43383,-0.01923
-8.454,-1.3657,214.708,-0.3977,2.42811,-0.01712
-8.4997,-1.2575,214.586,-0.39723,2.43534,-0.0152
-8.5224,-1.1544,214.607,-0.39289,2.435,-0.01357
-8.5865,-1.2305,214.621,-0.40476,2.43214,-0.00852
-8.507,-1.2086,214.652,-0.4019,2.4255,-0.00663
-8.4499,-1.1393,214.688,-0.40015,2.42914,-0.00619
-8.4484,-1.1689,214.759,-0.40135,2.42135,-0.00667
-8.5108,-1.0097,214.594,-0.39725,2.42807,-0.00674
-8.5358,-0.9738,214.593,-0.39539,2.43042,-0.00809
-8.437,-1.2182,214.734,-0.40081,2.42602,-0.01144
-8.4347,-1.2534,214.678,-0.39651,2.42991,-0.01357
-8.4562,-1.2841,214.584,-0.39886,2.43573,-0.01531
-8.4558,-1.2632,214.61,-0.39336,2.43971,-0.01525
-8.4316,-1.287,214.766,-0.38928,2.44193,-0.01671
-8.4999,-1.2287,214.691,-0.38471,2.44385,-0.01681
-8.4939,-1.3185,214.779,-0.38669,2.44474,-0.01687
-8.4753,-1.3776,214.799,-0.38681,2.44405,-0.01768
-8.4698,-1.4469,214.765,-0.38725,2.44387,-0.01851
-8.547,-1.3061,214.586,-0.38982,2.45011,-0.01575
-8.5032,-1.3097,214.66,-0.3823,2.44887,-0.01748
-8.4899,-1.4031,214.654,-0.38514,2.44188,-0.01866
-8.5079,-1.4051,214.741,-0.38557,2.44503,-0.01856
-8.5078,-1.2673,214.667,-0.37778,2.4461,-0.01852
-8.5773,-1.2243,214.47,-0.38512,2.44981,-0.01754
-8.4833,-1.4201,214.658,-0.39347,2.44252,-0.01766
-8.5174,-1.2405,214.607,-0.38508,2.44601,-0.01903
-8.553,-1.2575,214.615,-0.38735,2.44566,-0.01886
-8.5483,-1.2201,214.74,-0.38405,2.44454,-0.01982
-8.4932,-1.2441,214.642,-0.38555,2.44527,-0.01822
-8.4757,-1.2944,214.683,-0.38745,2.4452,-0.01991
-8.4928,-1.2572,214.585,-0.38724,2.44232,-0.01786
-8.4926,-1.2826,214.598,-0.3908,2.44342,-0.01763
-8.4783,-1.3254,214.673,-0.39284,2.43936,-0.01671
-8.4405,-1.3992,214.672,-0.39588,2.43725,-0.01711
-8.4954,-1.2756,214.745,-0.38865,2.43953,-0.01729
-8.516,-1.2341,214.707,-0.38747,2.43901,-0.01676
-8.5326,-1.2506,214.586,-0.38736,2.4401,-0.01629
-8.4455,-1.3643,214.812,-0.39496,2.42992,-0.01588
-8.5672,-1.2682,214.655,-0.40213,2.43921,-0.01213
-8.5001,-1.34,214.645,-0.40276,2.43161,-0.01217
-8.5043,-1.2935,214.654,-0.40126,2.43585,-0.01114
-8.519,-1.1642,214.489,-0.3949,2.44071,-0.01153
-8.5793,-1.0812,214.499,-0.39296,2.43864,-0.01187
-8.5014,-1.1742,214.528,-0.39679,2.43626,-0.01194
-8.5048,-1.1845,214.621,-0.39777,2.43432,-0.01239
-8.466,-1.3294,214.637,-0.40109,2.43366,-0.01234
-8.512,-1.1457,214.479,-0.39197,2.439,-0.01216
-8.5662,-1.0898,214.647,-0.38898,2.43806,-0.01414
-8.4873,-1.1857,214.658,-0.39014,2.43827,-0.01414
-8.5267,-1.2423,214.639,-0.39577,2.43987,-0.01248
-8.5202,-1.2064,214.569,-0.38746,2.44143,-0.01368
-8.5357,-1.3,214.661,-0.3944,2.43886,-0.01379
-8.4988,-1.3471,214.684,-0.39849,2.43689,-0.01372
-8.485,-1.3253,214.741,-0.391,2.43665,-0.01509
-8.4361,-1.4338,214.786,-0.39362,2.4312,-0.0151
-8.5214,-1.222,214.672,-0.38469,2.4433,-0.0163
-8.5182,-1.2571,214.664,-0.38778,2.44329,-0.01535
-8.4901,-1.3362,214.742,-0.38788,2.44112,-0.01607
-8.4796,-1.3316,214.64,-0.39422,2.44323,-0.01581
-8.5072,-1.3231,214.693,-0.39345,2.44396,-0.01456
-8.431,-1.4887,214.714,-0.39678,2.43664,-0.01536
-8.4563,-1.2797,214.638,-0.3877,2.44515,-0.01662
-8.4786,-1.3451,214.809,-0.39288,2.43958,-0.01585
-8.4689,-1.2349,214.729,-0.38736,2.44122,-0.01605
-8.4402,-1.3471,214.854,-0.3927,2.43451,-0.01584
-8.4514,-1.328,214.888,-0.38993,2.43509,-0.01582
-8.4796,-1.305,214.888,-0.39001,2.43577,-0.01508
-8.574,-1.2587,214.76,-0.39234,2.44437,-0.01366
-8.436,-1.3679,214.854,-0.38914,2.43199,-0.0155
-8.4931,-1.2505,214.707,-0.38443,2.43724,-0.01531
-8.5246,-1.2759,214.716,-0.39159,2.43565,-0.01406
-8.5094,-1.3234,214.823,-0.38778,2.43479,-0.01486
-8.5228,-1.2737,214.778,-0.38883,2.43662,-0.01534
-8.493,-1.3669,214.787,-0.39064,2.43476,-0.01547
-8.5356,-1.2632,214.735,-0.38681,2.4432,-0.01514
-8.5146,-1.2785,214.836,-0.38846,2.44418,-0.01678
-8.4975,-1.2822,214.898,-0.38355,2.44149,-0.01707
-8.5124,-1.2992,214.785,-0.38444,2.44968,-0.01573
-8.5501,-1.1703,214.69,-0.38356,2.45382,-0.0165
-8.5161,-1.3378,214.701,-0.39388,2.45117,-0.01571
-8.4742,-1.3125,214.82,-0.38615,2.44454,-0.01676
-8.4533,-1.173,214.637,-0.37521,2.44932,-0.01746
-8.5261,-1.1727,214.692,-0.38042,2.45162,-0.01635
-8.4776,-1.1728,214.831,-0.38255,2.44726,-0.01741
-8.5293,-1.244,214.863,-0.38612,2.44917,-0.01654
-8.5482,-1.1296,214.634,-0.38298,2.4554,-0.01563
-8.4483,-1.346,214.819,-0.39072,2.44894,-0.01557
-8.4538,-1.1672,214.752,-0.37859,2.45139,-0.01708
-8.4808,-1.3117,214.873,-0.39135,2.44896,-0.01574
-8.5161,-1.271,214.731,-0.39533,2.45115,-0.01336
-8.5154,-1.194,214.751,-0.38799,2.45074,-0.01514
-8.5256,-1.3004,214.695,-0.39495,2.44746,-0.01332
-8.4171,-1.367,215.009,-0.38633,2.43778,-0.0172
-8.5278,-1.2689,214.772,-0.39233,2.44759,-0.01387
-8.5208,-1.214,214.712,-0.38882,2.44507,-0.01499
-8.5427,-1.1124,214.684,-0.38199,2.45052,-0.01519
-8.4641,-1.1431,214.837,-0.37989,2.44174,-0.01727
-8.5035,-1.2061,214.76,-0.38659,2.44334,-0.01492
-8.484,-1.2192,214.839,-0.38738,2.44242,-0.01539
-8.5101,-1.2026,214.601,-0.39002,2.44463,-0.01273
-8.4625,-1.3983,214.836,-0.39605,2.43968,-0.01405
-8.5667,-1.1488,214.687,-0.38655,2.44665,-0.01465
-8.5635,-1.1783,214.775,-0.39036,2.44192,-0.01455
-8.5391,-1.2284,214.806,-0.38835,2.43653,-0.0143
-8.4863,-1.3772,214.825,-0.39504,2.4364,-0.01347
-8.5277,-1.2487,214.82,-0.38994,2.43475,-0.01473
-8.5312,-1.2354,214.731,-0.38499,2.43795,-0.01534
-8.5283,-1.2299,214.754,-0.38912,2.43687,-0.01541
-8.5043,-1.2265,214.767,-0.38568,2.43704,-0.01609
-8.4729,-1.3149,214.682,-0.38628,2.43329,-0.01655
-8.4405,-1.363,214.727,-0.39067,2.43751,-0.01541
-8.4576,-1.3533,214.787,-0.39201,2.43653,-0.01597
-8.4783,-1.2716,214.762,-0.38869,2.42772,-0.01543
-8.4625,-1.3326,214.758,-0.39459,2.42766,-0.01529
-8.4432,-1.3335,214.863,-0.39187,2.42697,-0.01598
-8.4996,-1.2004,214.724,-0.39,2.43222,-0.01367
-8.4551,-1.3929,214.846,-0.40118,2.4273,-0.01345
-8.5051,-1.262,214.758,-0.39399,2.43363,-0.01357
-8.5032,-1.2895,214.829,-0.39357,2.43139,-0.01413
-8.4727,-1.3347,214.861,-0.39035,2.42903,-0.01528
-8.4628,-1.3789,214.834,-0.39437,2.43159,-0.01486
-8.5026,-1.2943,214.879,-0.39194,2.43338,-0.0147
-8.4517,-1.2742,214.835,-0.38837,2.43126,-0.01578
-8.56,-1.1421,214.611,-0.3885,2.4418,-0.0128
-8.5492,-1.1032,214.654,-0.38949,2.44399,-0.01309
-8.4496,-1.1949,214.711,-0.38688,2.43855,-0.01471
-8.4532,-1.2549,214.819,-0.38623,2.43836,-0.01672
-8.4655,-1.1982,214.765,-0.38588,2.44037,-0.01646
-8.4869,-1.1974,214.752,-0.38784,2.4396,-0.01499
-8.4098,-1.3158,214.886,-0.3888,2.43796,-0.01597
-8.4243,-1.3449,214.883,-0.39128,2.43288,-0.01651
-8.5156,-1.1992,214.794,-0.38759,2.44027,-0.01516
-8.4915,-1.216,214.812,-0.38952,2.44068,-0.01528
-8.5344,-1.2638,214.75,-0.39391,2.44046,-0.01387
-8.476,-1.2453,214.745,-0.39149,2.44024,-0.01542
-8.4416,-1.3933,214.831,-0.3957,2.43889,-0.01559
-8.4547,-1.3685,214.84,-0.39454,2.44044,-0.01468
-8.5198,-1.2123,214.752,-0.39098,2.44396,-0.01464
-8.4573,-1.3045,214.841,-0.38864,2.43832,-0.01598
-8.4659,-1.3246,214.768,-0.39219,2.43458,-0.01412
-8.4955,-1.2891,214.755,-0.3915,2.43645,-0.015
-8.4792,-1.2889,214.879,-0.38567,2.43305,-0.01604
-8.5241,-1.2371,214.705,-0.3901,2.43619,-0.01455
-8.5398,-1.1481,214.76,-0.3837,2.43864,-0.01542
-8.5413,-1.2337,214.733,-0.38961,2.4324,-0.01318
-8.5882,-1.2295,214.629,-0.39218,2.43436,-0.01287
-8.5558,-1.2293,214.72,-0.38717,2.43668,-0.01303
-8.6016,-1.2174,214.607,-0.3942,2.43984,-0.01223
-8.5353,-1.3283,214.741,-0.39984,2.43573,-0.01288
-8.5211,-1.2664,214.82,-0.39102,2.43705,-0.01342
-8.5614,-1.1787,214.813,-0.38981,2.44299,-0.01335
-8.521,-1.2875,214.682,-0.39522,2.43543,-0.01392
-8.4471,-1.3742,214.777,-0.39375,2.43023,-0.01449
-8.5178,-1.1839,214.728,-0.38897,2.43441,-0.01296
-8.5379,-1.205,214.659,-0.39298,2.43449,-0.01228
-8.5087,-1.2214,214.77,-0.38979,2.43772,-0.01318
-8.5327,-1.174,214.75,-0.39157,2.43787,-0.01317
-8.565,-1.1654,214.7,-0.39118,2.43552,-0.01204
-8.4805,-1.256,214.867,-0.39268,2.4328,-0.0142
-8.4654,-1.352,214.828,-0.39759,2.43048,-0.01233
-8.4993,-1.2521,214.778,-0.39153,2.43487,-0.01351
-8.5131,-1.2646,214.816,-0.38991,2.44149,-0.01335
-8.4771,-1.2696,214.796,-0.387,2.44078,-0.01464
-8.5475,-1.2598,214.856,-0.39325,2.44116,-0.01455
-8.4108,-1.372,215.087,-0.38942,2.42737,-0.01652
-8.4417,-1.2815,214.9,-0.3858,2.43192,-0.01467
-8.4747,-1.2606,214.835,-0.38782,2.43865,-0.01326
-8.4639,-1.2766,214.826,-0.39042,2.43821,-0.01465
-8.4632,-1.3194,214.87,-0.39024,2.43981,-0.01332
-8.4543,-1.3194,214.879,-0.38913,2.44074,-0.01396
-8.5055,-1.2375,214.89,-0.38349,2.44748,-0.01512
-8.539,-1.1798,214.984,-0.38048,2.44729,-0.01815
-8.4798,-1.1564,214.822,-0.38056,2.45194,-0.0168
-8.4475,-1.3097,214.881,-0.3909,2.44897,-0.01664
-8.4646,-1.3461,215.002,-0.38873,2.44886,-0.01688
-8.5301,-1.1638,214.819,-0.38353,2.45396,-0.01574
-8.5563,-1.0545,214.903,-0.37673,2.44968,-0.01652
-8.4731,-1.2788,214.892,-0.38873,2.44407,-0.01557
-8.4377,-1.2314,214.955,-0.38432,2.44879,-0.01798
-8.453,-1.1982,214.883,-0.38065,2.44609,-0.01743
-8.4081,-1.2366,214.964,-0.3807,2.44437,-0.01862
-8.4418,-1.1827,215.019,-0.38274,2.44322,-0.01969
-8.4984,-1.1345,214.826,-0.38566,2.45057,-0.01628
-8.5459,-1.1799,214.791,-0.39146,2.45719,-0.01561
-8.4208,-1.2925,215.099,-0.38302,2.44169,-0.01916
-8.4195,-1.3133,215.089,-0.38075,2.43887,-0.01935
-8.4945,-1.2387,214.911,-0.38458,2.44668,-0.01704
-8.4942,-1.2898,214.898,-0.38752,2.44871,-0.01681
-8.4599,-1.2981,215.022,-0.38152,2.44427,-0.01966
-8.4582,-1.2341,214.965,-0.37932,2.4454,-0.01983
-8.4391,-1.2958,215.097,-0.38229,2.44944,-0.02132
-8.4823,-1.2066,214.946,-0.38387,2.46057,-0.01868
-8.4557,-1.1781,214.971,-0.38158,2.4553,-0.01916
-8.4421,-1.1857,215.077,-0.38569,2.4519,-0.0191
-8.4166,-1.1915,214.94,-0.38927,2.45295,-0.01739
-8.4635,-1.149,214.847,-0.38395,2.45484,-0.01738
-8.4596,-1.1625,214.897,-0.38898,2.45436,-0.01643
-8.3973,-1.296,215.011,-0.39569,2.44731,-0.01703
-8.4193,-1.1736,215.021,-0.3884,2.44756,-0.0166
-8.4325,-1.0982,214.871,-0.38915,2.44823,-0.01565
-8.4004,-1.207,215,-0.39123,2.44337,-0.0177
-8.4678,-1.1587,214.927,-0.39454,2.453,-0.01644
-8.5569,-1.0145,214.72,-0.38761,2.45622,-0.01492
-8.456,-1.2315,214.963,-0.3939,2.44806,-0.01706
-8.4779,-1.2139,214.968,-0.39112,2.44612,-0.01724
-8.5403,-1.1285,214.839,-0.38796,2.44635,-0.01824
-8.5501,-1.0826,214.78,-0.3861,2.45025,-0.01917
-8.5051,-1.1473,214.906,-0.3861,2.44566,-0.02026
-8.44,-1.3114,214.981,-0.38831,2.43818,-0.02009
-8.5538,-1.1964,214.858,-0.3885,2.44507,-0.01852
-8.4969,-1.1704,214.907,-0.38427,2.44476,-0.02041
-8.4785,-1.2796,214.976,-0.3862,2.43781,-0.02083
-8.5113,-1.2736,214.822,-0.38666,2.43943,-0.01932
-8.4345,-1.254,214.978,-0.38314,2.43357,-0.02076
-8.4939,-1.2583,214.875,-0.39038,2.43869,-0.01794
-8.481,-1.2505,214.958,-0.38515,2.43947,-0.02015
-8.5342,-1.1237,214.822,-0.38402,2.44004,-0.01973
-8.4729,-1.3279,214.989,-0.3907,2.43183,-0.02008
-8.5255,-1.1543,214.891,-0.38742,2.44083,-0.01902
-8.5165,-1.2166,214.95,-0.39396,2.44103,-0.01855
-8.4672,-1.2107,214.972,-0.39034,2.4367,-0.01896
-8.4592,-1.237,214.958,-0.38713,2.44023,-0.01816
-8.4537,-1.2119,214.99,-0.38655,2.43748,-0.01993
-8.5061,-1.1763,214.932,-0.39016,2.44323,-0.01748
-8.4645,-1.2034,214.991,-0.38786,2.43731,-0.01853
-8.4875,-1.1184,214.88,-0.3834,2.44491,-0.01923
-8.4646,-1.3099,215.01,-0.39437,2.43998,-0.01821
-8.4898,-1.0676,214.997,-0.38081,2.44603,-0.01988
-8.4571,-1.1864,214.914,-0.38516,2.44379,-0.01964
-8.5035,-1.1422,214.881,-0.38806,2.44313,-0.01955
-8.4309,-1.2532,214.995,-0.38895,2.44012,-0.02047
-8.493,-1.1067,214.888,-0.38348,2.44313,-0.02027
-8.4877,-1.1348,214.922,-0.37932,2.44459,-0.01952
-8.5062,-1.1736,214.979,-0.38461,2.44494,-0.01976
-8.4221,-1.3708,215.045,-0.39113,2.43735,-0.02133
-8.4933,-1.1523,214.719,-0.38814,2.45116,-0.01783
-8.3948,-1.289,215.023,-0.38786,2.43973,-0.0205
-8.5391,-1.1549,214.736,-0.38936,2.45019,-0.01883
-8.4725,-1.2533,214.88,-0.38862,2.44161,-0.01928
-8.4894,-1.2121,214.834,-0.38614,2.44518,-0.0191
-8.4199,-1.255,215.026,-0.38552,2.43409,-0.02175
-8.4589,-1.217,214.948,-0.38667,2.43584,-0.0198
-8.49,-1.1718,214.874,-0.38456,2.44269,-0.01928
-8.4537,-1.244,214.903,-0.38918,2.43911,-0.01902
-8.4773,-1.1965,214.905,-0.39034,2.4323,-0.01765
-8.4423,-1.283,214.9,-0.39402,2.4382,-0.01901
-8.5154,-1.1596,214.893,-0.38985,2.44212,-0.01758
-8.5479,-1.1701,214.753,-0.39095,2.44458,-0.01694
-8.5122,-1.1193,214.805,-0.38384,2.44054,-0.01857
-8.5243,-1.172,214.912,-0.38756,2.44466,-0.01923
-8.4032,-1.2608,215.007,-0.38688,2.43973,-0.021
-8.4241,-1.2402,214.845,-0.38793,2.44411,-0.01872
-8.492,-1.1038,214.839,-0.38083,2.4454,-0.02019
-8.4282,-1.1957,214.95,-0.38739,2.4405,-0.02094
-8.4991,-1.0619,214.91,-0.38263,2.44587,-0.01875
-8.4689,-1.2539,214.863,-0.39052,2.44234,-0.01714
-8.4868,-1.2003,214.82,-0.38895,2.44145,-0.01834
-8.4714,-1.1496,214.846,-0.38169,2.44062,-0.01873
-8.4488,-1.2769,214.968,-0.39188,2.43785,-0.0189
-8.5472,-1.0589,214.79,-0.38642,2.44126,-0.01832
-8.4564,-1.2105,214.92,-0.38643,2.43871,-0.01877
-8.4803,-1.127,214.899,-0.37981,2.43886,-0.01999
-8.4287,-1.256,214.873,-0.39169,2.43373,-0.01888
-8.4185,-1.157,214.898,-0.383,2.43525,-0.01922
-8.4573,-1.168,215.012,-0.38383,2.43753,-0.01841
-8.5054,-1.0813,214.895,-0.38231,2.44057,-0.01787
-8.4888,-1.1118,214.878,-0.38527,2.43782,-0.01852
-8.5167,-1.1418,214.793,-0.38799,2.44444,-0.0174
-8.5586,-1.0606,214.793,-0.3815,2.44366,-0.01875
-8.4046,-1.1617,214.797,-0.3842,2.43581,-0.01891
-8.494,-1.2118,214.759,-0.39025,2.44189,-0.01583
-8.5508,-1.1494,214.762,-0.39285,2.4445,-0.01687
-8.3975,-1.3015,214.861,-0.39308,2.4346,-0.01823
-8.3519,-1.3176,214.969,-0.38584,2.42776,-0.02033
-8.4876,-1.188,214.776,-0.38997,2.43591,-0.01785
-8.4657,-1.298,214.789,-0.39628,2.43729,-0.01635
-8.4942,-1.1389,214.856,-0.38845,2.43794,-0.01785
-8.5021,-1.1257,214.863,-0.38561,2.44081,-0.01887
-8.5278,-1.0704,214.748,-0.38716,2.43897,-0.01694
-8.3941,-1.2091,215.015,-0.38365,2.43053,-0.02054
-8.4196,-1.3244,215.032,-0.39364,2.42934,-0.01884
-8.4247,-1.2584,214.941,-0.39137,2.43394,-0.01858
-8.4296,-1.127,214.911,-0.38078,2.43782,-0.01977
-8.5208,-1.0758,214.853,-0.38221,2.44722,-0.01919
-8.4702,-1.1622,214.942,-0.38513,2.43506,-0.01978
-8.4865,-1.1957,214.913,-0.38407,2.43501,-0.02017
-8.5,-1.2107,214.825,-0.39128,2.44213,-0.01803
-8.4906,-1.1686,214.883,-0.38549,2.43947,-0.01859
-8.4541,-1.2112,214.984,-0.38495,2.43251,-0.01852
-8.4306,-1.2484,214.873,-0.3848,2.43469,-0.01878
-8.4855,-1.2029,214.906,-0.38727,2.43722,-0.01896
-8.4959,-1.0419,214.873,-0.37859,2.43733,-0.02023
-8.4063,-1.2344,214.958,-0.3892,2.43324,-0.01985
-8.4135,-1.2787,215.043,-0.38953,2.43443,-0.01828
-8.4008,-1.3518,215.126,-0.39113,2.43093,-0.01957
-8.4222,-1.3083,214.965,-0.39191,2.43848,-0.01726
-8.3514,-1.3078,215.01,-0.39181,2.43324,-0.02034
-8.372,-1.2778,215.005,-0.38777,2.43383,-0.02004
-8.444,-1.2085,214.825,-0.38959,2.43644,-0.01792
-8.522,-1.145,214.812,-0.39018,2.44145,-0.01749
-8.5373,-1.1002,214.664,-0.39155,2.44376,-0.01689
-8.5373,-1.0273,214.671,-0.38412,2.44389,-0.01781
-8.4588,-1.1802,214.871,-0.38437,2.43915,-0.01912
-8.5039,-1.2159,214.836,-0.39354,2.44008,-0.01759
-8.5591,-1.0838,214.802,-0.38412,2.44135,-0.01742
-8.4516,-1.1514,214.988,-0.38298,2.43117,-0.02106
-8.4626,-1.2121,214.954,-0.38898,2.43688,-0.01873
-8.4078,-1.2792,214.994,-0.38702,2.43217,-0.01921
-8.4887,-1.1441,214.794,-0.38236,2.44014,-0.01848
-8.4287,-1.1995,214.896,-0.3836,2.4316,-0.01897
-8.4271,-1.265,214.908,-0.38939,2.43245,-0.01879
-8.4266,-1.1547,214.874,-0.38126,2.42759,-0.02068
-8.4233,-1.2061,214.917,-0.38561,2.43046,-0.01937
-8.4032,-1.2561,214.968,-0.38776,2.42889,-0.01949
-8.4798,-1.1485,214.841,-0.38915,2.43342,-0.01784
-8.4693,-1.1815,214.804,-0.3867,2.43597,-0.01783
-8.5287,-1.1541,214.771,-0.39138,2.44357,-0.01629
-8.4399,-1.3436,214.831,-0.39824,2.43837,-0.01673
-8.4181,-1.3143,214.916,-0.39778,2.43632,-0.01674
-8.4572,-1.2922,214.83,-0.39578,2.43282,-0.01643
-8.4727,-1.2221,214.818,-0.39122,2.43525,-0.01776
-8.4089,-1.2316,214.874,-0.3875,2.43042,-0.01841
-8.4738,-1.0762,214.803,-0.38509,2.43666,-0.0168
-8.4684,-1.1008,214.785,-0.38004,2.43851,-0.01785
-8.462,-1.2928,214.808,-0.39279,2.43276,-0.01597
-8.4753,-1.1462,214.753,-0.38694,2.43405,-0.01674
-8.4536,-1.1259,214.825,-0.38438,2.43817,-0.01723
-8.4672,-1.1808,214.976,-0.38222,2.4337,-0.01846
-8.4556,-1.2432,214.846,-0.39411,2.43831,-0.01632
-8.4716,-1.2259,214.837,-0.3906,2.43639,-0.01705
-8.44,-1.1833,214.769,-0.38463,2.43653,-0.01817
-8.533,-1.1515,214.802,-0.38655,2.43553,-0.01721
-8.4752,-1.2274,214.841,-0.39128,2.43567,-0.01607
-8.5321,-1.0157,214.672,-0.383,2.44112,-0.01764
-8.47,-1.1693,214.667,-0.38399,2.43567,-0.01607
-8.4086,-1.2818,214.745,-0.38924,2.42936,-0.01802
-8.4468,-1.1961,214.796,-0.38604,2.43135,-0.01994
-8.4635,-1.0226,214.621,-0.37934,2.43733,-0.01981
-8.3553,-1.1305,214.95,-0.3792,2.42678,-0.023
-8.36,-1.1149,214.916,-0.37938,2.4363,-0.02129
-8.155,-1.2033,215.204,-0.37926,2.44034,-0.02242
-8.0578,-1.1333,215.271,-0.37499,2.44231,-0.02322
-7.6315,-1.1657,215.386,-0.37221,2.4378,-0.02555
-7.2804,-1.1034,215.14,-0.3726,2.42123,-0.02791
-6.8766,-1.0484,214.96,-0.37091,2.40303,-0.02958
-6.6603,-1.1331,215.072,-0.37799,2.38965,-0.03408
-6.5143,-1.1053,215.109,-0.37238,2.37739,-0.03991
-6.6261,-1.2097,215.25,-0.37443,2.3825,-0.04109
-6.7595,-1.3829,215.5,-0.3776,2.38222,-0.04042
-6.9168,-1.4423,215.496,-0.37684,2.37803,-0.04015
-6.8869,-1.4986,215.321,-0.38848,2.38143,-0.04028
-6.7479,-1.41,215.32,-0.38458,2.37046,-0.04349
-6.6411,-1.3642,215.099,-0.38518,2.36328,-0.04556
-6.6209,-1.3745,215.07,-0.38743,2.35721,-0.04709
-6.5962,-1.3853,214.868,-0.3953,2.35692,-0.04582
-6.5768,-1.3638,214.759,-0.39945,2.35641,-0.04744
-6.6152,-1.4371,214.612,-0.40657,2.34639,-0.04848
-6.7592,-1.4515,214.589,-0.40543,2.34692,-0.04829
-6.9717,-1.5206,214.548,-0.41898,2.355,-0.04578
-7.3252,-1.4028,214.392,-0.42513,2.36147,-0.04246
-7.5262,-1.3039,214.178,-0.43243,2.36045,-0.04223
-7.5803,-1.3284,214.191,-0.44005,2.34749,-0.04451
-7.7063,-1.1598,214.142,-0.444,2.34674,-0.04324
-7.556,-1.2604,214.17,-0.44941,2.33559,-0.04556
-7.6018,-1.0403,213.885,-0.45099,2.34439,-0.04775
-7.641,-1.1122,213.94,-0.46174,2.35222,-0.04987
-7.6586,-1.4575,214.23,-0.46627,2.35644,-0.04668
-7.7381,-1.5887,214.297,-0.47004,2.3684,-0.03934
-7.8399,-1.4238,213.804,-0.4721,2.3687,-0.04083
-7.4243,-1.2174,213.527,-0.4641,2.35347,-0.04979
-6.9924,-0.8692,213.661,-0.44694,2.34614,-0.05595
-6.6234,-1.2273,213.911,-0.4576,2.33231,-0.05408
-6.6497,-1.1209,213.568,-0.46345,2.33525,-0.05053
-6.6464,-1.1198,213.77,-0.45835,2.33034,-0.0487
-6.5849,-1.413,213.967,-0.46743,2.31748,-0.04269
-6.7886,-1.2054,213.776,-0.466,2.33416,-0.0362
-6.8198,-1.2135,213.718,-0.46639,2.33615,-0.03442
-6.7963,-1.4415,213.968,-0.47123,2.32712,-0.03518
-6.9153,-1.423,214.155,-0.46257,2.32178,-0.03422
-7.1404,-1.512,214.418,-0.44555,2.33089,-0.03189
-7.4879,-1.634,214.872,-0.4189,2.34063,-0.02961
-7.7669,-1.7465,215.33,-0.425,2.35107,-0.02855
-8.0585,-1.5403,214.765,-0.43188,2.36046,-0.02645
-7.8942,-1.6493,214.404,-0.44895,2.34431,-0.03287
-7.7137,-1.5608,214.274,-0.4536,2.32766,-0.03755
-7.674,-1.2891,214.198,-0.4451,2.33091,-0.04842
-7.6398,-1.2661,214.166,-0.42804,2.31425,-0.06609
-7.7703,-1.1286,214.162,-0.4235,2.31984,-0.06881
-7.9198,-1.0531,214.046,-0.42231,2.32984,-0.0665
-8.0577,-0.993,213.973,-0.42701,2.33949,-0.06045
-7.9167,-1.2374,214.28,-0.43471,2.32456,-0.05414
-7.751,-1.1375,214.304,-0.43409,2.32063,-0.04922
-7.6817,-0.8091,214.069,-0.43236,2.32818,-0.04271
-7.5008,-0.9256,214.151,-0.43493,2.31727,-0.04141
-7.2976,-1.0511,214.287,-0.4381,2.31143,-0.04253
-7.2466,-0.8792,214.023,-0.43417,2.31606,-0.04546
-7.0787,-1.1896,214.025,-0.4453,2.30721,-0.04703
-7.0037,-1.4576,214.037,-0.45263,2.30662,-0.04643
-7.1181,-1.2961,213.928,-0.44888,2.31133,-0.04336
-7.2702,-1.1229,213.695,-0.44297,2.31638,-0.0389
-7.1897,-1.2479,214.009,-0.43996,2.29839,-0.03954
-7.46,-1.2349,213.962,-0.44024,2.30947,-0.03573
-7.7938,-1.3638,213.937,-0.4403,2.31864,-0.03049
-8.2,-1.5882,214.024,-0.44054,2.32635,-0.02899
-8.5737,-1.9622,214.136,-0.45721,2.33804,-0.02516
-8.8166,-1.8063,214.138,-0.451,2.35411,-0.02539
-8.9221,-1.7187,214.26,-0.44343,2.35763,-0.029
-9.0746,-1.7882,214.107,-0.44491,2.361,-0.02925
-9.1623,-1.8841,214.145,-0.45075,2.35708,-0.03047
-9.3985,-1.5919,213.922,-0.44912,2.36431,-0.02845
-9.329,-1.5024,214.088,-0.44801,2.35758,-0.03098
-9.0626,-1.4894,214.18,-0.45015,2.34912,-0.03164
-8.9029,-1.3493,214.28,-0.44544,2.34353,-0.03613
-8.7944,-1.2975,214.212,-0.43936,2.34506,-0.03745
-8.6747,-1.5159,214.299,-0.44568,2.33594,-0.04163
-8.7405,-1.2776,214.114,-0.44537,2.34769,-0.0436
-8.7129,-1.0998,214.207,-0.43813,2.34897,-0.04898
-8.5591,-1.2464,214.427,-0.44758,2.34038,-0.0503
-8.6141,-0.9694,214.143,-0.43708,2.35063,-0.04777
-8.5083,-1.0918,214.338,-0.4397,2.34294,-0.04667
-8.3778,-1.2655,214.176,-0.44604,2.33798,-0.04402
-8.3974,-1.1068,214.139,-0.43549,2.34041,-0.0435
-8.3891,-1.1796,214.119,-0.435,2.34156,-0.039
-8.2663,-1.4034,214.288,-0.4394,2.33848,-0.03686
-8.193,-1.3424,214.283,-0.43475,2.33727,-0.03583
-8.2027,-1.2788,214.196,-0.43468,2.3417,-0.03384
-8.0346,-1.4121,214.578,-0.43345,2.32422,-0.03514
-8.1434,-1.3288,214.261,-0.43398,2.33922,-0.02897
-8.029,-1.4401,214.505,-0.43455,2.33102,-0.02874
-8.0291,-1.379,214.558,-0.4236,2.32611,-0.02822
-7.9878,-1.5676,214.761,-0.43066,2.32396,-0.02815
-8.1352,-1.3661,214.291,-0.42964,2.33679,-0.02253
-8.091,-1.4485,214.438,-0.43027,2.33189,-0.02417
-8.0219,-1.5195,214.512,-0.42835,2.32344,-0.02572
-8.2168,-1.2288,214.444,-0.42027,2.33995,-0.02873
-8.2801,-1.2435,214.624,-0.41948,2.33818,-0.02921
-8.254,-1.3437,214.895,-0.41491,2.33451,-0.03159
-8.3987,-1.2278,214.812,-0.41513,2.34507,-0.02991
-8.5406,-0.9568,215.017,-0.40379,2.35338,-0.02749
-8.5365,-0.9789,215.366,-0.39569,2.35133,-0.0257
-8.5548,-1.0851,215.548,-0.39221,2.34536,-0.02611
-8.7074,-0.9694,214.995,-0.39655,2.36004,-0.02579
-8.4245,-1.2289,215.153,-0.41043,2.34774,-0.03142
-8.2649,-1.225,215.054,-0.4175,2.3429,-0.02522
-8.164,-1.0179,214.96,-0.41153,2.34172,-0.02156
-8.0123,-1.1478,214.891,-0.41214,2.33247,-0.02831
-7.8385,-1.2243,214.805,-0.41892,2.32049,-0.03222
-7.83,-1.0365,214.642,-0.42234,2.32854,-0.02937
-7.7984,-0.8335,214.787,-0.41255,2.33201,-0.02704
-7.6167,-1.0246,214.698,-0.42436,2.3191,-0.026
-7.6494,-0.8679,214.405,-0.41967,2.31838,-0.02915
-7.6573,-0.8516,214.262,-0.41576,2.31998,-0.03103
-7.6449,-0.9844,214.661,-0.41861,2.31403,-0.03294
-7.6347,-1.0218,214.742,-0.41793,2.31619,-0.03154
-7.7145,-0.9394,214.728,-0.42056,2.32295,-0.02898
-7.7301,-0.8673,214.634,-0.41805,2.32695,-0.02803
-7.6865,-1.0448,214.604,-0.42596,2.32057,-0.02691
-7.7839,-0.8804,214.408,-0.41947,2.32808,-0.02829
-7.7692,-0.9365,214.584,-0.41946,2.32097,-0.02869
-7.7917,-0.9248,214.674,-0.41626,2.32726,-0.02941
-7.855,-0.8313,214.477,-0.4158,2.32803,-0.0286
-7.8551,-0.9533,214.375,-0.42414,2.32438,-0.02714
-7.8414,-1.0082,214.585,-0.41835,2.31376,-0.02942
-7.8928,-1.1259,214.484,-0.42344,2.31515,-0.03058
-8.0801,-0.8667,214.278,-0.42102,2.33151,-0.02904
-7.9751,-1.084,214.506,-0.42551,2.32548,-0.03068
-7.8616,-1.2454,214.459,-0.436,2.31741,-0.02916
-7.9087,-1.1472,214.265,-0.4335,2.31997,-0.02871
-7.8955,-1.2048,214.37,-0.43516,2.32025,-0.02929
-7.8753,-1.2282,214.386,-0.43367,2.3176,-0.03025
-8.0424,-1.1046,213.974,-0.43762,2.33094,-0.02779
-7.9314,-1.1317,214.312,-0.43082,2.32444,-0.03374
-7.8985,-1.2806,214.311,-0.43666,2.31893,-0.03414
-7.9854,-1.0933,214.177,-0.4318,2.32967,-0.03517
-8.1494,-1.091,213.959,-0.44275,2.33433,-0.0309
-8.0428,-1.3324,214.223,-0.44344,2.31734,-0.03428
-8.1239,-1.2901,214.044,-0.43825,2.31848,-0.03491
-8.0577,-1.2789,214.119,-0.4367,2.3137,-0.03605
-8.0207,-1.341,214.161,-0.43701,2.30922,-0.03789
-8.0913,-1.358,214.102,-0.4432,2.31288,-0.03664
-8.2137,-1.3818,214.024,-0.44624,2.3115,-0.0363
-8.3164,-1.5071,213.8,-0.45088,2.30975,-0.03141
-8.3242,-2.0078,201.427,-0.56842,2.33669,-0.00823
-10.9624,-0.5018,189.994,-0.53851,2.46558,0.00552
-13.715,1.9158,190.904,-0.40462,2.5795,0.02418
-17.1782,3.9969,175.829,-0.3845,2.81333,0.0641
-19.6392,6.9428,144.649,-0.51791,3.07346,0.13205
-20.8414,11.3547,107.419,-0.76811,3.26798,0.24655
-23.1354,16.1078,72.026,-1.0791,3.41527,0.3865
-25.9041,22.1251,46.8777,-1.24386,3.46117,0.50368
-28.9993,26.8457,32.957,-1.32574,3.48891,0.55206
-29.9702,31.4836,34.4347,-1.22152,3.403,0.53248
-26.6234,29.1973,67.5608,-0.9532,3.17987,0.43788
-21.0974,18.1412,124.214,-0.65055,2.89013,0.27925
-16.6611,4.199,180.433,-0.46443,2.65839,0.0732
-13.0122,-0.2264,206.269,-0.32624,2.49158,-0.04879
-11.6176,-0.5606,212.877,-0.28405,2.44788,-0.03667
-11.3017,-0.8834,213.795,-0.3318,2.43699,-3e-05
-11.562,-1.5286,213.681,-0.3989,2.44293,0.04283
-12.3913,-2.0036,212.271,-0.45959,2.47327,0.07061
-12.7206,-2.663,209.963,-0.52854,2.47704,0.08261
-11.1992,-3.1763,209.638,-0.57374,2.4514,0.06024
-9.6135,-2.2164,210.707,-0.52153,2.43501,0.00681
-9.0783,-1.8999,211.034,-0.49473,2.40485,-0.01437
-9.0439,-1.7161,211.296,-0.47731,2.40127,-0.02465
-9.4032,-1.6695,211.787,-0.45905,2.40944,-0.03616
-9.6661,-1.8679,212.286,-0.46333,2.41683,-0.03566
-9.9137,-1.7514,212.402,-0.45581,2.41932,-0.03359
-10.3654,-2.1241,213.028,-0.46846,2.4324,-0.03998
-10.3069,-2.2638,213.041,-0.46379,2.43036,-0.03932
-10.2723,-2.2147,213.029,-0.45975,2.42634,-0.03737
-10.2058,-2.1874,213.125,-0.45723,2.42607,-0.03652
-10.2863,-2.2081,213.146,-0.45678,2.43771,-0.03573
-10.4332,-2.3985,213.311,-0.46693,2.44499,-0.03627
-10.5457,-2.433,213.38,-0.46902,2.45449,-0.03958
-10.5888,-2.488,213.275,-0.48581,2.46618,-0.03296
-10.5624,-2.5064,213.371,-0.48272,2.46694,-0.03231
-10.5691,-2.4232,213.398,-0.48189,2.47277,-0.02948
-10.3882,-2.5036,213.342,-0.47993,2.46735,-0.0247
-10.2111,-2.6529,213.368,-0.49739,2.46044,-0.01695
-10.1777,-2.7884,213.53,-0.50699,2.45922,-0.01295
-10.1482,-2.8343,213.491,-0.51152,2.45682,-0.0104
-10.1358,-2.8348,213.508,-0.51222,2.45273,-0.00911
-10.1538,-2.8136,213.557,-0.51411,2.45526,-0.00703
-10.1021,-2.8168,213.719,-0.50891,2.45124,-0.00791
-10.2387,-2.6769,213.609,-0.50753,2.4613,-0.01269
-10.306,-2.5507,213.508,-0.5001,2.46587,-0.01431
-10.2602,-2.8043,213.525,-0.51425,2.46382,-0.01353
-10.3172,-2.6344,213.439,-0.51154,2.46962,-0.01416
-10.2149,-2.5825,213.536,-0.50542,2.4579,-0.01824
-10.2208,-2.4372,213.488,-0.50135,2.46156,-0.01575
-9.7316,-2.3959,213.551,-0.49814,2.44939,-0.01645
-9.3826,-2.3093,213.639,-0.49932,2.44054,-0.01305
-9.2696,-2.227,213.758,-0.49646,2.43534,-0.0148
-9.1528,-2.2042,213.909,-0.49366,2.43169,-0.01774
-9.0556,-1.9622,213.91,-0.48527,2.43479,-0.02248
-9.0242,-1.9229,213.952,-0.4816,2.43792,-0.02362
