0.00614706,0.00270805,-3.65908e-06,0,0,0.00614477,0.005219
0.00614706,0.00386795,-2.41565e-06,-3.65908e-08,0,0.00613954,0.00573016
0.00614706,0.00408164,-2.18063e-06,-9.11209e-08,0,0.0061335,0.00579286
0.00614706,0.00408624,-2.16776e-06,-1.35909e-07,0,0.00612719,0.00578639
0.00614706,0.00363705,-2.63722e-06,-1.79328e-07,0,0.00612072,0.00560173
0.00614706,0.0033505,-2.93188e-06,-2.29725e-07,0,0.0061141,0.00548874
0.00614706,0.00395589,-2.27551e-06,-2.8689e-07,0,0.0061073,0.00572911
0.00614706,0.00466009,-1.51408e-06,-3.35682e-07,0,0.00610027,0.00599499
0.00614706,0.00525912,-8.65086e-07,-3.69771e-07,0,0.006093,0.00621704
0.00614706,0.00610863,5.01451e-08,-3.90317e-07,0,0.00608542,0.00654035
0.00614706,0.00631376,2.78318e-07,-3.9389e-07,0,0.00607751,0.00660215
0.00614706,0.0071936,1.22476e-06,-3.89465e-07,0,0.00606922,0.00694279
0.00614706,0.00817365,2.27658e-06,-3.69702e-07,0,0.00606049,0.00731262
0.00614706,0.00888336,3.03886e-06,-3.29429e-07,0,0.00605129,0.00757248
0.00614706,0.0104445,4.70616e-06,-2.72464e-07,0,0.00604157,0.00817585
0.00614706,0.0116994,6.04426e-06,-1.86677e-07,0,0.00603126,0.0086433
0.00614706,0.0125909,6.99258e-06,-7.24821e-08,0,0.00602031,0.00896969
0.00614706,0.0140667,8.56024e-06,6.26279e-08,0,0.00600867,0.00953415
0.00614706,0.0143148,8.81714e-06,2.25994e-07,0,0.00599626,0.0095987
0.00614706,0.0151763,9.72527e-06,4.01053e-07,0,0.00598301,0.0099261
0.00614706,0.0153593,9.90796e-06,5.91017e-07,0,0.00596886,0.0099722
0.00614706,0.0155378,1.0084e-05,7.88263e-07,0,0.00595373,0.0100259
0.00614706,0.0158549,1.04057e-05,9.89063e-07,0,0.00593752,0.0101338
0.00614706,0.0156657,1.01862e-05,1.19557e-06,0,0.00592016,0.0100361
0.00614706,0.0158802,1.03953e-05,1.40039e-06,0,0.00590153,0.010106
0.00614706,0.0150153,9.45339e-06,1.60725e-06,0,0.00588155,0.00973719
0.00614706,0.0141647,8.52681e-06,1.80103e-06,0,0.00586009,0.00938894
0.00614706,0.0136725,7.9822e-06,1.9762e-06,0,0.00583705,0.00918176
0.00614706,0.0127455,6.97478e-06,2.13857e-06,0,0.00581228,0.00879352
0.00614706,0.0122748,6.45395e-06,2.2831e-06,0,0.00578566,0.00859189
0.00614706,0.0121888,6.34318e-06,2.41478e-06,0,0.00575703,0.00853457
0.00614706,0.0118673,5.98148e-06,2.5422e-06,0,0.00572623,0.00837477
0.00614706,0.0118325,5.92537e-06,2.66364e-06,0,0.0056931,0.00833035
0.00614706,0.0120663,6.15506e-06,2.78242e-06,0,0.00565745,0.00838584
0.00614706,0.0125699,6.67137e-06,2.90438e-06,0,0.00561908,0.00854184
0.00614706,0.0126919,6.78043e-06,3.03522e-06,0,0.00557778,0.00853814
0.00614706,0.0129041,6.98498e-06,3.17029e-06,0,0.00553331,0.00857288
0.00614706,0.0123014,6.32131e-06,3.30896e-06,0,0.00548544,0.00827737
0.00614706,0.0124569,6.46571e-06,3.43871e-06,0,0.0054339,0.00829349
0.00614706,0.0122678,6.24286e-06,3.5673e-06,0,0.00537839,0.0081568
0.00614706,0.0123316,6.28948e-06,3.69327e-06,0,0.00531862,0.00812278
0.00614706,0.0119039,5.81269e-06,3.81883e-06,0,0.00525424,0.00788517
0.00614706,0.0113258,5.17649e-06,3.93747e-06,0,0.00518491,0.00759169
0.00614706,0.0106192,4.40476e-06,4.04418e-06,0,0.00511023,0.00724619
0.00614706,0.00990279,3.62404e-06,4.13613e-06,0,0.00502979,0.00689594
0.00614706,0.00910248,2.75579e-06,4.21252e-06,0,0.00494315,0.00650999
0.00614706,0.00823609,1.81926e-06,4.27197e-06,0,0.00484985,0.00609702
0.00614706,0.00752744,1.05305e-06,4.31304e-06,0,0.00474942,0.0057466
0.00614706,0.00654851,1.39003e-09,4.33793e-06,0,0.00464156,0.0052849
0.00614706,0.0058902,-7.05972e-07,4.34322e-06,0,0.00452659,0.00495485
0.00602719,0.0050055,-1.65178e-06,4.33264e-06,0,0.00440745,0.00452942
0.00590425,0.00421811,-2.49089e-06,4.30433e-06,0,0.00428739,0.00414648
0.00578131,0.00297091,-3.8164e-06,4.25871e-06,0,0.00416734,0.00357875
0.00565837,0.00209627,-4.74114e-06,4.18901e-06,0,0.00404755,0.00316711
0.00553542,0.00103548,-5.86036e-06,4.09881e-06,0,0.0039281,0.00267577
0.00541248,0.000642031,-6.2649e-06,3.9872e-06,0,0.00380904,0.00245408
0.00528954,9.99801e-05,-6.82447e-06,3.86392e-06,0,0.00369038,0.00216321
0.0051666,9.70405e-05,-6.80661e-06,3.73023e-06,0,0.00357215,0.00209027
0.00504366,-0.000378712,-7.28956e-06,3.59401e-06,0,0.00345437,0.00182071
0.00492072,-0.000362088,-7.24494e-06,3.45063e-06,0,0.00333707,0.00175543
0.00479778,-0.00049975,-7.36207e-06,3.30551e-06,0,0.00322029,0.00162149
0.00467484,7.23014e-05,-6.7209e-06,3.15885e-06,0,0.00310405,0.0017738
0.0045519,0.000422368,-6.31469e-06,3.02123e-06,0,0.0029884,0.00182716
0.00442895,0.000280441,-6.4307e-06,2.89291e-06,0,0.00287337,0.00168809
0.00430601,0.000671401,-5.97704e-06,2.76487e-06,0,0.00275901,0.00176996
0.00418307,0.00088314,-5.71286e-06,2.64306e-06,0,0.00264536,0.00177281
0.00406013,0.000951768,-5.59956e-06,2.52748e-06,0,0.00253248,0.00172201
0.00393719,0.00153806,-4.93349e-06,2.41493e-06,0,0.00242042,0.00188091
0.00381425,0.00234188,-4.03524e-06,2.31293e-06,0,0.00230925,0.00211961
0.00369131,0.00272013,-3.59009e-06,2.22773e-06,0,0.00219903,0.00218602
0.00356837,0.00278336,-3.4798e-06,2.1537e-06,0,0.00208982,0.00213421
0.00344543,0.00242891,-3.81323e-06,2.08356e-06,0,0.00198171,0.0019216
0.00332248,0.00169384,-4.5502e-06,2.00896e-06,0,0.00187478,0.00156466
0.00319954,0.000799521,-5.4543e-06,1.92164e-06,0,0.00176912,0.00115132
0.0030766,0.000121342,-6.12547e-06,1.81707e-06,0,0.00166482,0.000828192
0.00295366,-0.000371747,-6.59699e-06,1.69792e-06,0,0.00156198,0.000577268
0.00283072,-0.000776042,-6.97164e-06,1.56834e-06,0,0.00146073,0.000360717
0.00270778,-0.00091089,-7.05719e-06,1.43078e-06,0,0.00136118,0.000252303
0.00258484,-0.0012333,-7.34068e-06,1.29006e-06,0,0.00126345,6.69543e-05
0.0024619,-0.00178625,-7.86753e-06,1.14467e-06,0,0.0011677,-0.000205308
0.00233895,-0.00212587,-8.16474e-06,9.89949e-07,0,0.00107406,-0.000386414
0.00221601,-0.00291388,-8.93715e-06,8.28141e-07,0,0.000982712,-0.00074718
0.00209307,-0.0033994,-9.38449e-06,6.5326e-07,0,0.000893818,-0.000977474
0.00197013,-0.00385527,-9.79768e-06,4.67807e-07,0,0.000807569,-0.00119754
0.00184719,-0.00369417,-9.55146e-06,2.73919e-07,0,0.000724172,-0.00116851
0.00172425,-0.00397002,-9.76898e-06,8.16586e-08,0,0.000643844,-0.00132002
0.00160131,-0.00450422,-1.02594e-05,-1.12633e-07,0,0.000566822,-0.00156446
0.00147837,-0.00458146,-1.02607e-05,-3.15369e-07,0,0.000493362,-0.00161884
0.00135543,-0.00433838,-9.91914e-06,-5.20577e-07,0,0.000423739,-0.0015486
0.00123248,-0.00431742,-9.81289e-06,-7.20667e-07,0,0.000358248,-0.00156817
0.00110954,-0.00450115,-9.9231e-06,-9.17456e-07,0,0.000297209,-0.00166231
0.000986603,-0.00488675,-1.02465e-05,-1.11537e-06,0,0.000240966,-0.00183025
0.000863661,-0.0053169,-1.06152e-05,-1.31868e-06,0,0.000189891,-0.00200937
0.00074072,-0.00509724,-1.02898e-05,-1.52914e-06,0,0.000144381,-0.00192506
0.000617779,-0.00547678,-1.06013e-05,-1.73656e-06,0,0.000104866,-0.00208696
0.000494838,-0.00602647,-1.1092e-05,-1.94703e-06,0,7.18069e-05,-0.00230501
0.000371897,-0.00641002,-1.14033e-05,-2.16642e-06,0,4.56857e-05,-0.00245193
0.000248956,-0.00663608,-1.15447e-05,-2.39293e-06,0,2.69772e-05,-0.00253679
0.000126015,-0.00675175,-1.15667e-05,-2.62311e-06,0,1.60168e-05,-0.00257873
3.07353e-06,-0.00721387,-1.19558e-05,-2.85434e-06,0,1.24943e-05,-0.00275986
0,-0.00811459,-1.28095e-05,-3.09151e-06,0,1.351e-05,-0.00311037
0,-0.00915547,-1.38092e-05,-3.34343e-06,0,1.58287e-05,-0.00350992
0,-0.00991039,-1.45008e-05,-3.61462e-06,0,1.85528e-05,-0.00379301
0,-0.0104615,-1.4972e-05,-3.90118e-06,0,2.14597e-05,-0.00399899
0,-0.011116,-1.55501e-05,-4.19826e-06,0,2.45044e-05,-0.00424918
0,-0.0119267,-1.62913e-05,-4.50637e-06,0,2.76883e-05,-0.00456003
0,-0.0134648,-1.78031e-05,-4.82849e-06,0,3.10253e-05,-0.00515872
0,-0.0173575,-2.18162e-05,-5.17699e-06,0,3.4533e-05,-0.00668616
0,-0.0177833,-2.21286e-05,-5.59325e-06,0,3.82304e-05,-0.00679312
0,-0.0177751,-2.19744e-05,-6.03426e-06,0,4.2138e-05,-0.00677961
0,-0.0173441,-2.13666e-05,-6.47452e-06,0,4.62776e-05,-0.00660369
0,-0.0155035,-1.92553e-05,-6.90489e-06,0,5.0672e-05,-0.00587111
0,-0.0132121,-1.66644e-05,-7.30056e-06,0,5.53457e-05,-0.00497984
0,-0.0111045,-1.42704e-05,-7.6468e-06,0,6.03246e-05,-0.00416842
0,-0.00727716,-1.00475e-05,-7.94418e-06,0,6.56365e-05,-0.00266715
0,-0.0042266,-6.65719e-06,-8.16624e-06,0,7.13109e-05,-0.00150191
0,-0.00101205,-3.09745e-06,-8.31634e-06,0,7.73793e-05,-0.000258792
0,-0.000762727,-2.70083e-06,-8.39608e-06,0,8.38755e-05,-0.000201559
0,-0.0025061,-4.42722e-06,-8.45208e-06,0,9.08353e-05,-0.000893935
0,-0.00557462,-7.56226e-06,-8.532e-06,0,9.82965e-05,-0.00208424
0,-0.00814643,-1.01635e-05,-8.66757e-06,0,0.0001063,-0.00305524
0,-0.0113501,-1.34325e-05,-8.85783e-06,0,0.00011489,-0.00428541
0,-0.0147665,-1.69215e-05,-9.11014e-06,0,0.000124115,-0.00559011
0,-0.0178745,-2.00743e-05,-9.43112e-06,0,0.000134026,-0.00676761
0,-0.0224069,-2.47356e-05,-9.81684e-06,0,0.000144679,-0.0085178
0,-0.0285859,-3.11385e-05,-1.02882e-05,0,0.000156133,-0.0109028
0,-0.0334837,-3.6162e-05,-1.0879e-05,0,0.000168452,-0.0127503
0,-0.0370915,-3.97975e-05,-1.15771e-05,0,0.000181706,-0.0141017
0,-0.0398405,-4.25055e-05,-1.23549e-05,0,0.000195967,-0.0151292
0,-0.0409964,-4.3505e-05,-1.31915e-05,0,0.000211316,-0.0155333
0,-0.041934,-4.42623e-05,-1.40566e-05,0,0.000227839,-0.0158742
0,-0.0412358,-4.32684e-05,-1.4938e-05,0,0.000245626,-0.0155651
0,-0.0416048,-4.34041e-05,-1.58084e-05,0,0.000264776,-0.0157071
0,-0.0425205,-4.41134e-05,-1.66758e-05,0,0.000285393,-0.0160511
0,-0.042681,-4.40095e-05,-1.75545e-05,0,0.000307578,-0.0160856
0,-0.043303,-4.4389e-05,-1.84352e-05,0,0.000331401,-0.0163165
0,-0.0439073,-4.47409e-05,-1.93211e-05,0,0.000356795,-0.016534
2.01011e-05,-0.0397135,-3.99761e-05,-2.02141e-05,0,0.000383136,-0.0148371
6.24192e-05,-0.0416525,-4.17407e-05,-2.10375e-05,0,0.000409272,-0.0156636
0.000104737,-0.0419667,-4.17657e-05,-2.18635e-05,0,0.000434386,-0.0157487
0.000147055,-0.0435619,-4.31471e-05,-2.26987e-05,0,0.000458193,-0.0163714
0.000189373,-0.0366786,-3.54926e-05,-2.35547e-05,0,0.000480541,-0.0135907
0.000231691,-0.0280485,-2.59846e-05,-2.43028e-05,0,0.000501306,-0.0102438
0.00027401,-0.0172961,-1.42284e-05,-2.48701e-05,0,0.000520364,-0.00607779
0.000316328,-0.0168932,-1.3508e-05,-2.52134e-05,0,0.000537586,-0.00607779
0,-0.0294687,-2.61051e-05,-2.5498e-05,0,3.46481e-05,-0.011483
0,-0.0318677,-2.83422e-05,-2.6274e-05,0,3.28059e-05,-0.0122566
0,-0.0338386,-3.01197e-05,-2.65887e-05,0,3.05961e-05,-0.0130079
0,-0.0363131,-3.24279e-05,-2.70768e-05,0,2.84157e-05,-0.0139668
0,-0.0370297,-3.28566e-05,-2.77138e-05,0,2.63597e-05,-0.014216
0,-0.0353295,-3.07071e-05,-2.83688e-05,0,2.44444e-05,-0.0135271
0,-0.0326034,-2.74645e-05,-2.89937e-05,0,2.26661e-05,-0.0124655
0,-0.0336511,-2.82414e-05,-2.95592e-05,0,2.10167e-05,-0.0129264
0,-0.028914,-2.28551e-05,-3.01201e-05,0,1.94873e-05,-0.0110197
0,-0.0230816,-1.63089e-05,-3.06042e-05,0,1.80692e-05,-0.00876421
0,-0.019577,-1.22505e-05,-3.09631e-05,0,1.67542e-05,-0.0074549
0,-0.0152252,-7.29682e-06,-3.12284e-05,0,1.55351e-05,-0.00577164
0,-0.012544,-4.13092e-06,-3.13991e-05,0,1.44046e-05,-0.00476831
0,-0.00953367,-6.21962e-07,-3.14975e-05,0,1.33565e-05,-0.00360796
0,-0.00669228,2.69858e-06,-3.15275e-05,0,1.23847e-05,-0.00252006
0,-0.00419271,5.64616e-06,-3.14901e-05,0,1.14836e-05,-0.00156601
0,-0.00362361,6.52935e-06,-3.1392e-05,0,1.06481e-05,-0.00137748
0,-0.00456578,5.79746e-06,-3.12658e-05,0,9.87336e-06,-0.00176275
0,-0.00672558,3.76577e-06,-3.11462e-05,0,9.15505e-06,-0.00261101
0,-0.00891095,1.70593e-06,-3.10607e-05,0,8.48903e-06,-0.00345079
0,-0.0113064,-5.77914e-07,-3.10163e-05,0,7.87147e-06,-0.00437402
0,-0.0105656,4.77673e-07,-3.10164e-05,0,7.29886e-06,-0.00404182
0,-0.00906276,2.33979e-06,-3.10122e-05,0,6.76793e-06,-0.00345339
0,-0.00887767,2.79262e-06,-3.09747e-05,0,6.27563e-06,-0.00340275
0,-0.00880605,3.12034e-06,-3.09211e-05,0,5.81915e-06,-0.0033772
0,-0.0096947,2.42157e-06,-3.08603e-05,0,5.3959e-06,-0.00373332
0,-0.0110667,1.20582e-06,-3.08084e-05,0,5.00344e-06,-0.0042677
0,-0.0131033,-7.18732e-07,-3.07782e-05,0,4.63954e-06,-0.00506001
0,-0.0149866,-2.4797e-06,-3.07829e-05,0,4.30211e-06,-0.00578089
0,-0.0145603,-1.78139e-06,-3.08237e-05,0,3.98924e-06,-0.00558198
0,-0.0159521,-3.02205e-06,-3.08629e-05,0,3.69913e-06,-0.00614436
0,-0.0177781,-4.7251e-06,-3.09171e-05,0,3.43013e-06,-0.00685225
0,-0.0198647,-6.70444e-06,-3.10031e-05,0,3.1807e-06,-0.00765748
0,-0.0221629,-8.90724e-06,-3.11273e-05,0,2.94941e-06,-0.00854325
0,-0.0257455,-1.24746e-05,-3.12944e-05,0,2.73495e-06,-0.00993856
0,-0.0319169,-1.87922e-05,-3.15261e-05,0,2.53609e-06,-0.0123478
0,-0.0354304,-2.22688e-05,-3.18703e-05,0,2.3517e-06,-0.0136562
0,-0.0366385,-2.3283e-05,-3.22983e-05,0,2.18071e-06,-0.0140848
0,-0.0298548,-1.57847e-05,-3.27589e-05,0,2.02217e-06,-0.0113579
0,-0.0240729,-9.36331e-06,-3.31121e-05,0,1.87516e-06,-0.00915333
0,-0.0246656,-9.73873e-06,-3.33315e-05,0,1.73884e-06,-0.00947862
0,-0.0196869,-4.18251e-06,-3.35243e-05,0,1.61243e-06,-0.00748172
0,-0.0139129,2.2101e-06,-3.36358e-05,0,1.49522e-06,-0.00525267
0,-0.00897236,7.70236e-06,-3.36235e-05,0,1.38653e-06,-0.00336858
0,-0.00878267,8.1239e-06,-3.3497e-05,0,1.28574e-06,-0.00336858
0.000729282,-0.0280452,-1.37408e-05,-3.33429e-05,0,0.00162233,-0.0103451
0.000570013,-0.0328351,-1.85788e-05,-3.36273e-05,0,0.00150084,-0.0119945
0.000505747,-0.0349152,-2.05243e-05,-3.38168e-05,0,0.00137209,-0.0128102
0.00039398,-0.0371277,-2.26052e-05,-3.42175e-05,0,0.00125083,-0.0137112
0.000282212,-0.0353283,-2.04088e-05,-3.46592e-05,0,0.00114138,-0.0130034
0.000170445,-0.034231,-1.89607e-05,-3.50784e-05,0,0.00104476,-0.0126331
5.86778e-05,-0.032668,-1.7017e-05,-3.54648e-05,0,0.000960806,-0.0120624
0,-0.0334863,-1.76099e-05,-3.58149e-05,0,0.00088772,-0.0124465
0,-0.0282875,-1.17944e-05,-3.61641e-05,0,0.000822296,-0.0103891
0,-0.021497,-4.29305e-06,-3.64291e-05,0,0.000762248,-0.00778608
0,-0.0165219,1.26259e-06,-3.65525e-05,0,0.000706731,-0.00593016
0,-0.00971983,8.75187e-06,-3.6555e-05,0,0.000655298,-0.00331503
0,-0.00593164,1.30163e-05,-3.64174e-05,0,0.000607619,-0.00192948
0,-0.00274744,1.66256e-05,-3.61784e-05,0,0.000563413,-0.000737247
0,-0.000378632,1.93548e-05,-3.58639e-05,0,0.000522425,0.000140211
0,-0.000177186,1.97652e-05,-3.54905e-05,0,0.000484421,0.000166221
0,-0.00226381,1.7732e-05,-3.50972e-05,0,0.000449182,-0.000686806
0,-0.00443325,1.56072e-05,-3.47324e-05,0,0.000416508,-0.00153662
0,-0.0087736,1.11684e-05,-3.44097e-05,0,0.000386212,-0.00325081
0,-0.0127545,7.1142e-06,-3.41641e-05,0,0.00035812,-0.00478718
0,-0.0166608,3.14174e-06,-3.40015e-05,0,0.000332073,-0.00629828
0,-0.0185018,1.37121e-06,-3.39188e-05,0,0.000307921,-0.00698501
0,-0.0209065,-9.99223e-07,-3.38826e-05,0,0.000285526,-0.00792762
0,-0.0233325,-3.39057e-06,-3.38907e-05,0,0.000264761,-0.00886933
0,-0.0251628,-5.1453e-06,-3.39466e-05,0,0.000245506,-0.00957212
0,-0.0269139,-6.81389e-06,-3.40407e-05,0,0.000227653,-0.0102518
0,-0.0290893,-8.93212e-06,-3.41686e-05,0,0.000211098,-0.0111014
0,-0.0307753,-1.0526e-05,-3.43367e-05,0,0.000195747,-0.0117486
0,-0.0319868,-1.16119e-05,-3.45392e-05,0,0.000181514,-0.0122133
0,-0.0331477,-1.26416e-05,-3.4766e-05,0,0.000168316,-0.0126645
0,-0.0341891,-1.35415e-05,-3.50137e-05,0,0.000156077,-0.0130684
0,-0.0356951,-1.49336e-05,-3.528e-05,0,0.00014473,-0.0136591
0,-0.0352778,-1.42511e-05,-3.55718e-05,0,6.87132e-05,-0.0141569
0,-0.0366736,-1.54978e-05,-3.58602e-05,0,-9.10898e-05,-0.0148378
0,-0.0372901,-1.59108e-05,-3.61639e-05,0,-0.000273233,-0.0151769
0,-0.0395864,-1.81093e-05,-3.64801e-05,0,-0.000462212,-0.0161937
0,-0.040157,-1.84646e-05,-3.68313e-05,0,-0.00065399,-0.0164899
-7.92719e-05,-0.0401581,-1.82103e-05,-3.71988e-05,0,-0.000845355,-0.0165783
-0.000265794,-0.0363528,-1.39017e-05,-3.75643e-05,0,-0.00103139,-0.0151484
-0.000452316,-0.0336335,-1.07544e-05,-3.78638e-05,0,-0.00120864,-0.0142028
-0.000638838,-0.0323506,-9.1406e-06,-3.80947e-05,0,-0.00137616,-0.0138064
-0.000825361,-0.02831,-4.59323e-06,-3.82855e-05,0,-0.00153362,-0.0122793
-0.00101188,-0.0229214,1.38115e-06,-3.84001e-05,0,-0.0016808,-0.0102488
-0.0011984,-0.0190165,5.76424e-06,-3.84024e-05,0,-0.00181747,-0.00882409
-0.00138493,-0.0162283,8.94819e-06,-3.8309e-05,0,-0.00194337,-0.00781552
0.00122638,-0.0401615,-1.63687e-05,-3.81937e-05,0,0.000739673,-0.0155159
0.000988567,-0.0442712,-2.0529e-05,-3.85005e-05,0,0.000636887,-0.0168174
0.000853339,-0.044958,-2.10372e-05,-3.87773e-05,0,0.000546161,-0.0170597
0.000666817,-0.0452374,-2.1108e-05,-3.91955e-05,0,0.000467381,-0.0171828
0.000480295,-0.043638,-1.91754e-05,-3.96173e-05,0,0.00040147,-0.0165581
0.000293772,-0.0401668,-1.52507e-05,-4.00105e-05,0,0.000348979,-0.0152117
0.00010725,-0.0366409,-1.12721e-05,-4.03352e-05,0,0.000309846,-0.0138697
0,-0.0369533,-1.13854e-05,-4.05805e-05,0,0.000281723,-0.0140594
0,-0.0328614,-6.80929e-06,-4.08076e-05,0,0.000259787,-0.0124307
0,-0.0267254,-6.44087e-08,-4.09667e-05,0,0.00024053,-0.0100524
0,-0.0211987,6.01925e-06,-4.10017e-05,0,0.000222956,-0.00794814
0,-0.0154292,1.23485e-05,-4.09117e-05,0,0.000206734,-0.00573695
0,-0.012894,1.52197e-05,-4.06964e-05,0,0.00019171,-0.00482027
0,-0.00940306,1.90982e-05,-4.04064e-05,0,0.000177784,-0.00347193
0,-0.00595539,2.29182e-05,-4.00438e-05,0,0.00016487,-0.00215503
0,-0.00373901,2.5414e-05,-3.96045e-05,0,0.000152896,-0.00132863
0,-0.00308251,2.62374e-05,-3.91087e-05,0,0.000141791,-0.00110576
0,-0.00401359,2.53613e-05,-3.85881e-05,0,0.000131494,-0.00149249
0,-0.00727408,2.19988e-05,-3.80765e-05,0,0.000121944,-0.0027846
0,-0.00978584,1.94317e-05,-3.76197e-05,0,0.000113089,-0.00374175
0,-0.0132288,1.58709e-05,-3.72182e-05,0,0.000104877,-0.00508186
0,-0.011636,1.76715e-05,-3.6883e-05,0,9.72612e-05,-0.00439677
0,-0.0107959,1.86622e-05,-3.65386e-05,0,9.01989e-05,-0.00408915
0,-0.00965115,1.997e-05,-3.61703e-05,0,8.36497e-05,-0.00364807
0,-0.00939279,2.03261e-05,-3.57774e-05,0,7.75762e-05,-0.00356535
0,-0.00911797,2.06931e-05,-3.53727e-05,0,7.19439e-05,-0.00346227
0,-0.00933655,2.05281e-05,-3.49607e-05,0,6.67208e-05,-0.00355624
0,-0.01007,1.98091e-05,-3.45493e-05,0,6.1877e-05,-0.00384807
0,-0.0108504,1.90356e-05,-3.41495e-05,0,5.7385e-05,-0.00415054
0,-0.00953224,2.04919e-05,-3.37649e-05,0,5.32193e-05,-0.00361428
0,-0.0100833,1.99502e-05,-3.33624e-05,0,4.93561e-05,-0.00385633
0,-0.0129403,1.69487e-05,-3.29607e-05,0,4.57735e-05,-0.00499031
0,-0.0164398,1.32803e-05,-3.26067e-05,0,-5.81623e-06,-0.00684906
0,-0.0206462,8.86155e-06,-3.23227e-05,0,-0.000119478,-0.00855957
0,-0.0251369,4.14454e-06,-3.21234e-05,0,-0.000249906,-0.0103708
0,-0.0292831,-1.99689e-07,-3.20169e-05,0,-0.000385663,-0.0120368
0,-0.0303642,-1.27429e-06,-3.19992e-05,0,-0.00052379,-0.0124799
-5.17418e-05,-0.0304458,-1.28317e-06,-3.20193e-05,0,-0.000662044,-0.0125662
-0.00018972,-0.0294171,-1.09983e-07,-3.20449e-05,0,-0.000796785,-0.0122191
-0.000327698,-0.0241747,5.54698e-06,-3.2053e-05,0,-0.000925308,-0.0102012
-0.000465676,-0.0228415,7.03185e-06,-3.19704e-05,0,-0.00104686,-0.00980299
-0.000603654,-0.0231224,6.79374e-06,-3.18371e-05,0,-0.00116118,-0.00998391
-0.000741632,-0.0212433,8.85359e-06,-3.17001e-05,0,-0.00126809,-0.00927218
-0.00087961,-0.0197036,1.05464e-05,-3.15333e-05,0,-0.00136741,-0.00872375
-0.00101759,-0.0180688,1.23347e-05,-3.13308e-05,0,-0.00145892,-0.00812709
0.000914104,-0.0380575,-9.38644e-06,-3.11199e-05,0,0.000527288,-0.0147348
0.000738182,-0.0392118,-1.05573e-05,-3.12596e-05,0,0.000452556,-0.0149024
0.000638148,-0.0395305,-1.08353e-05,-3.14068e-05,0,0.000386602,-0.0150344
0.00050017,-0.0392243,-1.04454e-05,-3.16221e-05,0,0.000329346,-0.014923
0.000362192,-0.0380342,-9.11298e-06,-3.1833e-05,0,0.000281482,-0.0144655
0.000224214,-0.0355298,-6.38173e-06,-3.20219e-05,0,0.000243433,-0.0134944
8.62363e-05,-0.0330838,-3.71569e-06,-3.21632e-05,0,0.000215195,-0.0125649
0,-0.0359635,-6.72334e-06,-3.22509e-05,0,0.000195188,-0.0137598
0,-0.0337742,-4.32862e-06,-3.23703e-05,0,0.000179863,-0.0128484
0,-0.0285495,1.29438e-06,-3.24688e-05,0,0.000166498,-0.0108021
0,-0.0261343,3.91692e-06,-3.24711e-05,0,0.000154326,-0.00992358
0,-0.0215871,8.80372e-06,-3.24058e-05,0,0.000143096,-0.00815037
0,-0.0193225,1.12503e-05,-3.22542e-05,0,0.000132697,-0.00732082
0,-0.0170265,1.37234e-05,-3.20414e-05,0,0.000123059,-0.00644338
0,-0.0158232,1.50257e-05,-3.17793e-05,0,0.000114121,-0.00600238
0,-0.0158852,1.49749e-05,-3.14853e-05,0,0.000105833,-0.00604952
0,-0.0171216,1.36699e-05,-3.11856e-05,0,9.81474e-05,-0.00654592
0,-0.0185325,1.21776e-05,-3.09056e-05,0,9.10202e-05,-0.00709369
0,-0.0220518,8.43959e-06,-3.06546e-05,0,8.44108e-05,-0.00848037
0,-0.0251968,5.10343e-06,-3.04671e-05,0,7.82815e-05,-0.00968511
0,-0.0275275,2.63785e-06,-3.03484e-05,0,7.25976e-05,-0.0105702
0,-0.0289008,1.19451e-06,-3.02833e-05,0,6.73265e-05,-0.0110853
0,-0.0281293,2.03613e-06,-3.02522e-05,0,6.24383e-05,-0.0107586
0,-0.0280229,2.16773e-06,-3.02157e-05,0,5.79052e-05,-0.0107301
0,-0.0284097,1.77339e-06,-3.0173e-05,0,5.37013e-05,-0.0108882
0,-0.0293602,7.78722e-07,-3.01356e-05,0,4.98028e-05,-0.0112636
0,-0.0309172,-8.60393e-07,-3.0115e-05,0,4.61875e-05,-0.0118724
0,-0.0326575,-2.69222e-06,-3.0124e-05,0,4.28347e-05,-0.0125451
0,-0.0343879,-4.51023e-06,-3.01687e-05,0,3.97254e-05,-0.0132108
0,-0.0350564,-5.19413e-06,-3.02498e-05,0,3.68419e-05,-0.0134525
0,-0.0354765,-5.61155e-06,-3.03503e-05,0,3.41679e-05,-0.0136113
0,-0.0356442,-5.75841e-06,-3.04604e-05,0,3.1688e-05,-0.013673
0,-0.0347539,-4.75511e-06,-3.05749e-05,0,-3.28986e-05,-0.0139679
0,-0.0361838,-6.22191e-06,-3.0675e-05,0,-0.000177732,-0.0146614
0,-0.0372801,-7.32937e-06,-3.07921e-05,0,-0.000344345,-0.0151838
0,-0.038776,-8.85851e-06,-3.09331e-05,0,-0.000517992,-0.0158666
0,-0.0398825,-9.96855e-06,-3.11027e-05,0,-0.000694945,-0.0163825
-4.93355e-05,-0.0399365,-9.9537e-06,-3.12965e-05,0,-0.00087267,-0.0164779
-0.000228737,-0.0347732,-4.38218e-06,-3.14956e-05,0,-0.00104647,-0.0144997
-0.000408139,-0.0267789,4.1959e-06,-3.16111e-05,0,-0.00121247,-0.0114639
-0.000587541,-0.0241611,7.0357e-06,-3.15701e-05,0,-0.0013696,-0.010611
-0.000766943,-0.0219661,9.41923e-06,-3.14436e-05,0,-0.00151747,-0.00983741
-0.000946344,-0.0193313,1.22649e-05,-3.12671e-05,0,-0.00165586,-0.00887469
-0.00112575,-0.0188033,1.28601e-05,-3.1036e-05,0,-0.00178452,-0.00875305
-0.00130515,-0.0187842,1.29093e-05,-3.07818e-05,0,-0.00190317,-0.00879568
0.00120648,-0.0379962,-1.03636e-05,-3.05246e-05,0,0.000679542,-0.014681
0.0009598,-0.0385258,-1.08637e-05,-3.06935e-05,0,0.000582615,-0.014581
0.000847673,-0.0383249,-1.05839e-05,-3.08268e-05,0,0.000497004,-0.0145232
0.000668272,-0.0370764,-9.18728e-06,-3.10399e-05,0,0.00042239,-0.0140483
0.00048887,-0.0370509,-9.09295e-06,-3.12306e-05,0,0.000359815,-0.0140739
0.000309468,-0.0358519,-7.74777e-06,-3.14129e-05,0,0.000309889,-0.0136092
0.000130066,-0.034839,-6.60152e-06,-3.15746e-05,0,0.000272719,-0.0132345
0,-0.0384157,-1.03421e-05,-3.17124e-05,0,0.000246639,-0.0146877
0,-0.0386845,-1.05535e-05,-3.19005e-05,0,0.000227081,-0.0147489
0,-0.0343517,-5.86358e-06,-3.21105e-05,0,0.000210156,-0.0130227
0,-0.0322896,-3.59756e-06,-3.22513e-05,0,0.000194778,-0.012273
0,-0.028376,6.36342e-07,-3.23345e-05,0,0.000180601,-0.0107488
0,-0.0271518,1.99985e-06,-3.2343e-05,0,0.000167476,-0.0103262
0,-0.0230819,6.38976e-06,-3.23098e-05,0,0.00015531,-0.00872579
0,-0.0197289,1.00076e-05,-3.2204e-05,0,0.00014403,-0.00745475
0,-0.0164872,1.34984e-05,-3.20219e-05,0,0.00013357,-0.00621682
0,-0.0157121,1.43541e-05,-3.17694e-05,0,0.00012387,-0.00596165
0,-0.0159555,1.41203e-05,-3.14866e-05,0,0.000114875,-0.00607498
0,-0.0182405,1.17093e-05,-3.1203e-05,0,0.000106533,-0.00698758
0,-0.0216608,8.09019e-06,-3.09568e-05,0,9.87972e-05,-0.00832186
0,-0.0243041,5.30131e-06,-3.07769e-05,0,9.16235e-05,-0.00932831
0,-0.024345,5.28571e-06,-3.06569e-05,0,8.49709e-05,-0.00930731
0,-0.0240361,5.64083e-06,-3.05511e-05,0,7.88016e-05,-0.00918631
0,-0.0223889,7.41853e-06,-3.04401e-05,0,7.30804e-05,-0.00853609
0,-0.0201008,9.87375e-06,-3.03006e-05,0,6.77747e-05,-0.00765027
0,-0.0192151,1.08295e-05,-3.01154e-05,0,6.28545e-05,-0.00733404
0,-0.0192423,1.0809e-05,-2.99036e-05,0,5.82916e-05,-0.00736064
0,-0.0187506,1.13381e-05,-2.96873e-05,0,5.40601e-05,-0.00716593
0,-0.0178216,1.2329e-05,-2.94632e-05,0,5.01359e-05,-0.00680441
0,-0.0181969,1.19268e-05,-2.92215e-05,0,4.64968e-05,-0.00697022
0,-0.0179056,1.22317e-05,-2.8981e-05,0,4.31219e-05,-0.00684977
0,-0.0202482,9.72907e-06,-2.87379e-05,0,3.9992e-05,-0.00779107
0,-0.0222843,7.57356e-06,-2.85308e-05,0,-1.68098e-05,-0.0091336
0,-0.024959,4.74036e-06,-2.83685e-05,0,-0.000142986,-0.010265
0,-0.0289749,4.8285e-07,-2.82596e-05,0,-0.000287948,-0.0119201
0,-0.0337431,-4.56858e-06,-2.82286e-05,0,-0.00043894,-0.0138512
0,-0.0364179,-7.38229e-06,-2.82947e-05,0,-0.000592739,-0.0149304
-4.2692e-05,-0.0359606,-6.85494e-06,-2.84283e-05,0,-0.000747158,-0.0147857
-0.000197936,-0.0289388,6.62142e-07,-2.8568e-05,0,-0.000898134,-0.0120622
-0.000353179,-0.0207963,9.36083e-06,-2.85924e-05,0,-0.00104232,-0.00898563
-0.000508423,-0.0196508,1.05951e-05,-2.84487e-05,0,-0.00117879,-0.00871369
-0.000663667,-0.0178052,1.25703e-05,-2.82429e-05,0,-0.00130721,-0.00804884
-0.000818911,-0.0152382,1.53076e-05,-2.80014e-05,0,-0.0014274,-0.00710056
-0.000974154,-0.0135279,1.71252e-05,-2.77089e-05,0,-0.00153913,-0.0064994
-0.0011294,-0.0115926,1.91754e-05,-2.73755e-05,0,-0.00164217,-0.0057896
0.00104401,-0.0362367,-7.52097e-06,-2.7033e-05,0,0.000592415,-0.0140844
0.00088877,-0.0395499,-1.10462e-05,-2.70602e-05,0,0.000507655,-0.01505
0.000733527,-0.0404906,-1.20372e-05,-2.72635e-05,0,0.000432589,-0.0153965
0.000578283,-0.0416705,-1.32784e-05,-2.74993e-05,0,0.00036765,-0.0158711
0.000423039,-0.039527,-1.09762e-05,-2.77587e-05,0,0.000313296,-0.0150117
0.000267795,-0.0384525,-9.81275e-06,-2.79897e-05,0,0.000269941,-0.0146273
0.000112552,-0.0371487,-8.40469e-06,-2.81918e-05,0,0.000237644,-0.0141331
0,-0.0378078,-9.08642e-06,-2.83669e-05,0,0.000214955,-0.0144246
0,-0.0348968,-5.96414e-06,-2.85452e-05,0,0.00019792,-0.0132597
0,-0.027526,1.90274e-06,-2.86801e-05,0,0.000183171,-0.0103683
0,-0.023183,6.53362e-06,-2.86814e-05,0,0.000169769,-0.00875352
0,-0.0166565,1.34804e-05,-2.85739e-05,0,0.000157413,-0.0062201
0,-0.0119882,1.84351e-05,-2.8339e-05,0,0.000145974,-0.00446165
0,-0.00969807,2.0846e-05,-2.79951e-05,0,0.00013537,-0.00362385
0,-0.00723959,2.34275e-05,-2.75902e-05,0,0.000125539,-0.00268202
0,-0.00834097,2.22096e-05,-2.71346e-05,0,0.000116422,-0.00316379
0,-0.010283,2.00934e-05,-2.66843e-05,0,0.000107967,-0.00392636
0,-0.0128892,1.72689e-05,-2.62718e-05,0,0.000100127,-0.00494091
0,-0.0156629,1.42665e-05,-2.59123e-05,0,9.28564e-05,-0.0060119
0,-0.0189409,1.07286e-05,-2.5612e-05,0,8.6114e-05,-0.00728145
0,-0.0217658,7.67629e-06,-2.53797e-05,0,7.98614e-05,-0.00836211
0,-0.0235948,5.68744e-06,-2.52109e-05,0,7.40631e-05,-0.00905186
0,-0.0238536,5.37223e-06,-2.50872e-05,0,6.86859e-05,-0.00912975
0,-0.0242392,4.92165e-06,-2.49782e-05,0,6.36993e-05,-0.00928212
0,-0.0242832,4.83458e-06,-2.48775e-05,0,5.90748e-05,-0.009296
0,-0.0247989,4.2448e-06,-2.47804e-05,0,5.47863e-05,-0.00950326
0,-0.0256035,3.34765e-06,-2.46926e-05,0,5.08093e-05,-0.00981853
0,-0.0268429,1.98867e-06,-2.46211e-05,0,4.7121e-05,-0.0103028
0,-0.0269763,1.80911e-06,-2.45746e-05,0,4.37007e-05,-0.0103387
0,-0.0269676,1.78111e-06,-2.45375e-05,0,4.05287e-05,-0.0103347
0,-0.0289713,-3.8936e-07,-2.45017e-05,0,3.75871e-05,-0.0111363
0,-0.0306963,-2.25926e-06,-2.44987e-05,0,3.48591e-05,-0.0117956
0,-0.0352366,-7.12261e-06,-2.45345e-05,0,3.23291e-05,-0.0135832
0,-0.0361136,-8.03379e-06,-2.46526e-05,0,-9.34151e-05,-0.0151316
0,-0.039548,-1.16625e-05,-2.48087e-05,0,-0.000378277,-0.0166962
0,-0.0418485,-1.40742e-05,-2.50239e-05,0,-0.000706318,-0.0177632
0,-0.042375,-1.45889e-05,-2.52933e-05,0,-0.00104798,-0.0181297
0,-0.0427726,-1.49608e-05,-2.55825e-05,0,-0.00139457,-0.0184605
-0.000329099,-0.0405871,-1.25776e-05,-2.58798e-05,0,-0.00173615,-0.0177491
-0.000666636,-0.0344535,-5.99089e-06,-2.61433e-05,0,-0.00206332,-0.0154874
-0.00100417,-0.0285645,3.27496e-07,-2.62961e-05,0,-0.00237337,-0.0133699
-0.00134171,-0.0256707,3.44798e-06,-2.63211e-05,0,-0.0026655,-0.0124308
-0.00167925,-0.0238621,5.40789e-06,-2.62677e-05,0,-0.00293929,-0.0118655
-0.00201678,-0.0214804,7.97405e-06,-2.61694e-05,0,-0.00319433,-0.0110414
-0.00235432,-0.0193553,1.02614e-05,-2.60227e-05,0,-0.00343019,-0.0103156
0.0023712,-0.0342784,-1.09972e-05,-2.58289e-05,0,0.00141675,-0.0129537
0.00189021,-0.0360861,-1.28663e-05,-2.60361e-05,0,0.00122243,-0.0134183
0.00169612,-0.0364793,-1.3225e-05,-2.61747e-05,0,0.00104958,-0.0136118
0.00135859,-0.0362031,-1.28673e-05,-2.64374e-05,0,0.000897367,-0.0135387
0.00102105,-0.0368551,-1.34957e-05,-2.66965e-05,0,0.000767842,-0.0138389
0.000683513,-0.0360964,-1.26181e-05,-2.69633e-05,0,0.000662252,-0.0135551
0.000345976,-0.0352322,-1.1627e-05,-2.72201e-05,0,0.000581281,-0.0132459
8.43843e-06,-0.0381691,-1.46817e-05,-2.74575e-05,0,0.000523806,-0.0144525
0,-0.0407776,-1.7379e-05,-2.77359e-05,0,0.000481599,-0.0154673
0,-0.0352764,-1.14349e-05,-2.807e-05,0,0.000445522,-0.0132476
0,-0.0318409,-7.69681e-06,-2.83284e-05,0,0.000412869,-0.0119756
0,-0.0249211,-2.53686e-07,-2.8501e-05,0,0.0003828,-0.00927968
0,-0.0209488,4.03946e-06,-2.85433e-05,0,0.000354971,-0.00781298
0,-0.0170344,8.26295e-06,-2.8484e-05,0,0.00032918,-0.00632323
0,-0.0159062,9.51116e-06,-2.83399e-05,0,0.000305266,-0.00594415
0,-0.0165063,8.9146e-06,-2.81559e-05,0,0.000283092,-0.00621163
0,-0.0215985,3.53389e-06,-2.79746e-05,0,0.000262529,-0.00824542
0,-0.0309045,-6.32604e-06,-2.7877e-05,0,0.00024346,-0.0118921
0,-0.0454985,-2.17997e-05,-2.79543e-05,0,0.000225777,-0.0175849
0,-0.0675906,-4.52277e-05,-2.83129e-05,0,0.000209379,-0.0261899
0,-0.09,-0.000194931,-2.91003e-05,0,0.000194173,-0.03664
0,-0.09,-0.00150931,-3.22504e-05,0,0.000180072,-0.0478035
0,-0.09,-0.00607587,-4.86356e-05,0,0.000166995,-0.0597556
0,-0.09,-0.0196539,-0.000122204,0,0.000154868,-0.0714192
0,-0.09,-0.0611298,-0.000365924,0,0.000143622,-0.0820154
0,-0.09,-0.141176,-0.00113228,-0.0560313,0.000133193,-0.0911147
0,-0.09,-0.242967,-0.00311532,-0.114284,0.000123522,-0.099291
0,-0.09,-0.401625,-0.00675317,-0.130954,0.000114554,-0.111348
0,-0.09,-0.685472,-0.0127281,-0.141573,0.000106236,-0.128455
0,-0.09,-2.98297,-0.0219201,-0.125584,9.85234e-05,-0.14059
0,-0.09,-10,-0.0510077,-0.10196,9.13707e-05,-0.154771
0,-0.09,-9.98076,-0.225326,-0.0657962,-0.00409684,-0.171588
0,-0.09,-9.88852,-0.705211,-0.0236874,-0.0141488,-0.184061
0,-0.09,-9.79171,-0.814953,-0.0177285,-0.0260603,-0.185545
-0.000821518,-0.0908215,-9.68679,-0.928526,-0.0134384,-0.0381124,-0.186237
-0.0117751,-0.101775,-9.5653,-1.12331,-0.0146205,-0.0497986,-0.182386
-0.0227287,-0.112729,-9.43335,-1.31589,-0.00421309,-0.0609268,-0.174022
-0.0336822,-0.123682,-9.29576,-1.50595,-1.66634e-10,-0.0714472,-0.16635
-0.0446358,-0.134636,-9.15535,-1.69331,2.58494e-26,-0.0813444,-0.160627
-0.0555894,-0.145589,-9.01326,-1.87782,-2.86986e-42,-0.0906098,-0.155221
-0.0665429,-0.152486,-8.87001,-2.0595,6.37237e-58,-0.0992335,-0.15194
-0.0774965,-0.142371,-8.72631,-2.23833,-1.41495e-73,-0.107203,-0.150676
0.0758535,-0.0141465,-8.72641,-2.41358,3.92727e-89,0.0498018,0.00779797
0.0621615,-0.0278385,-8.57984,-2.63174,0,0.0432199,-0.00164262
0.0533986,-0.0366014,-8.43347,-2.77048,0,0.0373645,-0.00804586
0.0429928,-0.0470072,-8.28687,-2.93218,0,0.0322242,-0.0123942
0.0320392,-0.051167,-8.13974,-3.09939,0,0.0278412,-0.0111336
0.0210856,-0.0415194,-7.9924,-3.26365,0,0.0242553,-0.00820139
0.010132,-0.0368359,-7.8449,-3.42424,0,0.0214832,-0.00729919
0,-0.0460382,-7.69732,-3.58187,0,0.0194682,-0.0117449
0,-0.0585408,-7.54967,-3.73656,0,0.0179346,-0.0172146
0,-0.069493,-7.40201,-3.88829,0,0.0166001,-0.0219586
0,-0.0711329,-7.25436,-4.03707,0,0.0153856,-0.0229611
0,-0.0690327,-7.10677,-4.18289,0,0.0142655,-0.0225707
0,-0.0646082,-6.95926,-4.32576,0,0.0132283,-0.0212707
0,-0.0649481,-6.81187,-4.46569,0,0.012267,-0.0218726
0,-0.0547224,-6.66463,-4.60266,0,0.0113756,-0.0181498
0,-0.0354978,-6.51756,-4.73669,0,0.0105491,-0.0109649
0,-0.0191841,-6.37072,-4.86778,0,0.00978263,-0.00505156
0,-0.0123746,-6.22416,-4.99593,0,0.0090719,-0.00286188
0,-0.0162805,-6.07791,-5.12114,0,0.00841283,-0.00478045
0,-0.0229525,-5.93199,-5.24343,0,0.00780167,-0.00761653
0,-0.0258589,-5.78644,-5.3628,0,0.00723492,-0.00888568
0,-0.024274,-5.64128,-5.47926,0,0.00670936,-0.00839982
0,-0.0261932,-5.49656,-5.59281,0,0.006222,-0.00936374
0,-0.0303975,-5.3523,-5.70346,0,0.00577006,-0.0111697
0,-0.0347788,-5.20854,-5.81123,0,0.00535096,-0.0129958
0,-0.0362766,-5.0653,-5.91612,0,0.00496231,-0.0136536
0,-0.0369051,-4.9226,-6.01814,0,0.00460191,-0.0139952
0,-0.0374377,-4.7805,-6.11731,0,0.00426769,-0.0142996
0,-0.0403698,-4.639,-6.21363,0,0.00395776,-0.0155522
0,-0.0419121,-4.49815,-6.30712,0,0.00367034,-0.0162026
0,-0.044809,-4.35796,-6.39778,0,0.00340381,-0.0174055
0,-0.0435526,-4.21846,-6.48564,0,0.00315664,-0.0169204
0,-0.0384643,-4.07969,-6.57071,0,0.00292743,-0.0149606
0,-0.0343862,-3.94166,-6.653,0,0.00265398,-0.0140836
0,-0.0311612,-3.8044,-6.73252,0,0.00231738,-0.012999
0,-0.0305475,-3.66795,-6.8093,0,0.00197369,-0.0129348
0,-0.0281528,-3.53232,-6.88334,0,0.00163643,-0.0121089
0,-0.0212543,-3.39753,-6.95466,0,0.00130875,-0.00950113
-0.000130955,-0.0118349,-3.26361,-7.02329,0,0.000993991,-0.00594455
-0.00029993,-0.00678705,-3.13058,-7.08923,0,0.00069596,-0.00416065
-0.000468905,-0.00894887,-2.99849,-7.1525,0,0.000415896,-0.00517726
-0.00063788,-0.0121851,-2.86733,-7.21313,0,0.000153675,-0.00650159
-0.000806855,-0.0105065,-2.73712,-7.27114,0,-9.11103e-05,-0.00583675
-0.00097583,-0.0126139,-2.6079,-7.32653,0,-0.000318866,-0.00674881
-0.0011448,-0.0101387,-2.47968,-7.37933,0,-0.000529929,-0.00576371
0.00122084,-0.023235,-2.3525,-7.42957,0,0.00181007,-0.00934163
0.000996951,-0.020544,-2.22614,-7.49255,0,0.00163217,-0.00804074
0.000882893,-0.018508,-2.10103,-7.52323,0,0.00147057,-0.00728439
0.000713919,-0.0143844,-1.97699,-7.56588,0,0.00132476,-0.00567311
0.000544944,-0.0134997,-1.85406,-7.60604,0,0.00119515,-0.00538108
0.000375969,-0.0130739,-1.73224,-7.64373,0,0.00108199,-0.00521764
0.000206994,-0.0138054,-1.61155,-7.67899,0,0.000985294,-0.00550511
3.80193e-05,-0.0163573,-1.492,-7.71182,0,0.000904379,-0.00649838
0,-0.0186001,-1.37362,-7.74226,0,0.000835565,-0.00733775
0,-0.0139741,-1.25641,-7.77032,0,0.000774088,-0.00543736
0,-0.0135702,-1.14039,-7.79604,0,0.000717689,-0.00532632
0,-0.0116029,-1.02558,-7.81943,0,0.000665546,-0.00452492
0,-0.0113466,-0.911987,-7.84051,0,0.00061723,-0.00442929
0,-0.00912805,-0.799628,-7.85932,0,0.000572434,-0.00352284
0,-0.010837,-0.688519,-7.87587,0,0.000530893,-0.00421352
0,-0.0128707,-0.578668,-7.8902,0,0.000492369,-0.00497279
0,-0.0135671,-0.470087,-7.90232,0,0.000456642,-0.00519228
0,-0.015017,-0.362787,-7.91227,0,0.000423508,-0.00573243
0,-0.0154451,-0.256779,-7.92006,0,0.00039278,-0.00585244
0,-0.0166965,-0.152075,-7.92572,0,0.000364283,-0.00631627
0,-0.0159047,-0.0486812,-7.92929,0,0.000337854,-0.00595127
0,-0.0151226,0.0533901,-7.93078,0,0.000313343,-0.0056211
0,-0.0133734,0.154131,-7.93022,0,0.000290612,-0.00490431
0,-0.0135023,0.25353,-7.92764,0,0.00026953,-0.00495194
0,-0.0132654,0.351581,-7.92307,0,0.000249978,-0.00482462
0,-0.0129852,0.448277,-7.91653,0,0.000231846,-0.00468544
0,-0.0112427,0.543611,-7.90805,0,0.000215029,-0.00396301
0,-0.00764586,0.637577,-7.89765,0,0.000199433,-0.00252262
0,-0.00391067,0.730167,-7.88537,0,0.000184968,-0.00105539
0,0.000333905,0.821376,-7.87123,0,0.000171553,0.000613031
0,0.00208801,0.911194,-7.85526,0,0.000159112,0.00127918
0,0.00111262,0.999617,-7.83748,0,0.000147573,0.000893529
0,-0.00276525,1.08664,-7.81793,0,0.000136872,-0.00060935
0,-0.00744874,1.17226,-7.79663,0,0.000110283,-0.00256206
0,-0.0105115,1.25648,-7.77362,0,6.29048e-05,-0.00371135
0,-0.0145476,1.33928,-7.74891,0,1.03352e-05,-0.00527367
0,-0.0212778,1.42068,-7.72254,0,-4.34996e-05,-0.00789577
0,-0.0270385,1.50065,-7.69453,0,-9.75421e-05,-0.0100884
-3.1444e-05,-0.0242918,1.57923,-7.66492,0,-0.000150766,-0.00889771
-7.80276e-05,-0.0167728,1.65638,-7.63373,0,-0.000201945,-0.00593049
-0.000124611,-0.017987,1.73211,-7.60098,0,-0.000250468,-0.00652175
-0.000171195,-0.0232045,1.80642,-7.56672,0,-0.000296185,-0.00857614
-0.000217779,-0.0235545,1.87931,-7.53096,0,-0.000339048,-0.00862428
-0.000264362,-0.0223001,1.95077,-7.49374,0,-0.000379029,-0.00810501
-0.000310946,-0.0188618,2.02082,-7.45508,0,-0.00041609,-0.00673696
0.000341225,-0.0428675,2.08942,-7.41502,0,0.000248576,-0.0158857
0.000280666,-0.0440167,2.15646,-7.36104,0,0.000217625,-0.015948
0.000248058,-0.0447025,2.22225,-7.33118,0,0.000189818,-0.0161876
0.000201474,-0.0471609,2.28662,-7.28706,0,0.000165132,-0.01714
0.000154891,-0.0516229,2.34958,-7.24165,0,0.000143758,-0.0188645
0.000108307,-0.0496289,2.41112,-7.19498,0,0.000125838,-0.0179802
6.17233e-05,-0.047931,2.47126,-7.14706,0,0.000111463,-0.0173128
1.51397e-05,-0.0473177,2.52998,-7.09794,0,0.000100537,-0.017074
0,-0.0484716,2.5873,-7.04763,0,9.22138e-05,-0.0175241
0,-0.039972,2.64322,-6.99617,0,8.52515e-05,-0.0140931
0,-0.0324158,2.69775,-6.94359,0,7.89929e-05,-0.0111871
0,-0.0242358,2.75088,-6.8899,0,7.32408e-05,-0.0080178
0,-0.0159098,2.80263,-6.83515,0,6.79199e-05,-0.00480016
0,-0.0123045,2.85298,-6.77936,0,6.2989e-05,-0.00347
0,-0.0124181,2.90195,-6.72255,0,5.84171e-05,-0.00355275
0,-0.0151529,2.94955,-6.66476,0,5.41774e-05,-0.00462549
0,-0.0193071,2.99577,-6.606,0,5.02457e-05,-0.0062252
0,-0.0220542,3.04063,-6.54632,0,4.65994e-05,-0.00724182
0,-0.0248843,3.08413,-6.48573,0,4.32178e-05,-0.00831354
0,-0.0274137,3.12629,-6.42427,0,4.00818e-05,-0.00926434
0,-0.0293105,3.1671,-6.36195,0,3.71734e-05,-0.00996764
0,-0.0289058,3.20657,-6.29881,0,3.44762e-05,-0.00976211
0,-0.0271341,3.24472,-6.23488,0,3.19747e-05,-0.00904653
0,-0.0263178,3.28154,-6.17018,0,2.96549e-05,-0.0087338
0,-0.0267319,3.31705,-6.10473,0,2.75034e-05,-0.00889814
0,-0.0269293,3.35125,-6.03857,0,2.55081e-05,-0.0089576
0,-0.0258603,3.38415,-5.97171,0,2.36577e-05,-0.00851519
0,-0.0221274,3.41577,-5.90419,0,2.19415e-05,-0.00702903
0,-0.0176991,3.4461,-5.83604,0,2.03499e-05,-0.00530649
0,-0.0137679,3.47516,-5.76727,0,1.88738e-05,-0.00379356
0,-0.0128456,3.50296,-5.69791,0,1.75048e-05,-0.00347482
0,-0.0172365,3.52949,-5.62799,0,1.62352e-05,-0.00523186
0,-0.0252213,3.55477,-5.55753,0,1.50577e-05,-0.00834294
0,-0.0279165,3.57883,-5.48656,0,-5.04813e-05,-0.00995899
0,-0.0276958,3.60166,-5.41511,0,-0.000199141,-0.00993146
0,-0.0289524,3.62327,-5.34319,0,-0.000370409,-0.0105364
0,-0.0334192,3.64367,-5.27083,0,-0.000548983,-0.0123965
0,-0.0378922,3.66288,-5.19806,0,-0.000730848,-0.0142047
-7.80047e-05,-0.0401715,3.68091,-5.1249,0,-0.000912806,-0.015131
-0.000261545,-0.0406342,3.69776,-5.05137,0,-0.00108998,-0.0153592
-0.000445085,-0.0379274,3.71345,-4.9775,0,-0.00125894,-0.0143429
-0.000628626,-0.0358399,3.72799,-4.90331,0,-0.00141872,-0.0136155
-0.000812166,-0.0375729,3.74139,-4.82882,0,-0.00156897,-0.0143972
-0.000995707,-0.0380886,3.75365,-4.75406,0,-0.00170944,-0.0146276
-0.00117925,-0.035107,3.7648,-4.67905,0,-0.0018399,-0.0134738
-0.00136279,-0.0298509,3.77485,-4.60381,0,-0.00196004,-0.0114591
0.00120678,-0.0458791,3.78378,-4.52851,0,0.000683585,-0.0160276
0.00095441,-0.045369,3.79128,-4.42455,0,0.000585838,-0.0156374
0.000839697,-0.0449618,3.79808,-4.3772,0,0.000499763,-0.0155105
0.000656157,-0.0457912,3.80382,-4.30127,0,0.00042504,-0.015866
0.000472617,-0.0466093,3.80851,-4.22522,0,0.000362733,-0.0161947
0.000289076,-0.046774,3.81217,-4.14908,0,0.000313435,-0.0162601
0.000105536,-0.0461342,3.8148,-4.07285,0,0.000277106,-0.0160125
0,-0.0476482,3.81642,-3.99657,0,0.000251453,-0.0166359
0,-0.0423338,3.81706,-3.92025,0,0.000231739,-0.0144993
0,-0.0352175,3.81671,-3.84391,0,0.000214526,-0.0117476
0,-0.0291419,3.81538,-3.76757,0,0.000198844,-0.00943887
0,-0.020698,3.8131,-3.69126,0,0.000184374,-0.0061684
0,-0.0189801,3.80987,-3.61499,0,0.000170975,-0.00561957
0,-0.0175166,3.80571,-3.53877,0,0.000158555,-0.00506919
0,-0.0196639,3.80062,-3.46264,0,0.000147039,-0.00595659
0,-0.0220097,3.79462,-3.3866,0,0.00013636,-0.00686786
0,-0.0212216,3.78774,-3.31068,0,0.000126457,-0.0065248
0,-0.0187217,3.77997,-3.23489,0,0.000117273,-0.00554635
0,-0.0168804,3.77134,-3.15925,0,0.000108757,-0.00485709
0,-0.0154125,3.76186,-3.08378,0,0.000100859,-0.00430688
0,-0.0147233,3.75153,-3.0085,0,9.35353e-05,-0.00406192
0,-0.0143524,3.74038,-2.93341,0,8.67435e-05,-0.0039322
0,-0.0135728,3.72842,-2.85855,0,8.04452e-05,-0.00363454
0,-0.013326,3.71565,-2.78392,0,7.46044e-05,-0.00355595
0,-0.0135005,3.7021,-2.70954,0,6.91878e-05,-0.00363758
0,-0.0134306,3.68778,-2.63543,0,6.41647e-05,-0.00361525
0,-0.0141029,3.6727,-2.56161,0,5.95065e-05,-0.00389316
0,-0.0157483,3.65687,-2.48808,0,5.51866e-05,-0.00454841
0,-0.0177202,3.64031,-2.41486,0,5.11804e-05,-0.0053192
0,-0.0211182,3.62303,-2.34197,0,4.74653e-05,-0.00665458
0,-0.0260615,3.60505,-2.26943,0,4.40199e-05,-0.00858526
0,-0.0309741,3.58638,-2.19723,0,4.08247e-05,-0.0104802
0,-0.0383496,3.56702,-2.12541,0,-4.84081e-05,-0.014258
0,-0.0429128,3.54701,-2.05398,0,-0.000248799,-0.0161247
0,-0.0465212,3.52635,-1.98294,0,-0.000479351,-0.0176501
0,-0.0459519,3.50506,-1.91231,0,-0.000719591,-0.0175163
0,-0.042492,3.48315,-1.8421,0,-0.000964148,-0.016285
-0.000104418,-0.035787,3.46063,-1.77233,0,-0.00120875,-0.0137941
-0.000350108,-0.031383,3.43752,-1.703,0,-0.00144687,-0.0122624
-0.000595798,-0.027285,3.41383,-1.63413,0,-0.00167393,-0.0108081
-0.000841488,-0.0297045,3.38956,-1.56574,0,-0.00188863,-0.0119417
-0.00108718,-0.0266534,3.36475,-1.49783,0,-0.00209052,-0.0107816
-0.00133287,-0.0199739,3.3394,-1.43041,0,-0.00227927,-0.00824724
-0.00157856,-0.0142103,3.31352,-1.36349,0,-0.00245455,-0.00612492
-0.00182425,-0.008306,3.28712,-1.29709,0,-0.00261598,-0.00392358
0.00161541,-0.027994,3.2602,-1.23082,0,0.00092225,-0.00934954
0.00129601,-0.0271489,3.23256,-1.14579,0,0.000790703,-0.0087895
0.00112403,-0.0283519,3.20469,-1.1004,0,0.00067478,-0.00933388
0.000878341,-0.0324866,3.17636,-1.03616,0,0.000574274,-0.0110055
0.000632652,-0.0343741,3.14759,-0.972495,0,0.000490468,-0.0117301
0.000386962,-0.0351241,3.11838,-0.9094,0,0.000424116,-0.012031
0.000141272,-0.0364859,3.08875,-0.846886,0,0.000375155,-0.0125908
0,-0.0388217,3.05872,-0.784963,0,0.000340508,-0.0135281
0,-0.0353957,3.02829,-0.723638,0,0.000313836,-0.0121487
0,-0.0307393,2.99749,-0.66292,0,0.000290531,-0.0103656
0,-0.0268279,2.96631,-0.602817,0,0.000269294,-0.00889809
0,-0.021142,2.93478,-0.543334,0,0.000249699,-0.00671004
0,-0.0160586,2.90291,-0.484481,0,0.000231553,-0.0047892
0,-0.013739,2.8707,-0.426264,0,0.000214732,-0.00396217
0,-0.0109577,2.83818,-0.368688,0,0.000199136,-0.00290799
0,-0.0121087,2.80534,-0.311762,0,0.000184673,-0.00343052
0,-0.0148143,2.77221,-0.255491,0,0.000171262,-0.00451313
0,-0.0186281,2.73879,-0.199882,0,0.000158824,-0.00601402
0,-0.0228291,2.70511,-0.144939,0,0.000147291,-0.00765223
0,-0.0268541,2.67117,-0.090668,0,0.000136595,-0.00921394
0,-0.0299102,2.63698,-0.0370749,0,0.000126676,-0.0103912
0,-0.0323662,2.60257,0.0158357,0,0.000117478,-0.0113435
0,-0.0327602,2.56793,0.0680591,0,0.000108949,-0.0114815
0,-0.03238,2.53308,0.119591,0,0.000101038,-0.0113416
0,-0.0310183,2.49804,0.170427,0,9.37027e-05,-0.0108216
0,-0.0295674,2.46281,0.220563,0,8.68999e-05,-0.0102809
0,-0.0289201,2.4274,0.269995,0,8.05912e-05,-0.0100622
0,-0.0279538,2.39184,0.31872,0,7.47407e-05,-0.00970363
0,-0.0259388,2.35611,0.366735,0,6.93152e-05,-0.00893114
0,-0.024227,2.32025,0.414036,0,6.42836e-05,-0.0082956
0,-0.0244473,2.28426,0.46062,0,5.96175e-05,-0.00842676
0,-0.0263472,2.24814,0.506485,0,5.52903e-05,-0.0091988
0,-0.028481,2.21192,0.551629,0,-1.01704e-05,-0.0106806
0,-0.0338176,2.17559,0.596048,0,-0.00015467,-0.0129014
0,-0.037571,2.13918,0.639741,0,-0.000320533,-0.0144388
0,-0.0418993,2.10268,0.682707,0,-0.00049321,-0.0162256
0,-0.0437442,2.06613,0.724943,0,-0.000668982,-0.0170067
-5.73033e-05,-0.0418491,2.02952,0.766448,0,-0.000845174,-0.0163265
-0.000233621,-0.0372351,1.99287,0.807222,0,-0.00101715,-0.0146114
-0.000409939,-0.027167,1.95619,0.847263,0,-0.00118129,-0.0107532
-0.000586257,-0.022838,1.91947,0.88657,0,-0.00133659,-0.00926297
-0.000762575,-0.0210376,1.88274,0.925143,0,-0.00148268,-0.00868738
-0.000938893,-0.0188321,1.846,0.962981,0,-0.00161935,-0.00790429
-0.00111521,-0.0163141,1.80926,1.00008,0,-0.00174637,-0.00699591
-0.00129153,-0.0151304,1.77253,1.03645,0,-0.00186345,-0.0066185
0.00117692,-0.0315563,1.73579,1.07264,0,0.000674482,-0.0114373
0.000930077,-0.0329734,1.69892,1.12161,0,0.000578966,-0.0117673
0.000824287,-0.0317798,1.66227,1.14218,0,0.000494667,-0.0113145
0.000647969,-0.0307962,1.62567,1.17561,0,0.000421213,-0.0109754
0.000471651,-0.0304246,1.58913,1.20831,0,0.00035966,-0.0108736
0.000295333,-0.0281727,1.55265,1.24027,0,0.000310601,-0.0100087
0.000119015,-0.0272219,1.51624,1.27151,0,0.000274092,-0.00968973
0,-0.0306642,1.47991,1.30201,0,0.000248305,-0.0111033
0,-0.0291643,1.44368,1.33179,0,0.00022873,-0.0104752
0,-0.0240438,1.40755,1.36085,0,0.000211712,-0.00847644
0,-0.0206487,1.37152,1.38918,0,0.000196229,-0.00722144
0,-0.0155003,1.33561,1.41679,0,0.000181948,-0.00523932
0,-0.012138,1.29982,1.44368,0,0.000168726,-0.0039967
0,-0.00624796,1.26416,1.46986,0,0.00015647,-0.00171696
0,-0.00243112,1.22864,1.49532,0,0.000145106,-0.000303209
0,0.00397184,1.19326,1.52007,0,0.000134568,0.00217531
0,0.0094439,1.15804,1.54411,0,0.000124796,0.00424296
0,0.0120214,1.12297,1.56745,0,0.000115733,0.00516957
0,0.0107155,1.08806,1.59008,0,0.000107329,0.00459035
0,0.00706798,1.05332,1.61202,0,9.9536e-05,0.00313609
0,0.00380669,1.01876,1.63326,0,9.23088e-05,0.00187224
0,0.000618923,0.984386,1.65381,0,8.56066e-05,0.000632149
0,-0.000971307,0.950206,1.67367,0,7.93912e-05,2.9096e-05
0,-0.00398111,0.916222,1.69284,0,7.36273e-05,-0.00116493
0,-0.00782659,0.882442,1.71133,0,6.82821e-05,-0.00267058
0,-0.0108451,0.848873,1.72915,0,6.33251e-05,-0.00383299
0,-0.0137429,0.815521,1.7463,0,5.87282e-05,-0.00495959
0,-0.0166301,0.78239,1.76277,0,5.44651e-05,-0.00608355
0,-0.0175282,0.749489,1.77859,0,5.05116e-05,-0.00641325
0,-0.0175365,0.716822,1.79374,0,4.68452e-05,-0.00641796
0,-0.0186162,0.684392,1.80824,0,4.34451e-05,-0.00686382
0,-0.0194477,0.652206,1.82209,0,4.02919e-05,-0.00719395
0,-0.01866,0.620271,1.8353,0,6.83275e-06,-0.00720024
0,-0.0211179,0.588585,1.84786,0,-6.5835e-05,-0.00826071
0,-0.0239662,0.557158,1.85979,0,-0.000149056,-0.00942598
0,-0.0248136,0.525996,1.87109,0,-0.000235606,-0.00978408
0,-0.0259495,0.495101,1.88177,0,-0.000323639,-0.0102853
-2.84755e-05,-0.0220619,0.464484,1.89183,0,-0.000411832,-0.00877309
-0.000116092,-0.0133732,0.434149,1.90127,0,-0.000497884,-0.00541746
-0.000203709,-0.00684878,0.404091,1.9101,0,-0.000579999,-0.00299592
-0.000291326,-0.00632115,0.374313,1.91833,0,-0.000657678,-0.00293189
-0.000378943,-0.00365101,0.344825,1.92597,0,-0.000730748,-0.00191691
-0.000466559,-0.00202863,0.315629,1.93301,0,-0.0007991,-0.00134949
-0.000554176,-0.000421416,0.286728,1.93947,0,-0.000862623,-0.000768566
-0.000641793,0.00248537,0.258129,1.94535,0,-0.000921182,0.000334838
0.000584842,-0.0167719,0.229806,1.95109,0,0.000339632,-0.00649386
0.000464369,-0.0179488,0.201783,1.95769,0,0.000291823,-0.00671646
0.000409608,-0.0189005,0.17409,1.96035,0,0.000249606,-0.00710488
0.000321992,-0.0218145,0.146708,1.96397,0,0.000212823,-0.00827518
0.000234375,-0.0226703,0.119644,1.96704,0,0.000181979,-0.00859164
0.000146758,-0.0207338,0.0929013,1.96957,0,0.000157364,-0.00782316
5.91413e-05,-0.0198628,0.0664793,1.97156,0,0.000139003,-0.00752161
0,-0.0219096,0.0403783,1.97303,0,0.000125986,-0.00836774
0,-0.0197693,0.0146084,1.97396,0,0.00011607,-0.00749679
0,-0.0154902,-0.0108303,1.97438,0,0.000107439,-0.00583551
0,-0.0136372,-0.0359403,1.9743,0,9.95826e-05,-0.00517522
0,-0.00811674,-0.060713,1.9737,0,9.23362e-05,-0.00301304
0,-0.00359956,-0.0851514,1.97261,0,8.56264e-05,-0.00130724
0,0.000553672,-0.109253,1.97103,0,7.94069e-05,0.000268984
0,0.00146078,-0.133019,1.96897,0,7.36399e-05,0.000555059
0,0.00227505,-0.156444,1.96642,0,6.82922e-05,0.000854139
0,0.000464274,-0.179529,1.96341,0,6.3333e-05,0.00010686
0,-0.00370886,-0.202273,1.95994,0,5.87341e-05,-0.00154311
0,-0.00968776,-0.224673,1.95601,0,5.44693e-05,-0.00387757
0,-0.0159697,-0.246728,1.95162,0,5.05144e-05,-0.00630506
0,-0.0201797,-0.268432,1.9468,0,4.68467e-05,-0.00790038
0,-0.0216612,-0.289784,1.94154,0,4.34455e-05,-0.00843777
0,-0.0208036,-0.310785,1.93585,0,4.02913e-05,-0.00808278
0,-0.02126,-0.331436,1.92974,0,3.73662e-05,-0.00828798
0,-0.0222739,-0.351736,1.92322,0,3.46536e-05,-0.00869542
0,-0.0228507,-0.371684,1.91628,0,3.2138e-05,-0.00891951
0,-0.0232173,-0.391279,1.90895,0,2.98051e-05,-0.00906621
0,-0.0238637,-0.410521,1.90122,0,2.76416e-05,-0.00932756
0,-0.0242438,-0.429409,1.89311,0,2.56353e-05,-0.00947813
0,-0.0248735,-0.447944,1.88461,0,2.37746e-05,-0.0097322
0,-0.0243122,-0.466124,1.87575,0,2.20491e-05,-0.00950669
0,-0.0244051,-0.483951,1.86651,0,2.04488e-05,-0.00956043
0,-0.0248556,-0.501424,1.85692,0,1.89648e-05,-0.00974675
0,-0.0244424,-0.518542,1.84698,0,-4.93126e-05,-0.0102682
0,-0.0256756,-0.535309,1.8367,0,-0.000203847,-0.0108856
0,-0.0269869,-0.551722,1.82608,0,-0.000381773,-0.0115056
0,-0.0287224,-0.567782,1.81512,0,-0.000567035,-0.0122885
-4.55797e-06,-0.0283999,-0.583488,1.80385,0,-0.000754801,-0.0122368
-0.000186877,-0.0268473,-0.598841,1.79226,0,-0.000939589,-0.0117185
-0.000369196,-0.022612,-0.613839,1.78036,0,-0.0011164,-0.0101402
-0.000551515,-0.0184144,-0.628486,1.76816,0,-0.00128388,-0.00861059
-0.000733834,-0.014713,-0.642784,1.75566,0,-0.00144164,-0.00727081
-0.000916152,-0.0111568,-0.656734,1.74287,0,-0.00158944,-0.00597391
-0.00109847,-0.00800654,-0.670335,1.72981,0,-0.00172708,-0.00482953
-0.00128079,-0.00593549,-0.683591,1.71647,0,-0.00185431,-0.00410273
0.00127167,-0.0160725,-0.696516,1.70287,0,0.000763955,-0.00637594
0.000993638,-0.0187064,-0.708992,1.68169,0,0.000659432,-0.00726016
0.000884247,-0.0204357,-0.721197,1.67324,0,0.000566882,-0.00794918
0.000724718,-0.0239347,-0.733086,1.66068,0,0.000485391,-0.00934959
0.000542399,-0.0274868,-0.744633,1.64608,0,0.000415852,-0.0107381
0.00036008,-0.0262698,-0.755836,1.63124,0,0.000359195,-0.0102181
0.000177761,-0.0258757,-0.766701,1.61618,0,0.000315826,-0.010097
0,-0.0284219,-0.777233,1.6009,0,0.000285035,-0.0111352
0,-0.029578,-0.787429,1.58541,0,0.00026227,-0.0115719
0,-0.0226887,-0.797284,1.56971,0,0.000242677,-0.00881663
0,-0.0195347,-0.806811,1.55382,0,0.000224905,-0.00767519
0,-0.0142291,-0.816006,1.53773,0,0.000208528,-0.0056167
0,-0.00991538,-0.824875,1.52145,0,0.00019337,-0.0039865
0,-0.00701777,-0.83342,1.505,0,0.00017932,-0.00290585
0,-0.0061943,-0.841644,1.48838,0,0.000166293,-0.00263104
0,-0.00177902,-0.849542,1.47158,0,0.000154213,-0.000889759
0,0.00569166,-0.857118,1.45463,0,0.000143011,0.00201697
0,0.0106996,-0.864379,1.43753,0,0.000132624,0.00389412
0,0.0127874,-0.871328,1.42028,0,0.000122991,0.00464355
0,0.0115305,-0.877968,1.40288,0,0.000114058,0.00410274
0,0.0053625,-0.884304,1.38536,0,0.000105774,0.00165276
0,-0.0012018,-0.890331,1.3677,0,9.80927e-05,-0.000879806
0,-0.00968837,-0.896056,1.34993,0,9.0969e-05,-0.00417341
0,-0.0166221,-0.901475,1.33204,0,8.43629e-05,-0.00681717
0,-0.0230572,-0.906594,1.31403,0,7.82368e-05,-0.00928534
0,-0.0284717,-0.911413,1.29593,0,7.25557e-05,-0.0113533
0,-0.0322223,-0.915936,1.27772,0,6.72874e-05,-0.0127722
0,-0.0328781,-0.920162,1.25943,0,6.24018e-05,-0.0129806
0,-0.0322227,-0.924097,1.24104,0,5.7871e-05,-0.0127127
0,-0.0340439,-0.927748,1.22258,0,5.36694e-05,-0.0134533
0,-0.0332665,-0.931111,1.20405,0,4.9773e-05,-0.0131183
0,-0.0339273,-0.934195,1.18544,0,4.61596e-05,-0.013397
0,-0.0342149,-0.936999,1.16677,0,4.28086e-05,-0.0135045
0,-0.0316945,-0.939524,1.14805,0,-4.605e-05,-0.0133812
0,-0.0309939,-0.941778,1.12927,0,-0.000245379,-0.0132869
0,-0.0295026,-0.943761,1.11044,0,-0.000474637,-0.0128451
0,-0.0267861,-0.945476,1.09158,0,-0.000713354,-0.0119197
0,-0.0219905,-0.946925,1.07268,0,-0.000955746,-0.010175
-0.000184435,-0.0143742,-0.94811,1.05375,0,-0.00119585,-0.00732702
-0.000422415,-0.00671594,-0.949036,1.03479,0,-0.00142715,-0.00449597
-0.000660396,-0.00474538,-0.949714,1.01581,0,-0.00164684,-0.00392672
-0.000898376,-0.00630195,-0.950144,0.996823,0,-0.00185409,-0.00466882
-0.00113636,-0.00408993,-0.950322,0.977822,0,-0.00204855,-0.0038425
-0.00137434,0.000191149,-0.950252,0.958816,0,-0.00222993,-0.00223829
-0.00161232,0.00651254,-0.949937,0.939811,0,-0.00239794,0.000158048
0.00171941,-0.00956708,-0.949411,0.920811,0,0.00101754,-0.00399604
0.00139219,-0.00774317,-0.948535,0.894699,0,0.000878263,-0.00300341
0.00124345,-0.0081922,-0.947521,0.882838,0,0.000753909,-0.00325564
0.00100547,-0.0131115,-0.946283,0.863883,0,0.000644174,-0.00524379
0.000767487,-0.0176267,-0.944818,0.844951,0,0.000550302,-0.00699643
0.000529506,-0.0185495,-0.943127,0.826047,0,0.000473133,-0.00731613
0.000291526,-0.0185621,-0.941216,0.807176,0,0.000413193,-0.00732373
5.35456e-05,-0.018403,-0.939088,0.788342,0,0.000369941,-0.00727394
0,-0.0199403,-0.936749,0.76955,0,0.000338598,-0.00790219
0,-0.0154931,-0.934194,0.750803,0,0.000312829,-0.00611373
0,-0.0119906,-0.931434,0.732106,0,0.000289797,-0.00479315
0,-0.00896508,-0.928472,0.713464,0,0.000268664,-0.00364764
0,-0.00541755,-0.925311,0.69488,0,0.000249127,-0.00228559
0,-0.00535098,-0.921957,0.676358,0,0.000231025,-0.00232062
0,-0.00472373,-0.918409,0.657902,0,0.000214242,-0.00207776
0,-0.00517269,-0.914674,0.639516,0,0.00019868,-0.00227252
0,-0.00678899,-0.910755,0.621204,0,0.00018425,-0.00291626
0,-0.00850983,-0.906653,0.602969,0,0.000170868,-0.00358328
0,-0.011246,-0.902373,0.584815,0,0.000158458,-0.00465357
0,-0.0141433,-0.897918,0.566747,0,0.00014695,-0.00577213
0,-0.0158809,-0.893289,0.548766,0,0.000136279,-0.00642468
0,-0.0174869,-0.888492,0.530877,0,0.000126382,-0.00704206
0,-0.018835,-0.883529,0.513083,0,0.000117205,-0.00755805
0,-0.0195242,-0.878403,0.495388,0,0.000108694,-0.00781453
0,-0.0212178,-0.87312,0.477794,0,0.000100802,-0.00848177
0,-0.0231023,-0.867682,0.460305,0,9.34827e-05,-0.00920953
0,-0.0247033,-0.862092,0.442924,0,8.66953e-05,-0.00982082
0,-0.0270664,-0.856354,0.425655,0,8.0401e-05,-0.0107405
0,-0.0291978,-0.850472,0.408499,0,7.45639e-05,-0.0115557
0,-0.0307256,-0.844447,0.39146,0,6.91507e-05,-0.0121331
0,-0.0320831,-0.838283,0.374541,0,6.41308e-05,-0.0126516
0,-0.0329048,-0.831984,0.357745,0,5.94754e-05,-0.0129585
0,-0.0338722,-0.825554,0.341073,0,5.51581e-05,-0.0133316
0,-0.0347165,-0.818995,0.32453,0,-5.4801e-05,-0.0147541
0,-0.038755,-0.812315,0.308117,0,-0.000301254,-0.0165337
0,-0.0402984,-0.805511,0.291838,0,-0.000584712,-0.0172637
0,-0.0415484,-0.798589,0.275693,0,-0.000879987,-0.0179072
0,-0.0430898,-0.791551,0.259687,0,-0.00118033,-0.018662
-0.000157244,-0.0413312,-0.784399,0.243821,0,-0.00147986,-0.0180841
-0.000456756,-0.0375278,-0.777136,0.228097,0,-0.00177058,-0.0167287
-0.000756269,-0.0298486,-0.769764,0.212518,0,-0.00204747,-0.0138451
-0.00105578,-0.0227955,-0.762291,0.197086,0,-0.00230912,-0.0112587
-0.00135529,-0.017268,-0.754721,0.181803,0,-0.00255499,-0.00925983
-0.00165481,-0.013221,-0.747056,0.16667,0,-0.00278471,-0.00781685
-0.00195432,-0.00933725,-0.7393,0.151691,0,-0.00299789,-0.00640487
0.00223885,-0.0212722,-0.731477,0.136866,0,0.00129864,-0.0082545
0.00182702,-0.0258341,-0.723485,0.116712,0,0.00112088,-0.00986905
0.00163983,-0.0291836,-0.715479,0.107628,0,0.000961541,-0.0111919
0.00134032,-0.0359851,-0.707397,0.0932784,0,0.000820377,-0.0138935
0.00104081,-0.0410504,-0.699236,0.0790901,0,0.000698858,-0.0158417
0.000741293,-0.0407453,-0.690997,0.0650645,0,0.000598024,-0.0156662
0.000441781,-0.0404204,-0.682687,0.0512034,0,0.000518623,-0.0155601
0.000142268,-0.041016,-0.674311,0.0375081,0,0.000460381,-0.0158182
0,-0.0445084,-0.665873,0.02398,0,0.000418891,-0.0172163
0,-0.0415366,-0.657367,0.0106204,0,0.000386354,-0.0159873
0,-0.0384914,-0.648803,-0.0025695,0,0.000357736,-0.0148269
0,-0.0354473,-0.640183,-0.0155884,0,0.000331605,-0.013667
0,-0.0327335,-0.631511,-0.0284351,0,0.00030748,-0.0126381
0,-0.0303174,-0.62279,-0.0411087,0,0.000285136,-0.011722
0,-0.0298759,-0.614024,-0.0536081,0,0.000264423,-0.0115891
0,-0.0241453,-0.605209,-0.0659324,0,0.000245217,-0.00931334
0,-0.0185591,-0.596353,-0.0780807,0,0.000227408,-0.00717562
0,-0.0132148,-0.587458,-0.090052,0,0.000210892,-0.00513162
0,-0.00888443,-0.578529,-0.101846,0,0.000195576,-0.00348817
0,-0.00988634,-0.569573,-0.113461,0,0.000181374,-0.00395766
0,-0.0117837,-0.560588,-0.124897,0,0.000168203,-0.00470248
0,-0.0155409,-0.551578,-0.136154,0,0.000155989,-0.0061757
0,-0.0180095,-0.542542,-0.14723,0,0.000144662,-0.00710546
0,-0.0198728,-0.533482,-0.158126,0,0.000134158,-0.00781294
0,-0.02278,-0.524405,-0.168841,0,0.000124418,-0.00894607
0,-0.0234379,-0.515308,-0.179375,0,0.000115384,-0.00916478
0,-0.0245728,-0.506197,-0.189727,0,0.000107007,-0.00960813
0,-0.025108,-0.497074,-0.199896,0,9.92388e-05,-0.0098044
0,-0.0259509,-0.487941,-0.209883,0,9.20345e-05,-0.0101324
0,-0.0268528,-0.478802,-0.219688,0,8.53534e-05,-0.0104791
0,-0.0275664,-0.469658,-0.229309,0,7.91576e-05,-0.0107494
0,-0.0302433,-0.460514,-0.238748,0,7.34117e-05,-0.0118063
0,-0.0314008,-0.451369,-0.248004,0,6.80831e-05,-0.0122262
0,-0.0320248,-0.442226,-0.257077,0,-6.61099e-06,-0.0131841
0,-0.034575,-0.43309,-0.265968,0,-0.000170997,-0.0143114
0,-0.0371928,-0.423961,-0.274675,0,-0.000359603,-0.0154334
0,-0.0410661,-0.414842,-0.2832,0,-0.000555901,-0.0170506
0,-0.0417332,-0.405733,-0.291542,0,-0.000755616,-0.0173624
-7.47736e-05,-0.0425427,-0.396637,-0.299703,0,-0.000955508,-0.0177732
-0.00027417,-0.034354,-0.387547,-0.307681,0,-0.00115031,-0.0145814
-0.000473566,-0.0268616,-0.378476,-0.315477,0,-0.00133613,-0.0117976
-0.000672962,-0.0258938,-0.369433,-0.323092,0,-0.00151187,-0.0116001
-0.000872358,-0.0214908,-0.360408,-0.330526,0,-0.00167715,-0.00992309
-0.00107175,-0.0175397,-0.351407,-0.337779,0,-0.00183171,-0.00847125
-0.00127115,-0.0131086,-0.342433,-0.344852,0,-0.0019753,-0.00681321
-0.00147055,-0.00776976,-0.333485,-0.351746,0,-0.00210761,-0.00479272
0.001321,-0.0303858,-0.324594,-0.358594,0,0.000762675,-0.0118346
0.001321,-0.0329739,-0.315799,-0.358594,0,0.000652476,-0.0126061
0.000922207,-0.0341139,-0.306951,-0.371597,0,0.000554506,-0.0130292
0.000722811,-0.0370149,-0.29814,-0.37778,0,0.000471343,-0.0141891
0.000523415,-0.0362551,-0.289362,-0.383787,0,0.00040232,-0.0138562
0.000324019,-0.0334888,-0.280622,-0.389618,0,0.000347608,-0.0127749
0.000124623,-0.032104,-0.271925,-0.395274,0,0.000307093,-0.0122735
0,-0.0322497,-0.263271,-0.400756,0,0.00027846,-0.0123602
0,-0.0284873,-0.254658,-0.406065,0,0.000256576,-0.0108619
0,-0.0219578,-0.246088,-0.411201,0,0.000237505,-0.00831796
0,-0.0172316,-0.237568,-0.416166,0,0.000220141,-0.00653571
0,-0.0110964,-0.229095,-0.42096,0,0.000204122,-0.00416269
0,-0.00743226,-0.220675,-0.425584,0,0.000189289,-0.00279731
0,-0.00546128,-0.21231,-0.43004,0,0.00017554,-0.00206964
0,-0.00333782,-0.203998,-0.434328,0,0.000162791,-0.00125468
0,-0.00507249,-0.195745,-0.438449,0,0.000150969,-0.00198208
0,-0.00699971,-0.187549,-0.442406,0,0.000140006,-0.00272686
0,-0.00950904,-0.179411,-0.446197,0,0.00012984,-0.00370076
0,-0.0133271,-0.171334,-0.449826,0,0.000120412,-0.00518797
0,-0.017161,-0.163318,-0.453293,0,0.000111669,-0.0066611
0,-0.0212943,-0.155363,-0.4566,0,0.000103561,-0.00825329
0,-0.0239081,-0.14747,-0.459747,0,9.60419e-05,-0.00923395
0,-0.0247728,-0.13964,-0.462736,0,8.90691e-05,-0.00953925
0,-0.0255571,-0.131874,-0.465568,0,8.26028e-05,-0.00983909
0,-0.0263182,-0.124175,-0.468244,0,7.66062e-05,-0.0101307
0,-0.0270431,-0.116544,-0.470766,0,7.10451e-05,-0.010408
0,-0.02841,-0.108982,-0.473135,0,6.58879e-05,-0.010942
0,-0.0306336,-0.101491,-0.475353,0,6.11052e-05,-0.0118081
0,-0.0332795,-0.0940708,-0.47742,0,5.66699e-05,-0.0128295
0,-0.0361143,-0.0867228,-0.479338,0,5.25566e-05,-0.0139198
0,-0.0401322,-0.0794487,-0.48111,0,4.87421e-05,-0.0154794
0,-0.0439405,-0.072248,-0.482735,0,4.52045e-05,-0.0169372
0,-0.0453518,-0.0651193,-0.484216,0,-5.73157e-05,-0.0184795
0,-0.0488552,-0.0580682,-0.485554,0,-0.000287719,-0.0200272
0,-0.0519542,-0.0510929,-0.486751,0,-0.000552848,-0.0213777
0,-0.0536582,-0.0441931,-0.487807,0,-0.000829209,-0.0221706
0,-0.0551504,-0.0373709,-0.488726,0,-0.00111086,-0.0228919
-7.86047e-05,-0.054576,-0.0306251,-0.489507,0,-0.00139376,-0.0227815
-0.00036444,-0.0533005,-0.0239578,-0.490153,0,-0.00167042,-0.0224122
-0.000650275,-0.0505532,-0.0173688,-0.490666,0,-0.00193468,-0.0214548
-0.000936111,-0.0470376,-0.0108595,-0.491046,0,-0.00218482,-0.0202017
-0.00122195,-0.043882,-0.00443187,-0.491296,0,-0.00242023,-0.0190928
-0.00150778,-0.0403193,0.00191443,-0.491417,0,-0.00264054,-0.0178047
-0.00179362,-0.0352411,0.00817996,-0.49141,0,-0.00284536,-0.0159068
-0.00207945,-0.0295567,0.0143632,-0.491278,0,-0.00303425,-0.0137796
0.00192224,-0.0364981,0.0204522,-0.491114,0,0.00108085,-0.0137038
0.00152207,-0.0370894,0.0264609,-0.490603,0,0.000926626,-0.0138897
0.00135057,-0.0380094,0.0323876,-0.490318,0,0.000790433,-0.0142947
0.00106474,-0.0408623,0.0382274,-0.4897,0,0.000671679,-0.0154499
0.000778901,-0.0415307,0.0439844,-0.488965,0,0.000572081,-0.0156973
0.000493066,-0.0413841,0.0496566,-0.488114,0,0.000492625,-0.0156478
0.000207231,-0.041569,0.0552426,-0.487149,0,0.000433484,-0.0157396
0,-0.0433253,0.0607406,-0.486072,0,0.000392006,-0.0164511
0,-0.0424708,0.0661549,-0.484885,0,0.000360914,-0.0160945
0,-0.0371779,0.0714871,-0.483589,0,0.000334012,-0.0140046
0,-0.0345387,0.0767294,-0.482186,0,0.000309571,-0.0130414
0,-0.0293604,0.0818871,-0.480678,0,0.000287038,-0.011023
0,-0.0251058,0.0869564,-0.479066,0,0.000266178,-0.0094114
0,-0.0244932,0.0919342,-0.477352,0,0.000246842,-0.00923919
0,-0.0198344,0.0968285,-0.475538,0,0.000228914,-0.00739501
0,-0.0159623,0.101634,-0.473626,0,0.000212289,-0.00592635
0,-0.0103821,0.106353,-0.471617,0,0.000196872,-0.00376308
0,-0.00578297,0.110984,-0.469514,0,0.000182576,-0.00201721
0,-0.00575093,0.115521,-0.467317,0,0.000169318,-0.00207935
0,-0.00768052,0.119968,-0.46503,0,0.000157023,-0.00285432
0,-0.0122149,0.124324,-0.462652,0,0.000145621,-0.00463886
0,-0.0162453,0.128593,-0.460188,0,0.000135048,-0.00618193
0,-0.0181237,0.132776,-0.457637,0,0.000125243,-0.00687311
0,-0.0221065,0.136868,-0.455003,0,0.00011615,-0.00843722
0,-0.0254226,0.140874,-0.452286,0,0.000107717,-0.00970263
0,-0.028522,0.144792,-0.449488,0,9.98973e-05,-0.0108915
0,-0.032276,0.148621,-0.446612,0,9.26453e-05,-0.0123447
0,-0.0348032,0.152365,-0.443659,0,8.592e-05,-0.0132979
0,-0.0364042,0.156022,-0.44063,0,7.96831e-05,-0.0138999
0,-0.0367135,0.159593,-0.437528,0,7.38992e-05,-0.0140002
0,-0.0373923,0.163077,-0.434354,0,6.85353e-05,-0.0142676
0,-0.0361201,0.166476,-0.43111,0,6.35609e-05,-0.0137502
0,-0.034782,0.169789,-0.427797,0,1.76953e-06,-0.0138347
0,-0.0339606,0.173015,-0.424418,0,-0.000133506,-0.013627
0,-0.0336784,0.176155,-0.420974,0,-0.000288605,-0.0136246
0,-0.034987,0.179207,-0.417467,0,-0.000450007,-0.014245
0,-0.0373094,0.182173,-0.413898,0,-0.000614297,-0.0152409
-4.52892e-05,-0.0383299,0.185056,-0.410269,0,-0.000779162,-0.0156958
-0.000209977,-0.0347241,0.187859,-0.406582,0,-0.000940299,-0.0143173
-0.000374665,-0.0294714,0.190579,-0.402839,0,-0.00109416,-0.0123456
-0.000539353,-0.0298596,0.19321,-0.399041,0,-0.00123977,-0.0126447
-0.000704041,-0.0255926,0.195762,-0.39519,0,-0.00137679,-0.0109922
-0.00086873,-0.0196537,0.198233,-0.391288,0,-0.001505,-0.00873703
-0.00103342,-0.0144512,0.200621,-0.387335,0,-0.0016242,-0.00679515
-0.00119811,-0.00871111,0.202927,-0.383335,0,-0.00173414,-0.00462128
0.00110753,-0.0293148,0.205127,-0.379323,0,0.000635817,-0.0112082
0.000893433,-0.0341245,0.207244,-0.374012,0,0.000545848,-0.0128856
0.000778151,-0.0373109,0.209299,-0.371121,0,0.000466304,-0.0141107
0.000613463,-0.0420898,0.211271,-0.366945,0,0.000397039,-0.0159884
0.000448775,-0.0425832,0.213168,-0.36273,0,0.000338912,-0.016127
0.000284087,-0.0415675,0.214988,-0.358476,0,0.000292454,-0.015726
0.000119399,-0.0408799,0.21673,-0.354185,0,0.000257753,-0.0154769
0,-0.0417488,0.218391,-0.349859,0,0.000233275,-0.0158428
0,-0.0386436,0.21998,-0.3455,0,0.000214823,-0.0145972
0,-0.0313197,0.221496,-0.341108,0,0.000198824,-0.0117274
0,-0.0262521,0.222934,-0.336686,0,0.00018428,-0.00982258
0,-0.0200169,0.224297,-0.332234,0,0.000170868,-0.00741654
0,-0.0173684,0.225582,-0.327755,0,0.000158452,-0.00645997
0,-0.0166039,0.22679,-0.32325,0,0.000146942,-0.00620032
0,-0.0166537,0.227924,-0.31872,0,0.00013627,-0.00623653
0,-0.0191435,0.228983,-0.314167,0,0.000126374,-0.00723418
0,-0.0226939,0.229968,-0.309593,0,0.000117197,-0.00861756
0,-0.0269405,0.230881,-0.304998,0,0.000108687,-0.0102624
0,-0.0320378,0.231721,-0.300385,0,0.000100795,-0.012236
0,-0.0356849,0.232494,-0.295755,0,9.34764e-05,-0.0136172
0,-0.0389196,0.233197,-0.291109,0,8.66894e-05,-0.0148558
0,-0.0400765,0.233834,-0.286449,0,8.03954e-05,-0.015271
0,-0.0409986,0.234402,-0.281775,0,7.45586e-05,-0.0156239
0,-0.0409195,0.234905,-0.27709,0,6.91457e-05,-0.0155806
0,-0.0401827,0.235342,-0.272394,0,6.4126e-05,-0.0152899
0,-0.0397068,0.235712,-0.26769,0,5.94709e-05,-0.0151132
0,-0.040288,0.236017,-0.262977,0,5.51539e-05,-0.0153545
0,-0.0408972,0.236257,-0.258259,0,5.11504e-05,-0.0155906
0,-0.040673,0.236434,-0.253535,0,4.74376e-05,-0.0154935
0,-0.0411355,0.236548,-0.248807,0,4.39945e-05,-0.0156832
0,-0.0410811,0.2366,-0.244077,0,4.08014e-05,-0.0156559
0,-0.0412754,0.236591,-0.239345,0,3.78402e-05,-0.0157357
0,-0.0444475,0.236519,-0.234613,0,3.50939e-05,-0.0170006
0,-0.0440574,0.23639,-0.229882,0,-0.00010328,-0.0181918
0,-0.0483107,0.236198,-0.225154,0,-0.000416801,-0.0201237
0,-0.0505031,0.23595,-0.220429,0,-0.000777853,-0.0211553
0,-0.0533801,0.235645,-0.215709,0,-0.0011539,-0.0224813
0,-0.054564,0.235284,-0.210994,0,-0.00153538,-0.0231084
-0.000362247,-0.051033,0.234873,-0.206287,0,-0.00191134,-0.0218647
-0.000733782,-0.0418475,0.234414,-0.201587,0,-0.00227143,-0.0184207
-0.00110532,-0.0368682,0.233896,-0.196897,0,-0.0026127,-0.0167275
-0.00147685,-0.034802,0.233322,-0.192216,0,-0.00293423,-0.0161178
-0.00184839,-0.0318797,0.232696,-0.187547,0,-0.00323557,-0.0151067
-0.00221992,-0.0290017,0.232019,-0.18289,0,-0.00351629,-0.0141118
-0.00259146,-0.0275414,0.23129,-0.178246,0,-0.00377589,-0.013668
0.00261003,-0.047528,0.230482,-0.173616,0,0.00155927,-0.0179802
0.00212704,-0.0494854,0.229633,-0.16762,0,0.00134493,-0.0184289
0.00186696,-0.0506794,0.228755,-0.164401,0,0.00115413,-0.0189428
0.00149543,-0.0507482,0.227831,-0.159821,0,0.000986525,-0.019
0.00112389,-0.0494327,0.226861,-0.15526,0,0.000844003,-0.0185132
0.000752358,-0.0458242,0.225849,-0.150718,0,0.000727853,-0.017125
0.000380823,-0.0421889,0.224792,-0.146196,0,0.000638804,-0.0157559
9.28838e-06,-0.0429976,0.223687,-0.141695,0,0.000575614,-0.0161577
0,-0.0445168,0.222537,-0.137216,0,0.000529225,-0.0167725
0,-0.0393627,0.221353,-0.132759,0,0.000489578,-0.0147102
0,-0.0334147,0.220129,-0.128326,0,0.000453696,-0.0124318
0,-0.0256702,0.218866,-0.123917,0,0.000420653,-0.00944703
0,-0.0217294,0.217559,-0.119534,0,0.000390073,-0.00800736
0,-0.0205865,0.21621,-0.115176,0,0.000361731,-0.00762549
0,-0.0205079,0.214823,-0.110845,0,0.000335453,-0.00762469
0,-0.0208221,0.213398,-0.106542,0,0.000311085,-0.0077636
0,-0.0208998,0.211937,-0.102267,0,0.000288489,-0.00780117
0,-0.0206466,0.210441,-0.0980206,0,0.000267535,-0.00770949
0,-0.0224059,0.208908,-0.0938043,0,0.000248104,-0.00842574
0,-0.0266123,0.20734,-0.0896185,0,0.000230084,-0.0100875
0,-0.0291865,0.20574,-0.0854638,0,0.000213374,-0.0110595
0,-0.0302774,0.204109,-0.081341,0,0.000197878,-0.0114637
0,-0.029917,0.202449,-0.0772507,0,0.000183508,-0.0113106
0,-0.0292123,0.200759,-0.0731934,0,0.000170182,-0.0110418
0,-0.0288519,0.199039,-0.0691698,0,0.000157825,-0.0109153
0,-0.028231,0.197291,-0.0651804,0,0.000146365,-0.0106792
0,-0.0278068,0.195514,-0.0612258,0,0.000135737,-0.0105251
0,-0.0273948,0.193711,-0.0573067,0,0.000125882,-0.0103725
0,-0.0244835,0.191884,-0.0534234,0,0.000116742,-0.00922157
0,-0.0217169,0.190031,-0.0495766,0,0.000108266,-0.00816635
0,-0.0194286,0.188153,-0.0457667,0,0.000100406,-0.00729958
0,-0.0168783,0.186252,-0.0419943,0,9.31172e-05,-0.00632066
0,-0.0175427,0.184324,-0.0382597,0,8.63575e-05,-0.00662903
0,-0.0186667,0.182373,-0.0345636,0,2.85483e-05,-0.00760262
0,-0.0219372,0.180399,-0.0309064,0,-9.53383e-05,-0.00898142
0,-0.0248055,0.178404,-0.0272886,0,-0.000236914,-0.0101643
0,-0.0269386,0.17639,-0.0237105,0,-0.000383887,-0.0110557
0,-0.0276049,0.174358,-0.0201726,0,-0.000532763,-0.011368
-0.000117577,-0.0205239,0.172317,-0.0166753,0,-0.000679835,-0.00860406
-0.000260095,-0.00996121,0.170261,-0.0132188,0,-0.000821201,-0.00456287
-0.000402613,-0.00702559,0.168181,-0.00980328,0,-0.000955329,-0.00361439
-0.00054513,-0.00674934,0.166081,-0.00642926,0,-0.00108178,-0.00360498
-0.000687648,-0.00517895,0.163968,-0.00309714,0,-0.00120037,-0.00303228
-0.000830166,-0.00659178,0.161836,0.000192783,0,-0.00131094,-0.00366481
-0.000972684,-0.00681432,0.159692,0.00344017,0,-0.00141331,-0.00377088
0.00102256,-0.0328746,0.157505,0.00664473,0,0.000630499,-0.0127592
0.000837292,-0.0367834,0.15532,0.0107508,0,0.000545575,-0.0139126
0.000737529,-0.037388,0.153138,0.0129362,0,0.000469718,-0.014122
0.000595012,-0.0380388,0.150945,0.0160099,0,0.00040285,-0.0143928
0.000452494,-0.0386554,0.148742,0.0190398,0,0.000345641,-0.0146459
0.000309976,-0.0362871,0.146533,0.0220256,0,0.000298568,-0.013705
0.000167458,-0.0355793,0.144313,0.0249673,0,0.000261926,-0.0134705
2.49406e-05,-0.0355175,0.142084,0.0278647,0,0.000235346,-0.0134669
0,-0.0373743,0.139845,0.0307175,0,0.000215805,-0.0142185
0,-0.0313513,0.137608,0.0335256,0,0.000199488,-0.0117936
0,-0.0270614,0.135363,0.036289,0,0.00018483,-0.0101809
0,-0.0207661,0.133114,0.0390074,0,0.00017136,-0.00774043
0,-0.0156503,0.130859,0.041681,0,0.000158901,-0.00580116
0,-0.013128,0.128597,0.0443094,0,0.000147357,-0.00487886
0,-0.0112257,0.126331,0.0468927,0,0.000136653,-0.00416403
0,-0.0124906,0.124058,0.0494306,0,0.000126728,-0.0047039
0,-0.014537,0.121782,0.0519231,0,0.000117524,-0.00550688
0,-0.0172877,0.119503,0.0543701,0,0.000108989,-0.0065788
0,-0.0202703,0.117223,0.0567716,0,0.000101075,-0.00773225
0,-0.0248619,0.114941,0.0591275,0,9.37348e-05,-0.00952428
0,-0.0279989,0.11266,0.0614377,0,8.69282e-05,-0.0107106
0,-0.0303096,0.110381,0.0637023,0,8.06161e-05,-0.0115891
0,-0.0313372,0.108104,0.0659213,0,7.47626e-05,-0.0119677
0,-0.0314093,0.10583,0.0680948,0,6.93343e-05,-0.0119843
0,-0.0319867,0.103558,0.0702228,0,6.43003e-05,-0.0122171
0,-0.0326179,0.101289,0.0723053,0,5.9632e-05,-0.0124634
0,-0.0328118,0.0990232,0.0743424,0,5.53028e-05,-0.0125341
0,-0.0335214,0.0967609,0.0763342,0,5.1288e-05,-0.0128173
0,-0.0340046,0.0945034,0.0782807,0,4.75648e-05,-0.0130021
0,-0.0342578,0.092251,0.0801821,0,4.4112e-05,-0.0130984
0,-0.0360831,0.0900025,0.0820384,0,4.091e-05,-0.0138257
0,-0.0363226,0.0877616,0.0838497,0,3.79405e-05,-0.0138957
0,-0.039883,0.0855237,0.0856161,0,3.51867e-05,-0.0153158
0,-0.039881,0.0832966,0.0873378,0,-0.000107642,-0.0167182
0,-0.0411639,0.0810755,0.0890148,0,-0.000431373,-0.0174715
0,-0.0421445,0.0788628,0.0906475,0,-0.00080427,-0.0180787
0,-0.0423842,0.0766591,0.0922358,0,-0.00119295,-0.0183845
0,-0.0417628,0.0744653,0.09378,0,-0.00158834,-0.0183455
-0.000227159,-0.0399533,0.0722819,0.0952803,0,-0.00198228,-0.0178311
-0.000622217,-0.0322296,0.0701146,0.0967368,0,-0.00236412,-0.0149584
-0.00101728,-0.0236906,0.0679583,0.0981499,0,-0.00272764,-0.0118349
-0.00141233,-0.0204481,0.065807,0.0995199,0,-0.00307106,-0.0108227
-0.00180739,-0.0170473,0.0636667,0.100847,0,-0.0033937,-0.00965035
-0.00220245,-0.0145535,0.0615369,0.102131,0,-0.00369506,-0.00882704
-0.00259751,-0.0133405,0.0594175,0.103372,0,-0.0039746,-0.00848615
0.00293331,-0.030378,0.0572846,0.104571,0,0.00169419,-0.0113872
0.00253825,-0.0318377,0.0551871,0.105728,0,0.0014603,-0.0116955
0.00214319,-0.0333168,0.0531026,0.106842,0,0.00125049,-0.0123285
0.00174813,-0.0351482,0.051031,0.107914,0,0.00106578,-0.0130908
0.00135308,-0.0352199,0.048975,0.108945,0,0.000907293,-0.0131355
0.000958017,-0.033497,0.0469348,0.109935,0,0.00077618,-0.0124826
0.000562958,-0.0326477,0.0449081,0.110884,0,0.000673355,-0.0121998
0.0001679,-0.0350604,0.0428927,0.111792,0,0.00059834,-0.0132012
0,-0.0411012,0.0408883,0.11266,0,0.0005449,-0.0155981
0,-0.0385323,0.0389085,0.113488,0,0.000502703,-0.0144996
0,-0.0350873,0.0369452,0.114276,0,0.0004655,-0.0131818
0,-0.0306377,0.034999,0.115025,0,0.000431505,-0.0114749
0,-0.0276602,0.0330674,0.115734,0,0.000400114,-0.01037
0,-0.0243048,0.0311527,0.116405,0,0.000371038,-0.00909054
0,-0.0206446,0.0292552,0.117038,0,0.000344085,-0.00769418
0,-0.0171606,0.0273745,0.117633,0,0.000319092,-0.00637189
0,-0.0143783,0.0255104,0.11819,0,0.000295916,-0.00532623
0,-0.0143371,0.0236609,0.118709,0,0.000274425,-0.00536341
0,-0.0158236,0.0218277,0.119191,0,0.000254495,-0.00596784
0,-0.0176904,0.0200121,0.119637,0,0.000236013,-0.00669997
0,-0.0198649,0.0182144,0.120047,0,0.000218874,-0.00754851
0,-0.0210369,0.0164364,0.12042,0,0.00020298,-0.00799146
0,-0.0224852,0.0146768,0.120757,0,0.000188241,-0.00855952
0,-0.022651,0.0129375,0.12106,0,0.000174572,-0.00861075
0,-0.0234612,0.0112167,0.121327,0,0.000161897,-0.00893846
0,-0.0255178,0.00951386,0.12156,0,0.000150142,-0.0097535
0,-0.0272669,0.00783089,0.121759,0,0.000139242,-0.0104262
0,-0.0288189,0.00616784,0.121924,0,0.000129133,-0.0110246
0,-0.0284125,0.00452674,0.122056,0,0.000119758,-0.0108437
0,-0.0267517,0.00290701,0.122154,0,0.000111064,-0.0101917
0,-0.0253417,0.0013072,0.122221,0,0.000103002,-0.00965865
0,-0.0238137,-0.000272146,0.122255,0,9.55247e-05,-0.00907436
0,-0.0241982,-0.00183305,0.122257,0,8.85909e-05,-0.00925525
0,-0.0261071,-0.00337496,0.122228,0,8.21606e-05,-0.0100152
0,-0.0282654,-0.00489639,0.122169,0,7.61972e-05,-0.0108512
0,-0.0309671,-0.00639754,0.122078,0,7.06669e-05,-0.0119001
0,-0.0314824,-0.00787537,0.121958,0,6.55382e-05,-0.0120675
0,-0.0312634,-0.00933133,0.121808,0,6.07819e-05,-0.011975
0,-0.0262431,-0.010761,0.121628,0,5.63709e-05,-0.00997664
0,-0.0189629,-0.012167,0.12142,0,5.22802e-05,-0.0071493
0,-0.00919198,-0.013549,0.121184,0,4.84865e-05,-0.00336198
0,-0.00673153,-0.0149173,0.12092,0,4.49682e-05,-0.00253153
0,-0.00606264,-0.016266,0.120628,0,4.17053e-05,-0.00230426
0,-0.00645107,-0.0175943,0.12031,0,3.86793e-05,-0.00247159
0,-0.00846457,-0.0189027,0.119965,0,3.5873e-05,-0.00327144
0,-0.0102661,-0.0201891,0.119593,0,3.32703e-05,-0.00396167
0,-0.0099071,-0.0214515,0.119196,0,3.08566e-05,-0.00379239
0,-0.00917532,-0.0226917,0.118773,0,2.86181e-05,-0.00350729
0,-0.00823087,-0.0239099,0.118325,0,2.65421e-05,-0.0031429
0,-0.00711706,-0.025106,0.117853,0,2.46167e-05,-0.00271407
0,-0.00687341,-0.0262811,0.117357,0,2.28311e-05,-0.00263519
0,-0.00756182,-0.0274354,0.116837,0,2.1175e-05,-0.00291504
0,-0.00689234,-0.0285663,0.116294,0,1.96392e-05,-0.00263839
0,-0.00512286,-0.0296741,0.115729,0,1.82148e-05,-0.00194328
0,-0.00376192,-0.0307605,0.115141,0,1.68937e-05,-0.00142808
0,-0.0044136,-0.031827,0.114531,0,1.56685e-05,-0.00171015
0,-0.00643382,-0.0328731,0.1139,0,1.45322e-05,-0.00250775
0,-0.00921692,-0.0338982,0.113248,0,1.34784e-05,-0.00358893
0,-0.0114191,-0.0349007,0.112575,0,1.2501e-05,-0.00442645
0,-0.0124382,-0.0358802,0.111882,0,1.15945e-05,-0.00480042
0,-0.0133486,-0.0368377,0.111169,0,1.07538e-05,-0.00514909
0,-0.0141134,-0.0377733,0.110437,0,9.97411e-06,-0.00544127
0,-0.0154907,-0.0386878,0.109686,0,9.25095e-06,-0.0059802
0,-0.0164105,-0.0395802,0.108917,0,8.58025e-06,-0.00632701
0,-0.0170276,-0.0404506,0.10813,0,7.9582e-06,-0.00655997
0,-0.0169892,-0.0412987,0.107325,0,7.38127e-06,-0.0065358
0,-0.0172055,-0.0421255,0.106504,0,6.84619e-06,-0.00662334
0,-0.0176614,-0.0429312,0.105665,0,6.34992e-06,-0.00680262
0,-0.0173137,-0.0437146,0.104811,0,5.88964e-06,-0.00665737
0,-0.0167552,-0.0444766,0.10394,0,5.46273e-06,-0.0064402
0,-0.0165909,-0.0452177,0.103055,0,5.06679e-06,-0.00638367
0,-0.0165135,-0.0459377,0.102154,0,4.69956e-06,-0.00635573
0,-0.0159037,-0.0466362,0.101239,0,4.35896e-06,-0.00611389
0,-0.01504,-0.0473134,0.100309,0,4.04306e-06,-0.00577883
0,-0.0147486,-0.0479704,0.0993666,0,3.75007e-06,-0.00567613
0,-0.0142451,-0.0486064,0.0984105,0,3.47831e-06,-0.00547992
0,-0.0138481,-0.0492219,0.0974415,0,3.22626e-06,-0.00532952
0,-0.0133843,-0.0498167,0.0964602,0,2.99249e-06,-0.00515077
0,-0.0125495,-0.0503907,0.0954668,0,2.77566e-06,-0.00482489
0,-0.0119687,-0.0509447,0.0944619,0,2.57455e-06,-0.00460612
0,-0.0118305,-0.051479,0.0934457,0,2.38802e-06,-0.00456013
0,-0.0116999,-0.0519932,0.0924188,0,2.21501e-06,-0.0045104
0,-0.0114816,-0.0524874,0.0913815,0,2.05455e-06,-0.00442554
0,-0.0112101,-0.0529617,0.0903342,0,1.90571e-06,-0.00432075
0,-0.0107558,-0.0534161,0.0892774,0,1.76766e-06,-0.00414376
0,-0.0100109,-0.0538507,0.0882113,0,1.63962e-06,-0.00385354
0,-0.00971811,-0.0542664,0.0871365,0,1.52085e-06,-0.00374828
0,-0.00964383,-0.054663,0.0860532,0,1.4107e-06,-0.00372332
0,-0.00992687,-0.055041,0.084962,0,1.30852e-06,-0.00383767
