0.000634771,0,0.000608548,0,0,0.9
0.000634771,0,0.000608548,0,0,0.9
0.000634771,0,0.000608548,0,0,0.9
0.000634771,0,0.000608548,0,0,0.9
0.000634771,0,0.000608548,0,0,0.9
0.000634771,0,0.000608548,0,0,0.9
0.000634771,0,0.000608548,0,0,0.9
0.000634771,0,0.000608548,0,0,0.9
0.000634771,0,0.000608548,0,0,0.9
0.000634771,0,0.000608548,0,0,0.9
0.000634771,0,0.000608548,0,0,0.9
0.000634771,0,0.000608548,0,0,0.9
0.000634771,0,0.000608548,0,0,0.9
0.000634771,0,0.000608548,0,0,0.9
0.000634771,0,0.000608548,0,0,0.9
0.000634771,0,0.000608548,0,0,0.9
0.000634771,0,0.000608548,0,0,0.9
0.000634771,0,0.000608548,0,0,0.9
0.000634771,0,0.000608548,0,0,0.9
0.000634771,0,0.000608548,0,0,0.9
0.000634771,0,0.000608548,0,0,0.9
0.000634771,0,0.000608548,0,0,0.9
0.000634771,0,0.000608548,0,0,0.9
0.000634771,0,0.000608548,0,0,0.9
0.000634771,0,0.000608548,0,0,0.9
0.000634771,0,0.000608548,0,0,0.9
0.000634771,0,0.000608548,0,0,0.9
0.000634771,0,0.000608548,0,0,0.9
0.000634771,0,0.000608548,0,0,0.9
0.000634771,0,0.000608548,0,0,0.9
0.000634771,0,0.000608548,0,0,0.9
0.000634771,0,0.000608548,0,0,0.9
0.000634771,0,0.000608548,0,0,0.9
0.000634771,0,0.000608548,0,0,0.9
0.000634771,0,0.000608548,0,0,0.9
0.000634771,0,0.000608548,0,0,0.9
0.000634771,0,0.000608548,0,0,0.9
0.000634771,0,0.000608548,0,0,0.9
0.000634771,0,0.000608548,0,0,0.9
0.000634771,0,0.000608548,0,0,0.9
0.000634771,0,0.000608548,0,0,0.9
0.000634771,0,0.000608548,0,0,0.9
0.000634771,0,0.000608548,0,0,0.9
0.000634771,0,0.000608548,0,0,0.9
0.000634771,0,0.000608548,0,0,0.9
0.000634771,0,0.000608548,0,0,0.9
0.000634771,0,0.000608548,0,0,0.9
0.000634771,0,0.000608548,0,0,0.9
0.000634771,0,0.000608548,0,0,0.9
0.000634771,0,0.000608548,0,0,0.9
0.000634771,0,0.000608548,0,0,0.9
0.000634771,0,0.000608548,0,0,0.9
0.000634771,0,0.000608548,0,0,0.9
0.000634771,0,0.000608548,0,0,0.9
0.000634771,0,0.000608548,0,0,0.9
0.000634771,0,0.000608548,0,0,0.9
0.000634771,0,0.000608548,0,0,0.9
0.000634771,0,0.000608548,0,0,0.9
0.000634771,0,0.000608548,0,0,0.9
0.000634771,0,0.000608548,0,0,0.9
0.000634771,0,0.000608548,0,0,0.9
0.000634771,0,0.000608548,0,0,0.9
0.000634771,0,0.000608548,0,0,0.9
0.000634771,0,0.000608548,0,0,0.9
0.000634771,0,0.000608548,0,0,0.9
0.000634771,0,0.000608548,0,0,0.9
0.000634771,0,0.000608548,0,0,0.9
0.000634771,0,0.000608548,0,0,0.9
0.000634771,0,0.000608548,0,0,0.9
0.000634771,0,0.000608548,0,0,0.9
0.000634771,0,0.000608548,0,0,0.9
0.000634771,0,0.000608548,0,0,0.9
0.000634771,0,0.000608548,0,0,0.9
0.000634771,0,0.000608548,0,0,0.9
0.000634771,0,0.000608548,0,0,0.9
0.000634771,0,0.000608548,0,0,0.9
0.000634771,0,0.000608548,0,0,0.9
0.000634771,0,0.000608548,0,0,0.9
0.000634771,0,0.000608548,0,0,0.9
0.000634771,0,0.000608548,0,0,0.9
0.000634771,0,0.000608548,0,0,0.9
0.000634771,0,0.000608548,0,0,0.9
0.000634771,0,0.000608548,0,0,0.9
0.000634771,0,0.000608548,0,0,0.9
0.000634771,0,0.000608548,0,0,0.9
0.000634771,0,0.000608548,0,0,0.9
0.000634771,0,0.000608548,0,0,0.9
0.000634771,0,0.000608548,0,0,0.9
0.000634771,0,0.000608548,0,0,0.9
0.000634771,0,0.000608548,0,0,0.9
0.000634771,0,0.000608548,0,0,0.9
0.000634771,0,0.000608548,0,0,0.9
0.000634771,0,0.000608548,0,0,0.9
0.000634771,0,0.000608548,0,0,0.9
0.000634771,0,0.000608548,0,0,0.9
0.000634771,0,0.000608548,0,0,0.9
0.000634771,0,0.000608548,0,0,0.9
0.000634771,0,0.000608548,0,0,0.9
0.000634771,0,0.000608548,0,0,0.9
0.000634771,0,0.000608548,0,0,0.9
0.000634771,0,0.000608548,0,0,0.9
0.000634771,0,0.000608548,0,0,0.9
0.000634771,0,0.000608548,0,0,0.9
0.000634771,0,0.000608548,0,0,0.9
0.000634771,0,0.000608548,0,0,0.9
0.000634771,0,0.000608548,0,0,0.9
0.000634771,0,0.000608548,0,0,0.9
0.000634771,0,0.00060863,0,0,0.9
0.000634771,0,0.000608874,0,0,0.9
0.000634771,0,0.000609271,0,0,0.9
0.000634771,0,0.000609808,0,0,0.9
0.000634771,0,0.000610473,0,0,0.9
0.000634771,0,0.000611255,0,0,0.9
0.000634771,0,0.000612142,0,0,0.9
0.000634771,0,0.000613122,0,0,0.9
0.000634771,0,0.000614185,0,0,0.9
0.000634771,0,0.000615318,0,0,0.9
0.000634771,0,0.000616509,0,0,0.9
0.000634771,0,0.000617747,0,0,0.9
0.000634771,0,0.000619021,0,0,0.9
0.000634771,0,0.000620318,0,0,0.9
0.000634771,0,0.000621627,0,0,0.9
0.000634771,0,0.000622936,0,0,0.9
0.000634771,0,0.000624234,0,0,0.9
0.000634771,0,0.000625509,0,0,0.9
0.000634771,0,0.00062675,0,0,0.9
0.000634771,0,0.000627944,0,0,0.9
0.000634771,0,0.00062908,0,0,0.9
0.000634771,0,0.000630146,0,0,0.9
0.000634771,0,0.000631131,0,0,0.9
0.000634771,0,0.000632023,0,0,0.9
0.000634771,0,0.000632811,0,0,0.9
0.000634771,0,0.000633482,0,0,0.9
0.000634771,0,0.000634025,0,0,0.9
0.000634771,0,0.000634429,0,0,0.9
0.000634771,0,0.000634681,0,0,0.9
0.000634771,0,0.000634771,0,0,0.9
0.000634771,0,0.000634771,0,0,0.9
0.000634771,0,0.000634771,0,0,0.9
0.000634771,0,0.000634771,0,0,0.9
0.000634771,0,0.000634771,0,0,0.9
0.000634771,0,0.000634771,0,0,0.9
0.000634771,0,0.000634771,0,0,0.9
0.000634771,0,0.000634771,0,0,0.9
0,-0.00975005,0,0,0,0.9
0,-0.00975005,0,0,0,0.9
0,-0.00975005,0,0,0,0.9
0,-0.00975005,0,0,0,0.9
0,-0.00975005,0,0,0,0.9
0,-0.00975005,0,0,0,0.9
0,-0.00975005,0,0,0,0.9
-0.0408553,-0.00975005,0,0,0,0.7
-0.0447242,-0.00994738,0,0,0,0.743
0.0189832,-0.00936582,0,-0.0153929,0,0.878
0.0114662,-0.00917295,0,-0.0118919,0,0.904
0.00756255,-0.00893179,0,-0.00934844,0,0.905
0.00684827,-0.00853963,0,-0.00804504,0,0.902
0.00514942,-0.0081981,0,-0.00630858,0,0.897
0.00370876,-0.00788321,0,-0.00528563,0,0.896
0.00392504,-0.00732883,0,-0.00406163,0,0.895
0.00369054,-0.00683553,0,-0.00288564,0,0.897
-0.000564718,-0.00736525,0,-0.00182726,0,0.898
-0.00266027,-0.0075917,0,-0.00164089,0,0.899
-0.00449581,-0.00790182,0,-0.00214773,0,0.899
-0.0042737,-0.00755716,0,-0.00326083,0,0.899
-0.0030597,-0.00682275,0,-0.00442831,0,0.899
5.40258e-05,-0.00497075,0,-0.00578245,0,0.899
0.000349499,-0.00433445,0,-0.00552073,0,0.9
-0.000990187,-0.00461791,0,-0.00488713,0,0.9
-0.000988085,-0.00418838,0,-0.00500124,0,0.9
-0.00152472,-0.00414894,0,-0.00517011,0,0.901
-0.00201675,-0.00412827,0,-0.00596636,0,0.901
-0.00261173,-0.00424729,0,-0.00713756,0,0.901
-0.00245475,-0.00382426,0,-0.00887341,0,0.901
-0.00116381,-0.00244565,0,-0.0106502,0,0.901
-0.00227661,-0.00313052,0,-0.010829,0,0.901
-0.00242726,-0.00303561,0,-0.0125224,0,0.901
-0.00251112,-0.00203256,0,-0.0146744,0,0.9
-0.00308379,-0.00185302,0,-0.0172038,0,0.9
-0.00351028,-0.00171604,0,-0.0200758,0,0.9
-0.00453483,-0.00162526,0,-0.0242909,0,0.9
-0.0039133,-0.0015843,0,-0.031153,0,0.9
-0.00238112,-0.00158226,0,-0.0354304,0,0.9
-0.00238112,-0.00158226,0,0,0,0.9
-0.00238112,-0.00158226,0,0,0,0.9
-0.00238112,-0.00158226,0,0,0,0.9
-0.00238112,-0.00158226,0,0,0,0.9
-0.00238112,-0.00158226,0,0,0,0.9
-0.00238112,-0.00158226,0,0,0,0.9
0,0,-0.00843448,0,0,0.9
0,0,-0.00843448,0,0,0.9
0,0,-0.00843448,0,0,0.9
0,0,-0.00843448,0,0,0.9
0,0,-0.00843448,0,0,0.9
0,0,-0.00843448,0,0,0.9
0,0,-0.00843448,0,0,0.9
0,0,-0.00843448,0,0,0.9
-0.042307,0,-0.00852686,0,0,0.776
0.0164717,0,-0.00819535,-0.0142926,0,0.898
0.0119029,0,-0.00797354,-0.0109778,0,0.908
0.00934645,0,-0.00769435,-0.00831978,0,0.906
0.0132203,0,-0.00687964,-0.0064158,0,0.907
0.00814722,0,-0.00673892,-0.00364136,0,0.903
0.0074303,0,-0.0062801,-0.00215883,0,0.903
0.00271162,0,-0.00650749,-0.000852297,0,0.903
-0.0015342,0,-0.00696416,0.000135532,0,0.903
-0.00413801,0,-0.00733166,0.000165949,0,0.902
-0.00513448,0,-0.00743824,-0.000848957,0,0.902
-0.00742471,0,-0.00808122,-0.00190614,0,0.901
-0.00709981,0,-0.00790146,-0.00409721,0,0.9
-0.00598795,0,-0.0073364,-0.00618462,0,0.9
-0.00446676,0,-0.00646052,-0.00837218,0,0.901
-0.00494126,0,-0.00652244,-0.00959006,0,0.901
-0.00471475,0,-0.00621457,-0.01127,0,0.901
-0.00436855,0,-0.00581631,-0.0130931,0,0.902
-0.00445344,0,-0.00568293,-0.0147165,0,0.902
-0.0046644,0,-0.00565717,-0.0164572,0,0.902
-0.00411894,0,-0.00506831,-0.0186495,0,0.902
-0.00390169,0,-0.00472072,-0.0207008,0,0.903
-0.00414402,0,-0.00475731,-0.0226085,0,0.903
-0.00400521,0,-0.00448649,-0.0246522,0,0.903
-0.0043372,0,-0.0046531,-0.0267571,0,0.902
-0.00426199,0,-0.00305304,-0.0293887,0,0.901
-0.00419209,0,-0.00293457,-0.0303164,0,0.901
-0.00412951,0,-0.00284604,-0.0330844,0,0.901
-0.00398302,0,-0.0028008,-0.0350795,0,0.901
-0.0035506,0,-0.0027707,-0.0385856,0,0.901
-0.00237366,0,-0.00276873,-0.0401571,0,0.901
-0.00237366,0,-0.00276873,0,0,0.901
-0.00237366,0,-0.00276873,0,0,0.901
-0.00237366,0,-0.00276873,0,0,0.901
-0.00237366,0,-0.00276873,0,0,0.901
-0.00237366,0,-0.00276873,0,0,0.901
-0.00237366,0,-0.00276873,0,0,0.901
0,-0.00722249,0,0,0,0.9
0,-0.00722249,0,0,0,0.9
0,-0.00722249,0,0,0,0.9
0,-0.00722249,0,0,0,0.9
0,-0.00722249,0,0,0,0.9
0,-0.00722249,0,0,0,0.9
0,-0.00722249,0,0,0,0.9
0,-0.00722249,0,0,0,0.9
-0.05,-0.00731436,0,0,0,0.8
0.011531,-0.00705364,0,-0.015837,0,0.9
0.00995518,-0.00684689,0,-0.0131231,0,0.908
0.00921324,-0.0065579,0,-0.0106129,0,0.907
0.00875034,-0.00619591,0,-0.00858209,0,0.905
0.00417223,-0.00606822,0,-0.00627598,0,0.901
0.00665629,-0.00534535,0,-0.00534919,0,0.9
0.00443104,-0.00521246,0,-0.0039151,0,0.9
0.00290277,-0.00517219,0,-0.00247504,0,0.9
8.68283e-05,-0.00543733,0,-0.00155855,0,0.901
-0.00233653,-0.0058108,0,-0.00132645,0,0.901
-0.0045012,-0.00631187,0,-0.00182871,0,0.902
-0.00456362,-0.00620514,0,-0.0034888,0,0.902
-0.00423306,-0.00593205,0,-0.00481414,0,0.902
0.000856858,-0.00323315,0,-0.0067318,0,0.902
-0.000249095,-0.00343206,0,-0.00602123,0,0.902
-0.000299655,-0.00311756,0,-0.00580301,0,0.902
-0.000729857,-0.00305727,0,-0.00538146,0,0.902
-0.000688577,-0.00272168,0,-0.00547895,0,0.902
-0.00126895,-0.00285874,0,-0.00555821,0,0.903
-0.00161786,-0.00287086,0,-0.0059753,0,0.903
-0.00127853,-0.00236425,0,-0.0067785,0,0.903
-0.000239858,-0.00125061,0,-0.00767894,0,0.903
-0.00201857,-0.00259248,0,-0.00705066,0,0.903
-0.0031507,-0.00347517,0,-0.00789575,0,0.903
-0.00388505,-0.00227204,0,-0.0107027,0,0.901
-0.00400605,-0.00216161,0,-0.0141618,0,0.901
-0.00418874,-0.00207863,0,-0.0186684,0,0.901
-0.0038591,-0.0020245,0,-0.0236955,0,0.901
-0.00298121,-0.00200421,0,-0.0285608,0,0.901
-0.00181016,-0.00200404,0,-0.0303642,0,0.901
-0.00181016,-0.00200404,0,0,0,0.901
-0.00181016,-0.00200404,0,0,0,0.901
-0.00181016,-0.00200404,0,0,0,0.901
-0.00181016,-0.00200404,0,0,0,0.901
-0.00181016,-0.00200404,0,0,0,0.901
-0.00181016,-0.00200404,0,0,0,0.901
0,0,-0.00633526,0,0,0.9
0,0,-0.00633526,0,0,0.9
0,0,-0.00633526,0,0,0.9
0,0,-0.00633526,0,0,0.9
0,0,-0.00633526,0,0,0.9
0,0,-0.00633526,0,0,0.9
0,0,-0.00633526,0,0,0.9
0,0,-0.00633526,0,0,0.9
-0.05,0,-0.00641031,0,0,0.818
0.00478226,0,-0.00624185,-0.0150449,0,0.903
0.00696986,0,-0.00605478,-0.0135627,0,0.908
0.001476,0,-0.00602854,-0.0114028,0,0.908
0.00660079,0,-0.00544671,-0.0105879,0,0.909
0.00139611,0,-0.00558061,-0.00879848,0,0.908
0.00199751,0,-0.00524949,-0.0080052,0,0.908
-0.00092507,0,-0.00543685,-0.00714598,0,0.909
-0.00361444,0,-0.00577497,-0.00676102,0,0.908
-0.00482491,0,-0.00595962,-0.00693115,0,0.907
-0.00624778,0,-0.00630932,-0.00780105,0,0.903
-0.00797556,0,-0.00689973,-0.00864721,0,0.902
-0.00657613,0,-0.00642977,-0.0105966,0,0.902
-0.00601479,0,-0.00619375,-0.0124356,0,0.902
-0.00405249,0,-0.00521378,-0.0139824,0,0.902
-0.00218936,0,-0.00408659,-0.0151481,0,0.901
-0.00285927,0,-0.00427789,-0.0152311,0,0.901
-0.00340844,0,-0.00446047,-0.0157795,0,0.901
-0.00396853,0,-0.00470701,-0.0166776,0,0.901
-0.00439361,0,-0.00491356,-0.0180159,0,0.902
-0.00441266,0,-0.00484656,-0.0198758,0,0.903
-0.00422423,0,-0.004614,-0.0220274,0,0.903
-0.00364926,0,-0.00404666,-0.0243685,0,0.904
-0.00360351,0,-0.00391279,-0.0261024,0,0.904
-0.00356617,0,-0.00379408,-0.0277843,0,0.904
-0.00382044,0,-0.00285167,-0.0293445,0,0.902
-0.00409594,0,-0.00277217,-0.029878,0,0.902
-0.0039174,0,-0.00271058,-0.032657,0,0.902
-0.00409032,0,-0.00267155,-0.0377934,0,0.902
-0.00391488,0,-0.00265495,-0.0377934,0,0.902
-0.00253146,0,-0.00265446,-0.0398826,0,0.902
-0.00253146,0,-0.00265446,0,0,0.902
-0.00253146,0,-0.00265446,0,0,0.902
-0.00253146,0,-0.00265446,0,0,0.902
-0.00253146,0,-0.00265446,0,0,0.902
-0.00253146,0,-0.00265446,0,0,0.902
-0.00253146,0,-0.00265446,0,0,0.902
0,-0.00529614,0,0,0,0.901
0,-0.00529614,0,0,0,0.901
0,-0.00529614,0,0,0,0.901
0,-0.00529614,0,0,0,0.901
0,-0.00529614,0,0,0,0.901
0,-0.00529614,0,0,0,0.901
0,-0.00529614,0,0,0,0.901
0,-0.00529614,0,0,0,0.901
-0.0380231,-0.00536036,0,0,0,0.707
0.00730131,-0.00519895,0,-0.017909,0,0.891
0.00391549,-0.00511605,0,-0.0155693,0,0.908
-0.000214234,-0.00510641,0,-0.0137471,0,0.907
0.0025151,-0.00482701,0,-0.0130947,0,0.907
-0.00198968,-0.00500464,0,-0.0116034,0,0.904
0.00389692,-0.00417724,0,-0.0114513,0,0.899
0.00263114,-0.00405006,0,-0.0098281,0,0.9
0.00235467,-0.00378941,0,-0.00854165,0,0.899
-0.000613562,-0.00417978,0,-0.00725931,0,0.9
-0.00264577,-0.00454638,0,-0.00710709,0,0.9
-0.00525751,-0.00528342,0,-0.00740848,0,0.9
-0.00611653,-0.00560573,0,-0.00873506,0,0.9
-0.00452461,-0.00496709,0,-0.0106889,0,0.9
-0.00230185,-0.00387009,0,-0.0123434,0,0.9
-0.00218245,-0.00365759,0,-0.0127238,0,0.9
-0.000724473,-0.00266292,0,-0.0130101,0,0.9
-0.000171557,-0.00209298,0,-0.0125612,0,0.9
-0.00117525,-0.00252276,0,-0.0117306,0,0.9
-0.00178759,-0.00277214,0,-0.0117441,0,0.9
-0.00131141,-0.00225278,0,-0.0123371,0,0.9
-0.0013715,-0.00213417,0,-0.0126022,0,0.9
-0.00178611,-0.00233127,0,-0.0125773,0,0.9
-0.00151224,-0.00196998,0,-0.0135413,0,0.901
-0.00298832,-0.00319368,0,-0.0140054,0,0.901
-0.00342908,-0.00247599,0,-0.0167106,0,0.9
-0.00330176,-0.00240707,0,-0.0191732,0,0.9
-0.00389227,-0.00235352,0,-0.0225367,0,0.9
-0.00411323,-0.00231667,0,-0.027301,0,0.9
-0.00373984,-0.00229785,0,-0.0329111,0,0.9
-0.00236137,-0.00229562,0,-0.036418,0,0.9
-0.00236137,-0.00229562,0,0,0,0.9
-0.00236137,-0.00229562,0,0,0,0.9
-0.00236137,-0.00229562,0,0,0,0.9
-0.00236137,-0.00229562,0,0,0,0.9
-0.00236137,-0.00229562,0,0,0,0.9
-0.00236137,-0.00229562,0,0,0,0.9
0,0,-0.00783027,0,0,0.899
0,0,-0.00783027,0,0,0.899
0,0,-0.00783027,0,0,0.899
0,0,-0.00783027,0,0,0.899
0,0,-0.00783027,0,0,0.899
0,0,-0.00783027,0,0,0.899
0,0,-0.00783027,0,0,0.899
0,0,-0.00783027,0,0,0.899
-0.0437482,0,-0.00789093,0,0,0.739
0.0149182,0,-0.00765878,-0.0171901,0,0.898
0.0126893,0,-0.00743292,-0.0139971,0,0.911
0.00633024,0,-0.00730655,-0.0109452,0,0.91
0.0127027,0,-0.00648222,-0.00934009,0,0.911
0.00733424,0,-0.00639644,-0.00671574,0,0.908
0.00342335,0,-0.00640259,-0.00488043,0,0.908
0.0016671,0,-0.00628433,-0.00402117,0,0.908
-0.00397549,0,-0.00705215,-0.0030239,0,0.908
-0.00529934,0,-0.00721352,-0.00362786,0,0.908
-0.00613884,0,-0.00734207,-0.00458631,0,0.907
-0.0069968,0,-0.00755125,-0.00589015,0,0.907
-0.00714208,0,-0.00756713,-0.00732981,0,0.907
-0.00626145,0,-0.00715236,-0.00909988,0,0.906
-0.00461213,0,-0.00628093,-0.0107384,0,0.906
-0.00307816,0,-0.00530727,-0.0119757,0,0.906
-0.00330223,0,-0.00520339,-0.0124785,0,0.906
-0.00315251,0,-0.00488959,-0.0131421,0,0.906
-0.00330171,0,-0.00477536,-0.0136726,0,0.907
-0.0038539,0,-0.00496576,-0.0145584,0,0.907
-0.00378087,0,-0.00473569,-0.0157071,0,0.907
-0.00308499,0,-0.00400735,-0.0172511,0,0.907
-0.00344285,0,-0.00413245,-0.0181626,0,0.908
-0.00428475,0,-0.00471652,-0.0190759,0,0.908
-0.0049302,0,-0.00519133,-0.0216019,0,0.908
-0.00629419,0,-0.0051532,-0.0240686,0,0.906
-0.0064895,0,-0.0050901,-0.029098,0,0.906
-0.0059574,0,-0.00503736,-0.0309726,0,0.906
-0.00550333,0,-0.00500372,-0.0356645,0,0.906
-0.00499594,0,-0.00498578,-0.03937,0,0.906
-0.00418053,0,-0.00498348,-0.0412857,0,0.906
-0.00418053,0,-0.00498348,-0.0427726,0,0.906
-0.00418053,0,-0.00498348,0,0,0.906
-0.00418053,0,-0.00498348,0,0,0.906
-0.00418053,0,-0.00498348,0,0,0.906
-0.00418053,0,-0.00498348,0,0,0.906
-0.00418053,0,-0.00498348,0,0,0.906
-0.00418053,0,-0.00498348,0,0,0.906
0,-0.00259951,0,0,0,0.904
0,-0.00259951,0,0,0,0.904
0,-0.00259951,0,0,0,0.904
0,-0.00259951,0,0,0,0.904
0,-0.00259951,0,0,0,0.904
0,-0.00259951,0,0,0,0.904
0,-0.00259951,0,0,0,0.904
-0.0372757,-0.00265726,0,0,0,0.7
-0.0398084,-0.00293425,0,0,0,0.739
0.0178203,-0.00226635,0,-0.018878,0,0.888
0.00429061,-0.00238127,0,-0.014139,0,0.905
0.0108501,-0.00188793,0,-0.0127817,0,0.906
0.00447989,-0.00203535,0,-0.0100227,0,0.903
0.00443204,-0.00182167,0,-0.0085493,0,0.902
-0.00140966,-0.00242727,0,-0.00701965,0,0.903
-0.00378699,-0.00281641,0,-0.00670316,0,0.903
-0.011902,-0.00467321,0,-0.00712532,0,0.904
-0.0179151,-0.00670088,0,-0.00963345,0,0.902
-0.0261397,-0.0099791,0,-0.014177,0,0.902
-0.0358102,-0.0146168,0,-0.021436,0,0.901
-0.0419625,-0.0187611,0,-0.0327198,0,0.901
-0.05,-0.0251152,0,-0.0470156,0,0.9
-0.05,-0.0274233,0,-0.06,0,0.901
-0.05,-0.0309599,0,-0.06,0,0.884
-0.05,-0.0348415,0,-0.06,0,0.871
-0.106031,-0.0768771,0,-0.06,0,0.877
-0.164284,-0.126716,0,-0.06,0,0.877
-0.180954,-0.151206,0,-0.06,0,0.867
-0.191573,-0.165402,0,-0.06,0,0.873
-0.170841,-0.153734,0,-0.06,0,0.877
-0.139436,-0.157732,0,-0.06,0,0.878
-0.0907192,-0.163525,0,-0.06,0,0.878
-0.0373248,-0.164021,0,-0.06,0,0.878
-0.0264315,-0.164179,0,-0.06,0,0.878
-0.0264315,-0.164179,0,-0.06,0,0.878
-0.0264315,-0.164179,0,0,0,0.878
-0.0264315,-0.164179,0,0,0,0.878
-0.0264315,-0.164179,0,0,0,0.878
-0.0264315,-0.164179,0,0,0,0.878
-0.0264315,-0.164179,0,0,0,0.878
-0.0264315,-0.164179,0,0,0,0.878
0,0,0.160271,0,0,0.894
0,0,0.160271,0,0,0.894
0,0,0.160271,0,0,0.894
0,0,0.160271,0,0,0.894
0,0,0.160271,0,0,0.894
0,0,0.160271,0,0,0.894
0,0,0.160271,0,0,0.894
0,0,0.160271,0,0,0.894
0,0,0.160214,0,0,0.894
-0.0482304,0,0.159055,-0.0125471,0,0.892
-0.0378329,0,0.156864,-0.0184662,0,0.898
-0.0151285,0,0.154227,-0.0237504,0,0.897
-0.00314931,0,0.151119,-0.0251402,0,0.902
-0.00386736,0,0.146761,-0.02507,0,0.904
-0.0104434,0,0.14106,-0.0236199,0,0.906
0.0122432,0,0.138172,-0.0246558,0,0.901
0.0246482,0,0.134355,-0.0208866,0,0.895
0.0186298,0,0.127053,-0.0133992,0,0.893
0.00386645,0,0.116831,-0.00669343,0,0.895
-0.0104794,0,0.105033,-0.00424163,0,0.896
-0.0103536,0,0.0970259,-0.00680993,0,0.897
-0.00549653,0,0.0906643,-0.0107071,0,0.897
-0.00181195,0,0.0841139,-0.0127836,0,0.897
-0.00533015,0,0.0743557,-0.0126215,0,0.898
-0.00752482,0,0.0648312,-0.0145152,0,0.898
-0.00681098,0,0.0572266,-0.017808,0,0.899
-0.00475929,0,0.050769,-0.0214198,0,0.9
-0.00380184,0,0.0439791,-0.023499,0,0.901
-0.00421698,0,0.0363152,-0.0252411,0,0.901
-0.00654929,0,0.0284466,-0.0256178,0,0.905
-0.00616444,0,0.0223557,-0.0291162,0,0.906
-0.00635149,0,0.016072,-0.0318396,0,0.906
-0.00380782,0,0.0117536,-0.0358385,0,0.907
-0.00269655,0,0.008108,-0.0367633,0,0.906
-0.00315889,0,0.00424242,-0.0344973,0,0.906
-0.00321827,0,0.00117922,-0.0326723,0,0.906
-0.00344553,0,-0.00101138,-0.0314018,0,0.906
-0.00234219,0,-0.00225914,-0.032228,0,0.906
-0.000777528,0,-0.0025343,-0.03101,0,0.906
-0.000777528,0,-0.0025343,-0.0248774,0,0.906
-0.000777528,0,-0.0025343,0,0,0.906
-0.000777528,0,-0.0025343,0,0,0.906
-0.000777528,0,-0.0025343,0,0,0.906
-0.000777528,0,-0.0025343,0,0,0.906
-0.000777528,0,-0.0025343,0,0,0.906
-0.000777528,0,-0.0025343,0,0,0.906
0,-0.00526145,0,0,0,0.903
0,-0.00526145,0,0,0,0.903
0,-0.00526145,0,0,0,0.903
0,-0.00526145,0,0,0,0.903
0,-0.00526145,0,0,0,0.903
0,-0.00526145,0,0,0,0.903
0,-0.00526145,0,0,0,0.903
-0.0277852,-0.00526941,0,0,0,0.805
-0.0309865,-0.00536676,0,0,0,0.848
0.0113911,-0.00504618,0,-0.00804366,0,0.903
-0.00234105,-0.00517968,0,-0.00575123,0,0.905
0.00223296,-0.00489642,0,-0.0056955,0,0.903
-0.000839569,-0.00493289,0,-0.0048986,0,0.902
0.00180472,-0.00452091,0,-0.00485853,0,0.9
-0.00473569,-0.00518934,0,-0.00392394,0,0.904
-0.00506353,-0.00522706,0,-0.00476437,0,0.905
-0.00269103,-0.00470839,0,-0.00571719,0,0.903
-0.00349637,-0.00480449,0,-0.00608313,0,0.902
-0.00279553,-0.00450922,0,-0.00685509,0,0.901
-0.00300859,-0.0044679,0,-0.00716068,0,0.901
-0.00107148,-0.0035823,0,-0.0079228,0,0.901
-0.000475795,-0.00310716,0,-0.00767661,0,0.901
0.000279968,-0.00248382,0,-0.00747573,0,0.9
-0.00151734,-0.00319781,0,-0.00674764,0,0.9
-0.00151577,-0.00300644,0,-0.00705955,0,0.899
-0.000975281,-0.00247887,0,-0.00714978,0,0.9
0.00030786,-0.00138287,0,-0.00723772,0,0.9
0.00195336,9.08672e-05,0,-0.00641042,0,0.9
0.00254403,0.000854772,0,-0.00431058,0,0.901
0.00198726,0.000712479,0,-0.00195354,0,0.901
0.00111469,0.000232214,0,0.00101406,0,0.901
-0.000614353,-0.00110583,0,0.00236811,0,0.902
-0.00188319,-0.00213891,0,0.00172635,0,0.902
-0.00226192,-0.000891433,0,-0.00136968,0,0.902
-0.00192221,-0.000795544,0,-0.00538513,0,0.902
-0.00277376,-0.000723894,0,-0.00830456,0,0.902
-0.00384672,-0.000678508,0,-0.0123849,0,0.902
-0.00347259,-0.00066141,0,-0.0193019,0,0.902
-0.00146356,-0.000661325,0,-0.0254382,0,0.902
-0.00146356,-0.000661325,0,0,0,0.902
-0.00146356,-0.000661325,0,0,0,0.902
-0.00146356,-0.000661325,0,0,0,0.902
-0.00146356,-0.000661325,0,0,0,0.902
-0.00146356,-0.000661325,0,0,0,0.902
-0.00146356,-0.000661325,0,0,0,0.902
0,0,-0.0093866,0,0,0.9
0,0,-0.0093866,0,0,0.9
0,0,-0.0093866,0,0,0.9
0,0,-0.0093866,0,0,0.9
0,0,-0.0093866,0,0,0.9
0,0,-0.0093866,0,0,0.9
0,0,-0.0093866,0,0,0.9
0,0,-0.0093866,0,0,0.9
-0.05,0,-0.00956738,0,0,0.774
0.0262813,0,-0.00895509,-0.0204468,0,0.893
0.0125524,0,-0.00880906,-0.0150337,0,0.904
0.0158913,0,-0.008224,-0.0119339,0,0.906
0.0149503,0,-0.00749354,-0.00865364,0,0.905
0.00534076,0,-0.00779123,-0.00524807,0,0.904
-0.00382236,0,-0.00859835,-0.00384816,0,0.906
-0.00782307,0,-0.00910575,-0.00400146,0,0.905
-0.00929663,0,-0.00936679,-0.00529844,0,0.905
-0.00699074,0,-0.00875575,-0.0072646,0,0.905
-0.00720565,0,-0.00871173,-0.00862613,0,0.904
-0.00680825,0,-0.00846733,-0.0101289,0,0.904
-0.00493872,0,-0.00759036,-0.0115711,0,0.905
-0.00170599,0,-0.00590763,-0.0127934,0,0.905
-0.00100882,0,-0.0051665,-0.0129094,0,0.904
-0.00185419,0,-0.00521889,-0.0123594,0,0.904
-0.00302993,0,-0.00554843,-0.0123604,0,0.903
-0.00248277,0,-0.00488492,-0.01308,0,0.903
-0.00102853,0,-0.00355696,-0.0137154,0,0.904
0.00127313,0,-0.00147092,-0.013619,0,0.904
0.00293879,0,0.00029448,-0.0117791,0,0.904
0.0010569,0,-0.000778349,-0.00933965,0,0.905
-0.00146032,0,-0.00255825,-0.00702603,0,0.905
-0.0046688,0,-0.0051632,-0.00675547,0,0.905
-0.00578528,0,-0.00605537,-0.0106416,0,0.905
-0.00390845,0,-0.00303111,-0.0178042,0,0.905
-0.00224448,0,-0.00288999,-0.0207375,0,0.905
-0.00362799,0,-0.00278773,-0.0214832,0,0.905
-0.0046984,0,-0.00272337,-0.0236033,0,0.905
-0.00462873,0,-0.00269977,-0.0288044,0,0.905
-0.00462873,0,-0.00269976,-0.0339861,0,0.905
-0.00462873,0,-0.00269976,0,0,0.905
-0.00462873,0,-0.00269976,0,0,0.905
-0.00462873,0,-0.00269976,0,0,0.905
-0.00462873,0,-0.00269976,0,0,0.905
-0.00462873,0,-0.00269976,0,0,0.905
-0.00462873,0,-0.00269976,0,0,0.905
0,-0.00486257,0,0,0,0.903
0,-0.00486257,0,0,0,0.903
0,-0.00486257,0,0,0,0.903
0,-0.00486257,0,0,0,0.903
0,-0.00486257,0,0,0,0.903
0,-0.00486257,0,0,0,0.903
0,-0.00486257,0,0,0,0.903
0,-0.00486257,0,0,0,0.903
-0.0428806,-0.00498956,0,0,0,0.7
0.0224734,-0.00460734,0,-0.0202821,0,0.889
0.0112732,-0.00450635,0,-0.01547,0,0.905
0.0114412,-0.00419914,0,-0.0125345,0,0.905
0.0132066,-0.00369398,0,-0.0101902,0,0.903
0.000785758,-0.00433268,0,-0.0067468,0,0.9
-0.000444303,-0.00430371,0,-0.00623449,0,0.9
-0.00562729,-0.00498712,0,-0.00571236,0,0.9
-0.00538464,-0.00496829,0,-0.00682684,0,0.9
-0.000716183,-0.00384989,0,-0.00801915,0,0.901
0.00177921,-0.00294357,0,-0.00777782,0,0.901
0.000923322,-0.00292644,0,-0.00676486,0,0.902
-4.38277e-06,-0.0030037,0,-0.00607542,0,0.902
-0.000642983,-0.00303636,0,-0.00553832,0,0.901
-0.000822689,-0.0029132,0,-0.00538298,0,0.901
-0.000495869,-0.00253763,0,-0.00538451,0,0.901
-0.000747141,-0.00246726,0,-0.00515792,0,0.901
-0.00116412,-0.00252919,0,-0.00524298,0,0.901
-0.000923097,-0.0021892,0,-0.00558639,0,0.901
-0.00154284,-0.00245675,0,-0.0057996,0,0.901
-0.00219347,-0.00281073,0,-0.00653468,0,0.901
-0.00251982,-0.00296091,0,-0.0080006,0,0.9
-0.00359646,-0.00378781,0,-0.00982362,0,0.901
-0.00442239,-0.00447342,0,-0.0129077,0,0.901
-0.0048014,-0.00480657,0,-0.0174957,0,0.901
-0.00666358,-0.0036061,0,-0.0224456,0,0.9
-0.0053616,-0.00357651,0,-0.0298014,0,0.9
-0.00465275,-0.00355381,0,-0.0353409,0,0.9
-0.00341983,-0.00353862,0,-0.0402612,0,0.9
-0.00202912,-0.00353153,0,-0.0411263,0,0.9
-0.00127749,-0.00353106,0,-0.0387775,0,0.9
-0.00127749,-0.00353106,0,0,0,0.9
-0.00127749,-0.00353106,0,0,0,0.9
-0.00127749,-0.00353106,0,0,0,0.9
-0.00127749,-0.00353106,0,0,0,0.9
-0.00127749,-0.00353106,0,0,0,0.9
-0.00127749,-0.00353106,0,0,0,0.9
0,0,-0.00579656,0,0,0.899
0,0,-0.00579656,0,0,0.899
0,0,-0.00579656,0,0,0.899
0,0,-0.00579656,0,0,0.899
0,0,-0.00579656,0,0,0.899
0,0,-0.00579656,0,0,0.899
0,0,-0.00579656,0,0,0.899
0,0,-0.00579656,0,0,0.899
-0.0440276,0,-0.00588976,0,0,0.769
0.0125651,0,-0.00563014,-0.0157997,0,0.898
0.00600688,0,-0.00553929,-0.0128265,0,0.909
0.00540031,0,-0.00534664,-0.0109442,0,0.909
0.00859528,0,-0.00487732,-0.00960835,0,0.907
0.00786244,0,-0.00442139,-0.00734077,0,0.903
0.00496075,0,-0.00435038,-0.00531597,0,0.902
0.00283717,0,-0.00431622,-0.00446848,0,0.902
-0.00461523,0,-0.00554729,-0.00333879,0,0.903
-0.00731079,0,-0.0061797,-0.00401233,0,0.904
-0.00814385,0,-0.00649585,-0.00538574,0,0.904
-0.00894458,0,-0.0068844,-0.00733788,0,0.903
-0.00818405,0,-0.00673666,-0.00956889,0,0.903
-0.00707142,0,-0.00636119,-0.0118379,0,0.903
-0.00284871,0,-0.00433735,-0.0155088,0,0.901
-0.00322739,0,-0.00440326,-0.0162622,0,0.902
-0.00235831,0,-0.00375783,-0.0162622,0,0.902
-0.00174296,0,-0.00319605,-0.0166887,0,0.902
-0.00184112,0,-0.00307768,-0.0165899,0,0.903
-0.00221437,0,-0.00317093,-0.0164629,0,0.903
-0.00155139,0,-0.00250046,-0.0168673,0,0.903
-0.000766815,0,-0.00168554,-0.0170668,0,0.903
-0.00128348,0,-0.00194298,-0.0165144,0,0.904
-0.00244015,0,-0.00281465,-0.0161371,0,0.904
-0.00371063,0,-0.00387932,-0.0172285,0,0.904
-0.00475938,0,-0.00275845,-0.0197467,0,0.902
-0.00528803,0,-0.00268851,-0.0224743,0,0.902
-0.00523138,0,-0.0026362,-0.0284805,0,0.902
-0.00499069,0,-0.0026042,-0.0332406,0,0.902
-0.00394046,0,-0.00259076,-0.0386713,0,0.902
-0.00220902,0,-0.00259052,-0.0415408,0,0.902
-0.00220902,0,-0.00259052,0,0,0.902
-0.00220902,0,-0.00259052,0,0,0.902
-0.00220902,0,-0.00259052,0,0,0.902
-0.00220902,0,-0.00259052,0,0,0.902
-0.00220902,0,-0.00259052,0,0,0.902
-0.00220902,0,-0.00259052,0,0,0.902
0,-0.00448942,0,0,0,0.901
0,-0.00448942,0,0,0,0.901
0,-0.00448942,0,0,0,0.901
0,-0.00448942,0,0,0,0.901
0,-0.00448942,0,0,0,0.901
0,-0.00448942,0,0,0,0.901
0,-0.00448942,0,0,0,0.901
0,-0.00448942,0,0,0,0.901
-0.0251508,-0.00453967,0,0,0,0.7
0.0115629,-0.00435921,0,-0.0135436,0,0.895
0.00789844,-0.00423864,0,-0.0110589,0,0.909
0.00470877,-0.00413883,0,-0.00894915,0,0.909
0.00847643,-0.00369685,0,-0.00770646,0,0.908
0.0055973,-0.00359066,0,-0.00565798,0,0.906
0.00964652,-0.00275532,0,-0.00443552,0,0.901
0.00737875,-0.00260153,0,-0.00193865,0,0.9
0.0104902,-0.00151751,0,-0.000353939,0,0.9
0.00877459,-0.00129841,0,0.00252994,0,0.9
0.00439815,-0.00195497,0,0.00504357,0,0.9
-0.00108565,-0.00336341,0,0.00628653,0,0.901
-0.00331245,-0.0040436,0,0.00572074,0,0.901
-0.00331423,-0.00398662,0,0.00401239,0,0.901
-0.00296851,-0.00376312,0,0.00246248,0,0.901
-0.00173321,-0.00303568,0,0.000849933,0,0.901
-0.00289053,-0.00356671,0,2.60487e-05,0,0.901
-0.0036015,-0.00393352,0,-0.00172632,0,0.901
-0.00381516,-0.00402811,0,-0.00410074,0,0.902
-0.00372458,-0.00393111,0,-0.00614066,0,0.902
-0.00308373,-0.00340189,0,-0.00831178,0,0.902
-0.0017727,-0.00227579,0,-0.0106891,0,0.902
-0.00196888,-0.00233943,0,-0.0118461,0,0.902
-0.00203838,-0.00231354,0,-0.0124731,0,0.902
-0.002164,-0.00235322,0,-0.0140208,0,0.902
-0.00227998,-0.00145761,0,-0.0154486,0,0.9
-0.00298466,-0.00138886,0,-0.0154681,0,0.9
-0.00333628,-0.00133693,0,-0.0185234,0,0.9
-0.00258503,-0.00130325,0,-0.0220255,0,0.9
-0.00240254,-0.00129081,0,-0.0236391,0,0.9
-0.000994344,-0.00128891,0,-0.0254216,0,0.9
-0.000994344,-0.00128891,0,0,0,0.9
-0.000994344,-0.00128891,0,0,0,0.9
-0.000994344,-0.00128891,0,0,0,0.9
-0.000994344,-0.00128891,0,0,0,0.9
-0.000994344,-0.00128891,0,0,0,0.9
-0.000994344,-0.00128891,0,0,0,0.9
0,0,-0.00735302,0,0,0.899
0,0,-0.00735302,0,0,0.899
0,0,-0.00735302,0,0,0.899
0,0,-0.00735302,0,0,0.899
0,0,-0.00735302,0,0,0.899
0,0,-0.00735302,0,0,0.899
0,0,-0.00735302,0,0,0.899
0,0,-0.00735302,0,0,0.899
-0.0287165,0,-0.00738937,0,0,0.779
0.0079514,0,-0.0072309,-0.00958627,0,0.9
0.00706614,0,-0.00706297,-0.00791374,0,0.911
0.00294036,0,-0.00695944,-0.00616028,0,0.908
0.0126317,0,-0.00601084,-0.00552202,0,0.91
0.00857983,0,-0.00581289,-0.00325342,0,0.906
0.00645174,0,-0.0055727,-0.00143101,0,0.907
0.00357974,0,-0.00555286,0.000295682,0,0.908
0.000303232,0,-0.005792,0.000621881,0,0.908
-0.00404701,0,-0.00654027,0.000974646,0,0.908
-0.00871934,0,-0.00774937,0.000120907,0,0.908
-0.010779,0,-0.008508,-0.00184156,0,0.907
-0.0107751,0,-0.00866631,-0.00472713,0,0.908
-0.00719186,0,-0.00728352,-0.00787705,0,0.909
-0.00376827,0,-0.00562696,-0.0101418,0,0.908
-0.00230248,0,-0.0046656,-0.0111596,0,0.907
-0.00329951,0,-0.00500196,-0.0110444,0,0.907
-0.0036656,0,-0.00504086,-0.0117304,0,0.908
-0.00302671,0,-0.00443574,-0.0127832,0,0.908
-0.00324043,0,-0.00439177,-0.0136584,0,0.908
-0.00311026,0,-0.00411234,-0.0144985,0,0.908
-0.00334287,0,-0.00412408,-0.0156135,0,0.908
-0.0031425,0,-0.00380039,-0.0166429,0,0.908
-0.00252477,0,-0.00310869,-0.0179524,0,0.908
-0.00307511,0,-0.00345396,-0.018451,0,0.908
-0.00341235,0,-0.00298593,-0.0195146,0,0.906
-0.00366308,0,-0.00287895,-0.0209108,0,0.906
-0.00383645,0,-0.00279657,-0.0214567,0,0.906
-0.00388544,0,-0.00274302,-0.0259486,0,0.906
-0.00375219,0,-0.00271427,-0.0259486,0,0.906
-0.00272466,0,-0.00271215,-0.0285869,0,0.906
-0.00272466,0,-0.00271215,0,0,0.906
-0.00272466,0,-0.00271215,0,0,0.906
-0.00272466,0,-0.00271215,0,0,0.906
-0.00272466,0,-0.00271215,0,0,0.906
-0.00272466,0,-0.00271215,0,0,0.906
-0.00272466,0,-0.00271215,0,0,0.906
0,-0.00226599,0,0,0,0.904
0,-0.00226599,0,0,0,0.904
0,-0.00226599,0,0,0,0.904
0,-0.00226599,0,0,0,0.904
0,-0.00226599,0,0,0,0.904
0,-0.00226599,0,0,0,0.904
0,-0.00226599,0,0,0,0.904
0,-0.00226599,0,0,0,0.904
-0.03053,-0.00232339,0,0,0,0.7
-0.00455129,-0.00227763,0,-0.0115383,0,0.91
0.01244,-0.00203273,0,-0.0120982,0,0.91
0.00387209,-0.00206825,0,-0.00930864,0,0.909
0.00889373,-0.00166786,0,-0.00819102,0,0.909
0.00607846,-0.00159118,0,-0.00606584,0,0.904
0.00301649,-0.00167478,0,-0.00436244,0,0.903
0.00123573,-0.00174965,0,-0.00322678,0,0.901
0.00795414,-0.00035655,0,-0.00296823,0,0.899
0.0105774,0.000692012,0,-0.0010466,0,0.896
0.00757278,0.000436474,0,0.00239188,0,0.896
0.00295131,-0.000595204,0,0.0047317,0,0.897
-0.00138476,-0.00194237,0,0.00578541,0,0.898
-0.00679954,-0.0041534,0,0.00525059,0,0.898
-0.00726299,-0.00458943,0,0.00217116,0,0.899
-0.00868081,-0.00556977,0,-0.00121536,0,0.899
-0.00758201,-0.00526208,0,-0.00591596,0,0.9
-0.00777886,-0.00561386,0,-0.0096552,0,0.904
-0.00694063,-0.00531624,0,-0.013655,0,0.906
-0.00579201,-0.00473639,0,-0.0173873,0,0.905
-0.0036144,-0.00328394,0,-0.0204268,0,0.906
-0.00371714,-0.00342251,0,-0.0217388,0,0.906
-0.00444084,-0.00408167,0,-0.0223382,0,0.907
-0.00362781,-0.003454,0,-0.0248227,0,0.906
-0.00408703,-0.00391379,0,-0.0254728,0,0.906
-0.00382524,-0.00344821,0,-0.0273533,0,0.905
-0.00381341,-0.00347834,0,-0.0289904,0,0.905
-0.00330841,-0.00350222,0,-0.0280269,0,0.905
-0.00267407,-0.00351929,0,-0.0288139,0,0.905
-0.00209709,-0.00352902,0,-0.0286643,0,0.905
-0.000980944,-0.00353117,0,-0.0270571,0,0.905
-0.000980944,-0.00353117,0,-0.0230003,0,0.905
-0.000980944,-0.00353117,0,0,0,0.905
-0.000980944,-0.00353117,0,0,0,0.905
-0.000980944,-0.00353117,0,0,0,0.905
-0.000980944,-0.00353117,0,0,0,0.905
-0.000980944,-0.00353117,0,0,0,0.905
-0.000980944,-0.00353117,0,0,0,0.905
0,0,-0.00607002,0,0,0.902
0,0,-0.00607002,0,0,0.902
0,0,-0.00607002,0,0,0.902
0,0,-0.00607002,0,0,0.902
0,0,-0.00607002,0,0,0.902
0,0,-0.00607002,0,0,0.902
0,0,-0.00607002,0,0,0.902
-0.0327068,0,-0.00607853,0,0,0.831
-0.0376355,0,-0.00618753,0,0,0.875
0.0106892,0,-0.00585752,-0.00843551,0,0.909
0.0051284,0,-0.00575845,-0.00645732,0,0.907
0.00730412,0,-0.00534872,-0.00511819,0,0.907
0.00462537,0,-0.00520776,-0.00394248,0,0.905
-0.000546711,0,-0.00545374,-0.00250498,0,0.904
3.44064e-05,0,-0.00518064,-0.00257998,0,0.905
-0.00263461,0,-0.00543758,-0.00234738,0,0.904
-0.00392225,0,-0.00558948,-0.00261139,0,0.906
-0.00487537,0,-0.00575106,-0.00341246,0,0.906
-0.00622692,0,-0.00611916,-0.00427852,0,0.905
-0.00604523,0,-0.00606109,-0.00568094,0,0.905
-0.00417726,0,-0.00529438,-0.00722149,0,0.904
-0.00432151,0,-0.00526734,-0.00825942,0,0.904
-0.00362819,0,-0.00482788,-0.00932652,0,0.904
-0.00331587,0,-0.00453253,-0.0103401,0,0.904
-0.00419841,0,-0.00493343,-0.0110752,0,0.904
-0.0043404,0,-0.00493647,-0.0124847,0,0.904
-0.00419404,0,-0.00475293,-0.0141179,0,0.904
-0.00477124,0,-0.00509987,-0.0157212,0,0.904
-0.00464088,0,-0.00494364,-0.0179933,0,0.905
-0.00408775,0,-0.00442843,-0.0203044,0,0.905
-0.00421211,0,-0.00446541,-0.0223986,0,0.906
-0.00382496,0,-0.00405597,-0.0245614,0,0.906
-0.00453949,0,-0.00450874,-0.0264669,0,0.905
-0.00600265,0,-0.00446669,-0.0286213,0,0.905
-0.00568013,0,-0.00443205,-0.030541,0,0.905
-0.0048253,0,-0.00440673,-0.0357514,0,0.905
-0.00486462,0,-0.00439203,-0.0387141,0,0.905
-0.00434646,0,-0.00438716,-0.0413155,0,0.905
-0.00434646,0,-0.00438716,-0.043934,0,0.905
-0.00434646,0,-0.00438716,0,0,0.905
-0.00434646,0,-0.00438716,0,0,0.905
-0.00434646,0,-0.00438716,0,0,0.905
-0.00434646,0,-0.00438716,0,0,0.905
-0.00434646,0,-0.00438716,0,0,0.905
-0.00434646,0,-0.00438716,0,0,0.905
0,-0.00205417,0,0,0,0.903
0,-0.00205417,0,0,0,0.903
0,-0.00205417,0,0,0,0.903
0,-0.00205417,0,0,0,0.903
0,-0.00205417,0,0,0,0.903
0,-0.00205417,0,0,0,0.903
0,-0.00205417,0,0,0,0.903
0,-0.00205417,0,0,0,0.903
-0.0414985,-0.00222727,0,0,0,0.7
0.0142416,-0.00188085,0,-0.0210029,0,0.884
0.000374514,-0.00199642,0,-0.0170603,0,0.904
0.00165761,-0.00189468,0,-0.015822,0,0.904
0.00101608,-0.00184689,0,-0.0147561,0,0.902
-0.000618405,-0.00191547,0,-0.0138218,0,0.901
-0.0026464,-0.00213138,0,-0.0130024,0,0.899
0.00559472,-0.000771557,0,-0.0130557,0,0.898
0.00610305,-0.000363793,0,-0.0106743,0,0.899
-2.30761e-05,-0.00154633,0,-0.0061247,0,0.899
0.0032388,-0.000491874,0,-0.0061247,0,0.899
-0.00146355,-0.00185208,0,-0.00495954,0,0.899
-0.00405655,-0.00283423,0,-0.00495954,0,0.9
-0.00570763,-0.00365763,0,-0.00605353,0,0.9
-0.00369604,-0.00285462,0,-0.00818498,0,0.901
-0.00382313,-0.00300251,0,-0.00972635,0,0.902
-0.00449683,-0.00348456,0,-0.0110773,0,0.902
-0.00299727,-0.00265239,0,-0.0131714,0,0.902
-0.00311628,-0.00277712,0,-0.0153892,0,0.9
-0.00273112,-0.00254605,0,-0.0164402,0,0.902
-0.00316678,-0.00291259,0,-0.0164402,0,0.902
-0.00178552,-0.00183541,0,-0.0193612,0,0.901
-0.00318959,-0.00301902,0,-0.0193612,0,0.903
-0.00401244,-0.00380282,0,-0.020887,0,0.903
-0.00408819,-0.00393186,0,-0.0241087,0,0.903
-0.00453919,-0.00291426,0,-0.0262589,0,0.903
-0.0047526,-0.00293332,0,-0.0279347,0,0.903
-0.00505267,-0.00294764,0,-0.0316248,0,0.903
-0.00458103,-0.00295503,0,-0.035439,0,0.903
-0.003894,-0.00296009,0,-0.0404706,0,0.903
-0.00291199,-0.00296051,0,-0.0421658,0,0.903
-0.00291199,-0.00296051,0,0,0,0.903
-0.00291199,-0.00296051,0,0,0,0.903
-0.00291199,-0.00296051,0,0,0,0.903
-0.00291199,-0.00296051,0,0,0,0.903
-0.00291199,-0.00296051,0,0,0,0.903
-0.00291199,-0.00296051,0,0,0,0.903
0,0,-0.00738318,0,0,0.9
0,0,-0.00738318,0,0,0.9
0,0,-0.00738318,0,0,0.9
0,0,-0.00738318,0,0,0.9
0,0,-0.00738318,0,0,0.9
0,0,-0.00738318,0,0,0.9
0,0,-0.00738318,0,0,0.9
0,0,-0.00738318,0,0,0.9
-0.0441953,0,-0.00745159,0,0,0.798
0.012206,0,-0.00721806,-0.0139242,0,0.902
0.0116548,0,-0.00698439,-0.0114675,0,0.91
0.00786904,0,-0.00678616,-0.00878229,0,0.909
0.0121736,0,-0.00604813,-0.00697547,0,0.911
0.00664871,0,-0.00601354,-0.00449665,0,0.908
0.00521369,0,-0.00573191,-0.00306259,0,0.906
0.00106509,0,-0.00595941,-0.00233661,0,0.904
-0.00407911,0,-0.00669485,-0.00144421,0,0.904
-0.00491185,0,-0.00676504,-0.00232085,0,0.905
-0.00574049,0,-0.00689756,-0.00325665,0,0.904
-0.00773242,0,-0.00750303,-0.00451809,0,0.903
-0.00747952,0,-0.00742088,-0.00648941,0,0.903
-0.00760914,0,-0.0074827,-0.00855953,0,0.903
-0.00488626,0,-0.00615956,-0.0109237,0,0.903
-0.00361727,0,-0.00534555,-0.0126244,0,0.902
-0.003207,0,-0.00491714,-0.0135106,0,0.902
-0.00352823,0,-0.00492487,-0.0144755,0,0.903
-0.0033899,0,-0.00464758,-0.0155244,0,0.903
-0.00402983,0,-0.00493771,-0.0166561,0,0.904
-0.00467832,0,-0.00529272,-0.0183276,0,0.904
-0.00471816,0,-0.00521405,-0.0207407,0,0.904
-0.00546695,0,-0.00575221,-0.0236698,0,0.904
-0.00587882,0,-0.00605038,-0.0270024,0,0.904
-0.00618306,0,-0.0062827,-0.0315708,0,0.904
-0.00624491,0,-0.00438259,-0.0390577,0,0.902
-0.0063659,0,-0.00431111,-0.0390577,0,0.902
-0.00604202,0,-0.00426,-0.0441541,0,0.902
-0.00554669,0,-0.00422626,-0.0489553,0,0.902
-0.00526621,0,-0.00421296,-0.0523391,0,0.902
-0.00319423,0,-0.00421273,-0.0551902,0,0.902
-0.00319423,0,-0.00421273,0,0,0.902
-0.00319423,0,-0.00421273,0,0,0.902
-0.00319423,0,-0.00421273,0,0,0.902
-0.00319423,0,-0.00421273,0,0,0.902
-0.00319423,0,-0.00421273,0,0,0.902
-0.00319423,0,-0.00421273,0,0,0.902
0,-0.00110165,0,0,0,0.901
0,-0.00110165,0,0,0,0.901
0,-0.00110165,0,0,0,0.901
0,-0.00110165,0,0,0,0.901
0,-0.00110165,0,0,0,0.901
0,-0.00110165,0,0,0,0.901
0,-0.00110165,0,0,0,0.901
0,-0.00110165,0,0,0,0.901
-0.0384588,-0.00117752,0,0,0,0.7
0.0117463,-0.00100351,0,-0.0200687,0,0.894
0.00551695,-0.00097225,0,-0.0169915,0,0.908
0.000129868,-0.0010561,0,-0.0147855,0,0.91
0.00682709,-0.000628409,0,-0.0139165,0,0.909
0.00258477,-0.000777642,0,-0.0119017,0,0.905
-0.00150522,-0.00115002,0,-0.0102938,0,0.904
0.00457546,-0.00020119,0,-0.0104099,0,0.897
0.00424065,-4.01788e-05,0,-0.00847728,0,0.896
0.00690106,0.000817312,0,-0.00692502,0,0.898
0.00412272,0.000384648,0,-0.00449421,0,0.898
-0.00114419,-0.0011157,0,-0.00247207,0,0.899
-0.00362095,-0.00205236,0,-0.00261318,0,0.9
-0.00662348,-0.00345664,0,-0.00368087,0,0.9
-0.00489889,-0.00291011,0,-0.00615177,0,0.9
-0.0037617,-0.00249804,0,-0.00846293,0,0.901
-0.0057604,-0.00377869,0,-0.00974615,0,0.901
-0.00506156,-0.00357121,0,-0.0124206,0,0.901
-0.00531151,-0.00392878,0,-0.0148745,0,0.901
-0.00523397,-0.00406828,0,-0.0174335,0,0.901
-0.00450536,-0.00369623,0,-0.0206778,0,0.901
-0.00399695,-0.0034301,0,-0.0233654,0,0.901
-0.0035664,-0.00319954,0,-0.0256614,0,0.902
-0.00376182,-0.0034588,0,-0.0271899,0,0.902
-0.00284388,-0.00269959,0,-0.0291449,0,0.902
-0.00324479,-0.00237914,0,-0.0295536,0,0.9
-0.00294069,-0.00240848,0,-0.0297432,0,0.9
-0.00318792,-0.00243076,0,-0.0304475,0,0.9
-0.00344499,-0.00244247,0,-0.0314995,0,0.9
-0.00341452,-0.00245094,0,-0.0339128,0,0.9
-0.00233836,-0.00245194,0,-0.0371151,0,0.9
-0.00233836,-0.00245194,0,0,0,0.9
-0.00233836,-0.00245194,0,0,0,0.9
-0.00233836,-0.00245194,0,0,0,0.9
-0.00233836,-0.00245194,0,0,0,0.9
-0.00233836,-0.00245194,0,0,0,0.9
-0.00233836,-0.00245194,0,0,0,0.9
0,0,-0.0073299,0,0,0.899
0,0,-0.0073299,0,0,0.899
0,0,-0.0073299,0,0,0.899
0,0,-0.0073299,0,0,0.899
0,0,-0.0073299,0,0,0.899
0,0,-0.0073299,0,0,0.899
0,0,-0.0073299,0,0,0.899
0,0,-0.0073299,0,0,0.899
-0.05,0,-0.00739392,0,0,0.766
0.0120604,0,-0.00718372,-0.0181495,0,0.898
0.0118504,0,-0.00695611,-0.0154089,0,0.909
0.00742305,0,-0.00677735,-0.0123798,0,0.906
0.00921092,0,-0.00634264,-0.0104807,0,0.909
0.00062513,0,-0.00657313,-0.00800717,0,0.906
-0.00032088,0,-0.00643264,-0.00706501,0,0.905
-0.00432794,0,-0.0068369,-0.00687745,0,0.905
-0.00818061,0,-0.00750313,-0.00702554,0,0.905
-0.0102473,0,-0.00804488,-0.00828857,0,0.906
-0.0116654,0,-0.00858475,-0.0100591,0,0.906
-0.0115596,0,-0.00874974,-0.0122271,0,0.906
-0.00969673,0,-0.00823973,-0.014911,0,0.905
-0.00864771,0,-0.00790082,-0.0170113,0,0.905
-0.00628592,0,-0.00682603,-0.019071,0,0.905
-0.00600486,0,-0.0066247,-0.0201977,0,0.905
-0.00457893,0,-0.00573023,-0.0213471,0,0.905
-0.00421994,0,-0.00537482,-0.0220525,0,0.906
-0.00446998,0,-0.00539237,-0.0224812,0,0.905
-0.00541281,0,-0.00594324,-0.0231464,0,0.905
-0.00503884,0,-0.00557571,-0.0245564,0,0.906
-0.00484806,0,-0.00532689,-0.0261009,0,0.906
-0.00482969,0,-0.00521919,-0.0272116,0,0.907
-0.00509823,0,-0.00536706,-0.0289362,0,0.907
-0.00574436,0,-0.0058852,-0.0303824,0,0.907
-0.00647523,0,-0.00563621,-0.0321223,0,0.906
-0.00721646,0,-0.00559513,-0.0364457,0,0.906
-0.00702589,0,-0.00556309,-0.0375707,0,0.906
-0.00686516,0,-0.00554086,-0.043358,0,0.906
-0.0067799,0,-0.00552908,-0.0472759,0,0.906
-0.00536801,0,-0.00552763,-0.0517816,0,0.906
-0.00536801,0,-0.00552763,-0.0543131,0,0.906
-0.00536801,0,-0.00552763,0,0,0.906
-0.00536801,0,-0.00552763,0,0,0.906
-0.00536801,0,-0.00552763,0,0,0.906
-0.00536801,0,-0.00552763,0,0,0.906
-0.00536801,0,-0.00552763,0,0,0.906
0,-0.00416791,0,0,0,0.905
0,-0.00416791,0,0,0,0.905
0,-0.00416791,0,0,0,0.905
0,-0.00416791,0,0,0,0.905
0,-0.00416791,0,0,0,0.905
0,-0.00416791,0,0,0,0.905
0,-0.00416791,0,0,0,0.905
0,-0.00416791,0,0,0,0.905
-0.05,-0.00418121,0,0,0,0.756
-0.05,-0.00448978,0,0,0,0.798
0.0114248,-0.0039193,0,-0.018901,0,0.895
0.00975595,-0.00372264,0,-0.0157,0,0.902
0.0112337,-0.00334534,0,-0.013269,0,0.903
0.0034655,-0.00355961,0,-0.0102042,0,0.903
-0.00163412,-0.00388676,0,-0.00876274,0,0.901
-0.00263056,-0.00394537,0,-0.00846432,0,0.903
-0.00390161,-0.00411941,0,-0.0085961,0,0.904
-0.00296309,-0.00389855,0,-0.00890348,0,0.903
-0.00252131,-0.00372822,0,-0.00911652,0,0.903
-0.00622873,-0.00481217,0,-0.00919823,0,0.903
-0.00788501,-0.00550931,0,-0.0102826,0,0.902
-0.00635596,-0.00506392,0,-0.0126178,0,0.902
-0.0026845,-0.00348713,0,-0.0151818,0,0.902
-0.00303509,-0.00359305,0,-0.0151818,0,0.903
-0.00287282,-0.00344641,0,-0.0154764,0,0.903
-0.0028335,-0.00335894,0,-0.0156536,0,0.903
-0.00245451,-0.0030466,0,-0.0160762,0,0.903
-0.00269727,-0.00313662,0,-0.0163859,0,0.903
-0.0025667,-0.00297301,0,-0.0168676,0,0.903
-0.000678749,-0.00141498,0,-0.017404,0,0.903
-0.000820638,-0.00139762,0,-0.0162484,0,0.904
-0.000729789,-0.00116532,0,-0.0151296,0,0.904
-0.00121639,-0.00149438,0,-0.0142327,0,0.904
-0.00265157,-0.00224474,0,-0.0129831,0,0.903
-0.00367746,-0.00219596,0,-0.0142767,0,0.903
-0.00325061,-0.00216606,0,-0.0158654,0,0.903
-0.00364429,-0.00213584,0,-0.0196421,0,0.903
-0.00326154,-0.00211745,0,-0.0231826,0,0.903
-0.00266686,-0.00211176,0,-0.0260778,0,0.903
-0.00266686,-0.00211176,0,-0.027419,0,0.903
-0.00266686,-0.00211176,0,0,0,0.903
-0.00266686,-0.00211176,0,0,0,0.903
-0.00266686,-0.00211176,0,0,0,0.903
-0.00266686,-0.00211176,0,0,0,0.903
-0.00266686,-0.00211176,0,0,0,0.903
-0.00266686,-0.00211176,0,0,0,0.903
0,0,-0.00810527,0,0,0.901
0,0,-0.00810527,0,0,0.901
0,0,-0.00810527,0,0,0.901
0,0,-0.00810527,0,0,0.901
0,0,-0.00810527,0,0,0.901
0,0,-0.00810527,0,0,0.901
0,0,-0.00810527,0,0,0.901
-0.05,0,-0.00810641,0,0,0.798
-0.05,0,-0.00829851,0,0,0.841
0.0135043,0,-0.00781229,-0.0155467,0,0.903
0.0070136,0,-0.00759904,-0.0124497,0,0.906
0.0129623,0,-0.00694372,-0.0108629,0,0.907
0.00847817,0,-0.00674873,-0.0083567,0,0.906
0.00300332,0,-0.00684757,-0.00634484,0,0.904
0.000507636,0,-0.00683477,-0.00541265,0,0.905
-0.00507462,0,-0.007543,-0.00469258,0,0.905
-0.00577905,0,-0.00757839,-0.00539162,0,0.905
-0.00712557,0,-0.00784078,-0.0064305,0,0.905
-0.00877187,0,-0.00831619,-0.007841,0,0.904
-0.00925679,0,-0.00852523,-0.00942577,0,0.903
-0.00696203,0,-0.00763274,-0.0119009,0,0.903
-0.00604962,0,-0.0071565,-0.0137525,0,0.904
-0.00438495,0,-0.00620822,-0.0153304,0,0.905
-0.0038885,0,-0.00574088,-0.0163545,0,0.904
-0.00421694,0,-0.0057345,-0.0169656,0,0.904
-0.00389665,0,-0.00533707,-0.0179651,0,0.904
-0.00378248,0,-0.00506673,-0.0190896,0,0.905
-0.00415875,0,-0.00515449,-0.0200498,0,0.905
-0.00386318,0,-0.00475309,-0.0214611,0,0.905
-0.00395803,0,-0.00466282,-0.0228368,0,0.905
-0.00462865,0,-0.00509652,-0.0241717,0,0.906
-0.00417618,0,-0.00457428,-0.02682,0,0.906
-0.006156,0,-0.00600176,-0.0283687,0,0.905
-0.00578471,0,-0.00594572,-0.032828,0,0.905
-0.00491264,0,-0.00590067,-0.0340903,0,0.905
-0.00495348,0,-0.00586628,-0.0369853,0,0.905
-0.00445266,0,-0.00584748,-0.0395389,0,0.905
-0.00389927,0,-0.00584126,-0.0412075,0,0.905
-0.00389927,0,-0.00584126,-0.0416834,0,0.905
-0.00389927,0,-0.00584126,0,0,0.905
-0.00389927,0,-0.00584126,0,0,0.905
-0.00389927,0,-0.00584126,0,0,0.905
-0.00389927,0,-0.00584126,0,0,0.905
-0.00389927,0,-0.00584126,0,0,0.905
-0.00389927,0,-0.00584126,0,0,0.905
0,-0.00211197,0,0,0,0.905
0,-0.00211197,0,0,0,0.905
0,-0.00211197,0,0,0,0.905
0,-0.00211197,0,0,0,0.905
0,-0.00211197,0,0,0,0.905
0,-0.00211197,0,0,0,0.905
0,-0.00211197,0,0,0,0.905
0,-0.00211197,0,0,0,0.905
0,-0.00210734,0,0,0,0.905
0,-0.00208984,0,-0.0163102,0,0.905
0,-0.00206015,0,-0.0153107,0,0.905
0,-0.00201921,0,-0.0140693,0,0.905
0,-0.00196792,0,-0.0123929,0,0.905
0,-0.00190719,0,-0.0113454,0,0.905
0,-0.00183796,0,-0.0100884,0,0.905
0,-0.00176112,0,-0.00867448,0,0.905
0,-0.0016776,0,-0.00731032,0,0.905
0,-0.00158831,0,-0.00622988,0,0.905
0,-0.00149417,0,-0.00640525,0,0.905
0,-0.0013961,0,-0.00728963,0,0.905
0,-0.001295,0,-0.00838893,0,0.905
0,-0.00119179,0,-0.00971122,0,0.905
0,-0.0010874,0,-0.0105926,0,0.905
0,-0.000982729,0,-0.0117198,0,0.905
0,-0.000878701,0,-0.0122152,0,0.905
0,-0.000776229,0,-0.0131714,0,0.905
0,-0.000676229,0,-0.0149664,0,0.905
0,-0.000579617,0,-0.0167062,0,0.905
0,-0.000487308,0,-0.0184904,0,0.905
0,-0.000400217,0,-0.0190863,0,0.905
0,-0.000319261,0,-0.0188592,0,0.905
0,-0.000245355,0,-0.0188022,0,0.905
0,-0.000179415,0,-0.018592,0,0.905
0,-0.000122355,0,-0.0199138,0,0.905
0,-7.50922e-05,0,-0.0225843,0,0.905
0,-3.85415e-05,0,-0.0255871,0,0.905
0,-1.36185e-05,0,-0.0291997,0,0.905
0,-1.23894e-06,0,-0.0306975,0,0.905
0,0,0,-0.0312733,0,0.905
0,0,0,0,0,0.905
0,0,0,0,0,0.905
0,0,0,0,0,0.905
0,0,0,0,0,0.905
0,0,0,0,0,0.905
0,0,0,0,0,0.905
0,0,0,0,0,0.905
0,0,0,0,0,0.905
0,0,0,0,0,0.905
0,0,0,0,0,0.905
0,0,0,0,0,0.905
0,0,0,0,0,0.905
0,0,0,0,0,0.905
0,0,0,0,0,0.905
0,0,0,0,0,0.905
0,0,0,0,0,0.905
0,0,0,0,0,0.905
0,0,0,0,0,0.905
0,0,0,0,0,0.905
0,0,0,0,0,0.905
0,0,0,0,0,0.905
0,0,0,0,0,0.905
0,0,0,0,0,0.905
0,0,0,0,0,0.905
0,0,0,0,0,0.905
0,0,0,0,0,0.905
0,0,0,0,0,0.905
0,0,0,0,0,0.905
0,0,0,0,0,0.905
0,0,0,0,0,0.905
0,0,0,0,0,0.905
0,0,0,0,0,0.905
0,0,0,0,0,0.905
0,0,0,0,0,0.905
0,0,0,0,0,0.905
0,0,0,0,0,0.905
0,0,0,0,0,0.905
0,0,0,0,0,0.905
0,0,0,0,0,0.905
0,0,0,0,0,0.905
0,0,0,0,0,0.905
0,0,0,0,0,0.905
0,0,0,0,0,0.905
0,0,0,0,0,0.905
0,0,0,0,0,0.905
0,0,0,0,0,0.905
0,0,0,0,0,0.905
0,0,0,0,0,0.905
0,0,0,0,0,0.905
0,0,0,0,0,0.905
