-0.103518,-0.075677,2.96899e-05,0,-0.0150046,-0.103516,-0.100258
-0.103518,-0.0745332,3.08576e-05,-2.52364e-07,-0.0150046,-0.103511,-0.100223
-0.103518,-0.0744138,3.09256e-05,-8.56671e-07,-0.0150051,-0.103504,-0.100188
-0.103518,-0.0744384,3.0833e-05,-1.47443e-06,-0.015005,-0.103498,-0.100195
-0.103518,-0.0743145,3.08915e-05,-2.09211e-06,-0.0150052,-0.103492,-0.100139
-0.103518,-0.0743177,3.08075e-05,-2.7093e-06,-0.0150055,-0.103485,-0.100137
-0.103518,-0.0745507,3.04721e-05,-3.32637e-06,-0.0150057,-0.103478,-0.100224
-0.103518,-0.074868,3.00406e-05,-3.9395e-06,-0.0150055,-0.103471,-0.100341
-0.103518,-0.0754809,2.92884e-05,-4.54506e-06,-0.0150056,-0.103464,-0.100575
-0.103518,-0.0763344,2.82748e-05,-5.1391e-06,-0.0150059,-0.103456,-0.100899
-0.103518,-0.0772401,2.72011e-05,-5.71575e-06,-0.0150061,-0.103448,-0.101241
-0.103518,-0.0782586,2.60031e-05,-6.27158e-06,-0.0150063,-0.10344,-0.101626
-0.103518,-0.0792362,2.48451e-05,-6.80482e-06,-0.0149963,-0.103431,-0.101992
-0.103518,-0.0803841,2.35024e-05,-7.31446e-06,-0.0149862,-0.103422,-0.102428
-0.103518,-0.08187,2.17971e-05,-7.79928e-06,-0.0149713,-0.103412,-0.102996
-0.103518,-0.0834012,2.00419e-05,-8.25398e-06,-0.0149458,-0.103403,-0.103578
-0.103518,-0.0851157,1.80905e-05,-8.67412e-06,-0.0149253,-0.103393,-0.104231
-0.103518,-0.0871295,1.58199e-05,-9.0574e-06,-0.014905,-0.103383,-0.105
-0.103518,-0.0891355,1.35583e-05,-9.39877e-06,-0.0148999,-0.103373,-0.105761
-0.103518,-0.0913941,1.10291e-05,-9.69482e-06,-0.0148947,-0.103362,-0.106622
-0.103518,-0.0933377,8.83748e-06,-9.94322e-06,-0.0148793,-0.10335,-0.107352
-0.103518,-0.0953268,6.59978e-06,-1.01441e-05,-0.0148636,-0.103338,-0.108105
-0.103518,-0.0973932,4.2826e-06,-1.03007e-05,-0.014833,-0.103325,-0.108887
-0.103518,-0.0996667,1.74862e-06,-1.04118e-05,-0.0147457,-0.103312,-0.10975
-0.103518,-0.102101,-9.52372e-07,-1.04747e-05,-0.0146123,-0.103297,-0.110672
-0.103518,-0.103846,-2.91292e-06,-1.04853e-05,-0.0146474,-0.103281,-0.111315
-0.103518,-0.105624,-4.90478e-06,-1.04486e-05,-0.014657,-0.103264,-0.111981
-0.103518,-0.107671,-7.17803e-06,-1.03725e-05,-0.0145029,-0.103245,-0.112753
-0.103518,-0.109343,-9.04651e-06,-1.02539e-05,-0.0144821,-0.103225,-0.113368
-0.103518,-0.110237,-1.00813e-05,-1.00935e-05,-0.0147262,-0.103203,-0.113675
-0.103518,-0.111691,-1.17086e-05,-9.90328e-06,-0.014481,-0.103179,-0.114215
-0.103518,-0.112505,-1.26496e-05,-9.68701e-06,-0.0145673,-0.103152,-0.114488
-0.103518,-0.11278,-1.30135e-05,-9.44437e-06,-0.0148481,-0.103123,-0.114554
-0.103518,-0.112683,-1.298e-05,-9.18811e-06,-0.0147879,-0.10309,-0.114478
-0.103518,-0.111862,-1.21756e-05,-8.92814e-06,-0.0145284,-0.103055,-0.114116
-0.103518,-0.110038,-1.03039e-05,-8.67578e-06,-0.0148248,-0.103017,-0.113361
-0.103518,-0.108582,-8.82784e-06,-8.44911e-06,-0.0147697,-0.102976,-0.112766
-0.103518,-0.106599,-6.79491e-06,-8.25632e-06,-0.0145351,-0.102932,-0.111951
-0.103518,-0.10357,-3.65562e-06,-8.09806e-06,-0.0148424,-0.102884,-0.110724
-0.103518,-0.100728,-7.23242e-07,-7.99041e-06,-0.0147964,-0.102832,-0.109584
-0.103518,-0.0981057,1.96551e-06,-7.94369e-06,-0.0147048,-0.102776,-0.108524
-0.103518,-0.0956742,4.44012e-06,-7.95342e-06,-0.0146897,-0.102716,-0.107534
-0.103518,-0.0934111,6.72418e-06,-8.01501e-06,-0.0146892,-0.102652,-0.106603
-0.103518,-0.091764,8.34047e-06,-8.12436e-06,-0.0146938,-0.102582,-0.10591
-0.103518,-0.0908967,9.11468e-06,-8.27339e-06,-0.0147091,-0.102508,-0.105514
-0.103518,-0.0906643,9.20168e-06,-8.44717e-06,-0.0147751,-0.102427,-0.105354
-0.103518,-0.0911678,8.4945e-06,-8.63025e-06,-0.0148206,-0.102341,-0.105473
-0.103518,-0.0921663,7.25076e-06,-8.80792e-06,-0.0149176,-0.102248,-0.10577
-0.103518,-0.0937159,5.41133e-06,-8.96661e-06,-0.0149328,-0.102148,-0.106274
-0.103518,-0.0956369,3.1684e-06,-9.09507e-06,-0.0149127,-0.10204,-0.106909
-0.103518,-0.0978275,6.31167e-07,-9.18311e-06,-0.014877,-0.101924,-0.107638
-0.103518,-0.100055,-1.95156e-06,-9.22365e-06,-0.0147657,-0.101799,-0.108369
-0.103518,-0.102125,-4.3729e-06,-9.21303e-06,-0.0146385,-0.101665,-0.109028
-0.103518,-0.103933,-6.52174e-06,-9.1522e-06,-0.0146241,-0.10152,-0.109574
-0.103518,-0.105404,-8.31731e-06,-9.04541e-06,-0.0146294,-0.101365,-0.109978
-0.103518,-0.106422,-9.63743e-06,-8.89881e-06,-0.0146305,-0.101197,-0.110196
-0.103518,-0.10711,-1.06127e-05,-8.72058e-06,-0.0146056,-0.101017,-0.110276
-0.103518,-0.107305,-1.107e-05,-8.51906e-06,-0.014576,-0.100823,-0.110152
-0.103518,-0.107059,-1.10661e-05,-8.30269e-06,-0.0145706,-0.100614,-0.109843
-0.103518,-0.10647,-1.07064e-05,-8.08132e-06,-0.0145614,-0.100388,-0.109388
-0.103518,-0.105803,-1.02772e-05,-7.86324e-06,-0.0145509,-0.100145,-0.108889
-0.103518,-0.105143,-9.8676e-06,-7.65297e-06,-0.0145465,-0.099882,-0.108377
-0.103518,-0.104448,-9.4314e-06,-7.45111e-06,-0.0145425,-0.0995986,-0.10783
-0.103518,-0.103914,-9.17872e-06,-7.25769e-06,-0.0145322,-0.0992931,-0.107328
-0.103518,-0.103315,-8.86996e-06,-7.07133e-06,-0.0145272,-0.0989637,-0.106774
-0.103518,-0.102629,-8.47909e-06,-6.89054e-06,-0.0145537,-0.0986088,-0.106161
-0.103518,-0.102109,-8.27828e-06,-6.71666e-06,-0.0146408,-0.0982265,-0.105588
-0.103518,-0.101814,-8.32818e-06,-6.54888e-06,-0.0146455,-0.0978146,-0.105071
-0.103518,-0.10144,-8.30537e-06,-6.38287e-06,-0.0147171,-0.097371,-0.104487
-0.103518,-0.10173,-8.99968e-06,-6.21651e-06,-0.0144135,-0.0968932,-0.104131
-0.103518,-0.101676,-9.3375e-06,-6.04415e-06,-0.0146425,-0.0963785,-0.103588
-0.103518,-0.102323,-1.04319e-05,-5.86112e-06,-0.0146273,-0.0958243,-0.103285
-0.103518,-0.103286,-1.1869e-05,-5.66452e-06,-0.0144455,-0.0952273,-0.103047
-0.103518,-0.103599,-1.26199e-05,-5.44295e-06,-0.014467,-0.0945845,-0.10249
-0.103518,-0.104041,-1.35135e-05,-5.19881e-06,-0.0147065,-0.0938925,-0.101936
-0.103518,-0.105646,-1.56506e-05,-4.93837e-06,-0.0144583,-0.0931477,-0.101777
-0.103518,-0.106792,-1.73012e-05,-4.64886e-06,-0.0144133,-0.0923461,-0.101344
-0.103518,-0.107737,-1.87371e-05,-4.321e-06,-0.0146787,-0.091483,-0.100756
-0.103518,-0.109496,-2.10407e-05,-3.96205e-06,-0.0143495,-0.0905537,-0.10041
-0.103518,-0.11075,-2.28035e-05,-3.56658e-06,-0.0144773,-0.0895529,-0.0997544
-0.103518,-0.111821,-2.43689e-05,-3.1299e-06,-0.0146055,-0.088475,-0.0989323
-0.103518,-0.113044,-2.60908e-05,-2.65974e-06,-0.0142916,-0.0873139,-0.0980654
-0.103518,-0.113702,-2.7206e-05,-2.15686e-06,-0.0145774,-0.0860631,-0.0968577
-0.103518,-0.114776,-2.87582e-05,-1.62501e-06,-0.0144365,-0.0847156,-0.0957076
-0.103518,-0.115628,-3.00659e-05,-1.06692e-06,-0.0144684,-0.083264,-0.0943429
-0.103518,-0.116656,-3.15519e-05,-4.79987e-07,-0.0144951,-0.0816999,-0.0929325
-0.103518,-0.117971,-3.33334e-05,1.34704e-07,-0.0144761,-0.0800148,-0.0915182
-0.103518,-0.119509,-3.53399e-05,7.81775e-07,-0.0144922,-0.0781992,-0.0900793
-0.103518,-0.121181,-3.74748e-05,1.4665e-06,-0.0145134,-0.076243,-0.0885924
-0.103518,-0.122188,-3.88862e-05,2.19251e-06,-0.0144787,-0.0741353,-0.0867563
-0.103518,-0.122686,-3.97398e-05,2.95471e-06,-0.0145556,-0.0718643,-0.0846669
-0.103518,-0.122698,-4.00584e-05,3.74012e-06,-0.0144601,-0.0694173,-0.0823581
-0.103518,-0.122331,-3.99559e-05,4.53778e-06,-0.0145172,-0.0667808,-0.079906
-0.103518,-0.121085,-3.88969e-05,5.33803e-06,-0.0144414,-0.06394,-0.0771475
-0.103518,-0.119388,-3.73372e-05,6.12762e-06,-0.0144571,-0.0608792,-0.0743062
-0.103518,-0.117496,-3.55453e-05,6.89152e-06,-0.0144225,-0.0575818,-0.071525
-0.103518,-0.114508,-3.25595e-05,7.62213e-06,-0.0144031,-0.0540311,-0.0684887
-0.103518,-0.110267,-2.82153e-05,8.30617e-06,-0.0143732,-0.0502133,-0.0651964
-0.103518,-0.105218,-2.29861e-05,8.91826e-06,-0.0143081,-0.0461307,-0.0618699
-0.103518,-0.0991835,-1.66856e-05,9.4355e-06,-0.0142735,-0.0418501,-0.0584648
-0.0900609,-0.0925306,-2.52183e-06,9.83852e-06,-0.0142391,-0.0376899,-0.0551525
-0.0762584,-0.084266,3.40244e-05,1.00448e-05,-0.0142405,-0.0340034,-0.0515317
-0.062456,-0.0747347,9.17991e-05,9.76628e-06,-0.014202,-0.0309231,-0.0477321
-0.0486536,-0.0642826,0.000101836,8.56582e-06,-0.0141027,-0.0285193,-0.0438529
-0.0348511,-0.0532212,0.000112536,6.6395e-06,-0.013954,-0.0268467,-0.0399756
-0.0210487,-0.041622,0.000123781,4.50648e-06,-0.0136423,-0.0259489,-0.0360815
-0.00724628,-0.0298511,0.000135175,2.15456e-06,-0.0130831,-0.0258309,-0.0322767
0,-0.0240371,0.000140218,-4.23604e-07,-0.0082417,-0.0263444,-0.0309673
0,-0.0166542,0.000146938,-3.17248e-06,-0.00887221,-0.0271953,-0.0290291
0,-0.0114257,0.000151369,-6.03731e-06,-0.00910711,-0.0281859,-0.0280551
0,-0.00731077,0.000154622,-9.01595e-06,-0.00841008,-0.0292686,-0.0275764
0,-0.00295129,0.000158143,-1.20726e-05,-0.00880051,-0.0304354,-0.0270741
0,-0.000605901,0.000159528,-1.51967e-05,-0.00885112,-0.0316891,-0.0274798
0,0.00182131,0.000161009,-1.83721e-05,-0.00989385,-0.0330357,-0.0279321
0,0.00231232,0.000160439,-2.15759e-05,-0.0107942,-0.0344824,-0.0292798
0,0.00151567,0.00015851,-2.4791e-05,-0.0114594,-0.0360371,-0.0312446
0,0.000133375,0.000155971,-2.79824e-05,-0.0118639,-0.0377085,-0.0335683
0,-0.00198996,0.000152659,-3.11298e-05,-0.0120039,-0.0395058,-0.0363366
0,-0.00450128,0.000148951,-3.42194e-05,-0.0112755,-0.0414389,-0.0394179
0,-0.00691788,0.000145361,-3.72392e-05,-0.010741,-0.0435183,-0.0426371
0,-0.00886246,0.000142291,-4.01859e-05,-0.00977015,-0.0457552,-0.0458644
0,-0.00933448,0.000140805,-4.30655e-05,-0.00829758,-0.0481621,-0.0487174
0,-0.00920429,0.000139975,-4.58979e-05,-0.00727936,-0.0507525,-0.0515687
0,-0.00762997,0.000140694,-4.87065e-05,-0.00611409,-0.0535407,-0.054076
0,-0.00399879,0.000143611,-5.15125e-05,-0.00479668,-0.0565424,-0.0560116
0,0.00297986,0.000150096,-5.43526e-05,-0.00409905,-0.0597744,-0.0568696
0,0.00954253,0.000156133,-5.72832e-05,-0.00359071,-0.0632547,-0.0581673
0,0.0157705,0.000161807,-6.03395e-05,-0.00302596,-0.0670026,-0.0598037
0,0.0223747,0.000167872,-6.35132e-05,-0.00280145,-0.0710392,-0.0614782
0,0.0289903,0.000173937,-6.68039e-05,-0.00339441,-0.075387,-0.0633219
0,0.0342763,0.00017857,-7.02159e-05,-0.00385952,-0.0800701,-0.0658308
0,0.0385832,0.000182143,-7.37364e-05,-0.00480812,-0.0851146,-0.0688024
0,0.0406632,0.000183327,-7.73399e-05,-0.00589132,-0.0905484,-0.0726897
0,0.0401058,0.000181684,-8.09934e-05,-0.00686096,-0.0964007,-0.0775801
0,0.0382918,0.000178686,-8.46452e-05,-0.00799082,-0.102701,-0.0828529
0,0.0329215,0.000171885,-8.82519e-05,-0.00825563,-0.109469,-0.0893819
0,0.0261828,0.000163613,-9.17644e-05,-0.00590542,-0.11669,-0.0961934
-0.0068083,0.019705,0.000155606,-9.51276e-05,-0.00530299,-0.124199,-0.102609
-0.0211416,0.0196067,0.00015438,-9.83278e-05,-0.00804787,-0.131689,-0.106157
-0.0354748,0.0241122,0.000158051,-0.000101429,-0.0107012,-0.138945,-0.107605
-0.0498081,0.0186417,0.00182826,-0.00010455,-0.00855343,-0.145894,-0.109233
-0.0641414,0.00585861,0.0148486,-0.000120237,-0.0111375,-0.152497,-0.109605
-0.0784747,-0.00847466,0.0512944,-0.000247945,-0.0119314,-0.158724,-0.111765
-0.0928079,-0.0228079,0.141486,-0.000818261,-0.0123335,-0.164541,-0.115287
-0.107141,-0.0371412,2.39059,-0.00247549,-0.0133475,-0.169902,-0.115287
0.093525,0.145729,2.39044,-0.00530521,0.0150164,0.0452054,0.0785441
0.0705917,0.10452,2.36044,-0.00983277,0.0184599,0.0407685,0.0639059
0.06235,0.0927152,2.32931,-0.0361984,0.0190618,0.0371377,0.0589832
0.050525,0.0752351,2.29809,-0.0749894,0.0198304,0.0342061,0.0519739
0.0361917,0.0542424,2.2668,-0.121295,0.0202064,0.0320603,0.0441451
0.0218583,0.0326407,2.23536,-0.16699,0.0201137,0.030794,0.036349
0.007525,0.010562,2.20381,-0.212059,0.0191313,0.0304238,0.0285503
0,-0.0222084,2.1919,-0.256498,0.0121969,0.0314642,0.0239521
0,-0.02326,2.17721,-0.300467,0.0120393,0.033149,0.019535
0,-0.0315199,2.14455,-0.344173,0.0128309,0.0343164,0.0162882
0,-0.0375566,2.11177,-0.387423,0.00991111,0.0353052,0.0149977
0,-0.0416827,2.07887,-0.430019,0.0101607,0.036329,0.0146335
0,-0.0404639,2.04587,-0.471958,0.00910421,0.0374701,0.0166277
0,-0.0368026,2.01277,-0.513239,0.00853266,0.0387555,0.0195674
0,-0.0316576,1.97958,-0.553858,0.00787344,0.0401866,0.0232239
0,-0.0274499,1.94631,-0.593815,0.00636318,0.0417659,0.0266061
0,-0.0253664,1.91296,-0.633107,0.00452378,0.043491,0.0292706
0,-0.0250735,1.87955,-0.671733,0.0027347,0.0453629,0.0314232
0,-0.0252484,1.84609,-0.709692,0.00106964,0.0473949,0.0336682
0,-0.0246188,1.81258,-0.746982,0,0.0496041,0.0364553
0,-0.0241008,1.77904,-0.783602,0,0.0520044,0.0394132
0,-0.0249151,1.74547,-0.819384,0,0.0546094,0.0420804
0,-0.0268739,1.71189,-0.854495,0,0.057434,0.0445605
0,-0.0298838,1.67831,-0.888934,0,0.0604852,0.0467893
0,-0.0333569,1.64473,-0.922702,0,0.0637777,0.049196
0,-0.0375944,1.61116,-0.955798,0,0.067338,0.0515618
0,-0.0413951,1.57761,-0.988223,0,0.0711881,0.0543635
0,-0.0445831,1.54409,-1.01998,0,0.07535,0.0576384
0,-0.0477715,1.51061,-1.05106,0,0.079847,0.0611163
0,-0.0503217,1.47717,-1.08147,0,0.0846908,0.0649032
0,-0.0543239,1.44378,-1.11122,0,0.0899047,0.0683547
0,-0.0551871,1.41046,-1.14029,0,0.0955303,0.0731744
0,-0.0550155,1.37722,-1.1687,0,0.101619,0.078497
0,-0.050857,1.34405,-1.19644,0,0.108208,0.0852638
0,-0.0444198,1.31096,-1.22352,0,0.115316,0.0927694
0,-0.0374016,1.27797,-1.24994,0,0.122959,0.100287
0,-0.0288487,1.24508,-1.2757,0,0.131116,0.10815
0.00744167,-0.0187103,1.21232,-1.3008,0,0.139584,0.116297
0.0231083,-0.0111383,1.1798,-1.32524,0,0.14799,0.123014
0.038775,-0.00590772,1.14792,-1.34903,0,0.156071,0.128418
0.0544417,-0.00143139,1.11662,-1.37218,0,0.163735,0.133124
0.0701083,0.00431724,1.08467,-1.3947,-0.00710485,0.170932,0.134531
0.085775,0.015775,1.0492,-1.41664,-0.00700378,0.177621,0.138371
0.101442,0.0314417,1.01102,-1.43808,-0.00606765,0.183764,0.143105
0.117108,0.0471083,0.956579,-1.45872,-0.00502521,0.189317,0.143105
-0.102155,-0.118486,0.95667,-1.47894,0.00362317,-0.0456396,-0.0671766
-0.0798452,-0.0796833,0.92713,-1.50776,0.000833279,-0.0410895,-0.0530795
-0.0708431,-0.0672613,0.89696,-1.51877,0.000841183,-0.037342,-0.047871
-0.0551872,-0.0443197,0.867226,-1.53704,-0.000259101,-0.0343405,-0.0389828
-0.0395312,-0.0227157,0.837848,-1.55471,-0.000649173,-0.0321905,-0.0310663
-0.0238753,0.000536217,0.808276,-1.57179,-0.000584003,-0.0309524,-0.0227004
-0.00821936,0.0226594,0.777901,-1.58828,-1.0842e-19,-0.0306341,-0.0149939
0,0.0385421,0.747409,-1.60418,2.40741e-35,-0.0310636,-0.00990414
0,0.0553662,0.717035,-1.61931,-5.34553e-51,-0.0319001,-0.00445523
0,0.0659883,0.68685,-1.63383,1.18695e-66,-0.0329138,-0.00159924
0,0.07,0.656906,-1.64775,-2.47083e-82,-0.034049,-0.0012818
0,0.07,0.627349,-1.66107,2.92605e-98,-0.0352958,-0.000358645
0,0.07,0.598063,-1.67394,-6.49713e-114,-0.036657,-0.00129966
0,0.07,0.569011,-1.68622,1.44265e-129,-0.0381388,-0.00281629
0,0.07,0.540214,-1.69792,-3.20333e-145,-0.0397492,-0.00418492
0,0.07,0.511671,-1.70904,7.11283e-161,-0.0414971,-0.00585297
0,0.07,0.483368,-1.71959,-1.57937e-176,-0.0433921,-0.00792629
0,0.07,0.455309,-1.72957,3.50689e-192,-0.0454447,-0.0101629
0,0.07,0.427463,-1.73898,-7.78687e-208,-0.0476661,-0.0131384
0,0.07,0.399792,-1.74784,1.72903e-223,-0.0500685,-0.0168699
0,0.07,0.372306,-1.75614,-3.83922e-239,-0.052665,-0.0207081
0,0.07,0.345027,-1.76389,8.52479e-255,-0.0554699,-0.0245429
0,0.07,0.318002,-1.77109,-1.89288e-270,-0.0584988,-0.0280744
0,0.07,0.291253,-1.77773,4.20305e-286,-0.0617688,-0.0316255
0,0.07,0.264788,-1.78385,-9.33264e-302,-0.0652981,-0.0354295
0,0.07,0.238611,-1.78944,2.07226e-317,-0.0691063,-0.0394656
0,0.07,0.212736,-1.7945,1.49208e-321,-0.0732147,-0.0436254
0,0.07,0.187194,-1.79904,1.49208e-321,-0.0776463,-0.0475938
0,0.07,0.162,-1.80306,1.49208e-321,-0.0824257,-0.0516543
0,0.07,0.137197,-1.80658,1.49208e-321,-0.0875795,-0.0553014
0,0.07,0.112817,-1.8096,1.49208e-321,-0.0931366,-0.0590744
0,0.07,0.0887095,-1.81212,1.49208e-321,-0.0991276,-0.064559
0,0.07,0.0647407,-1.81416,1.49208e-321,-0.105543,-0.0715046
0,0.07,0.0408754,-1.81572,1.49208e-321,-0.112406,-0.0793495
0,0.0695362,0.0171498,-1.8168,1.49208e-321,-0.11979,-0.0868653
0,0.0653925,-0.00622518,-1.8174,1.49208e-321,-0.127731,-0.0935739
0,0.0544394,-0.0291653,-1.81742,1.49208e-321,-0.136212,-0.102681
-0.00691225,0.0435285,-0.0517419,-1.81697,1.49208e-321,-0.145038,-0.111331
-0.0231764,0.0344967,-0.0738297,-1.81607,1.49208e-321,-0.153822,-0.118838
-0.0394405,0.0252075,-0.0944471,-1.81473,1.49208e-321,-0.162277,-0.123987
-0.0557046,0.0105661,-0.113941,-1.81298,0.0032134,-0.170301,-0.131645
-0.0719687,-0.00316764,-0.13243,-1.81093,0.0171881,-0.177842,-0.136169
-0.0882328,-0.0182328,-0.147856,-1.80851,0.0159397,-0.184859,-0.141847
-0.104497,-0.0344969,-0.161909,-1.80575,0.0149892,-0.191309,-0.148892
-0.120761,-0.050761,-0.17591,-1.80267,0.0136913,-0.19715,-0.156682
0.106937,0.121342,-0.176004,-1.79943,-0.00469909,0.0416277,0.0663041
0.0861998,0.0851302,-0.195346,-1.7953,-0.00673418,0.0371991,0.0531474
0.0744083,0.0713459,-0.214802,-1.79269,-0.00805683,0.033542,0.0476444
0.0581442,0.0496224,-0.233793,-1.78861,-0.00363156,0.0306537,0.0393563
0.0418801,0.0258088,-0.252441,-1.78414,-1.52803e-11,0.0286308,0.030633
0.025616,-0.000384367,-0.270954,-1.7793,3.23117e-27,0.0275347,0.0212197
0.00935186,-0.023732,-0.289822,-1.77399,-7.17465e-43,0.0273778,0.0131595
0,-0.0402855,-0.308605,-1.76831,1.59309e-58,0.0279966,0.0079065
0,-0.0559588,-0.327137,-1.76225,-3.53737e-74,0.0290379,0.00300733
0,-0.0654578,-0.345356,-1.75582,7.85455e-90,0.0302487,0.000654862
0,-0.0678808,-0.363223,-1.74902,-1.74406e-105,0.031568,0.00113204
0,-0.07,-0.380821,-1.74186,3.87259e-121,0.0329854,0.000802321
0,-0.07,-0.398063,-1.73435,-8.59888e-137,0.0345041,0.00262069
0,-0.07,-0.414942,-1.72658,1.90934e-152,0.0361312,0.00489332
0,-0.0683949,-0.431496,-1.71847,-2.11979e-168,0.0378755,0.00738615
0,-0.0663805,-0.447733,-1.71002,4.70687e-184,0.0397465,0.0101241
0,-0.065975,-0.463654,-1.70116,-1.04514e-199,0.0417546,0.0123858
0,-0.0660058,-0.479253,-1.69198,2.32067e-215,0.043911,0.0146854
0,-0.0671365,-0.494529,-1.68249,-5.15292e-231,0.0462275,0.0167542
0,-0.0695315,-0.50948,-1.67269,1.14418e-246,0.0487168,0.0185513
0,-0.07,-0.524143,-1.66259,-1.27029e-262,0.0513925,0.0207022
0,-0.07,-0.538506,-1.6522,2.82062e-278,0.0542693,0.0235057
0,-0.07,-0.552596,-1.64159,-6.26303e-294,0.0573634,0.026213
0,-0.07,-0.566408,-1.63069,1.39067e-309,0.060692,0.0292463
0,-0.07,-0.579949,-1.61951,-1.68476e-321,0.0642738,0.032433
0,-0.07,-0.593237,-1.60806,-1.68476e-321,0.0681287,0.0356244
0,-0.07,-0.606288,-1.59634,-1.68476e-321,0.0722782,0.0391271
0,-0.07,-0.619142,-1.58436,-1.68476e-321,0.0767456,0.0425176
0,-0.07,-0.631831,-1.57212,-1.68476e-321,0.0815557,0.0457697
0,-0.07,-0.644297,-1.55962,-1.68476e-321,0.0867353,0.0497446
0,-0.07,-0.656614,-1.54688,-1.68476e-321,0.0923133,0.0534963
0,-0.07,-0.668717,-1.53388,-1.68476e-321,0.0983207,0.0577689
0,-0.07,-0.680451,-1.52064,-1.68476e-321,0.104719,0.0625045
0,-0.07,-0.691724,-1.50716,-1.68476e-321,0.111524,0.0680705
0,-0.07,-0.702435,-1.49345,-1.68476e-321,0.118835,0.0742259
0,-0.07,-0.71289,-1.47952,-1.68476e-321,0.126697,0.0808962
0,-0.07,-0.723282,-1.46538,-1.68476e-321,0.135098,0.0888495
0.00606813,-0.0628971,-0.733711,-1.45103,-1.68476e-321,0.143862,0.0974545
0.0222498,-0.0477502,-0.744755,-1.43648,-0.00389166,0.152604,0.105398
0.0384315,-0.0315685,-0.756141,-1.42171,-0.0168738,0.161024,0.11221
0.0546132,-0.0153868,-0.767256,-1.40673,-0.0193536,0.16902,0.121081
0.0707948,0.000794834,-0.781967,-1.39153,-0.0170315,0.176538,0.127693
0.0869765,0.0169765,-0.796593,-1.37606,-0.0164571,0.183536,0.135593
0.103158,0.0331582,-0.809638,-1.3603,-0.0150535,0.189974,0.144823
0.11934,0.0493399,-0.821074,-1.34425,-0.0129026,0.195807,0.154229
-0.107204,-0.122083,-0.820981,-1.32805,0.0056737,-0.0417356,-0.0670141
-0.086572,-0.0818348,-0.826506,-1.30741,0.0077592,-0.0373014,-0.0522327
-0.0748403,-0.0641976,-0.832018,-1.29549,0.00744922,-0.0336317,-0.0452538
-0.0586586,-0.0410052,-0.837231,-1.27891,0.00545317,-0.0307235,-0.0364369
-0.0424769,-0.016933,-0.842152,-1.26222,3.61096e-11,-0.028673,-0.0276328
-0.0262952,0.00766236,-0.846818,-1.24543,-6.46235e-27,-0.0275421,-0.0188625
-0.0101135,0.0308568,-0.851393,-1.22853,1.43493e-42,-0.0273469,-0.0108418
0,0.0462176,-0.855783,-1.21152,-3.18618e-58,-0.0279402,-0.00606688
0,0.0605092,-0.859925,-1.19444,7.07475e-74,-0.0289723,-0.00170601
0,0.0697374,-0.863801,-1.17726,-1.57091e-89,-0.0301781,0.00055503
0,0.07,-0.867345,-1.16001,1.74406e-105,-0.031493,-5.45918e-06
0,0.07,-0.870454,-1.14268,-3.87259e-121,-0.032906,0.00099277
0,0.07,-0.873243,-1.12531,8.59888e-137,-0.0344198,0.000160557
0,0.07,-0.875697,-1.10787,-1.67067e-152,-0.0360416,-0.000522721
0,0.07,-0.877767,-1.09039,2.11979e-168,-0.0377801,-0.00106539
0,0.07,-0.879454,-1.07285,-4.70687e-184,-0.0396449,-0.00175214
0,0.07,-0.88084,-1.05528,1.04514e-199,-0.0416461,-0.0034019
0,0.07,-0.881946,-1.03768,-2.32067e-215,-0.0437951,-0.00540705
0,0.07,-0.882827,-1.02006,6.44115e-231,-0.0461035,-0.00807368
0,0.07,-0.883513,-1.00241,0,-0.048584,-0.0112256
0,0.07,-0.883963,-0.984746,0,-0.0512501,-0.0141359
0,0.07,-0.884179,-0.967072,0,-0.0541167,-0.0173263
0,0.07,-0.884193,-0.949391,0,-0.0571996,-0.0210459
0,0.07,-0.884024,-0.931707,0,-0.0605162,-0.025178
0,0.07,-0.883685,-0.914025,0,-0.0640849,-0.0296773
0,0.07,-0.883172,-0.896347,0,-0.0679257,-0.0343579
0,0.07,-0.882375,-0.878678,0,-0.07206,-0.0381494
0,0.07,-0.881253,-0.861022,0,-0.076511,-0.0417527
0,0.07,-0.87976,-0.843385,0,-0.0813033,-0.0452007
0,0.07,-0.877807,-0.825773,0,-0.0864637,-0.0483185
0,0.07,-0.875391,-0.808195,0,-0.0920211,-0.0514424
0,0.07,-0.872587,-0.790661,0,-0.0980062,-0.0551383
0,0.07,-0.869565,-0.773178,0,-0.104358,-0.0593014
0,0.07,-0.866321,-0.755754,0,-0.111085,-0.0644766
0,0.07,-0.862767,-0.738392,0,-0.11831,-0.0702851
0,0.07,-0.858018,-0.721096,0,-0.126083,-0.0760033
0,0.07,-0.851234,-0.703881,0.0012455,-0.134403,-0.0823623
-0.00444619,0.0655538,-0.843098,-0.686778,0.0132418,-0.143123,-0.0897134
-0.0206142,0.0493858,-0.833614,-0.669822,0.0207739,-0.151864,-0.0979649
-0.0367821,0.0332179,-0.817138,-0.653027,0.0175156,-0.160298,-0.105062
-0.0529501,0.0170499,-0.800243,-0.636495,0.0188294,-0.168314,-0.113498
-0.069118,0.000881958,-0.781232,-0.620304,0.0174054,-0.175859,-0.121542
-0.085286,-0.015286,-0.761996,-0.604461,0.0160793,-0.182889,-0.130011
-0.101454,-0.031454,-0.745744,-0.589009,0.0150475,-0.189365,-0.139416
-0.117622,-0.0476219,-0.730398,-0.573915,0.0126633,-0.195243,-0.14799
0.10873,0.141312,-0.730472,-0.559001,-0.00384122,0.0420433,0.0740258
0.0864986,0.101941,-0.727976,-0.538493,-0.0060712,0.0375691,0.0594582
0.0763936,0.0899043,-0.725392,-0.529358,-0.00727616,0.0338559,0.0545254
0.0602257,0.0676879,-0.722706,-0.514821,-0.00510358,0.0308789,0.0459856
0.0440577,0.045381,-0.719908,-0.500338,7.72536e-11,0.0287478,0.0378488
0.0278897,0.0214069,-0.716958,-0.485909,-1.29247e-26,0.0275296,0.0292816
0.0117218,-0.00269099,-0.713767,-0.471552,2.86986e-42,0.0272489,0.020877
0,-0.0203035,-0.710389,-0.457258,-6.37237e-58,0.0277893,0.0152071
0,-0.0342237,-0.706859,-0.443029,1.41495e-73,0.0288048,0.0110213
0,-0.0457811,-0.703189,-0.428871,-3.14182e-89,0.0300027,0.00781675
0,-0.0505531,-0.699378,-0.414785,6.97624e-105,0.0313114,0.00738283
0,-0.0550307,-0.695437,-0.400775,-1.54904e-120,0.0327176,0.00706867
0,-0.0550271,-0.691364,-0.386843,3.43955e-136,0.034224,0.00865601
0,-0.0533025,-0.687165,-0.372991,-7.63734e-152,0.0358372,0.0109906
0,-0.0526263,-0.682846,-0.359222,1.69583e-167,0.037566,0.0130218
0,-0.0514627,-0.678407,-0.345539,-3.7655e-183,0.0394199,0.0154192
0,-0.0521292,-0.673854,-0.331945,8.36109e-199,0.041409,0.0172483
0,-0.0519555,-0.669186,-0.31844,-1.85653e-214,0.0435445,0.0196259
0,-0.0529072,-0.664409,-0.305029,4.12234e-230,0.0458381,0.021741
0,-0.0535801,-0.659523,-0.291712,-9.15342e-246,0.0483023,0.0241982
0,-0.0536333,-0.654531,-0.278492,2.03247e-261,0.0509506,0.0271276
0,-0.0538876,-0.649436,-0.265371,-4.51299e-277,0.0537977,0.03021
0,-0.0548055,-0.644241,-0.252352,1.00208e-292,0.0568593,0.0332845
0,-0.0560971,-0.638949,-0.239436,-2.22507e-308,0.0601527,0.0364823
0,-0.0567697,-0.63356,-0.226625,-2.4308e-321,0.0636962,0.0401998
0,-0.058872,-0.628081,-0.213922,-2.4308e-321,0.0675096,0.0436036
0,-0.0594983,-0.62251,-0.201327,-2.4308e-321,0.0716142,0.047879
0,-0.0599419,-0.616851,-0.188844,-2.4308e-321,0.0760329,0.0524515
0,-0.0608868,-0.611108,-0.176473,-2.4308e-321,0.0807904,0.0570463
0,-0.0625427,-0.605283,-0.164216,-2.4308e-321,0.0859131,0.0615594
0,-0.0646858,-0.59938,-0.152076,-2.4308e-321,0.0914296,0.0660427
0,-0.0665228,-0.593398,-0.140053,-2.4308e-321,0.0973706,0.0707589
0,-0.0662576,-0.587339,-0.128149,-2.4308e-321,0.103772,0.0763853
0,-0.0628252,-0.581206,-0.116366,-2.4308e-321,0.11067,0.0831908
0,-0.0583519,-0.575002,-0.104705,-2.4308e-321,0.118095,0.0902619
0,-0.0516191,-0.568729,-0.0931674,-2.4308e-321,0.126076,0.0980394
0,-0.0424171,-0.562389,-0.0817551,-2.4308e-321,0.134605,0.106511
0.00449414,-0.0322428,-0.555985,-0.0704693,-2.4308e-321,0.143532,0.115004
0.0208365,-0.0281865,-0.549546,-0.0593112,-2.4308e-321,0.152474,0.120648
0.0371788,-0.0265453,-0.543687,-0.0482816,-2.4308e-321,0.161098,0.123605
0.0535211,-0.0143812,-0.538966,-0.0373669,-0.00708363,0.169295,0.128394
0.0698634,-0.000136604,-0.536889,-0.0265333,-0.020141,0.177009,0.130644
0.0862057,0.0162057,-0.540073,-0.0157664,-0.0186326,0.184198,0.134383
0.102548,0.032548,-0.546261,-0.00500155,-0.0177617,0.19082,0.139691
0.11889,0.0488903,-0.554457,0.00585251,-0.0162224,0.196834,0.145856
-0.109902,-0.159837,-0.554615,0.0167777,0.00516201,-0.0429436,-0.0812774
-0.0935598,-0.124533,-0.547416,0.0277029,0.0068769,-0.0382918,-0.0683966
-0.0772174,-0.096823,-0.5402,0.0387299,0.00858974,-0.0343992,-0.0576584
-0.0608751,-0.0694278,-0.532955,0.0496132,0.00641129,-0.0313231,-0.0472642
-0.0445328,-0.0439134,-0.525686,0.060352,3.48713e-11,-0.0291229,-0.0379044
-0.0281905,-0.0162319,-0.518364,0.0709457,-6.46235e-27,-0.0278528,-0.0278877
-0.0118482,0.0108955,-0.510753,0.0813569,1.43493e-42,-0.027534,-0.0183141
0,0.0306028,-0.50299,0.0916176,-3.18618e-58,-0.0280475,-0.0118395
0,0.0515015,-0.49516,0.101724,7.07475e-74,-0.0290426,-0.00488585
0,0.0682144,-0.487296,0.111674,-1.57091e-89,-0.0302228,0.00028321
0,0.07,-0.479297,0.121467,1.74406e-105,-0.0315154,0.00129964
0,0.07,-0.471042,0.131101,-4.84074e-121,-0.0329068,0.00318458
0,0.07,-0.462633,0.140613,0,-0.0343994,0.00313557
0,0.07,-0.454165,0.149958,0,-0.0359999,0.0020172
0,0.07,-0.445614,0.159135,0,-0.0377169,0.00101374
0,0.07,-0.43698,0.168141,0,-0.0395598,-0.000220755
0,0.07,-0.428219,0.176975,0,-0.0415388,-0.00139019
0,0.07,-0.419333,0.185636,0,-0.0436648,-0.00272876
0,0.07,-0.410376,0.194121,0,-0.0459497,-0.00464576
0,0.07,-0.401372,0.202427,0,-0.0484058,-0.00696153
0,0.07,-0.392351,0.210553,0,-0.0510466,-0.00973889
0,0.07,-0.38339,0.218499,0,-0.0538867,-0.0131651
0,0.07,-0.374477,0.226266,0,-0.0569419,-0.0168125
0,0.07,-0.365562,0.233853,0,-0.0602293,-0.0203403
0,0.07,-0.356599,0.241263,0,-0.0637672,-0.0238299
0,0.07,-0.347583,0.248493,0,-0.0675755,-0.0275218
0,0.07,-0.338453,0.255544,0,-0.0716753,-0.0310792
0,0.07,-0.329188,0.262414,0,-0.0760896,-0.0346937
0,0.07,-0.319742,0.269099,0,-0.0808429,-0.0381755
0,0.07,-0.310043,0.275598,0,-0.0859618,-0.0413662
0,0.07,-0.300081,0.281906,0,-0.0914748,-0.0445222
0,0.07,-0.289913,0.288017,0,-0.0974125,-0.0479476
0,0.07,-0.279597,0.293927,0,-0.103808,-0.0517577
0,0.07,-0.270056,0.299637,0,-0.110309,-0.0563008
0,0.07,-0.259793,0.305143,0,-0.116839,-0.0610353
0,0.07,-0.248053,0.310463,0,-0.123796,-0.0659317
0,0.07,-0.234627,0.315559,0.00710488,-0.131288,-0.0717597
0,0.07,-0.216735,0.320406,0.0120383,-0.139279,-0.078229
-0.0152041,0.0547959,-0.192144,0.324973,0.0108089,-0.147426,-0.0861159
-0.030798,0.039202,-0.158306,0.329086,0.00882178,-0.155341,-0.0937445
-0.0463919,0.0236081,-0.127542,0.332641,0.00996143,-0.162894,-0.103241
-0.0619859,0.00801414,-0.0932337,0.335531,0.0092751,-0.170024,-0.11142
-0.0775798,-0.00757979,-0.0509034,0.337773,0.00745102,-0.176688,-0.119171
-0.0931737,-0.0231737,-0.0159899,0.339256,0.00705373,-0.182846,-0.128303
-0.108768,-0.0387676,0.0169633,0.33996,0.00501426,-0.188457,-0.137137
0.109547,0.152015,0.016924,0.339967,-0.00416044,0.0404341,0.077837
0.087326,0.110101,0.0205974,0.339484,0.000306702,0.0361263,0.0619621
0.0783595,0.100312,0.024365,0.339289,0.000927712,0.0325247,0.0579189
0.0627656,0.0803448,0.0279951,0.338843,0.00105125,0.0295954,0.0502451
0.0471716,0.0589696,0.0317071,0.338323,0.0027609,0.0274508,0.042447
0.0315777,0.0367702,0.0353666,0.337732,0.00248652,0.0261623,0.0345789
0.0159838,0.0126873,0.0390606,0.337065,0.00115345,0.0257751,0.0261618
0.000389848,-0.00874528,0.0427883,0.336324,-2.1684e-19,0.0262605,0.01898
0,-0.0233749,0.0464894,0.335509,4.81482e-35,0.0273028,0.0145846
0,-0.037512,0.0501393,0.334602,-1.06911e-50,0.0285496,0.0103725
0,-0.0452167,0.0537397,0.333621,2.37389e-66,0.029907,0.00881352
0,-0.0507886,0.0572835,0.332568,-5.2711e-82,0.0313561,0.00810785
0,-0.0533017,0.0607708,0.331443,1.17042e-97,0.0328981,0.00870153
0,-0.0530375,0.0642005,0.330249,-2.59885e-113,0.0345398,0.0104798
0,-0.0540159,0.0675683,0.328985,5.77061e-129,0.0362897,0.0118547
0,-0.0548162,0.0708753,0.327654,-1.28133e-144,0.0381574,0.0134689
0,-0.0570333,0.07412,0.326256,2.84513e-160,0.0401534,0.0146782
0,-0.0584,0.0773042,0.324793,-6.31746e-176,0.0422886,0.0164275
0,-0.0592165,0.0804278,0.323267,1.40276e-191,0.0445749,0.0185774
0,-0.061298,0.083489,0.321677,-3.11475e-207,0.0470249,0.020421
0,-0.063203,0.0864889,0.320025,6.91613e-223,0.0496518,0.0225779
0,-0.0654822,0.0894266,0.318314,-1.53569e-238,0.0524701,0.0248203
0,-0.0685332,0.0923017,0.316559,3.40992e-254,0.0554956,0.0270102
0,-0.07,0.0950845,0.314746,-9.46442e-270,0.0587452,0.0296383
0,-0.07,0.0977299,0.312877,0,0.062237,0.0324267
0,-0.07,0.100229,0.310968,0,0.0659905,0.0353333
0,-0.07,0.102635,0.309005,0,0.0700267,0.0392553
0,-0.07,0.104964,0.306995,0,0.0743681,0.0436393
0,-0.07,0.107223,0.30484,0,0.0790519,0.0485103
0,-0.07,0.109441,0.302847,0,0.0840941,0.0536928
0,-0.07,0.111716,0.300274,0,0.0895683,0.0612362
0,-0.0642304,0.113609,0.295296,0,0.096394,0.0764671
0,-0.0386752,0.115646,0.289935,0,0.105385,0.0941577
0,-0.0400076,0.117725,0.288686,0,0.115651,0.098604
0.00122565,-0.0402309,0.119764,0.287356,0,0.126086,0.103777
0.0175677,-0.0293867,0.121721,0.284983,0,0.136296,0.112919
0.0339097,-0.0267406,0.123065,0.28257,0,0.146073,0.11776
0.0502518,-0.0149846,0.12358,0.280126,-0.00850821,0.155341,0.124226
0.0665938,-0.00186565,0.123105,0.277663,-0.019808,0.16406,0.129472
0.0829358,0.0129358,0.117741,0.275192,-0.0186586,0.172195,0.133693
0.0992779,0.0292779,0.11087,0.272746,-0.0193861,0.179712,0.139269
0.11562,0.0456199,0.103196,0.270415,-0.0191819,0.186571,0.145346
-0.113169,-0.168931,0.10249,0.268198,0.0035609,-0.0523978,-0.0868271
-0.0927411,-0.142701,0.103783,0.265426,0.00567862,-0.0470239,-0.0769892
-0.0796674,-0.127229,0.105073,0.263782,0.00709141,-0.0424633,-0.0708298
-0.0641425,-0.1084,0.106429,0.261807,0.0079018,-0.0387056,-0.0643759
-0.0478005,-0.0868899,0.108115,0.2597,4.10918e-11,-0.0358278,-0.0572297
-0.0314584,-0.0686166,0.109895,0.257565,-6.46235e-27,-0.033902,-0.050561
-0.0151164,-0.0505968,0.111697,0.255387,1.43493e-42,-0.0329666,-0.0442447
0,-0.0376471,0.113484,0.253164,-3.18618e-58,-0.032963,-0.040117
0,-0.0318226,0.115222,0.250905,7.07475e-74,-0.0335448,-0.0388849
0,-0.0232686,0.116913,0.248611,-1.57091e-89,-0.0343572,-0.0365616
0,-0.0214037,0.118548,0.246283,3.48812e-105,-0.0353108,-0.0370595
0,-0.0145923,0.120137,0.243922,-7.74518e-121,-0.0363864,-0.0355956
0,-0.00402235,0.121679,0.241529,1.71978e-136,-0.0375834,-0.032832
0,0.0069057,0.123171,0.239104,-3.81867e-152,-0.0389067,-0.0301193
0,0.0108352,0.124605,0.23665,8.47915e-168,-0.0403631,-0.0303545
0,0.0104933,0.125983,0.234166,-1.88275e-183,-0.0419606,-0.0323491
0,0.00770828,0.12731,0.231655,4.18054e-199,-0.043708,-0.0354286
0,0.00428787,0.128586,0.229117,-9.28267e-215,-0.0456149,-0.0389138
0,0.00290328,0.129814,0.226553,2.06117e-230,-0.0476918,-0.0417802
0,0.00322969,0.130996,0.223964,-4.57671e-246,-0.0499501,-0.0442113
0,0.00435133,0.13213,0.221351,1.01623e-261,-0.0524019,-0.0465833
0,0.00457448,0.133215,0.218715,-2.25649e-277,-0.0550609,-0.049572
0,0.0076079,0.134254,0.216057,5.01042e-293,-0.0579417,-0.051682
0,0.0107,0.135246,0.213378,-1.11254e-308,-0.0610605,-0.0540775
0,0.0159642,0.136193,0.210679,-1.2154e-321,-0.0644347,-0.0558776
0,0.0228933,0.137095,0.207961,-1.2154e-321,-0.068083,-0.0573177
0,0.0322142,0.137953,0.205225,-1.2154e-321,-0.072026,-0.0580947
0,0.042704,0.138767,0.202471,-1.2154e-321,-0.0762855,-0.0586957
0,0.0539748,0.139535,0.1997,-1.2154e-321,-0.0808853,-0.0592369
0,0.0667702,0.14026,0.196914,-1.2154e-321,-0.0858511,-0.0593863
0,0.07,0.14113,0.194113,-1.2154e-321,-0.0912105,-0.0605769
0,0.07,0.142173,0.191296,-1.2154e-321,-0.0969932,-0.0628281
0,0.07,0.143346,0.188464,-1.2154e-321,-0.103232,-0.0662754
0,0.07,0.144265,0.18561,-1.2154e-321,-0.109613,-0.0707739
0,0.07,0.145085,0.182735,-1.2154e-321,-0.116074,-0.0764177
0,0.07,0.145719,0.179842,-1.2154e-321,-0.122973,-0.0831462
0,0.07,0.146114,0.176935,-1.2154e-321,-0.130411,-0.0904098
0,0.0583674,0.146411,0.174017,-1.2154e-321,-0.138365,-0.0999358
-0.0121535,0.0447956,0.146664,0.171092,-1.2154e-321,-0.146546,-0.109157
-0.0278355,0.0354934,0.147138,0.16816,-1.2154e-321,-0.154573,-0.115359
-0.0435174,0.0220378,0.148061,0.16522,-1.2154e-321,-0.162259,-0.122108
-0.0591993,0.00779027,0.149306,0.16227,0.00601379,-0.169531,-0.128538
-0.0748813,-0.0048813,0.153974,0.159298,0.00729174,-0.176343,-0.132342
-0.0905632,-0.0205632,0.160756,0.156279,0.00670136,-0.182653,-0.138503
-0.106245,-0.0362452,0.168659,0.153139,0.00521259,-0.18842,-0.145315
0.113302,0.133931,0.16859,0.149856,-0.00397818,0.0416294,0.0708933
0.0925235,0.0945621,0.168129,0.145387,4.50989e-05,0.0371306,0.0560702
0.0819382,0.0801337,0.167648,0.143112,0.00144194,0.0333271,0.0501918
0.0662562,0.059189,0.167092,0.139754,0.00212167,0.0302148,0.0421276
0.0505743,0.0373162,0.166618,0.136406,0.00365605,0.0278872,0.034085
0.0348923,0.0175781,0.16616,0.133068,0.00289644,0.0264111,0.0271571
0.0192104,-0.00712272,0.165653,0.12974,0.00177845,0.0258339,0.0184158
0.00352844,-0.0308722,0.1651,0.126421,6.97058e-20,0.026141,0.0102875
0,-0.0446163,0.164518,0.123113,0,0.0270732,0.00625799
0,-0.0597862,0.163899,0.119819,0,0.0282817,0.00160078
0,-0.0635613,0.163257,0.116538,0,0.0296186,0.00160695
0,-0.0626364,0.162585,0.113269,0,0.0310506,0.00341377
0,-0.0625893,0.16188,0.110013,0,0.0325751,0.00490675
0,-0.0590149,0.161146,0.106771,0,0.0341978,0.00794165
0,-0.0614346,0.160375,0.103544,0,0.035927,0.00866206
0,-0.0649117,0.159571,0.100332,0,0.037772,0.00919839
0,-0.0664298,0.158738,0.0971354,0,0.0397431,0.0106938
0,-0.0663112,0.157876,0.0939557,0,0.0418511,0.0129882
0,-0.0651088,0.156987,0.090793,0,0.0441079,0.0158813
0,-0.0638555,0.156069,0.0876479,0,0.0465257,0.0189826
0,-0.0626482,0.155123,0.084521,0,0.0491178,0.0222849
0,-0.0610018,0.15415,0.0814129,0,0.0518983,0.0259981
0,-0.0574771,0.153153,0.078324,0,0.0548829,0.030702
0,-0.0538578,0.152129,0.075255,0,0.058088,0.0356723
0,-0.0488702,0.151082,0.0722063,0,0.0615317,0.0414517
0,-0.0449287,0.150009,0.0691783,0,0.0652332,0.0470589
0,-0.0422833,0.148909,0.0661717,0,0.0692131,0.0524281
0,-0.0412472,0.147784,0.0631869,0,0.0734937,0.0574283
0,-0.0422453,0.146633,0.0602245,0,0.0780988,0.0618775
0,-0.0439443,0.145459,0.0572849,0,0.0830542,0.0662885
0,-0.0451925,0.144264,0.0543687,0,0.0883875,0.071065
0,-0.0471735,0.143045,0.0514763,0,0.0941283,0.0756713
0,-0.0483644,0.141807,0.0486081,0,0.100309,0.080678
0,-0.0452317,0.140553,0.0457645,0,0.106895,0.0868594
0,-0.0410018,0.139281,0.0429459,0,0.113904,0.0938317
0,-0.0359465,0.13799,0.0401526,0,0.121433,0.100986
0,-0.0309119,0.136681,0.0373851,0,0.129518,0.107911
0,-0.0222435,0.135357,0.0346436,0,0.138125,0.116005
0.0109673,-0.0121459,0.134018,0.0319285,0,0.146984,0.124261
0.0272151,-0.0118221,0.132658,0.0292401,0,0.155698,0.128188
0.0434629,-0.010898,0.131294,0.0265795,0,0.16405,0.132066
0.0597107,-0.00470672,0.12919,0.0239454,-0.00301785,0.171956,0.135392
0.0759585,0.00597409,0.125554,0.0213459,-0.0176645,0.179368,0.136303
0.0922063,0.0222063,0.118323,0.0187875,-0.0172803,0.186246,0.140505
0.108454,0.0384542,0.10957,0.0163379,-0.0162762,0.192547,0.146311
-0.119015,-0.159188,0.10958,0.0140458,0.00329402,-0.0454898,-0.0819719
-0.0978931,-0.124494,0.10839,0.011197,0.00563243,-0.0405188,-0.0686472
-0.0865196,-0.106781,0.107181,0.00966588,0.00684715,-0.0362764,-0.0613214
-0.0702718,-0.0801503,0.105982,0.00750895,0.00873595,-0.0327666,-0.0509025
-0.054024,-0.0510686,0.104779,0.00537612,0.00046315,-0.0300794,-0.039955
-0.0377762,-0.0250415,0.103566,0.0032673,3.15613e-11,-0.0282818,-0.0305302
-0.0215284,0.0014225,0.102322,0.00118264,0,-0.0274234,-0.0210998
-0.00528054,0.025822,0.101027,-0.000871261,0,-0.0274955,-0.0126699
0,0.0429635,0.0997035,-0.00289956,0,-0.0282579,-0.00723448
0,0.0610154,0.0983696,-0.00490157,0,-0.0293498,-0.0014255
0,0.0677121,0.0970152,-0.00687697,0,-0.0305882,-0.000259488
0,0.07,0.0956889,-0.0088254,0,-0.0319305,-0.000196245
0,0.07,0.0944819,-0.0107471,0,-0.0333712,0.000204507
0,0.07,0.0932762,-0.01265,0,-0.0349149,-0.00121848
0,0.07,0.092156,-0.0145288,0,-0.0365691,-0.00155258
0,0.07,0.091114,-0.0163843,0,-0.038343,-0.00228515
0,0.07,0.0901309,-0.018218,0,-0.0402461,-0.00359718
0,0.07,0.0892199,-0.0200315,0,-0.0422891,-0.00494326
0,0.07,0.0883518,-0.0218259,0,-0.0444834,-0.00677465
0,0.07,0.0875294,-0.0236025,0,-0.0468409,-0.00877937
0,0.07,0.0867877,-0.0253621,0,-0.0493745,-0.0107958
0,0.07,0.0861758,-0.027106,0,-0.0520981,-0.012785
0,0.07,0.085624,-0.0288362,0,-0.0550269,-0.0155235
0,0.07,0.085118,-0.0305548,0,-0.0581771,-0.0186114
0,0.07,0.084613,-0.0322627,0,-0.0615664,-0.0222793
0,0.07,0.0840813,-0.0339605,0,-0.0652137,-0.0264048
0,0.07,0.0835577,-0.035648,0,-0.0691395,-0.0305152
0,0.07,0.0831045,-0.0373249,0,-0.0733655,-0.0343895
0,0.07,0.0828051,-0.038992,0,-0.0779153,-0.0378498
0,0.07,0.0827406,-0.0406514,0,-0.0828145,-0.0412036
0,0.07,0.0829718,-0.0423069,0,-0.0880901,-0.0443026
0,0.07,0.083543,-0.0439638,0,-0.0937717,-0.0471819
0,0.07,0.0843669,-0.0456284,0,-0.0998908,-0.0505389
0,0.07,0.0850175,-0.0473067,0,-0.106284,-0.0543892
0,0.07,0.0860509,-0.0489999,0,-0.112929,-0.0592894
0,0.07,0.0881974,-0.050709,0,-0.120046,-0.0648579
0,0.07,0.0928432,-0.0524483,0.00289868,-0.127709,-0.070213
0,0.07,0.099161,-0.0542517,0.0186927,-0.135909,-0.0763093
-0.00681298,0.063187,0.113417,-0.0561591,0.0184974,-0.144458,-0.0829731
-0.0228435,0.0471565,0.139837,-0.0582421,0.0162153,-0.152975,-0.0895857
-0.0388741,0.0311259,0.17728,-0.0607218,0.0143236,-0.161175,-0.0978415
-0.0549046,0.0150954,0.199968,-0.0638368,0.0166871,-0.16896,-0.1089
-0.0709351,-0.000935149,0.225978,-0.0675753,0.0143456,-0.176276,-0.117605
-0.0869657,-0.0169657,0.247499,-0.0718087,0.0136605,-0.183082,-0.126991
-0.102996,-0.0329962,0.264757,-0.076522,0.0124776,-0.189338,-0.136209
-0.119027,-0.0490268,0.277284,-0.0816187,0.0108058,-0.194999,-0.145654
0.105401,0.140623,0.277213,-0.0869138,-0.00522463,0.0404398,0.0737547
0.0833588,0.101721,0.272645,-0.0941946,-0.00554894,0.0361762,0.0594151
0.0733397,0.0907325,0.268016,-0.097649,-0.00562014,0.0326713,0.0549774
0.0573092,0.0676791,0.263458,-0.10306,-0.00419853,0.0299011,0.0461553
0.0412786,0.0446787,0.25891,-0.10838,-7.72355e-12,0.0279745,0.0378116
0.0252481,0.0207848,0.254324,-0.113608,1.61559e-27,0.0269557,0.0293337
0.00921756,-0.00172003,0.24957,-0.118722,-3.58732e-43,0.0268582,0.0216012
0,-0.0185684,0.244758,-0.123742,7.96546e-59,0.0275219,0.0162416
0,-0.0330215,0.239928,-0.128666,-1.76869e-74,0.0285995,0.0118563
0,-0.0434228,0.235097,-0.133493,3.92727e-90,0.0298427,0.00914551
0,-0.0495788,0.230271,-0.138224,-8.7203e-106,0.0311916,0.00816552
0,-0.0541116,0.225449,-0.142859,1.9363e-121,0.0326364,0.00787525
0,-0.0552242,0.220636,-0.147396,-4.29944e-137,0.0341805,0.00904344
0,-0.05435,0.215831,-0.151838,9.54668e-153,0.0358311,0.0110823
0,-0.0529353,0.211032,-0.156183,-2.11979e-168,0.0375972,0.0134494
0,-0.0517236,0.206242,-0.160433,4.70687e-184,0.0394884,0.0158841
0,-0.0531996,0.201457,-0.164586,-1.04514e-199,0.0415153,0.0174203
0,-0.0543475,0.196683,-0.168644,2.32067e-215,0.0436891,0.0193155
0,-0.0582274,0.191917,-0.172607,-5.15292e-231,0.0460217,0.0203158
0,-0.0606779,0.187166,-0.176474,1.14418e-246,0.048526,0.0221441
0,-0.0618405,0.18243,-0.180245,-2.54059e-262,0.0512155,0.0246955
0,-0.062613,0.177709,-0.183922,5.64123e-278,0.0541052,0.027627
0,-0.0633734,0.173004,-0.187505,-1.25261e-293,0.0572112,0.0308122
0,-0.0651519,0.168315,-0.190993,2.78134e-309,0.0605509,0.0338537
0,-0.0670993,0.163643,-0.194388,1.47726e-321,0.0641429,0.03711
0,-0.0692332,0.158991,-0.197689,1.47726e-321,0.0680073,0.04056
0,-0.0699126,0.15436,-0.200896,1.47726e-321,0.0721657,0.0448519
0,-0.0696001,0.149751,-0.204011,1.47726e-321,0.0766412,0.0497613
0,-0.068061,0.145164,-0.207034,1.47726e-321,0.0814589,0.0553659
0,-0.0672729,0.140597,-0.209965,1.47726e-321,0.0866455,0.0608405
0,-0.0674217,0.136052,-0.212804,1.47726e-321,0.0922301,0.0660989
0,-0.0654748,0.131533,-0.215552,1.47726e-321,0.0982435,0.0723028
0,-0.0646577,0.127036,-0.21821,1.47726e-321,0.104721,0.0780748
0,-0.060558,0.122568,-0.220778,1.47726e-321,0.111698,0.0851218
0,-0.0549409,0.118126,-0.223256,1.47726e-321,0.119207,0.092611
0,-0.0464885,0.113714,-0.225645,1.47726e-321,0.127273,0.101017
0,-0.034458,0.109337,-0.227946,1.47726e-321,0.135876,0.110541
0.00694384,-0.0204998,0.104998,-0.230159,1.47726e-321,0.144822,0.12044
0.0232823,-0.0180102,0.100701,-0.232285,1.47726e-321,0.153721,0.125331
0.0396208,-0.0165403,0.0965227,-0.234325,1.47726e-321,0.162283,0.129555
0.0559592,-0.00876646,0.0915559,-0.23628,-0.00120368,0.170409,0.133791
0.0722977,0.00256934,0.0853505,-0.238146,-0.0185384,0.178045,0.135717
0.0886361,0.0186361,0.0751134,-0.239928,-0.0179837,0.18515,0.139861
0.104975,0.0349746,0.0625472,-0.241553,-0.0167968,0.191682,0.144954
0.121313,0.051313,0.0500845,-0.242948,-0.0161646,0.197599,0.151695
-0.107425,-0.143534,0.0501447,-0.244199,0.00478487,-0.0422247,-0.0754087
-0.0861853,-0.10631,0.0466511,-0.245825,0.00689196,-0.0377375,-0.0615985
-0.0747484,-0.0888635,0.0431028,-0.246523,0.00826979,-0.0340291,-0.054599
-0.05841,-0.0618503,0.0396275,-0.247424,0.00381493,-0.0310914,-0.0442461
-0.0420715,-0.0349093,0.0361835,-0.248255,-5.17367e-11,-0.0290243,-0.0343483
-0.0257331,-0.00763747,0.0327475,-0.249017,6.46235e-27,-0.0278904,-0.0245471
-0.00939461,0.0176863,0.0292217,-0.249692,-1.43493e-42,-0.0277022,-0.015711
0,0.0351922,0.0256801,-0.250298,3.18618e-58,-0.0282952,-0.0101059
0,0.0535294,0.0221649,-0.250833,-7.07475e-74,-0.0293141,-0.00415631
0,0.0648999,0.0186781,-0.251297,1.57091e-89,-0.0305047,-0.00109671
0,0.0688963,0.0152267,-0.251691,-3.48812e-105,-0.0318054,-0.000974195
0,0.07,0.0119605,-0.252017,3.87259e-121,-0.0332056,0.000117564
0,0.07,0.00876261,-0.252275,-8.59888e-137,-0.0347082,-0.00102126
0,0.07,0.00561395,-0.252486,1.90934e-152,-0.0363205,-0.00253472
0,0.07,0.00250651,-0.252633,-4.23958e-168,-0.038051,-0.00430765
0,0.07,-0.000533489,-0.252717,9.41375e-184,-0.0399093,-0.00585896
0,0.07,-0.0034547,-0.25274,-2.09027e-199,-0.0419056,-0.00684079
0,0.07,-0.00623384,-0.252703,4.64134e-215,-0.044051,-0.00800382
0,0.07,-0.00888865,-0.252609,-1.03058e-230,-0.0463573,-0.00966134
0,0.07,-0.0114435,-0.25246,2.28836e-246,-0.0488372,-0.0117713
0,0.07,-0.0139103,-0.252259,-5.08117e-262,-0.0515041,-0.0142243
0,0.07,-0.0163171,-0.252008,1.12825e-277,-0.0543728,-0.0172024
0,0.07,-0.0186949,-0.251707,-2.50521e-293,-0.0574594,-0.0207419
0,0.07,-0.0210267,-0.251358,5.56268e-309,-0.060781,-0.0243632
0,0.07,-0.0233027,-0.250964,-1.89227e-321,-0.0643563,-0.0281479
0,0.07,-0.0254604,-0.250522,-1.89227e-321,-0.0682052,-0.0316774
0,0.07,-0.0275128,-0.250037,-1.89227e-321,-0.0723492,-0.0356027
0,0.07,-0.0294115,-0.249509,-1.89227e-321,-0.0768114,-0.0393696
0,0.07,-0.0311008,-0.248942,-1.89227e-321,-0.0816167,-0.0428959
0,0.07,-0.0325656,-0.248339,-1.89227e-321,-0.0867919,-0.0464406
0,0.07,-0.0337299,-0.247703,-1.89227e-321,-0.0923658,-0.0495909
0,0.07,-0.0345676,-0.247042,-1.89227e-321,-0.0983694,-0.0528077
0,0.07,-0.0353991,-0.246359,-1.89227e-321,-0.104733,-0.0568628
0,0.07,-0.0360349,-0.245661,-1.89227e-321,-0.111463,-0.0610101
0,0.07,-0.0355667,-0.244947,-1.89227e-321,-0.11869,-0.0661839
0,0.07,-0.0321048,-0.24423,0.00194663,-0.126465,-0.0705442
0,0.07,-0.0265607,-0.243548,0.0186197,-0.134783,-0.0762243
-0.00524681,0.0647532,-0.0148164,-0.242953,0.0203303,-0.143483,-0.0832276
-0.0213908,0.0486092,0.00395018,-0.24251,0.0192499,-0.152185,-0.0907905
-0.0375349,0.0324651,0.0294722,-0.242383,0.0177221,-0.160574,-0.0989297
-0.0536789,0.0163211,0.0545405,-0.242679,0.0188789,-0.168544,-0.107572
-0.0698229,0.000177078,0.0923786,-0.243494,0.0167713,-0.176042,-0.114521
-0.085967,-0.015967,0.131379,-0.244906,0.0156188,-0.183025,-0.122877
-0.102111,-0.032111,0.163914,-0.247105,0.0148513,-0.189452,-0.131592
-0.118255,-0.048255,0.191661,-0.250009,0.0128238,-0.195281,-0.140445
0.107761,0.161988,0.191916,-0.253287,-0.00491078,0.0416961,0.0813191
0.0851597,0.121124,0.186603,-0.257877,-0.00714715,0.0372771,0.0667217
0.0754733,0.110971,0.181158,-0.260163,-0.00745683,0.0336213,0.0628348
0.0593293,0.088648,0.175756,-0.263846,-0.00538239,0.0306986,0.0543928
0.0431853,0.0658934,0.170383,-0.267424,-1.73957e-11,0.0286218,0.0460903
0.0270412,0.0405712,0.164994,-0.27089,3.23117e-27,0.0274579,0.0370002
0.0108972,0.0145576,0.159438,-0.274222,-7.17465e-43,0.0272281,0.0278571
0,-0.00523754,0.153834,-0.277445,1.59309e-58,0.0278011,0.0213486
0,-0.0226939,0.148242,-0.280555,-3.53737e-74,0.0288298,0.0157865
0,-0.038069,0.142677,-0.283553,7.85455e-90,0.0300359,0.011114
0,-0.0471507,0.137152,-0.28644,-1.74406e-105,0.0313517,0.00902025
0,-0.0540916,0.131665,-0.289216,3.87259e-121,0.032765,0.00779141
0,-0.0551077,0.126221,-0.291883,-8.59888e-137,0.0342785,0.00901264
0,-0.0571893,0.120814,-0.29444,1.90934e-152,0.0358992,0.00984689
0,-0.0574714,0.115448,-0.296888,-4.23958e-168,0.0376358,0.0115582
0,-0.0576176,0.110122,-0.299227,9.41375e-184,0.0394978,0.0134523
0,-0.0572231,0.104837,-0.301461,-2.09027e-199,0.0414955,0.0157308
0,-0.057387,0.0995925,-0.30359,4.64134e-215,0.04364,0.0179638
0,-0.0591591,0.0943886,-0.305613,-1.03058e-230,0.0459432,0.0197634
0,-0.0616944,0.0892274,-0.307532,2.28836e-246,0.0484176,0.0214972
0,-0.063009,0.0841123,-0.309348,-5.08117e-262,0.0510767,0.0239599
0,-0.0638765,0.0790429,-0.31106,1.12825e-277,0.0539352,0.0268257
0,-0.0655701,0.0740181,-0.312672,-2.50521e-293,0.0570091,0.0296091
0,-0.0674458,0.0690401,-0.314182,5.56268e-309,0.0603155,0.0325951
0,-0.07,0.0641028,-0.315593,-1.082e-321,0.063873,0.0354875
0,-0.07,0.0591402,-0.316905,-1.082e-321,0.0677014,0.0386492
0,-0.07,0.0541644,-0.318142,-1.082e-321,0.071822,0.0422354
0,-0.07,0.0491729,-0.31928,-1.082e-321,0.0762579,0.0460137
0,-0.07,0.0441864,-0.320318,-1.082e-321,0.0810338,0.0502941
0,-0.07,0.0392185,-0.321257,-1.082e-321,0.0861764,0.0549568
0,-0.07,0.0342718,-0.322094,-1.082e-321,0.0917142,0.0597985
0,-0.07,0.0293789,-0.322831,-1.082e-321,0.097678,0.0652048
0,-0.07,0.0245513,-0.323472,-1.082e-321,0.104092,0.0707296
0,-0.07,0.0198618,-0.324016,-1.082e-321,0.110989,0.0773575
0,-0.07,0.0153945,-0.324465,-1.082e-321,0.118411,0.0850955
0,-0.0623107,0.0110668,-0.324822,-1.082e-321,0.126388,0.0942496
0,-0.0500612,0.00680882,-0.325091,-1.082e-321,0.134909,0.103886
0.00530021,-0.0358486,0.00261797,-0.325253,-1.082e-321,0.143809,0.113904
0.0216085,-0.0290934,-0.00150182,-0.32533,-1.082e-321,0.152705,0.120522
0.0379169,-0.0248292,-0.00590183,-0.325325,-1.082e-321,0.161278,0.124802
0.0542252,-0.0130499,-0.0112959,-0.325236,-0.00585609,0.169422,0.129545
0.0705335,0.000533507,-0.0197475,-0.325074,-0.0181971,0.177082,0.131461
0.0868418,0.0168418,-0.0337366,-0.324798,-0.0169151,0.184218,0.13494
0.10315,0.0331502,-0.0508451,-0.324277,-0.015741,0.190786,0.140529
0.119458,0.0494585,-0.0698231,-0.323457,-0.014,0.196745,0.147071
-0.108858,-0.149266,-0.0698152,-0.32244,0.00474032,-0.0425767,-0.0775243
-0.0864341,-0.108428,-0.0727238,-0.321042,0.00696276,-0.038046,-0.0625184
-0.0762414,-0.0935546,-0.0756929,-0.320174,0.00819473,-0.0342893,-0.0564611
-0.0599331,-0.065878,-0.0785631,-0.318693,0.0052655,-0.0312816,-0.0457765
-0.0436248,-0.0389132,-0.0813908,-0.317153,2.21264e-11,-0.0291331,-0.0358563
-0.0273164,-0.0125696,-0.0841762,-0.315557,-6.46235e-27,-0.0279107,-0.0264075
-0.0110081,0.0152512,-0.0870048,-0.31389,1.43493e-42,-0.0276349,-0.0165457
0,0.0355599,-0.0898269,-0.312167,-3.18618e-58,-0.0281728,-0.00984898
0,0.0531438,-0.0926051,-0.310387,7.07475e-74,-0.0291731,-0.00423434
0,0.0678722,-0.0953307,-0.308552,-1.57091e-89,-0.0303539,0.000186538
0,0.07,-0.0979705,-0.306661,2.61609e-105,-0.0316465,2.0105e-05
0,0.07,-0.100345,-0.304718,-3.87259e-121,-0.0330384,0.00160582
0,0.07,-0.102643,-0.302737,8.59888e-137,-0.034532,0.000336097
0,0.07,-0.104874,-0.300709,-1.90934e-152,-0.0361342,-0.00114922
0,0.07,-0.106967,-0.298636,2.11979e-168,-0.0378537,-0.0018595
0,0.07,-0.108903,-0.29652,-4.70687e-184,-0.0396999,-0.00276592
0,0.07,-0.110651,-0.294363,1.04514e-199,-0.0416829,-0.00353007
0,0.07,-0.112207,-0.29217,-1.7405e-215,-0.0438138,-0.00457294
0,0.07,-0.113561,-0.289943,2.57646e-231,-0.0461044,-0.00597952
0,0.07,-0.1147,-0.287686,-5.72089e-247,-0.048567,-0.00747588
0,0.07,-0.115419,-0.285405,0,-0.0512153,-0.00826946
0,0.07,-0.115925,-0.283104,0,-0.0540637,-0.0105289
0,0.07,-0.116214,-0.280791,0,-0.0571283,-0.0131134
0,0.07,-0.1163,-0.27847,0,-0.0604261,-0.0160512
0,0.07,-0.116129,-0.276145,0,-0.0639755,-0.0189676
0,0.07,-0.115758,-0.273821,0,-0.0677965,-0.0223211
0,0.07,-0.115162,-0.271502,0,-0.0719102,-0.0257408
0,0.07,-0.114379,-0.269192,0,-0.0763397,-0.0294611
0,0.07,-0.113334,-0.266896,0,-0.0811097,-0.0329797
0,0.07,-0.111984,-0.264619,0,-0.0862467,-0.0363858
0,0.07,-0.110292,-0.262365,0,-0.0917794,-0.0397173
0,0.07,-0.108064,-0.260141,0,-0.0977385,-0.0429612
0,0.07,-0.10504,-0.257955,0,-0.104048,-0.0469449
0,0.07,-0.102704,-0.255821,0,-0.110437,-0.0514694
0,0.07,-0.0981952,-0.25374,0,-0.116966,-0.055744
0,0.07,-0.0911376,-0.251722,0.010119,-0.12395,-0.0606811
0,0.07,-0.0780971,-0.249819,0.0142295,-0.131475,-0.0666123
-0.000389692,0.0696103,-0.0562547,-0.248087,0.0127275,-0.139488,-0.0735196
-0.0159774,0.0540226,-0.0184315,-0.246722,0.0110376,-0.147638,-0.0809446
-0.031565,0.038435,0.0980832,-0.245899,0.00731478,-0.155544,-0.0875572
-0.0471527,0.0228473,0.188497,-0.246346,0.00910531,-0.163081,-0.0966887
-0.0627404,0.00725961,0.314462,-0.249076,0.00823577,-0.170193,-0.104767
-0.0783281,-0.00832807,0.462576,-0.253854,0.0071021,-0.176837,-0.11327
-0.0939157,-0.0239157,0.566343,-0.261402,0.00648012,-0.182973,-0.122316
-0.109503,-0.0395034,0.679905,-0.271484,0.00446507,-0.188558,-0.13073
0.108724,0.171126,0.680652,-0.282811,-0.00345457,0.0402662,0.0842131
0.0849528,0.125874,0.668741,-0.300084,0.00151999,0.0360064,0.0680772
0.0756002,0.117941,0.656647,-0.308195,0.00153316,0.0324854,0.0646198
0.061961,0.0994105,0.644509,-0.319825,0.00141633,0.0296268,0.0578297
0.0463733,0.0798091,0.632481,-0.332855,0.00311805,0.027524,0.0508269
0.0307857,0.0555849,0.620551,-0.345643,0.00382066,0.0262717,0.042122
0.015198,0.0299917,0.608324,-0.358185,0.00272481,0.0259193,0.0331296
0,0.00721757,0.595816,-0.370486,1.73607e-19,0.0264304,0.0254302
0,-0.0109612,0.583235,-0.38254,-2.40741e-35,0.0274819,0.0196321
0,-0.0270848,0.570643,-0.39428,5.34553e-51,0.0287275,0.014675
0,-0.0380169,0.558061,-0.405769,-1.18695e-66,0.0300817,0.0118521
0,-0.0481505,0.545493,-0.417005,2.63555e-82,0.0315278,0.00936954
0,-0.0513775,0.532953,-0.427991,-5.8521e-98,0.0330676,0.00974401
0,-0.051346,0.52044,-0.438725,1.29943e-113,0.0347079,0.0114371
0,-0.0496108,0.507957,-0.449209,-2.88531e-129,0.0364574,0.0138968
0,-0.0450335,0.495508,-0.459443,6.40667e-145,0.0383257,0.0176153
0,-0.0409949,0.483092,-0.469428,-1.42257e-160,0.0403232,0.0212396
0,-0.0374372,0.470711,-0.479164,3.15873e-176,0.0424608,0.0248599
0,-0.0356329,0.458367,-0.488653,-7.01379e-192,0.0447506,0.0279823
0,-0.0345468,0.446063,-0.497894,1.55737e-207,0.0472049,0.031053
0,-0.0348371,0.433801,-0.506889,-3.45807e-223,0.0498372,0.0338095
0,-0.036982,0.421584,-0.515639,7.67845e-239,0.052662,0.0360851
0,-0.0394268,0.409414,-0.524144,-1.70496e-254,0.055695,0.03852
0,-0.0451145,0.397293,-0.532405,3.78577e-270,0.0589531,0.0399246
0,-0.0517274,0.385224,-0.540423,-8.40609e-286,0.0624547,0.0412751
0,-0.062654,0.373205,-0.5482,1.86653e-301,0.0662192,0.0411844
0,-0.07,0.36123,-0.555737,-3.62646e-317,0.0702677,0.0424816
0,-0.07,0.349146,-0.563033,-1.87745e-322,0.0746227,0.0445772
0,-0.07,0.336909,-0.570149,-1.87745e-322,0.0793086,0.0466608
0,-0.07,0.324476,-0.577022,-1.87745e-322,0.0843514,0.0489383
0,-0.07,0.311912,-0.583648,-1.87745e-322,0.0897794,0.0522128
0,-0.07,0.299238,-0.590024,-1.87745e-322,0.0956226,0.0558927
0,-0.07,0.286601,-0.596149,-1.87745e-322,0.101914,0.0606372
0,-0.07,0.274501,-0.60202,-1.87745e-322,0.108397,0.0672033
0,-0.07,0.262697,-0.607643,-1.87745e-322,0.115026,0.0742576
0,-0.07,0.251248,-0.613027,-1.87745e-322,0.122105,0.0825651
0,-0.0671715,0.240174,-0.618177,-1.87745e-322,0.129723,0.0923433
0,-0.0507687,0.229193,-0.623103,-1.87745e-322,0.137853,0.103249
0.0122328,-0.0375548,0.218297,-0.627752,-1.87745e-322,0.146204,0.112333
0.028017,-0.0302353,0.207577,-0.632184,-1.87745e-322,0.154393,0.118723
0.0438013,-0.020035,0.196719,-0.6364,-1.87745e-322,0.162231,0.124816
0.0595855,-0.00723421,0.185322,-0.640405,-0.00665788,0.169646,0.129383
0.0753698,0.00536977,0.169384,-0.644242,-0.00716083,0.176591,0.132411
0.091154,0.021154,0.150594,-0.647837,-0.00686128,0.183025,0.137737
0.106938,0.0369383,0.127947,-0.651056,-0.00489768,0.188907,0.143452
-0.114041,-0.139486,0.128012,-0.653875,0.00360704,-0.0425713,-0.0733754
-0.0923378,-0.101888,0.118758,-0.657393,-0.000626155,-0.0379845,-0.0592403
-0.0824727,-0.0874421,0.109331,-0.65898,-0.00219126,-0.0341038,-0.0532245
-0.0666884,-0.0620437,0.100113,-0.66127,-0.00274052,-0.0309143,-0.0433572
-0.0509042,-0.0367213,0.0908643,-0.663374,-0.00450503,-0.0285164,-0.0339838
-0.0351199,-0.013428,0.0817403,-0.665293,-0.0038129,-0.0269788,-0.0256704
-0.0193357,0.011941,0.0725618,-0.667028,-0.00264137,-0.0263494,-0.0167006
-0.00355145,0.036721,0.0632124,-0.66858,0,-0.0266133,-0.00815708
0,0.0512171,0.0538798,-0.669947,0,-0.0275093,-0.00383071
0,0.0683873,0.0446327,-0.671081,0,-0.0286856,0.00162474
0,0.07,0.0355559,-0.672029,0,-0.029993,0.00176602
0,0.07,0.0266769,-0.672794,0,-0.0313978,0.00168117
0,0.07,0.0179609,-0.673426,0,-0.0328971,0.000975367
0,0.07,0.00934566,-0.673881,0,-0.0344964,-0.000752393
0,0.07,0.000880258,-0.674162,0,-0.0362039,-0.00187661
0,0.07,-0.00745443,-0.674273,0,-0.0380288,-0.00346471
0,0.07,-0.0156108,-0.674216,0,-0.0399812,-0.00458971
0,0.07,-0.0235207,-0.673993,0,-0.0420719,-0.00543989
0,0.07,-0.031215,-0.67361,0,-0.0443127,-0.00680639
0,0.07,-0.0386996,-0.67307,0,-0.0467156,-0.00846207
0,0.07,-0.0459799,-0.672379,0,-0.0492939,-0.0106185
0,0.07,-0.0530976,-0.671539,0,-0.0520617,-0.0132972
0,0.07,-0.0600438,-0.670555,0,-0.0550343,-0.0161375
0,0.07,-0.0668082,-0.669431,0,-0.0582285,-0.0191483
0,0.07,-0.0733818,-0.668169,0,-0.0616619,-0.0223383
0,0.07,-0.0797808,-0.666774,0,-0.065354,-0.0258932
0,0.07,-0.0860014,-0.665249,0,-0.0693251,-0.0296937
0,0.07,-0.0920302,-0.663597,0,-0.0735976,-0.0336502
0,0.07,-0.0978441,-0.661823,0,-0.0781952,-0.0376463
0,0.07,-0.10338,-0.65993,0,-0.0831436,-0.0414226
0,0.07,-0.108474,-0.657923,0,-0.0884703,-0.0443844
0,0.07,-0.113258,-0.65581,0,-0.0942051,-0.0480975
0,0.07,-0.117616,-0.653597,0,-0.10038,-0.0514618
0,0.07,-0.122304,-0.651293,0,-0.106718,-0.0557855
0,0.07,-0.126642,-0.648898,0,-0.113166,-0.0599313
0,0.07,-0.129768,-0.646415,0,-0.120049,-0.0650168
0,0.07,-0.131496,-0.643857,0,-0.127466,-0.0715413
0,0.07,-0.13143,-0.641247,0.00731287,-0.135407,-0.0782535
-0.00824989,0.0617501,-0.128713,-0.638618,0.0140357,-0.143661,-0.0858899
-0.023964,0.046036,-0.117293,-0.636008,0.0111363,-0.151852,-0.0929881
-0.039678,0.030322,-0.0980168,-0.633531,0.00976809,-0.159727,-0.100578
-0.0553921,0.0146079,-0.0834571,-0.631349,0.0118993,-0.167196,-0.110195
-0.0711062,-0.00110618,-0.0618993,-0.629513,0.00946762,-0.174208,-0.117843
-0.0868203,-0.0168203,-0.0431834,-0.628027,0.0091757,-0.180724,-0.126655
-0.102534,-0.0325343,-0.0262882,-0.626957,0.00754172,-0.186701,-0.135428
0.117463,0.159932,-0.0263343,-0.626246,-0.00317323,0.0436137,0.0816922
0.0958558,0.119971,-0.0335154,-0.625523,-0.00269512,0.0388948,0.0662469
0.0860345,0.107322,-0.040806,-0.625186,-0.000818033,0.0348639,0.0608966
0.0703205,0.0903475,-0.0479738,-0.62445,-0.000826797,0.0315125,0.054284
0.0546064,0.0691551,-0.0549942,-0.62357,0.000731026,0.0289354,0.0463588
0.0388923,0.0469981,-0.0618448,-0.622547,0.00127924,0.0271999,0.0383748
0.0231783,0.0212214,-0.0686656,-0.621386,9.9386e-20,0.0263576,0.0291746
0.00746418,-0.0026294,-0.0756188,-0.620087,-1.20371e-35,0.0264118,0.0209678
0,-0.0159498,-0.0825315,-0.618617,2.67276e-51,0.0271763,0.0170651
0,-0.0258049,-0.0893561,-0.617007,-5.93473e-67,0.0283088,0.0144855
0,-0.0339506,-0.0960751,-0.615261,1.31777e-82,0.0295938,0.0126278
0,-0.0390131,-0.102681,-0.61338,-2.92605e-98,0.03098,0.0120725
0,-0.0402552,-0.109171,-0.611366,6.49713e-114,0.0324601,0.0131022
0,-0.0414045,-0.11555,-0.609222,-1.44265e-129,0.0340381,0.0142284
0,-0.0399174,-0.121815,-0.606949,3.20333e-145,0.0357219,0.0165362
0,-0.0377591,-0.127966,-0.60455,-7.11283e-161,0.0375205,0.019215
0,-0.036606,-0.134007,-0.602025,1.57937e-176,0.0394437,0.02164
0,-0.0349067,-0.139935,-0.599378,-3.50689e-192,0.0415023,0.0244709
0,-0.0342423,-0.145751,-0.596612,7.78687e-208,0.0437077,0.0270678
0,-0.0355422,-0.151458,-0.593732,-1.72903e-223,0.0460721,0.0290981
0,-0.036559,-0.157052,-0.590734,3.83922e-239,0.0486082,0.0314882
0,-0.0371877,-0.162533,-0.587626,-8.52479e-255,0.05133,0.0342605
0,-0.0393932,-0.167904,-0.584409,1.89288e-270,0.0542527,0.0366423
0,-0.0436818,-0.173165,-0.58108,-4.20305e-286,0.0573924,0.0384719
0,-0.0485899,-0.178314,-0.577648,9.33264e-302,0.0607669,0.0403493
0,-0.0536666,-0.183352,-0.574113,-2.07226e-317,0.0643948,0.0424352
0,-0.0587143,-0.188277,-0.570476,-1.49208e-321,0.0682966,0.0448003
0,-0.0632872,-0.193088,-0.566738,-1.49208e-321,0.0724939,0.0476113
0,-0.0663701,-0.197782,-0.562902,-1.49208e-321,0.0770102,0.0512515
0,-0.0696142,-0.202362,-0.558973,-1.49208e-321,0.0818706,0.0550222
0,-0.07,-0.206934,-0.55495,-1.49208e-321,0.0871024,0.0585472
0,-0.07,-0.211461,-0.550839,-1.49208e-321,0.0927345,0.0628783
0,-0.07,-0.215936,-0.54666,-1.49208e-321,0.0987984,0.0674442
0,-0.07,-0.220255,-0.54239,-1.49208e-321,0.105227,0.0726909
0,-0.07,-0.224371,-0.538033,-1.49208e-321,0.112025,0.0793676
0,-0.0679358,-0.228275,-0.533591,-1.49208e-321,0.119324,0.0868796
0,-0.0609624,-0.232058,-0.529068,-1.49208e-321,0.127173,0.0946569
0,-0.0506293,-0.235702,-0.52445,-1.49208e-321,0.135564,0.103442
0.00607549,-0.040788,-0.239218,-0.519757,-1.49208e-321,0.144318,0.11165
0.0222768,-0.0341675,-0.242593,-0.514994,-1.49208e-321,0.153053,0.11819
0.0384781,-0.0259338,-0.246447,-0.510163,-1.49208e-321,0.161468,0.123143
0.0546794,-0.0128953,-0.251001,-0.505261,-0.00574285,0.169458,0.128868
0.0708808,0.00088075,-0.257969,-0.500293,-0.0165706,0.176971,0.131832
0.0870821,0.0170821,-0.268915,-0.495228,-0.0154593,0.183965,0.136531
0.103283,0.0332834,-0.281761,-0.48997,-0.014376,0.190398,0.14241
0.119485,0.0494847,-0.295079,-0.484476,-0.0128813,0.196228,0.149345
-0.107334,-0.140197,-0.295005,-0.478841,0.00511021,-0.0416128,-0.0739613
-0.107334,-0.108117,-0.297157,-0.478841,0.0054347,-0.0369847,-0.0600384
-0.0749311,-0.0878273,-0.299023,-0.467393,0.00691171,-0.0330789,-0.0537586
-0.0587298,-0.0604812,-0.300881,-0.461433,0.00490853,-0.0301403,-0.0433392
-0.0425285,-0.0339977,-0.302654,-0.455435,-8.16433e-11,-0.0281114,-0.0336541
-0.0263271,-0.00792372,-0.304339,-0.449402,1.29247e-26,-0.0270143,-0.0243484
-0.0101258,0.0195415,-0.30599,-0.443325,-2.86986e-42,-0.0268548,-0.0146622
0,0.0374875,-0.307579,-0.437215,6.37237e-58,-0.027483,-0.00893647
0,0.0563112,-0.309076,-0.431073,-1.41495e-73,-0.0285482,-0.00282042
0,0.0690762,-0.310483,-0.424901,3.14182e-89,-0.0297847,0.000769591
0,0.07,-0.311689,-0.4187,0,-0.0311283,0.00120329
0,0.07,-0.312596,-0.412473,0,-0.0325678,0.00271105
0,0.07,-0.313311,-0.406231,0,-0.0341063,0.00219785
0,0.07,-0.313913,-0.399973,0,-0.0357509,0.000750535
0,0.07,-0.314386,-0.393701,0,-0.0375106,-0.000652241
0,0.07,-0.314732,-0.387419,0,-0.0393949,-0.00221183
0,0.07,-0.314877,-0.381128,0,-0.0414144,-0.00317878
0,0.07,-0.314826,-0.374832,0,-0.0435802,-0.00457838
0,0.07,-0.314588,-0.368535,0,-0.0459043,-0.00633428
0,0.07,-0.314182,-0.36224,0,-0.0483993,-0.00843116
0,0.07,-0.313626,-0.355952,0,-0.0510789,-0.0108643
0,0.07,-0.312936,-0.349674,0,-0.0539579,-0.0136425
0,0.07,-0.312143,-0.343407,0,-0.0570524,-0.0168746
0,0.07,-0.311255,-0.337156,0,-0.0603797,-0.0204282
0,0.07,-0.310224,-0.330921,0,-0.0639583,-0.0239365
0,0.07,-0.30902,-0.324705,0,-0.0678083,-0.0275047
0,0.07,-0.307626,-0.318511,0,-0.0719512,-0.0311728
0,0.07,-0.305795,-0.312343,0,-0.07641,-0.0336445
0,0.07,-0.303622,-0.306207,0,-0.0812097,-0.0368133
0,0.07,-0.301067,-0.300111,0,-0.086377,-0.0400485
0,0.07,-0.29808,-0.294063,0,-0.0919406,-0.0430727
0,0.07,-0.294619,-0.28807,0,-0.0979316,-0.046018
0,0.07,-0.290782,-0.282141,0,-0.104278,-0.0497232
0,0.07,-0.285123,-0.276283,0,-0.110984,-0.0541279
0,0.07,-0.276272,-0.270513,0.00481314,-0.118184,-0.0588983
0,0.07,-0.264761,-0.264881,0.022413,-0.125931,-0.0638357
0,0.07,-0.241815,-0.259442,0.0211307,-0.134223,-0.0694212
-0.00443734,0.0655627,-0.208186,-0.254319,0.0198654,-0.142915,-0.0765612
-0.0205731,0.0494269,-0.145967,-0.249769,0.0173554,-0.151629,-0.0838539
-0.0367089,0.0332911,0.00318538,-0.246103,0.0145313,-0.160036,-0.091153
-0.0528447,0.0171553,0.0873413,-0.244302,0.0169981,-0.168028,-0.101088
-0.0689805,0.00101953,0.208183,-0.245039,0.0149549,-0.175549,-0.109323
-0.0851163,-0.0151163,0.302113,-0.247753,0.0143117,-0.182557,-0.118651
-0.101252,-0.031252,0.369412,-0.252715,0.0134511,-0.189013,-0.12796
-0.117388,-0.0473878,0.426663,-0.259329,0.0116062,-0.194871,-0.13672
0.108513,0.170821,0.427641,-0.266717,-0.00507136,0.0419493,0.0844403
0.085923,0.130387,0.419378,-0.277061,-0.00562481,0.0374948,0.0697878
0.0762416,0.119409,0.410966,-0.282163,-0.00556262,0.0338004,0.0655121
0.0601058,0.0975473,0.402424,-0.290483,-0.00510793,0.0308358,0.0578635
0.04397,0.0756455,0.393911,-0.298626,1.38298e-11,0.0287139,0.0499185
0.0278342,0.0517479,0.385376,-0.306602,-1.61559e-27,0.0275025,0.0413723
0.0116984,0.0271015,0.376541,-0.314361,3.58732e-43,0.0272264,0.0327436
0,0.0059617,0.36758,-0.321945,-7.96546e-59,0.0277696,0.0256695
0,-0.0100001,0.358604,-0.32935,1.76869e-74,0.0287868,0.0207182
0,-0.0243119,0.349638,-0.336576,-3.92727e-90,0.0299861,0.0164406
0,-0.0346302,0.340698,-0.343622,8.7203e-106,0.031296,0.0138298
0,-0.0445563,0.331785,-0.35049,-1.9363e-121,0.0327034,0.0114204
0,-0.0476332,0.322909,-0.357179,4.29944e-137,0.0342107,0.0118565
0,-0.0504354,0.314064,-0.363691,-9.54668e-153,0.035825,0.0124259
0,-0.0472448,0.30526,-0.370025,2.11979e-168,0.0375547,0.0155255
0,-0.0424878,0.296492,-0.376183,-4.70687e-184,0.0394093,0.019314
0,-0.0402077,0.287759,-0.382165,1.04514e-199,0.0413992,0.0222595
0,-0.0381205,0.279065,-0.387973,-2.32067e-215,0.0435354,0.0253509
0,-0.0382096,0.27041,-0.393607,5.15292e-231,0.0458297,0.0277759
0,-0.0403919,0.261794,-0.399067,-1.14418e-246,0.0482945,0.0296119
0,-0.0429978,0.253222,-0.404354,2.54059e-262,0.0509434,0.03154
0,-0.0453431,0.244695,-0.40947,-5.64123e-278,0.053791,0.0338213
0,-0.0490706,0.236214,-0.414415,1.25261e-293,0.0568531,0.0358007
0,-0.0529377,0.227782,-0.41919,-2.78134e-309,0.0601469,0.0380078
0,-0.0565896,0.2194,-0.423797,-1.47726e-321,0.0636908,0.0405698
0,-0.0604746,0.21107,-0.428235,-1.47726e-321,0.0675046,0.043302
0,-0.0653401,0.202795,-0.432506,-1.47726e-321,0.0716096,0.0459065
0,-0.0697024,0.19458,-0.436612,-1.47726e-321,0.0760286,0.0489739
0,-0.07,0.186366,-0.440553,-1.47726e-321,0.0807864,0.0529792
0,-0.07,0.178121,-0.444329,-1.47726e-321,0.0859094,0.0568124
0,-0.07,0.16985,-0.447982,-1.47726e-321,0.0914262,0.0608432
0,-0.07,0.161605,-0.45147,-1.47726e-321,0.0973675,0.0657128
0,-0.07,0.153495,-0.454793,-1.47726e-321,0.103775,0.0722936
0,-0.07,0.145579,-0.457952,-1.47726e-321,0.110686,0.0796372
0,-0.0655786,0.137806,-0.460951,-1.47726e-321,0.118127,0.0878561
0,-0.0568275,0.130102,-0.463793,-1.47726e-321,0.126123,0.0964439
0,-0.0455969,0.122486,-0.466441,-1.47726e-321,0.134668,0.105698
0.00449866,-0.0339618,0.114961,-0.468936,-1.47726e-321,0.143612,0.114746
0.0208574,-0.0261712,0.107549,-0.471281,-1.47726e-321,0.152569,0.12186
0.0372162,-0.0218922,0.100232,-0.473476,-1.47726e-321,0.161209,0.126938
0.0535749,-0.0103765,0.0925514,-0.475528,-1.47726e-321,0.16942,0.133614
0.0699337,0.0022946,0.0840612,-0.477468,-0.0142672,0.177148,0.137065
0.0862924,0.0162924,0.0732145,-0.479251,-0.0171497,0.184349,0.141608
0.102651,0.0326512,0.0604649,-0.480856,-0.0162563,0.190984,0.147345
0.11901,0.0490099,0.0467924,-0.482212,-0.0149284,0.197008,0.153256
-0.110013,-0.137356,0.0468728,-0.483421,0.00452721,-0.0430059,-0.0730732
-0.0887462,-0.0993489,0.0405689,-0.484993,0.00666503,-0.038398,-0.0589765
-0.0772951,-0.0829879,0.0341779,-0.485637,0.00798225,-0.0345615,-0.052369
-0.0609363,-0.0578609,0.0279217,-0.486391,0.00581791,-0.0314879,-0.0427067
-0.0445776,-0.031869,0.0217422,-0.487019,6.18471e-11,-0.0292774,-0.0331213
-0.0282188,-0.00689311,0.0156147,-0.487521,0,-0.0279951,-0.0241923
-0.0118601,0.0197927,0.00934536,-0.48787,0,-0.0276649,-0.0147542
0,0.0374124,0.0030442,-0.488095,0,-0.0281684,-0.00910762
0,0.0538393,-0.00320616,-0.488194,0,-0.0291546,-0.00390896
0,0.06687,-0.0093873,-0.488167,0,-0.0303266,-0.000143443
0,0.0687257,-0.0154919,-0.488016,0,-0.0316116,-0.000886205
0,0.07,-0.0213924,-0.487743,0,-0.0329961,-2.99778e-05
0,0.07,-0.0271794,-0.487351,0,-0.0344821,-0.00113339
0,0.07,-0.0329044,-0.486871,0,-0.0360766,-0.00306446
0,0.07,-0.0385559,-0.486276,0,-0.0377881,-0.00495888
0,0.07,-0.0441281,-0.485567,0,-0.0396258,-0.00693743
0,0.07,-0.0495721,-0.484745,0,-0.0415999,-0.00838428
0,0.07,-0.0548834,-0.483811,0,-0.0437215,-0.00996746
0,0.07,-0.0600507,-0.482772,0,-0.0460023,-0.0115835
0,0.07,-0.0651176,-0.481628,0,-0.0484546,-0.0140465
0,0.07,-0.0700914,-0.480381,0,-0.0510918,-0.0168276
0,0.07,-0.0749846,-0.479034,0,-0.0539286,-0.0200271
0,0.07,-0.0797817,-0.477586,0,-0.0569808,-0.0232682
0,0.07,-0.0844771,-0.476043,0,-0.0602653,-0.0267652
0,0.07,-0.0890292,-0.474405,0,-0.0638006,-0.030093
0,0.07,-0.0934531,-0.472674,0,-0.0676065,-0.0338394
0,0.07,-0.0977684,-0.470854,0,-0.071704,-0.0380239
0,0.07,-0.101962,-0.468946,0,-0.0761162,-0.0423046
0,0.07,-0.105992,-0.466953,0,-0.0808676,-0.0463431
0,0.07,-0.1098,-0.464878,0,-0.0859847,-0.0499796
0,0.07,-0.113342,-0.462723,0,-0.091496,-0.0535051
0,0.07,-0.116672,-0.460496,0,-0.0974322,-0.0576205
0,0.07,-0.119914,-0.458199,0,-0.103826,-0.0626088
0,0.07,-0.123428,-0.455836,0,-0.110362,-0.0681105
0,0.07,-0.126986,-0.453406,0,-0.116973,-0.0741178
0,0.07,-0.130571,-0.450906,0,-0.124023,-0.080547
0,0.07,-0.134154,-0.448334,0,-0.131613,-0.087432
0,0.0663546,-0.137219,-0.445692,0,-0.139704,-0.0944666
-0.0152998,0.052327,-0.139697,-0.442983,0,-0.147948,-0.102753
-0.0309919,0.0390081,-0.141223,-0.440216,0.00224954,-0.155958,-0.109943
-0.0466839,0.0233161,-0.1425,-0.437408,0.00964884,-0.163599,-0.117734
-0.062376,0.007624,-0.14299,-0.434573,0.0115388,-0.170813,-0.125438
-0.0780681,-0.00806808,-0.140719,-0.431719,0.00958771,-0.177555,-0.132598
-0.0937602,-0.0237602,-0.139167,-0.428879,0.00919939,-0.183787,-0.14169
-0.109452,-0.0394522,-0.137537,-0.426078,0.00690371,-0.189465,-0.149937
0.110237,0.124928,-0.13763,-0.423295,-0.00407345,0.0408357,0.0668913
0.0898371,0.085469,-0.14106,-0.419677,-0.00246889,0.036451,0.0524006
0.0788527,0.0711217,-0.14452,-0.417739,-0.00163375,0.0327741,0.0466573
0.0631606,0.0523251,-0.147917,-0.414886,-0.00108027,0.0297974,0.039507
0.0474685,0.0303987,-0.151118,-0.411965,0.000570063,0.0276176,0.0314599
0.0317765,0.00924318,-0.154213,-0.408978,3.57445e-20,0.026302,0.0240079
0.0160844,-0.0127987,-0.15732,-0.405928,-6.01853e-36,0.025895,0.0163818
0.000392302,-0.0312084,-0.160416,-0.4028,1.33638e-51,0.0263672,0.0103685
0,-0.0416043,-0.163444,-0.399611,-2.96736e-67,0.0274006,0.0076107
0,-0.0525678,-0.166398,-0.39636,6.58887e-83,0.0286399,0.00459479
0,-0.056748,-0.169268,-0.39305,-1.46302e-98,0.0299907,0.0043886
0,-0.0577228,-0.172054,-0.389682,3.24857e-114,0.0314336,0.00545784
0,-0.0578842,-0.17476,-0.386257,-7.21326e-130,0.0329695,0.00691224
0,-0.055456,-0.177384,-0.382778,1.60167e-145,0.0346048,0.00951037
0,-0.0560889,-0.179932,-0.379246,-3.55641e-161,0.0363482,0.0109819
0,-0.0576524,-0.182403,-0.375663,7.89683e-177,0.0382091,0.012278
0,-0.0588267,-0.184794,-0.372028,-1.75345e-192,0.0401981,0.0139074
0,-0.0595075,-0.187106,-0.368347,3.89344e-208,0.0423261,0.0159065
0,-0.0605437,-0.189341,-0.364619,-8.64516e-224,0.0446052,0.0179503
0,-0.0596315,-0.191497,-0.360845,1.91961e-239,0.047048,0.0209869
0,-0.0587866,-0.193576,-0.357028,-4.26239e-255,0.0496682,0.024191
0,-0.0588473,-0.19558,-0.353169,9.46442e-271,0.0524805,0.0272726
0,-0.0601254,-0.197511,-0.349269,-2.10152e-286,0.0555004,0.0301321
0,-0.0608955,-0.199365,-0.345329,4.66632e-302,0.0587448,0.0334725
0,-0.0629807,-0.201145,-0.341353,-1.03613e-317,0.0622319,0.0365455
0,-0.0645666,-0.20285,-0.33734,-7.46039e-322,0.0659811,0.0401049
0,-0.0654645,-0.204479,-0.333293,-7.46039e-322,0.0700132,0.0441939
0,-0.0661401,-0.206035,-0.329213,-7.46039e-322,0.0743507,0.0486126
0,-0.067353,-0.207518,-0.325102,-7.46039e-322,0.0790178,0.053046
0,-0.07,-0.20894,-0.32096,-7.46039e-322,0.0840404,0.0569832
0,-0.07,-0.210325,-0.31679,-7.46039e-322,0.0894466,0.0617336
0,-0.07,-0.211706,-0.312599,-7.46039e-322,0.0952665,0.0661498
0,-0.07,-0.21291,-0.30838,-7.46039e-322,0.101532,0.0731443
0,-0.0611247,-0.214026,-0.304135,-7.46039e-322,0.108104,0.080722
0,-0.0545209,-0.215078,-0.299867,-7.46039e-322,0.114968,0.0883793
0,-0.0462773,-0.216062,-0.295571,-7.46039e-322,0.122321,0.0965873
0,-0.0356594,-0.216976,-0.291256,-7.46039e-322,0.130221,0.105506
0,-0.0235706,-0.21782,-0.286922,-7.46039e-322,0.138632,0.11469
0.0132028,-0.0133039,-0.218597,-0.282571,-7.46039e-322,0.147241,0.122771
0.0292061,-0.0105422,-0.219298,-0.278203,-7.46039e-322,0.155656,0.127481
0.0452095,-0.00506849,-0.219885,-0.273822,-7.46039e-322,0.163701,0.132957
0.0612128,-0.000747185,-0.220717,-0.269427,-0.000117314,0.171306,0.136674
0.0772161,0.010796,-0.222252,-0.265019,-0.012298,0.178424,0.139213
0.0932195,0.0232195,-0.226016,-0.260592,-0.0121536,0.185016,0.144188
0.109223,0.0392228,-0.232216,-0.256121,-0.010347,0.191038,0.14915
-0.114824,-0.1386,-0.23215,-0.251548,0.00408517,-0.0436027,-0.0736668
-0.0940197,-0.103972,-0.232195,-0.24551,0.00635031,-0.0388996,-0.0606051
-0.0828173,-0.0870367,-0.232219,-0.24226,0.00567771,-0.0349187,-0.0536316
-0.066814,-0.0602203,-0.232143,-0.237616,0.00503698,-0.0316584,-0.0432229
-0.0508106,-0.0334793,-0.23208,-0.232972,-1.06138e-11,-0.0292117,-0.0332945
-0.0348073,-0.00892211,-0.231963,-0.22833,0,-0.0276457,-0.02449
-0.0188039,0.0181968,-0.231786,-0.22369,0,-0.0270072,-0.0148341
-0.00280059,0.0417995,-0.231554,-0.219053,0,-0.0272768,-0.00678178
0,0.0549216,-0.231276,-0.21442,0,-0.0281739,-0.00298128
0,0.07,-0.230934,-0.209793,0,-0.0293396,0.00176495
0,0.07,-0.230459,-0.205172,0,-0.0306356,0.00155357
0,0.07,-0.229876,-0.200558,0,-0.0320314,0.000976054
0,0.07,-0.229149,-0.195954,0,-0.0335247,0.000847183
0,0.07,-0.228388,-0.191363,0,-0.0351213,-0.00101358
0,0.07,-0.227526,-0.186787,0,-0.0368294,-0.00197913
0,0.07,-0.226588,-0.182227,0,-0.0386584,-0.0034764
0,0.07,-0.225551,-0.177685,0,-0.0406184,-0.00493231
0,0.07,-0.22441,-0.173162,0,-0.0427203,-0.00657574
0,0.07,-0.223195,-0.168662,0,-0.0449758,-0.00870788
0,0.07,-0.221943,-0.164184,0,-0.0473974,-0.0114041
0,0.07,-0.22066,-0.159732,0,-0.0499987,-0.0143744
0,0.07,-0.219343,-0.155304,0,-0.0527941,-0.0175466
0,0.07,-0.217868,-0.150903,0,-0.0557992,-0.0196878
0,0.07,-0.216297,-0.14653,0,-0.0590306,-0.0227143
0,0.07,-0.214641,-0.142186,0,-0.0625065,-0.0260885
0,0.07,-0.212896,-0.137875,0,-0.0662461,-0.0298068
0,0.07,-0.211032,-0.133598,0,-0.0702702,-0.0335191
0,0.07,-0.208982,-0.129357,0,-0.0746013,-0.0369543
0,0.07,-0.206708,-0.125155,0,-0.0792635,-0.0402849
0,0.07,-0.204228,-0.120996,0,-0.0842826,-0.0439078
0,0.07,-0.201512,-0.116884,0,-0.0896867,-0.0476152
0,0.07,-0.198547,-0.112824,0,-0.0955058,-0.0513013
0,0.07,-0.195409,-0.10882,0,-0.101772,-0.055382
0,0.07,-0.192639,-0.104877,0,-0.10822,-0.0600132
0,0.07,-0.189873,-0.100994,0,-0.1148,-0.0648494
0,0.07,-0.186803,-0.0971663,0,-0.121826,-0.0706012
0,0.07,-0.182974,-0.0933934,0,-0.129396,-0.0771032
0,0.07,-0.177905,-0.0896918,0.00159737,-0.137496,-0.0840008
-0.00905548,0.0609445,-0.172416,-0.086078,0.00946437,-0.145899,-0.092418
-0.0248041,0.0451959,-0.166703,-0.0825693,0.0142173,-0.154226,-0.101396
-0.0405528,0.0294472,-0.156838,-0.0791638,0.0119374,-0.162241,-0.109226
-0.0563015,0.0136985,-0.147309,-0.0759086,0.0132884,-0.169854,-0.118414
-0.0720501,-0.00205015,-0.134903,-0.0728576,0.0109822,-0.17702,-0.12593
-0.0877988,-0.0177988,-0.124037,-0.0700231,0.0106816,-0.183696,-0.135107
-0.103547,-0.0335475,-0.113324,-0.0674229,0.00884041,-0.189843,-0.143547
0.116934,0.150038,-0.11338,-0.0650439,-1.24761e-14,0.0408123,0.0750372
0.101185,0.124372,-0.112729,-0.0627771,1.57772e-30,0.0358546,0.0646559
0.0854365,0.0999922,-0.11206,-0.0605186,-3.50325e-46,0.031563,0.0547406
0.0696878,0.0815744,-0.111367,-0.0582737,7.77877e-62,0.0279897,0.0475156
0.0539392,0.0576757,-0.110663,-0.0560422,-1.72723e-77,0.02519,0.0382975
0.0381905,0.0388021,-0.109936,-0.0538247,3.83523e-93,0.0232199,0.0314091
0.0224418,0.0169629,-0.109193,-0.0516216,-8.51592e-109,0.0221258,0.0234504
0.00669318,-0.0045332,-0.108432,-0.0494333,1.89091e-124,0.021905,0.015819
0,-0.0144373,-0.107641,-0.0472601,-4.19867e-140,0.0223541,0.0129139
0,-0.0268108,-0.106836,-0.0451025,9.32293e-156,0.0231267,0.00891889
0,-0.033423,-0.106007,-0.042961,-2.07011e-171,0.024018,0.00732607
0,-0.034391,-0.105156,-0.0408359,4.59656e-187,0.0249783,0.00796531
0,-0.0364384,-0.104291,-0.0387276,-1.02064e-202,0.0259985,0.00816037
0,-0.0334906,-0.103405,-0.0366366,2.26628e-218,0.0270806,0.0104475
0,-0.0340166,-0.102507,-0.0345632,-5.03215e-234,0.0282297,0.0113608
0,-0.0343832,-0.101595,-0.0325077,1.11736e-249,0.0294518,0.0124898
0,-0.0338516,-0.100667,-0.0304703,-2.48104e-265,0.0307539,0.014083
0,-0.0341109,-0.0997265,-0.0284514,5.50902e-281,0.0321431,0.0154644
0,-0.0344686,-0.0987727,-0.0264513,-1.22325e-296,0.0336272,0.0169455
0,-0.0362425,-0.0978075,-0.0244701,2.71615e-312,0.0352144,0.0179984
0,-0.0380021,-0.0968298,-0.0225081,-6.17582e-322,0.0369136,0.0192225
0,-0.0390061,-0.0958392,-0.0205657,-6.17582e-322,0.0387342,0.0208985
0,-0.0398887,-0.0948368,-0.0186429,-6.17582e-322,0.0406864,0.0227663
0,-0.0409265,-0.0938232,-0.0167402,-6.17582e-322,0.0427811,0.0247274
0,-0.041942,-0.0927987,-0.0148576,-6.17582e-322,0.04503,0.0268555
0,-0.0434247,-0.0917642,-0.0129955,-6.17582e-322,0.0474455,0.0289472
0,-0.0447393,-0.0907195,-0.011154,-6.17582e-322,0.0500411,0.0312535
0,-0.0468306,-0.0896659,-0.0093339,-6.17582e-322,0.0528313,0.0333714
0,-0.047446,-0.0886014,-0.00753426,-6.17582e-322,0.0558316,0.0361928
0,-0.0466348,-0.0875265,-0.00575585,-6.17582e-322,0.0590587,0.0396345
0,-0.0449299,-0.0864422,-0.00399887,-6.17582e-322,0.0625306,0.0434483
0,-0.0425832,-0.085349,-0.00226352,-6.17582e-322,0.0662666,0.047499
0,-0.040457,-0.0842483,-0.000549978,-6.17582e-322,0.0702874,0.0513969
0,-0.0370256,-0.0831389,0.00114104,-6.17582e-322,0.074554,0.0554872
0,-0.0319363,-0.0820208,0.00281048,-6.17582e-322,0.0790717,0.0602868
0,-0.026542,-0.0808957,0.0044576,-6.17582e-322,0.0839201,0.0649757
0,-0.0183525,-0.0797614,0.00608227,-6.17582e-322,0.0891268,0.0705166
0,-0.00785244,-0.0786189,0.0076843,-6.17582e-322,0.094669,0.0766335
0.00530833,0.00424876,-0.0774695,0.00926353,-6.17582e-322,0.100366,0.083018
0.0216417,0.0101248,-0.0763217,0.0108198,-6.17582e-322,0.105816,0.0865409
0.037975,0.0136685,-0.0751724,0.0123531,-6.17582e-322,0.110681,0.088889
0.0543083,0.0223595,-0.0740137,0.0138635,-6.17582e-322,0.114834,0.0930264
0.0706417,0.026306,-0.0729747,0.0153507,-6.17582e-322,0.1182,0.0948602
0.086975,0.034225,-0.0721499,0.0168164,-6.17582e-322,0.120719,0.0968951
0.103308,0.0439363,-0.0712765,0.0182689,-6.17582e-322,0.122351,0.0995412
0.119642,0.0496417,-0.0702348,0.0197045,-6.17582e-322,0.12312,0.102573
0.1225,0.0565647,-0.069048,0.0211207,-6.17582e-322,0.123319,0.107013
0.1225,0.0696553,-0.0678516,0.0225147,-6.17582e-322,0.123323,0.112107
0.1225,0.0830563,-0.0666522,0.0238789,-6.17582e-322,0.123279,0.117229
0.1225,0.0964012,-0.0654512,0.0252191,-6.17582e-322,0.123226,0.122325
0.1225,0.109196,-0.0642493,0.0265353,-6.17582e-322,0.123173,0.127204
0.1225,0.122421,-0.0630459,0.0278275,-6.17582e-322,0.123124,0.132266
0.1225,0.134717,-0.0618427,0.0290957,-6.17582e-322,0.123077,0.136951
0.1225,0.144966,-0.0606412,0.0303398,-6.17582e-322,0.123035,0.140835
0.1225,0.151034,-0.0594441,0.0315598,-6.17582e-322,0.122995,0.143083
0.1225,0.155014,-0.0582493,0.0327559,-6.17582e-322,0.122959,0.144562
0.1225,0.15647,-0.0570577,0.033928,-6.17582e-322,0.122925,0.145067
0.1225,0.154854,-0.0558701,0.0350763,-6.17582e-322,0.122893,0.144385
0.1225,0.151798,-0.0546851,0.0362008,-6.17582e-322,0.122864,0.143176
0.1225,0.147904,-0.0535023,0.0373017,-6.17582e-322,0.122837,0.141656
0.1225,0.14323,-0.0523219,0.0383782,-6.17582e-322,0.122812,0.139838
0.1225,0.138934,-0.0511431,0.0394311,-6.17582e-322,0.122789,0.138184
0.1225,0.133982,-0.0499671,0.0404611,-6.17582e-322,0.122768,0.136263
0.1225,0.12959,-0.048793,0.0414669,-6.17582e-322,0.122748,0.134576
0.1225,0.127034,-0.0476196,0.0424492,-6.17582e-322,0.122729,0.133614
0.1225,0.123789,-0.04645,0.043408,-6.17582e-322,0.122713,0.13235
0.1225,0.120407,-0.0452838,0.0443435,-6.17582e-322,0.122697,0.131043
0.1225,0.11808,-0.0441199,0.0452556,-6.17582e-322,0.122682,0.130159
0.1225,0.116528,-0.042959,0.0461444,-6.17582e-322,0.122669,0.129569
0.1225,0.115078,-0.041802,0.0470105,-6.17582e-322,0.122656,0.129009
0.1225,0.114147,-0.0406486,0.0478529,-6.17582e-322,0.122645,0.128654
0.1225,0.113968,-0.039499,0.0486722,-6.17582e-322,0.122634,0.128592
0.1225,0.114197,-0.0383537,0.0494691,-6.17582e-322,0.122622,0.128663
0.1225,0.114404,-0.0372133,0.050243,-6.17582e-322,0.122608,0.128732
0.1225,0.114794,-0.036078,0.0509936,-6.17582e-322,0.122594,0.128878
0.1225,0.115343,-0.0349479,0.051722,-6.17582e-322,0.122581,0.129087
0.1225,0.115932,-0.0338233,0.0524271,-6.17582e-322,0.122569,0.129309
0.1225,0.116531,-0.0327046,0.0531098,-6.17582e-322,0.122558,0.129535
0.1225,0.117028,-0.0315921,0.05377,-6.17582e-322,0.122548,0.129721
0.1225,0.116769,-0.0304867,0.054408,-6.17582e-322,0.122539,0.129606
0.1225,0.117647,-0.0293865,0.0550244,-6.17582e-322,0.122531,0.129958
0.1225,0.117627,-0.0282939,0.0556181,-6.17582e-322,0.122523,0.129933
0.1225,0.118272,-0.0272075,0.05619,-6.17582e-322,0.122516,0.130188
0.1225,0.117842,-0.0261293,0.0567402,-6.17582e-322,0.12251,0.130003
0.1225,0.117638,-0.0250581,0.0572687,-6.17582e-322,0.122503,0.129925
0.1225,0.11769,-0.023994,0.0577757,-6.17582e-322,0.122498,0.129946
0.1225,0.117287,-0.022938,0.0582615,-6.17582e-322,0.122492,0.129781
0.1225,0.116603,-0.02189,0.058726,-6.17582e-322,0.122487,0.129512
0.1225,0.116498,-0.0208494,0.0591701,-6.17582e-322,0.122481,0.129477
