0.000115729,0.063567,6.70134e-05,0,0,0.000115686,0.0143564
0.000115729,0.0660363,6.93834e-05,8.71174e-07,0,0.000115587,0.0131209
0.000115729,0.0624065,6.52417e-05,2.2541e-06,0,0.000115473,0.012237
0.000115729,0.0543374,5.63671e-05,3.56929e-06,0,0.000115353,0.0105293
0.000115729,0.043215,4.42485e-05,4.71438e-06,0,0.000115231,0.00826201
0.000115729,0.0322813,3.23326e-05,5.62359e-06,0,0.000115106,0.00612311
0.000115729,0.022965,2.21408e-05,6.29407e-06,0,0.000114978,0.00434167
0.000115729,0.0157085,1.4146e-05,6.75727e-06,0,0.000114845,0.00297663
0.000115729,0.00954167,7.32519e-06,7.05618e-06,0,0.000114708,0.00179791
0.000115729,0.00398564,1.17576e-06,7.21633e-06,0,0.000114565,0.000725461
0.000115729,-0.00115253,-4.50243e-06,7.25214e-06,0,0.000114416,-0.000270495
0.000115729,-0.00572869,-9.55371e-06,7.17345e-06,0,0.000114259,-0.00115218
0.000115729,-0.00985738,-1.40969e-05,6.99248e-06,0,0.000114095,-0.00194936
0.000115729,-0.0131476,-1.77173e-05,6.71963e-06,0,0.000113921,-0.0025711
0.000115729,-0.0156438,-2.04622e-05,6.37252e-06,0,0.000113737,-0.00303839
0.000115729,-0.0171461,-2.2122e-05,5.96877e-06,0,0.000113542,-0.00330516
0.000115729,-0.0176217,-2.26649e-05,5.52965e-06,0,0.000113335,-0.00336969
0.000115729,-0.0171721,-2.22022e-05,5.07743e-06,0,0.000113113,-0.00325563
0.000115729,-0.0160364,-2.09912e-05,4.63246e-06,0,0.000112877,-0.00301381
0.000115729,-0.0145087,-1.93471e-05,4.21022e-06,0,0.000112625,-0.00270342
0.000115729,-0.0128117,-1.75092e-05,3.81999e-06,0,0.000112356,-0.00236615
0.000115729,-0.0112205,-1.5771e-05,3.46613e-06,0,0.000112067,-0.00205737
0.000115729,-0.00972464,-1.4124e-05,3.14723e-06,0,0.000111758,-0.00176703
0.000115729,-0.00837064,-1.26193e-05,2.86146e-06,0,0.000111427,-0.00150584
0.000115729,-0.00712749,-1.12257e-05,2.60606e-06,0,0.000111073,-0.00126554
0.000115729,-0.00602864,-9.98001e-06,2.37876e-06,0,0.000110692,-0.0010545
0.000115729,-0.00506155,-8.87029e-06,2.17667e-06,0,0.000110283,-0.00086898
0.000115729,-0.00417097,-7.83913e-06,1.99704e-06,0,0.000109845,-0.00069693
0.000115729,-0.00343891,-6.97419e-06,1.8382e-06,0,0.000109373,-0.000558315
0.000115729,-0.00281949,-6.22755e-06,1.69699e-06,0,0.000108867,-0.000440527
0.000115729,-0.0023618,-5.65158e-06,1.57094e-06,0,0.000108323,-0.000355878
0.000115729,-0.00202115,-5.19925e-06,1.45676e-06,0,0.000107739,-0.000292961
0.000115729,-0.00179632,-4.86942e-06,1.35187e-06,0,0.00010711,-0.000252765
0.000115729,-0.00165974,-4.633e-06,1.25382e-06,0,0.000106434,-0.000229146
0.000115729,-0.00159562,-4.47328e-06,1.16069e-06,0,0.000105707,-0.000219343
0.000115729,-0.0015841,-4.36925e-06,1.0709e-06,0,0.000104925,-0.000219349
0.000115729,-0.00160651,-4.30115e-06,9.83308e-07,0,0.000104083,-0.000225542
0.000115729,-0.00164918,-4.25451e-06,8.97149e-07,0,0.000103176,-0.000235388
0.000115729,-0.00170028,-4.21681e-06,8.11966e-07,0,0.0001022,-0.000246623
0.000115729,-0.00175414,-4.18208e-06,7.27554e-07,0,0.000101149,-0.000258316
0.000115729,-0.00181713,-4.15709e-06,6.43843e-07,0,0.000100017,-0.000272063
0.000115729,-0.00188977,-4.14236e-06,5.60652e-07,0,9.87983e-05,-0.00028781
0.000115729,-0.00197768,-4.14383e-06,4.77775e-07,0,9.74854e-05,-0.00030681
0.000115729,-0.00207781,-4.15821e-06,3.94901e-07,0,9.60713e-05,-0.000328229
0.000115729,-0.0021796,-4.1743e-06,3.11787e-07,0,9.45481e-05,-0.00034979
0.000115729,-0.00227632,-4.18497e-06,2.28358e-07,0,9.29074e-05,-0.000370283
0.000115729,-0.00236396,-4.186e-06,1.4468e-07,0,9.11403e-05,-0.000388994
0.000115729,-0.00242459,-4.15846e-06,6.09619e-08,0,8.92383e-05,-0.000402
0.000115729,-0.00245511,-4.09921e-06,-2.22625e-08,0,8.71954e-05,-0.000409083
0.000115729,-0.00245967,-4.01276e-06,-1.04365e-07,0,8.50177e-05,-0.000411232
0.000113472,-0.00243861,-3.89963e-06,-1.84793e-07,0,8.27606e-05,-0.000408379
0.000111157,-0.00239391,-3.76211e-06,-2.63012e-07,0,8.04856e-05,-0.000400944
0.000108843,-0.00233118,-3.60629e-06,-3.38598e-07,0,7.82101e-05,-0.000390128
0.000106528,-0.0022616,-3.44417e-06,-4.11113e-07,0,7.59388e-05,-0.00037828
0.000104214,-0.00218577,-3.27654e-06,-4.80321e-07,0,7.36732e-05,-0.000365216
0.000101899,-0.00211191,-3.11221e-06,-5.46355e-07,0,7.14138e-05,-0.000352764
9.95845e-05,-0.00204297,-2.95443e-06,-6.08928e-07,0,6.9161e-05,-0.000341356
9.72699e-05,-0.00197843,-2.80271e-06,-6.68332e-07,0,6.69151e-05,-0.000330786
9.49554e-05,-0.00191917,-2.65809e-06,-7.24689e-07,0,6.46766e-05,-0.000321272
9.26408e-05,-0.00186698,-2.5225e-06,-7.7814e-07,0,6.24462e-05,-0.000313185
9.03262e-05,-0.0018194,-2.39339e-06,-8.28929e-07,0,6.02244e-05,-0.000305924
8.80116e-05,-0.0017698,-2.26382e-06,-8.77055e-07,0,5.80117e-05,-0.000298073
8.56971e-05,-0.00171839,-2.13405e-06,-9.22591e-07,0,5.58087e-05,-0.000289861
8.33825e-05,-0.00166656,-2.00562e-06,-9.65531e-07,0,5.3616e-05,-0.000281597
8.10679e-05,-0.00161442,-1.87869e-06,-1.0059e-06,0,5.14342e-05,-0.000273265
7.87534e-05,-0.00156413,-1.75559e-06,-1.04373e-06,0,4.92639e-05,-0.000265345
7.64388e-05,-0.0015204,-1.6413e-06,-1.07909e-06,0,4.71058e-05,-0.000258832
7.41242e-05,-0.00148437,-1.53706e-06,-1.11214e-06,0,4.4961e-05,-0.000253848
7.18096e-05,-0.00145871,-1.44567e-06,-1.14314e-06,0,4.28301e-05,-0.00025096
6.94951e-05,-0.00144115,-1.36469e-06,-1.17224e-06,0,4.07142e-05,-0.00024958
6.71805e-05,-0.00143427,-1.29683e-06,-1.19969e-06,0,3.86144e-05,-0.000250354
6.48659e-05,-0.00144577,-1.25015e-06,-1.22577e-06,0,3.65319e-05,-0.000254929
6.25513e-05,-0.00147465,-1.2235e-06,-1.25089e-06,0,3.44679e-05,-0.000262866
6.02368e-05,-0.00151882,-1.21458e-06,-1.27542e-06,0,3.24236e-05,-0.000273725
5.79222e-05,-0.00157743,-1.22234e-06,-1.29973e-06,0,3.04005e-05,-0.000287369
5.56076e-05,-0.00164303,-1.23882e-06,-1.32416e-06,0,2.83999e-05,-0.000302152
5.3293e-05,-0.00170569,-1.25339e-06,-1.34891e-06,0,2.64236e-05,-0.000316054
5.09785e-05,-0.0017638,-1.2643e-06,-1.37395e-06,0,2.44735e-05,-0.000328992
4.86639e-05,-0.00181473,-1.26869e-06,-1.39921e-06,0,2.25515e-05,-0.000340418
4.63493e-05,-0.00185622,-1.26415e-06,-1.42457e-06,0,2.06601e-05,-0.000349899
4.40348e-05,-0.00188535,-1.24757e-06,-1.44986e-06,0,1.88015e-05,-0.000356843
4.17202e-05,-0.00190106,-1.21781e-06,-1.47487e-06,0,1.69783e-05,-0.00036109
3.94056e-05,-0.00190667,-1.17841e-06,-1.49933e-06,0,1.51934e-05,-0.000363409
3.7091e-05,-0.00190203,-1.12922e-06,-1.52304e-06,0,1.34497e-05,-0.000363675
3.47765e-05,-0.00187099,-1.05321e-06,-1.54574e-06,0,1.17503e-05,-0.000358262
3.24619e-05,-0.00181624,-9.53324e-07,-1.56707e-06,0,1.00988e-05,-0.000348228
3.01473e-05,-0.00174922,-8.4176e-07,-1.58649e-06,0,8.49888e-06,-0.000336061
2.78327e-05,-0.00167741,-7.26505e-07,-1.6036e-06,0,6.95449e-06,-0.000323109
2.55182e-05,-0.00160968,-6.16991e-07,-1.61836e-06,0,5.46995e-06,-0.000311146
2.32036e-05,-0.00155626,-5.24061e-07,-1.63098e-06,0,4.04991e-06,-0.000302212
2.0889e-05,-0.00151877,-4.49391e-07,-1.64169e-06,0,2.69935e-06,-0.000296373
1.85744e-05,-0.00150181,-3.97822e-07,-1.6509e-06,0,1.42364e-06,-0.000294614
1.62599e-05,-0.00150685,-3.70799e-07,-1.65904e-06,0,2.28579e-07,-0.000297121
1.39453e-05,-0.00153043,-3.64585e-07,-1.66654e-06,0,-8.79601e-07,-0.000303073
1.16307e-05,-0.00157347,-3.8003e-07,-1.67384e-06,0,-1.8942e-06,-0.000312768
9.31616e-06,-0.00163465,-4.15614e-07,-1.68141e-06,0,-2.80806e-06,-0.000325884
7.00158e-06,-0.00171119,-4.68252e-07,-1.68962e-06,0,-3.61369e-06,-0.000341841
4.68701e-06,-0.0017998,-5.34321e-07,-1.6988e-06,0,-4.3039e-06,-0.000359994
2.37244e-06,-0.00189223,-6.04976e-07,-1.70926e-06,0,-4.87427e-06,-0.000378614
5.78643e-08,-0.00197793,-6.6894e-07,-1.72114e-06,0,-5.3327e-06,-0.000395601
0,-0.00204937,-7.18203e-07,-1.7343e-06,0,-5.73619e-06,-0.000409593
0,-0.00215112,-7.99777e-07,-1.74854e-06,0,-6.14825e-06,-0.000430811
0,-0.00222705,-8.54203e-07,-1.76425e-06,0,-6.58836e-06,-0.000445416
0,-0.0023043,-9.10151e-07,-1.78122e-06,0,-7.06354e-06,-0.000461083
0,-0.00238009,-9.64602e-07,-1.7992e-06,0,-7.57782e-06,-0.000476423
0,-0.00245446,-1.01755e-06,-1.81836e-06,0,-8.1345e-06,-0.00049153
0,-0.00249601,-1.03575e-06,-1.8386e-06,0,-8.73677e-06,-0.00049936
0,-0.00246741,-9.79871e-07,-1.85926e-06,0,-9.38796e-06,-0.000492428
0,-0.00226485,-7.40534e-07,-1.87908e-06,0,-1.00916e-05,-0.000448509
0,-0.0018302,-2.57086e-07,-1.89449e-06,0,-1.08516e-05,-0.000357494
0,-0.00116168,4.71203e-07,-1.90084e-06,0,-1.16721e-05,-0.000220628
0,4.93802e-05,1.76904e-06,-1.89396e-06,0,-1.25575e-05,3.1271e-05
0,0.0018293,3.6614e-06,-1.86247e-06,0,-1.35128e-05,0.000395395
0,0.00411563,6.07895e-06,-1.79398e-06,0,-1.45433e-05,0.000856991
0,0.00670309,8.80141e-06,-1.68086e-06,0,-1.56545e-05,0.00137177
0,0.00918559,1.13968e-05,-1.51436e-06,0,-1.68527e-05,0.00185443
0,0.011517,1.38147e-05,-1.29551e-06,0,-1.81445e-05,0.00230605
0,0.013501,1.58465e-05,-1.02768e-06,0,-1.9537e-05,0.00268392
0,0.014606,1.69306e-05,-7.17859e-07,0,-2.10379e-05,0.00287433
0,0.0147465,1.69789e-05,-3.83041e-07,0,-2.26554e-05,0.00287305
0,0.0138591,1.59283e-05,-4.35595e-08,0,-2.43981e-05,0.00266831
0,0.0120433,1.38882e-05,2.78683e-07,0,-2.62758e-05,0.00228416
0,0.00918919,1.07484e-05,5.61548e-07,0,-2.8299e-05,0.00169317
0,0.0056399,6.87738e-06,7.87505e-07,0,-3.04789e-05,0.00097537
0,0.00136858,2.25315e-06,9.3473e-07,0,-3.28278e-05,0.000115051
0,-0.00336212,-2.84028e-06,9.91354e-07,0,-3.53587e-05,-0.000828129
0,-0.00795595,-7.76742e-06,9.52375e-07,0,-3.80857e-05,-0.00172786
0,-0.0124717,-1.25863e-05,8.09344e-07,0,-4.10242e-05,-0.00261416
0,-0.016584,-1.69495e-05,5.69665e-07,0,-4.41904e-05,-0.00341239
0,-0.0200914,-2.06424e-05,2.41583e-07,0,-4.7602e-05,-0.00408661
0,-0.0228665,-2.35298e-05,-1.62033e-07,0,-5.1278e-05,-0.00461392
0,-0.0248528,-2.55526e-05,-6.26854e-07,0,-5.52389e-05,-0.00498526
0,-0.0259429,-2.65992e-05,-1.13083e-06,0,-5.95066e-05,-0.00517814
0,-0.0261758,-2.67139e-05,-1.65862e-06,0,-6.41039e-05,-0.00520433
0,-0.0255614,-2.59109e-05,-2.1925e-06,0,-6.90534e-05,-0.00506487
0,-0.0240832,-2.41771e-05,-2.71353e-06,0,-7.43709e-05,-0.0047557
0,-0.021736,-2.15125e-05,-3.20141e-06,0,-8.00411e-05,-0.00427599
-4.49116e-06,-0.0185294,-1.79332e-05,-3.64098e-06,0,-8.5924e-05,-0.0036279
-1.39462e-05,-0.0141198,-1.30831e-05,-4.00859e-06,0,-9.17611e-05,-0.00273399
-2.34013e-05,-0.00471477,-2.96583e-06,-4.28238e-06,0,-9.73693e-05,-0.000753265
-3.28564e-05,0.00509821,7.54933e-06,-4.37711e-06,0,-0.000102685,0.00117841
-4.23115e-05,0.0133851,1.64088e-05,-4.26292e-06,0,-0.000107673,0.00275662
-5.17665e-05,0.0189752,2.2373e-05,-3.96575e-06,0,-0.000112307,0.00377333
-6.12216e-05,0.0221503,2.57431e-05,-3.53917e-06,0,-0.000116559,0.00432481
-7.06767e-05,0.0233269,2.69643e-05,-3.03273e-06,0,-0.000120399,0.00449655
0,0.0155056,1.97894e-05,-2.51787e-06,0,-5.256e-06,0.00284814
0,0.00224879,5.67301e-06,-2.09827e-06,0,-4.97357e-06,6.33186e-05
0,-0.0039092,-9.08734e-07,-1.9354e-06,0,-4.63676e-06,-0.000943813
0,-0.00669851,-3.91021e-06,-1.93054e-06,0,-4.30492e-06,-0.00139555
0,-0.0079949,-5.31987e-06,-1.99824e-06,0,-3.9922e-06,-0.00160743
0,-0.00796649,-5.31866e-06,-2.10111e-06,0,-3.70098e-06,-0.00156427
0,-0.00715137,-4.4793e-06,-2.20749e-06,0,-3.43069e-06,-0.00138204
0,-0.00520858,-2.4452e-06,-2.30001e-06,0,-3.18007e-06,-0.000969064
0,-0.00308809,-2.25264e-07,-2.35603e-06,0,-2.94773e-06,-0.000548046
0,-0.00129506,1.64417e-06,-2.36831e-06,0,-2.73237e-06,-0.0002055
0,6.6697e-05,3.05256e-06,-2.34197e-06,0,-2.53275e-06,4.95326e-05
0,0.00129973,4.31936e-06,-2.28444e-06,0,-2.34772e-06,0.000287844
0,0.00259913,5.64987e-06,-2.20122e-06,0,-2.1762e-06,0.000544659
0,0.00418796,7.27839e-06,-2.09155e-06,0,-2.01723e-06,0.000864514
0,0.00608138,9.21873e-06,-1.95005e-06,0,-1.86986e-06,0.00124452
0,0.00814956,1.13314e-05,-1.77344e-06,0,-1.73327e-06,0.00165512
0,0.0104058,1.36284e-05,-1.55315e-06,0,-1.60666e-06,0.00210298
0,0.0126258,1.58701e-05,-1.28517e-06,0,-1.4893e-06,0.00253738
0,0.0144186,1.76426e-05,-9.75617e-07,0,-1.38051e-06,0.00287699
0,0.0155849,1.87355e-05,-6.28968e-07,0,-1.27967e-06,0.0030881
0,0.0159307,1.89456e-05,-2.58083e-07,0,-1.1862e-06,0.00313285
0,0.0152603,1.8069e-05,1.20092e-07,0,-1.09956e-06,0.0029728
0,0.0134077,1.5935e-05,4.83664e-07,0,-1.01925e-06,0.00257622
0,0.010312,1.24855e-05,8.09832e-07,0,-9.4481e-07,0.00193417
0,0.00604398,7.80241e-06,1.07161e-06,0,-8.75805e-07,0.0010642
0,0.000878099,2.18396e-06,1.24405e-06,0,-8.11843e-07,2.59009e-05
0,-0.0049648,-4.12868e-06,1.3074e-06,0,-7.52552e-07,-0.00113894
0,-0.0107104,-1.03101e-05,1.25007e-06,0,-6.97594e-07,-0.00226286
0,-0.0163434,-1.63392e-05,1.06551e-06,0,-6.4665e-07,-0.00336428
0,-0.0214429,-2.17668e-05,7.59824e-07,0,-5.99427e-07,-0.00434921
0,-0.0257489,-2.63161e-05,3.43483e-07,0,-5.55654e-07,-0.00517121
0,-0.02911,-2.98264e-05,-1.66916e-07,0,-5.15079e-07,-0.00580365
0,-0.0313515,-3.21144e-05,-7.51157e-07,0,-4.77467e-07,-0.00621161
0,-0.0321027,-3.27912e-05,-1.38544e-06,0,-4.42603e-07,-0.00631687
0,-0.0314135,-3.19151e-05,-2.03957e-06,0,-4.10285e-07,-0.00614108
0,-0.0293196,-2.95304e-05,-2.68006e-06,0,-3.80328e-07,-0.00569083
0,-0.025898,-2.57264e-05,-3.27901e-06,0,-3.52558e-07,-0.0049824
0,-0.0212345,-2.06023e-05,-3.80686e-06,0,-3.26817e-07,-0.00403284
0,-0.0113864,-1.00037e-05,-4.23684e-06,0,-3.02956e-07,-0.00195541
0,0.000943909,3.18861e-06,-4.46341e-06,0,-2.80838e-07,0.000532584
0,0.0109495,1.38786e-05,-4.44581e-06,0,-2.60335e-07,0.00242916
0,0.0183007,2.17148e-05,-4.20031e-06,0,-2.41329e-07,0.00379589
0,0.0226642,2.63466e-05,-3.78168e-06,0,-2.23711e-07,0.00456734
0,0.024796,2.85788e-05,-3.26402e-06,0,-2.0738e-07,0.00492247
0.00259706,0.00852123,5.7668e-06,-2.6969e-06,0,0.00524739,0.00501415
0.0022351,0.00712592,4.46298e-06,-2.50173e-06,0,0.00484741,0.00496745
0.00187314,0.00793669,5.48875e-06,-2.40921e-06,0,0.0044219,0.00486757
0.00151118,0.00876904,6.5286e-06,-2.302e-06,0,0.00402098,0.0047438
0.00114922,0.00964703,7.60623e-06,-2.1735e-06,0,0.00365754,0.00466376
0.000787263,0.0100587,8.17946e-06,-2.02515e-06,0,0.00333483,0.0045093
0.000425303,0.00978519,8.01771e-06,-1.863e-06,0,0.00305328,0.00424114
6.3343e-05,0.00916014,7.47551e-06,-1.70232e-06,0,0.00281108,0.00393437
0,0.00885017,7.2585e-06,-1.55091e-06,0,0.00259957,0.00372384
0,0.00835653,6.8393e-06,-1.40498e-06,0,0.0024081,0.00347571
0,0.00755344,6.08614e-06,-1.26715e-06,0,0.00223182,0.00317425
0,0.00671243,5.28753e-06,-1.14279e-06,0,0.00206873,0.00288296
0,0.00579809,4.40703e-06,-1.03424e-06,0,0.00191764,0.00258546
0,0.00554961,4.22647e-06,-9.4302e-07,0,0.0017776,0.00244786
0,0.00618075,4.96986e-06,-8.58039e-07,0,0.0016478,0.00249665
0,0.00758279,6.51909e-06,-7.605e-07,0,0.00152749,0.00270083
0,0.0095598,8.66347e-06,-6.33217e-07,0,0.00141596,0.003019
0,0.0118134,1.10844e-05,-4.65308e-07,0,0.00131257,0.00338926
0,0.0140705,1.34907e-05,-2.52093e-07,0,0.00121674,0.00375829
0,0.0159739,1.55035e-05,9.2999e-09,0,0.0011279,0.00405329
0,0.0171852,1.67649e-05,3.12325e-07,0,0.00104556,0.004208
0,0.0173451,1.6897e-05,6.43208e-07,0,0.000969226,0.00415102
0,0.0163414,1.5785e-05,9.80817e-07,0,0.000898468,0.003867
0,0.0140819,1.33367e-05,1.29874e-06,0,0.000832877,0.00333807
0,0.0105615,9.55339e-06,1.57404e-06,0,0.000772076,0.00256542
0,0.00579341,4.45686e-06,1.77457e-06,0,0.000715715,0.00155189
0,0.000458989,-1.22485e-06,1.88409e-06,0,0.00066347,0.000449669
0,-0.00540615,-7.44697e-06,1.87948e-06,0,0.000615039,-0.000752685
0,-0.0113294,-1.37028e-05,1.7461e-06,0,0.000570145,-0.00195038
0,-0.0169202,-1.95749e-05,1.49394e-06,0,0.000528529,-0.00306936
0,-0.021875,-2.47386e-05,1.11712e-06,0,0.000489952,-0.00405272
0,-0.0259418,-2.8926e-05,6.35257e-07,0,0.000454191,-0.00485268
0,-0.0264463,-2.91577e-05,7.13921e-08,0,0.000302341,-0.0054491
0,-0.0266688,-2.90571e-05,-5.10951e-07,0,-2.96984e-07,-0.00579159
0,-0.0257865,-2.77652e-05,-1.09245e-06,0,-0.000342439,-0.00590161
0,-0.0238043,-2.52933e-05,-1.65227e-06,0,-0.000696174,-0.00579551
0,-0.0208919,-2.18279e-05,-2.16555e-06,0,-0.00105472,-0.00550594
-6.00681e-05,-0.0170894,-1.74188e-05,-2.61251e-06,0,-0.00141408,-0.00503218
-0.000403314,-0.0123443,-1.20191e-05,-2.9697e-06,0,-0.00176545,-0.0043577
-0.00074656,-0.00341855,-2.21747e-06,-3.22898e-06,0,-0.00210082,-0.002756
-0.00108981,0.00862227,1.08384e-05,-3.30764e-06,0,-0.00241806,-0.000556758
-0.00143305,0.0183066,2.13479e-05,-3.13657e-06,0,-0.0027165,0.00104328
-0.0017763,0.0247788,2.84044e-05,-2.73588e-06,0,-0.00299577,0.002007
-0.00211954,0.0279632,3.19326e-05,-2.19249e-06,0,-0.00325548,0.00234228
-0.00246279,0.0287712,3.29029e-05,-1.56619e-06,0,-0.00349519,0.00225648
0.00234265,0.00865424,6.29161e-06,-9.11528e-07,0,0.00143435,0.00194859
0.00199941,0.00472125,2.27803e-06,-6.92557e-07,0,0.00123645,0.00164271
0.00165616,0.00240262,-2.65449e-08,-6.32949e-07,0,0.00106058,0.0011188
0.00131292,0.000702923,-1.67619e-06,-6.25413e-07,0,0.000907634,0.000709431
0.00096967,-0.000239966,-2.52574e-06,-6.53163e-07,0,0.000778594,0.000472301
0.000626424,-0.000801168,-2.97296e-06,-7.01554e-07,0,0.000674364,0.000316665
0.000283178,-0.00134058,-3.39883e-06,-7.59448e-07,0,0.000595223,0.000168199
0,-0.00142639,-3.347e-06,-8.25934e-07,0,0.000538652,0.000129053
0,-0.000781116,-2.52577e-06,-8.93004e-07,0,0.000495917,0.000245547
0,-0.000231219,-1.81091e-06,-9.46394e-07,0,0.000458842,0.000322763
0,0.000204469,-1.22262e-06,-9.84399e-07,0,0.000425139,0.000379218
0,0.000700953,-5.76128e-07,-1.01032e-06,0,0.000394069,0.000454444
0,0.00146699,3.48423e-07,-1.02346e-06,0,0.000365311,0.000590164
0,0.00258318,1.63476e-06,-1.02019e-06,0,0.000338664,0.000798437
0,0.00413168,3.36753e-06,-9.90711e-07,0,0.000313964,0.0010953
0,0.00609989,5.53076e-06,-9.26826e-07,0,0.000291066,0.0014755
0,0.00827545,7.89727e-06,-8.21619e-07,0,0.00026984,0.00189165
0,0.0104007,1.01926e-05,-6.6959e-07,0,0.000250162,0.00229187
0,0.0123866,1.23211e-05,-4.71477e-07,0,0.000231919,0.00266333
0,0.0139238,1.39555e-05,-2.30376e-07,0,0.000215007,0.00293914
0,0.0146001,1.46606e-05,4.54651e-08,0,0.000199329,0.00303543
0,0.014168,1.41779e-05,3.37267e-07,0,0.000184795,0.00290825
0,0.0125498,1.24302e-05,6.21791e-07,0,0.000171321,0.00254713
0,0.00973772,9.41491e-06,8.73891e-07,0,0.000158829,0.0019524
0,0.00570433,5.11027e-06,1.06973e-06,0,0.000147249,0.00111811
0,0.000849786,-5.32126e-08,1.187e-06,0,0.000136513,0.000134722
0,-0.00455454,-5.78143e-06,1.20401e-06,0,0.00012656,-0.000948223
0,-0.0101792,-1.17197e-05,1.11129e-06,0,0.000117333,-0.00206453
0,-0.015549,-1.736e-05,8.97682e-07,0,0.00010878,-0.00311694
0,-0.0205618,-2.25906e-05,5.70223e-07,0,0.000100849,-0.00409597
0,-0.0249455,-2.7121e-05,1.31488e-07,0,9.34977e-05,-0.00494354
0,-0.0282177,-3.04407e-05,-3.95075e-07,0,8.6682e-05,-0.00555912
0,-0.027739,-2.96025e-05,-9.92269e-07,0,-4.64759e-05,-0.00597721
0,-0.0269742,-2.8431e-05,-1.58725e-06,0,-0.000342872,-0.0061252
0,-0.025069,-2.60355e-05,-2.15997e-06,0,-0.00068338,-0.00603341
0,-0.0222399,-2.26521e-05,-2.68907e-06,0,-0.00103783,-0.00576536
0,-0.0186143,-1.84228e-05,-3.15057e-06,0,-0.00139804,-0.00533747
-0.000204657,-0.0142052,-1.33688e-05,-3.53382e-06,0,-0.00175664,-0.0047442
-0.000560581,-0.00813333,-6.57014e-06,-3.81383e-06,0,-0.00210404,-0.00378499
-0.000916506,0.00327854,5.84477e-06,-3.96223e-06,0,-0.00243463,-0.00165855
-0.00127243,0.0142411,1.77333e-05,-3.87638e-06,0,-0.00274682,0.000233515
-0.00162836,0.0221048,2.62883e-05,-3.56332e-06,0,-0.00304002,0.00146071
-0.00198428,0.026628,3.1256e-05,-3.05894e-06,0,-0.0033138,0.0020442
-0.0023402,0.0285061,3.33776e-05,-2.44624e-06,0,-0.00356768,0.0021476
0.00264274,0.00801686,6.18841e-06,-1.78611e-06,0,0.00153775,0.00187468
0.00228682,0.00510688,3.27483e-06,-1.59437e-06,0,0.00132542,0.00180076
0.00193089,0.00590979,4.28184e-06,-1.51868e-06,0,0.00113499,0.00193499
0.00157497,0.00563485,4.13769e-06,-1.43556e-06,0,0.000967349,0.00174464
0.00121904,0.00513507,3.7467e-06,-1.35223e-06,0,0.000823504,0.00155555
0.000863117,0.00438798,3.08628e-06,-1.27632e-06,0,0.000704492,0.00133671
0.000507193,0.00325052,2.00686e-06,-1.21294e-06,0,0.000611122,0.00105323
0.000151268,0.00192473,7.24231e-07,-1.17011e-06,0,0.000542952,0.000749736
0,0.00134584,2.28072e-07,-1.15113e-06,0,0.000494331,0.000625643
0,0.00111148,9.19312e-08,-1.14533e-06,0,0.000455912,0.000561368
0,0.000817251,-1.12014e-07,-1.14315e-06,0,0.000422039,0.000476331
0,0.000616534,-2.21183e-07,-1.14488e-06,0,0.000391094,0.000415918
0,0.000710094,-2.35329e-08,-1.14909e-06,0,0.000362526,0.000420626
0,0.00131827,7.12739e-07,-1.15005e-06,0,0.000336074,0.000534069
0,0.00253627,2.08611e-06,-1.13727e-06,0,0.00031156,0.000771271
0,0.00440107,4.13266e-06,-1.09829e-06,0,0.000288837,0.00113773
0,0.00663362,6.55425e-06,-1.0228e-06,0,0.000267772,0.0015697
0,0.00472554,4.58638e-06,-9.00195e-07,0,0.000248244,0.00106375
0,-0.0177043,-1.90569e-05,-8.03547e-07,0,0.000230141,-0.00392735
0,-0.0564355,-5.98349e-05,-1.10193e-06,0,0.000213358,-0.0119951
0,-0.09,-0.000255489,-2.19669e-06,0,0.0001978,-0.0225398
0,-0.09,-0.00174554,-6.62168e-06,0,0.000183376,-0.0342012
0,-0.09,-0.0072076,-3.11021e-05,0,0.000170005,-0.0464893
0,-0.09,-0.0233963,-0.000147944,0,0.000157609,-0.0586707
0,-0.09,-0.0748411,-0.000534926,0,0.000146117,-0.0717617
0,-0.09,-0.224769,-0.00180025,-0.111341,0.000135464,-0.0854198
0,-0.09,-0.633737,-0.00517117,-0.127057,0.000125587,-0.102284
0,-0.09,-1.83307,-0.0139607,-0.151335,0.000116431,-0.124944
0,-0.09,-5.95496,-0.0404278,-0.131007,0.000107942,-0.141725
0,-0.09,-15,-0.130674,-0.109908,0.000100073,-0.155259
0,-0.09,-15,-0.299521,-0.0924149,9.27776e-05,-0.165887
0,-0.09,-15,-0.599521,-0.0797886,8.60142e-05,-0.174911
0,-0.09,-15,-0.899521,-0.071715,7.9744e-05,-0.181071
0,-0.09,-15,-1.19952,-0.0674376,7.39311e-05,-0.185055
0,-0.09,-15,-1.49952,-0.0656888,-0.0028305,-0.188023
0,-0.09,-15,-1.79952,-0.0652759,-0.00947617,-0.190161
0,-0.09,-14.9366,-2.09952,-0.065192,-0.01714,-0.192025
0,-0.09,-14.5912,-2.39857,-0.0663236,-0.0251335,-0.192415
0,-0.09,-14.0768,-2.69195,-0.0676156,-0.0332758,-0.192483
-0.00349619,-0.0934962,-13.4684,-2.97605,-0.0686172,-0.041423,-0.193065
-0.0117225,-0.101723,-12.8088,-3.24816,-0.0689936,-0.0493556,-0.194337
-0.0199489,-0.109949,-12.1224,-3.50763,-0.0688248,-0.0569193,-0.195962
-0.0281752,-0.118175,-11.423,-3.75317,-0.0687488,-0.0640709,-0.1979
-0.0364015,-0.126402,-10.7191,-3.98478,-0.068931,-0.0707944,-0.199922
-0.0446279,-0.134628,-10.0178,-4.20233,-0.0690729,-0.0770792,-0.202356
-0.0528542,-0.142854,-9.32504,-4.40584,-0.0690593,-0.0829141,-0.205702
-0.0610806,-0.219929,-8.64477,-4.59546,-0.0688489,-0.0882859,-0.209671
0.0540882,-0.0194592,-8.64477,-4.78196,-0.0688489,0.0302158,-0.173212
0.0417487,-0.0194592,-8.64477,-5.06171,-0.0688489,0.0258593,-0.0894555
0.0326997,-0.0573003,-9.18804,-5.26686,5.06249e-11,0.0220917,-0.0930618
0.0294092,-0.0605908,-9.16893,-5.34112,-6.46235e-27,0.0188364,-0.0941568
0.0211828,-0.0688172,-9.15509,-5.52458,0,0.0160709,-0.096567
0.0129565,-0.0770435,-9.14831,-5.70778,0,0.0138723,-0.0981799
0.00473014,-0.0852699,-9.28564,-5.89078,0,0.012252,-0.100487
0,-0.09,-9.67617,-6.07587,-0.0693294,0.0111103,-0.103038
0,-0.09,-10.2859,-6.26764,-0.110861,0.0102349,-0.105116
0,-0.09,-10.9864,-6.47,-0.112808,0.00947128,-0.106781
0,-0.09,-11.5973,-6.68343,-0.113223,0.00877596,-0.107876
0,-0.09,-12.1371,-6.91048,-0.113515,0.00813467,-0.108732
0,-0.09,-12.6297,-7.14972,-0.11395,0.00754103,-0.109716
0,-0.09,-13.115,-7.40009,-0.114884,0.00699093,-0.111052
0,-0.09,-13.6611,-7.65876,-0.116774,0.00648102,-0.11308
0,-0.09,-14.3152,-7.92952,-0.120684,0.00600834,-0.115711
0,-0.09,-14.8563,-8.21288,-0.12785,0.00557014,-0.118817
0,-0.09,-15,-8.50568,-0.139181,0.00516392,-0.122103
0,-0.09,-15,-8.8046,-0.153144,0.00478733,-0.125832
0,-0.09,-15,-9.1046,-0.168068,0.00443821,-0.129926
0,-0.09,-15,-9.4046,-0.184507,0.00411456,-0.13438
0,-0.09,-15,-9.7046,-0.20981,0.00381452,-0.139339
0,-0.09,-15,-10.0046,-0.20708,0.00353637,-0.144505
0,-0.09,-15,-10.3046,-0.183979,0.00327851,-0.150506
0,-0.09,-15,-10.6046,-0.160832,0.00303946,-0.156803
0,-0.09,-15,-10.9046,-0.1404,0.00281784,-0.162708
0,-0.09,-15,-11.2046,-0.123762,0.00261239,-0.167558
0,-0.09,-15,-11.5046,-0.110756,0.00242192,-0.171334
0,-0.09,-15,-11.8046,-0.101141,0.00224535,-0.173979
0,-0.09,-15,-12.1046,-0.0937813,0.00208165,-0.175859
0,-0.09,-15,-12.4046,-0.087932,0.00192989,-0.177222
0,-0.09,-15,-12.7046,-0.0829302,0.0017892,-0.17824
0,-0.09,-15,-13.0046,-0.0783354,0.00165877,-0.179183
0,-0.09,-15,-13.3046,-0.0739814,0.00153785,-0.180139
0,-0.09,-15,-13.6046,-0.0699496,-0.0016613,-0.181282
0,-0.09,-14.3188,-13.9046,-0.0664863,-0.00883642,-0.182312
0,-0.09,-13.3109,-14.1947,-0.0665568,-0.017088,-0.180773
0,-0.09,-12.1835,-14.4655,-0.0675694,-0.0256813,-0.179149
0,-0.09,-11.0097,-14.7142,-0.068446,-0.0344175,-0.178462
-0.00498099,-0.094981,-9.82363,-14.9397,-0.0689159,-0.0431167,-0.178989
-0.0136436,-0.103644,-8.65161,-15,-0.0685582,-0.0515453,-0.18063
-0.0223062,-0.112306,-7.50645,-15,-0.0684929,-0.0595667,-0.181997
-0.0309688,-0.120969,-6.39271,-15,-0.0700595,-0.0671422,-0.182187
-0.0396313,-0.129631,-5.3153,-15,-0.0720414,-0.0742571,-0.182415
-0.0482939,-0.138294,-4.27849,-15,-0.0733291,-0.0809008,-0.184113
-0.0569565,-0.221202,-3.28472,-15,-0.0742456,-0.0870618,-0.186442
0.0643197,-0.0912633,-3.28472,-15,-0.0742456,0.0372123,-0.188827
0.051759,-0.038241,-13.0638,-15,-0.324898,0.0320887,-0.111533
0.0469945,-0.0430055,-13.2401,-15,1.91567e-09,0.0275029,-0.0817643
0.038332,-0.051668,-12.1663,-15,3.40081e-25,0.0234413,-0.0745529
0.0296694,-0.0603306,-10.9232,-15,0,0.0199503,-0.0773634
0.0210068,-0.0689932,-9.72843,-15,0,0.0170611,-0.0796068
0.0123442,-0.0776558,-8.59914,-15,0,0.014795,-0.0814078
0.0036816,-0.0863184,-7.54086,-15,0,0.0131416,-0.0829724
0,-0.09,-6.55754,-15,0,0.0119636,-0.0839738
0,-0.09,-5.65127,-15,0,0.0110335,-0.0847009
0,-0.09,-4.81605,-15,0,0.0102136,-0.0850302
0,-0.09,-4.03977,-15,0,0.00946468,-0.0849
0,-0.09,-3.30888,-15,0,0.00877331,-0.084402
0,-0.09,-2.61185,-15,0,0.00813314,-0.0836006
0,-0.09,-1.93956,-15,0,0.00753988,-0.0825572
0,-0.09,-1.28752,-15,0,0.00698996,-0.0813684
0,-0.09,-0.65313,-15,0,0.00648017,-0.0800828
0,-0.09,-0.0357462,-15,0,0.00600758,-0.0787572
0,-0.09,0.55822,-15,0,0.00556946,-0.0779569
0,-0.09,1.11945,-14.9927,0,0.00516331,-0.0776994
0,-0.09,1.64382,-14.9743,0,0.00478679,-0.0776248
0,-0.09,2.1305,-14.9451,0,0.00443773,-0.0776881
0,-0.09,2.57931,-14.9056,-0.00658405,0.00411414,-0.0778839
0,-0.09,2.99644,-14.8572,-0.0326781,0.00381415,-0.0781543
0,-0.09,3.39149,-14.8002,-0.0565244,0.00353604,-0.0784624
0,-0.09,3.76656,-14.7351,-0.0840882,0.00327822,-0.079254
0,-0.09,4.12067,-14.6624,-0.121094,0.0030392,-0.0808619
0,-0.09,4.4473,-14.5826,-0.126483,0.00281761,-0.0834557
0,-0.09,4.73361,-14.4971,-0.128193,0.00261219,-0.0874743
0,-0.09,4.97506,-14.4048,-0.130596,0.00242175,-0.0920458
0,-0.09,5.17709,-14.3069,-0.133662,0.0022452,-0.0964299
0,-0.09,5.30002,-14.2049,-0.111446,0.00208152,-0.100127
0,-0.09,5.37032,-14.0998,-0.0907058,0.00192978,-0.103223
0,-0.09,5.36558,-13.9929,2.0811e-07,-0.0017368,-0.104724
0,-0.09,5.75265,-13.8856,-6.61744e-24,-0.00994342,-0.104524
0,-0.09,6.123,-13.7723,3.67342e-40,-0.0193775,-0.102657
0,-0.09,6.47795,-13.6513,2.03916e-56,-0.0291965,-0.0969022
0,-0.09,6.81504,-13.5233,1.13196e-72,-0.0391604,-0.0891386
-0.00801434,-0.0980143,7.13267,-13.3885,-9.42546e-89,-0.0490142,-0.0820652
-0.0177287,-0.0645839,7.43034,-13.2479,-6.97624e-105,-0.0584902,-0.0754986
-0.027443,-0.00364706,7.70855,-13.1011,0,-0.0674828,-0.0698243
-0.0371574,0.0529517,7.96704,-12.9481,0,-0.0759612,-0.0654305
-0.0468718,0.0731282,8.20779,-12.7894,0.000123981,-0.083912,-0.0628913
-0.0565861,0.0634139,8.43127,-12.6262,0.0369426,-0.0913239,-0.0636148
-0.0663005,0.127688,8.63736,-12.459,0.0739881,-0.0981842,-0.0673256
0.0697005,-0.0202995,7.65824,-12.2877,-4.93312e-18,0.0412379,-0.0661977
0.0599861,-0.0300139,7.75772,-12.1267,1.82963e-33,0.0355304,-0.000219873
0.0502718,0.157708,7.98111,-11.9723,0,0.0304305,0.0581687
0.0405574,0.160557,8.18433,-11.8137,0,0.025963,0.0579349
0.0308431,0.150843,8.3694,-11.6505,0,0.0221558,0.0561176
0.0211287,0.141129,8.53634,-11.4839,0,0.0190368,0.0518336
0.0114144,0.131414,8.6862,-11.314,0,0.0166253,0.0464195
0.00170001,0.1217,8.81998,-11.1412,0,0.0148959,0.041096
0,0.119239,8.93851,-10.9655,0,0.0136421,0.0356263
0,0.0991051,9.04249,-10.7873,0,0.0126032,0.0304299
0,0.0771435,9.13213,-10.6068,0,0.0116724,0.0253815
0,0.0567498,9.20807,-10.4244,0,0.010818,0.0207869
0,0.0381993,9.27101,-10.2405,0,0.0100281,0.016607
0,0.0231966,9.32169,-10.0553,0,0.00929647,0.0132128
0,0.0131497,9.36059,-9.86909,0,0.00861836,0.0108687
0,0.00676305,9.38798,-9.68195,0,0.00798976,0.00924155
0,0.00329728,9.40424,-9.49426,0,0.00740704,0.00819929
0,0.00167192,9.40983,-9.30622,0,0.00686684,0.00751795
0,0.00102772,9.40525,-9.11804,0,0.00636604,0.00703298
0,0.000318166,9.39101,-8.92992,0,0.00590179,0.00653179
0,-0.00131454,9.36761,-8.74207,0,0.0054714,0.00584952
0,-0.0041289,9.33553,-8.55463,0,0.00507241,0.0049506
0,-0.00855513,9.29522,-8.36781,0,0.00470252,0.00374414
0,-0.0143691,9.2471,-8.18176,0,0.00435962,0.00229099
0,-0.0212275,9.19156,-7.99665,0,0.00404173,0.00066043
0,-0.0288587,9.12898,-7.81268,0,0.00374702,-0.00109767
0,-0.0361092,9.05973,-7.62985,0,0.00347382,-0.0027334
0,-0.0427771,8.98424,-7.44848,0,0.00322054,-0.00423519
0,-0.0480997,8.90293,-7.26861,0,0.00298573,-0.00543861
0,-0.0513578,8.81624,-7.09027,0,0.00276805,-0.00620488
0,-0.0525821,8.72459,-6.91372,0,0.00256625,-0.00656197
0,-0.0515977,8.62836,-6.739,0,0.00237916,-0.00647066
0,-0.0485102,8.52792,-6.5661,0,0.00220572,-0.00596026
0,-0.0397959,8.41845,-6.39519,0,0.00188749,-0.00500154
0,-0.0318678,8.3116,-6.22649,0,0.00137784,-0.00397846
0,-0.022147,8.20156,-6.05989,0,0.00082389,-0.00253193
0,-0.0114277,8.08853,-5.89547,0,0.000262649,-0.000901124
-1.06867e-05,0.00233823,7.97274,-5.7333,0,-0.000295235,0.00140315
-0.000438154,0.0194365,7.85434,-5.57356,0,-0.000837535,0.00439204
-0.000865622,0.0324595,7.73335,-5.41624,0,-0.00135311,0.00639794
-0.00129309,0.0420797,7.61,-5.26133,0,-0.00183939,0.00778107
-0.00172056,0.0486535,7.48463,-5.10888,0,-0.00229594,0.00860265
-0.00214802,0.0519669,7.35756,-4.95894,0,-0.00272275,0.00880501
-0.00257549,0.0517371,7.22906,-4.81134,0,-0.0031198,0.00833129
-0.00300296,0.0472442,7.09939,-4.66631,0,-0.00348695,0.00702875
0.00298159,0.0164127,6.98084,-4.52387,0,0.00258814,0.00542989
0.00255412,0.0140582,6.84956,-4.38384,0,0.0022819,0.00570791
0.00212665,0.0129882,6.71748,-4.24652,0,0.00200699,0.00532023
0.00169918,0.00610858,6.58495,-4.1117,0,0.00176422,0.00362268
0.00127172,-0.000950761,6.45219,-3.97954,0,0.00155452,0.00207658
0.000844248,-0.00815248,6.31932,-3.85023,0,0.00137885,0.000528278
0.000416781,-0.0142953,6.18647,-3.72358,0,0.00123765,-0.000758991
0,-0.0183271,6.05378,-3.59952,0,0.00112894,-0.0015895
0,-0.0196569,5.92139,-3.47818,0,0.00104179,-0.0018655
0,-0.0188701,5.78948,-3.35949,0,0.000964571,-0.0017375
0,-0.0168483,5.65818,-3.24337,0,0.000893915,-0.00138759
0,-0.01479,5.5276,-3.12974,0,0.000828657,-0.00106017
0,-0.0137686,5.39785,-3.01873,0,0.000768222,-0.000962502
0,-0.0140737,5.26903,-2.91045,0,0.000712211,-0.00112956
0,-0.0155356,5.14122,-2.80481,0,0.00066029,-0.0015153
0,-0.0180236,5.0145,-2.70167,0,0.000612156,-0.00209545
0,-0.021066,4.88895,-2.60094,0,0.000567533,-0.00276807
0,-0.024379,4.76464,-2.50272,0,0.000526163,-0.003483
0,-0.0275396,4.64165,-2.40711,0,0.000487811,-0.00415351
0,-0.0302575,4.52005,-2.31397,0,0.000452255,-0.00472657
0,-0.0323574,4.39992,-2.22327,0,0.000419291,-0.00517121
0,-0.0338125,4.28131,-2.13485,0,0.000388731,-0.00548648
0,-0.0346484,4.16428,-2.04893,0,0.000360399,-0.005679
0,-0.0348496,4.04889,-1.96541,0,0.000334133,-0.00574468
0,-0.0343952,3.93517,-1.88403,0,0.000309782,-0.0056794
0,-0.0332959,3.82318,-1.80493,0,0.000287206,-0.00548623
0,-0.0314066,3.71295,-1.72807,0,0.000266276,-0.00513241
0,-0.0280567,3.60452,-1.65342,0,0.000246872,-0.0044717
0,-0.0232858,3.49791,-1.58095,0,0.000228882,-0.00353199
0,-0.0170882,3.39316,-1.51078,0,0.000212204,-0.00231095
0,-0.00990267,3.29029,-1.44255,0,0.000196742,-0.000907234
0,-0.00281081,3.1893,-1.37634,0,0.000182406,0.000448881
0,0.00359015,3.09076,-1.3123,0,0.000194467,0.00177644
0,0.00949658,2.99351,-1.25024,0,0.000240215,0.00295142
0,0.0144778,2.89815,-1.19012,0,0.000295767,0.00393564
0,0.0183761,2.80469,-1.13192,0,0.00035503,0.00470401
0,0.0212371,2.71312,-1.0755,0,0.000416342,0.00526996
3.40424e-05,0.0230077,2.62345,-1.02106,0,0.000478315,0.00561926
0.000105711,0.0219881,2.53568,-0.968407,0,0.000538976,0.00537144
0.000177379,0.0191998,2.44982,-0.917386,0,0.000597002,0.00480325
0.000249047,0.0163521,2.36586,-0.868089,0,0.00065199,0.00426907
0.000320716,0.0149068,2.28379,-0.820478,0,0.000703763,0.00404848
0.000392384,0.0141762,2.20359,-0.774515,0,0.000752191,0.00394582
0.000464052,0.0140206,2.12527,-0.730163,0,0.000797142,0.00394895
0.00053572,0.0128705,2.04879,-0.687383,0,0.000838466,0.00370957
-0.000467636,0.0213722,1.97395,-0.644878,0,-0.000199026,0.00471177
-0.000395967,0.0327707,1.90106,-0.604945,0,-0.000165474,0.00703789
-0.000324299,0.0331212,1.82996,-0.566741,0,-0.00013611,0.00679842
-0.000252631,0.0273012,1.76066,-0.529893,0,-0.000111163,0.00548279
-0.000180962,0.0197528,1.69313,-0.494438,0,-9.08667e-05,0.00395014
-0.000109294,0.0114684,1.62737,-0.460339,0,-7.54166e-05,0.00229846
-3.76258e-05,0.00370595,1.56335,-0.427561,0,-6.47834e-05,0.000782814
0,-0.00265756,1.50104,-0.39607,0,-5.80045e-05,-0.000434615
0,-0.00707809,1.44042,-0.365831,0,-5.32321e-05,-0.00125591
0,-0.00997621,1.38146,-0.33681,0,-4.92042e-05,-0.0017905
0,-0.0112862,1.32415,-0.309034,0,-4.55742e-05,-0.0020117
0,-0.0109688,1.26846,-0.28235,0,-4.22365e-05,-0.00191253
0,-0.00934055,1.21435,-0.256758,0,-3.91498e-05,-0.0015651
0,-0.00623596,1.16182,-0.23239,0,-3.62903e-05,-0.000923334
0,-0.00294471,1.11082,-0.20897,0,-3.36402e-05,-0.000281172
0,0.000708692,1.06135,-0.186651,0,-3.11838e-05,0.000437125
0,0.00449274,1.01336,-0.165251,0,-2.89069e-05,0.00117468
0,0.00774737,0.966827,-0.144816,0,-2.67963e-05,0.00178998
0,0.0100892,0.92173,-0.125387,0,-2.48398e-05,0.00221565
0,0.0111083,0.878036,-0.106794,0,-2.30262e-05,0.00237055
0,0.0109013,0.835719,-0.0890805,0,-2.13451e-05,0.00228792
0,0.00949952,0.794751,-0.072218,0,-1.97867e-05,0.00197207
0,0.00696705,0.755105,-0.0561796,0,-1.83422e-05,0.00143647
0,0.00337685,0.716754,-0.0409388,0,-1.70031e-05,0.000695707
0,-0.000866574,0.67967,-0.0264695,0,-1.57619e-05,-0.000161565
0,-0.00603787,0.643827,-0.0127463,0,-1.46113e-05,-0.00120835
0,-0.0114518,0.6092,0.00023782,0,-1.35447e-05,-0.00228321
0,-0.0165682,0.57576,0.012543,0,-1.25559e-05,-0.0032843
0,-0.0214293,0.543484,0.0241251,0,-1.16394e-05,-0.00423633
0,-0.0254647,0.512343,0.0351077,0,-1.07898e-05,-0.00501017
0,-0.0286598,0.482312,0.0454636,0,-1.00023e-05,-0.00561863
0,-0.0307605,0.453363,0.0552149,0,-9.27221e-06,-0.00600515
0,-0.0289308,0.426101,0.0643835,0,-0.000141482,-0.00618345
0,-0.0269446,0.399208,0.0730009,0,-0.000445236,-0.00610985
0,-0.0239714,0.37332,0.0810792,0,-0.000795653,-0.0058269
0,-0.0202294,0.348409,0.0886362,0,-0.00116096,-0.00539695
0,-0.0157424,0.324451,0.0956916,0,-0.00153206,-0.00481271
-0.000302049,-0.0105762,0.30142,0.102264,0,-0.00189935,-0.00408346
-0.00066817,0.00123622,0.279299,0.108373,0,-0.00225269,-0.00186641
-0.00103429,0.0123812,0.258056,0.114037,0,-0.00258809,3.07169e-05
-0.00140041,0.0206054,0.23767,0.119272,0,-0.00290437,0.00130933
-0.00176653,0.025798,0.218116,0.124097,0,-0.00320099,0.00200864
-0.00213265,0.0283265,0.199371,0.128528,0,-0.00347753,0.00221499
-0.00249877,0.0290486,0.181412,0.132581,0,-0.00373349,0.00211117
0.00262691,0.00758799,0.16462,0.136272,0,0.00152354,0.00178014
0.00226079,0.00530459,0.148127,0.139623,0,0.00131067,0.00187624
0.00189467,0.00585266,0.132358,0.142643,0,0.00112053,0.00193437
0.00152855,0.00488886,0.117288,0.145346,0,0.000954081,0.0015962
0.00116243,0.00415494,0.102897,0.147744,0,0.000812373,0.001374
0.000796312,0.00337739,0.0891645,0.149853,0,0.000696473,0.00115495
0.000430191,0.00224682,0.0760691,0.151684,0,0.000607116,0.000873428
6.40711e-05,0.00107374,0.0635929,0.153232,0,0.000543356,0.000602655
0,0.000712,0.0517169,0.154535,0,0.000497417,0.000520844
0,0.000532229,0.0404216,0.155593,0,0.000459481,0.000460277
0,0.000340795,0.0296871,0.156441,0,0.000425531,0.000394366
0,0.000289973,0.0194962,0.157056,0,0.000394377,0.000362383
0,0.000614432,0.00983037,0.157481,0,0.00036558,0.000412477
0,0.00148637,0.000672964,0.157697,0,0.000338906,0.000576511
0,0.00292802,-0.0079939,0.157743,0,0.000314184,0.00085449
0,0.00491453,-0.0161869,0.157613,0,0.000291268,0.0012401
0,0.00722883,-0.0239226,0.157318,0,0.000270024,0.00168525
0,0.00961619,-0.0312169,0.156867,0,0.00025033,0.00213883
0,0.0119188,-0.0380853,0.156261,0,0.000232073,0.00257253
0,0.013763,-0.0445436,0.155523,0,0.000215148,0.0029069
0,0.0147175,-0.0506075,0.154655,0,0.000199457,0.00305569
0,0.0146281,-0.0562918,0.153664,0,0.000184912,0.00299636
0,0.0133807,-0.0616114,0.152558,0,0.000171427,0.00270763
0,0.0109192,-0.0665804,0.151344,0,0.000158926,0.00218005
0,0.00726631,-0.0712127,0.15003,0,0.000147338,0.00142027
0,0.00259397,-0.0755211,0.148622,0,0.000136594,0.00046613
0,-0.00275431,-0.0795176,0.147127,0,0.000126634,-0.000610208
0,-0.00841213,-0.0832135,0.14555,0,0.000117401,-0.00173629
0,-0.0140147,-0.0866196,0.143899,0,0.000108841,-0.00284069
0,-0.0191197,-0.0897462,0.142174,0,0.000100905,-0.0038345
0,-0.0236987,-0.0926047,0.140385,0,9.35484e-05,-0.00472384
0,-0.0272863,-0.0952059,0.138543,0,8.67282e-05,-0.0054052
0,-0.027291,-0.0975085,0.136648,0,-3.9301e-05,-0.00588869
0,-0.0273159,-0.0996276,0.134702,0,-0.000319364,-0.00618378
0,-0.026195,-0.101523,0.132714,0,-0.000641042,-0.00622889
0,-0.0239263,-0.103206,0.130688,0,-0.000975882,-0.00604792
0,-0.020635,-0.104687,0.128627,0,-0.00131627,-0.00566331
-0.000177007,-0.0163587,-0.105973,0.126537,0,-0.00165558,-0.00507535
-0.000514164,-0.00989416,-0.107074,0.124422,0,-0.00198477,-0.00401015
-0.00085132,0.0020701,-0.107995,0.122284,0,-0.0022982,-0.0017576
-0.00118848,0.0134623,-0.108748,0.120127,0,-0.0025943,0.000227602
-0.00152563,0.0218487,-0.109342,0.117955,0,-0.00287245,0.00157135
-0.00186279,0.0267959,-0.109785,0.11577,0,-0.00313226,0.00224561
-0.00219995,0.0290632,-0.110085,0.113575,0,-0.00337329,0.00243374
0.00252024,0.0100812,-0.110276,0.111374,0,0.00146233,0.0022565
0.00218309,0.00625448,-0.110324,0.109169,0,0.00126055,0.00193366
0.00184593,0.0050928,-0.110246,0.106963,0,0.00107944,0.00165907
0.00150877,0.00422529,-0.110052,0.104758,0,0.000919858,0.00139605
0.00117162,0.00366435,-0.109747,0.102556,0,0.000782739,0.00121372
0.000834462,0.00306612,-0.109339,0.10036,0,0.000669072,0.00103287
0.000497306,0.00231781,-0.108833,0.098172,0,0.000579647,0.000834712
0.000160149,0.00138848,-0.108236,0.0959936,0,0.000514133,0.00061106
0,0.00111899,-0.107551,0.0938268,0,0.000467543,0.000546935
0,0.0011853,-0.106785,0.0916734,0,0.000431059,0.000543036
0,0.00110299,-0.105944,0.089535,0,0.000398994,0.000498626
0,0.00106206,-0.105031,0.0874132,0,0.000369729,0.000469562
0,0.00125545,-0.104053,0.0853103,0,0.000342719,0.000493558
0,0.00188117,-0.103012,0.0832258,0,0.000317712,0.000609451
0,0.00310868,-0.101914,0.0811635,0,0.000294537,0.000849548
0,0.00492225,-0.100762,0.0791213,0,0.000273056,0.00120544
0,0.0070913,-0.0995615,0.0771021,0,0.000253142,0.00162576
0,0.00943526,-0.0983155,0.0751066,0,0.000234681,0.00207641
0,0.0117549,-0.0970284,0.0731372,0,0.000217567,0.00251772
0,0.013708,-0.0957041,0.0711934,0,0.000201701,0.00287844
0,0.0148232,-0.0943465,0.0692747,0,0.000186993,0.00306249
0,0.014946,-0.0929592,0.067383,0,0.000173357,0.00304839
0,0.0139441,-0.0915457,0.065519,0,0.000160717,0.00281079
0,0.0117345,-0.0901094,0.0636831,0,0.000148998,0.00233471
0,0.00821944,-0.0886533,0.0618781,0,0.000138134,0.00160055
0,0.00380214,-0.0871797,0.0600999,0,0.000128063,0.000701436
0,-0.00145074,-0.0856911,0.0583511,0,0.000118726,-0.000359086
0,-0.0071108,-0.0841892,0.0566321,0,0.00011007,-0.00148685
0,-0.012823,-0.0826756,0.0549431,0,0.000102045,-0.00261433
0,-0.0182342,-0.0811521,0.0532843,0,9.46058e-05,-0.00367239
0,-0.0230289,-0.0796204,0.0516559,0,8.7709e-05,-0.00460023
0,-0.0269599,-0.0780824,0.0500604,0,8.13151e-05,-0.00535134
0,-0.0298116,-0.0765398,0.0484934,0,7.53875e-05,-0.00588437
0,-0.0285837,-0.075033,0.0469572,0,-6.51129e-05,-0.00618584
0,-0.0271062,-0.0734824,0.0454512,0,-0.000379438,-0.00621262
0,-0.0245264,-0.0719337,0.0439762,0,-0.000740736,-0.00600649
0,-0.0210235,-0.0703887,0.0425321,0,-0.0011167,-0.00562139
0,-0.0168747,-0.0688492,0.0411189,0,-0.00149794,-0.0051078
-0.000341579,-0.0118599,-0.0673163,0.0397381,0,-0.00187396,-0.00440377
-0.000710854,-0.00286083,-0.065788,0.0383871,0,-0.00223449,-0.00281378
-0.00108013,0.00904303,-0.0642664,0.0370683,0,-0.00257624,-0.000667044
-0.0014494,0.0187035,-0.0627571,0.0357777,0,-0.00289823,0.000912678
-0.00181868,0.0250346,-0.0612624,0.0345195,0,-0.0032,0.00182757
-0.00218795,0.0282054,-0.059783,0.033289,0,-0.00348113,0.00214688
-0.00255723,0.0291968,-0.0583194,0.0320882,0,-0.00374114,0.00208675
0.00261262,0.00756072,-0.0569372,0.0309174,0,0.00155969,0.00175062
0.00224334,0.00483228,-0.0555078,0.0297745,0,0.00134383,0.00175523
0.00187407,0.00446994,-0.0540918,0.0286594,0,0.00115123,0.00162403
0.0015048,0.00324686,-0.0526936,0.0275747,0,0.000982847,0.00125593
0.00113552,0.0025064,-0.0513123,0.026518,0,0.00083974,0.00104221
0.000766245,0.00186059,-0.0499489,0.0254883,0,0.000722968,0.000855465
0.000396971,0.000957282,-0.0486042,0.0244859,0,0.000633216,0.000623468
2.76956e-05,0.000205587,-0.0472784,0.0235098,0,0.000569322,0.00044262
0,0.000251606,-0.0459711,0.0225609,0,0.000522635,0.000441802
0,0.000375885,-0.0446835,0.0216389,0,0.00048316,0.000439157
0,0.000433244,-0.0434161,0.020742,0,0.000447562,0.000421637
0,0.000623813,-0.042169,0.0198693,0,0.000414822,0.00043791
0,0.00112215,-0.0409422,0.0190209,0,0.00038454,0.0005213
0,0.00210111,-0.0397357,0.0181978,0,0.000356485,0.00070551
0,0.00358718,-0.0385498,0.0173988,0,0.000330482,0.000991484
0,0.00556368,-0.0373847,0.0166254,0,0.000306378,0.00137461
0,0.00779184,-0.0362408,0.0158754,0,0.000284032,0.00180171
0,0.0100473,-0.0351184,0.0151472,0,0.000263317,0.00222908
0,0.0122064,-0.0340176,0.0144409,0,0.000244114,0.00263522
0,0.0138754,-0.0329389,0.0137578,0,0.000226311,0.00293523
0,0.0146901,-0.0318829,0.0130968,0,0.000209807,0.00305843
0,0.0144465,-0.0308496,0.0124555,0,0.000194507,0.00296927
0,0.0130695,-0.0298392,0.0118364,0,0.000180323,0.00265658
0,0.0105079,-0.0288517,0.0112376,0,0.000167174,0.00211095
0,0.00679276,-0.0278871,0.0106586,0,0.000154984,0.0013407
0,0.00200628,-0.0269451,0.0100989,0,0.000143683,0.000363369
0,-0.00319621,-0.0260248,0.00955675,0,0.000133206,-0.000676435
0,-0.00878423,-0.0251259,0.00903303,0,0.000123494,-0.0017904
0,-0.0143418,-0.024248,0.00852736,0,0.00011449,-0.00288612
0,-0.0195134,-0.0233904,0.00803933,0,0.000106143,-0.00389562
0,-0.0240142,-0.0225525,0.00756852,0,9.84044e-05,-0.0047651
0,-0.0276023,-0.0217341,0.00711454,0,9.12304e-05,-0.00544833
0,-0.0277514,-0.0209495,0.00667781,0,-3.57175e-05,-0.00596697
0,-0.0277463,-0.0201666,0.00625647,0,-0.000317434,-0.00625203
0,-0.0264473,-0.0194022,0.00585157,0,-0.000640935,-0.00625859
0,-0.0239585,-0.0186563,0.005462,0,-0.000977581,-0.00603337
0,-0.0204882,-0.0179289,0.00508626,0,-0.00131954,-0.00561439
-0.000210201,-0.0160148,-0.0172196,0.00472623,0,-0.00165947,-0.00498641
-0.000546523,-0.00932851,-0.0165271,0.00438042,0,-0.00198826,-0.00387594
-0.000882845,0.00248524,-0.0158478,0.00404849,0,-0.00230096,-0.00166222
-0.00121917,0.0135922,-0.0151878,0.00373017,0,-0.00259616,0.0002645
-0.00155549,0.0216749,-0.0145491,0.0034251,0,-0.00287331,0.00154948
-0.00189181,0.0262377,-0.0139319,0.00313188,0,-0.00313201,0.0021475
-0.00222813,0.0283411,-0.0133349,0.00285108,0,-0.00337183,0.00231115
0.00248037,0.00946303,-0.0127947,0.00258229,0,0.0014526,0.00215274
0.00214405,0.00570114,-0.0122375,0.00232505,0,0.00125223,0.0018428
0.00180773,0.00451404,-0.0116943,0.00207835,0,0.00107265,0.00156236
0.00147141,0.00361777,-0.0111672,0.00184338,0,0.000914706,0.00129526
0.00113509,0.00308099,-0.0106558,0.00161898,0,0.000779338,0.00112069
0.000798765,0.00253285,-0.0101601,0.00140407,0,0.000667527,0.000951668
0.000462443,0.00177976,-0.00968021,0.00119988,0,0.000580017,0.000751895
0.000126121,0.00098441,-0.0092155,0.00100459,0,0.000516295,0.0005588
0,0.000853391,-0.00876497,0.000819356,0,0.000470662,0.000521931
0,0.000985495,-0.00832874,0.00064293,0,0.000434243,0.000528677
0,0.000950631,-0.00790693,0.000474828,0,0.000402021,0.000492794
0,0.000944391,-0.00749903,0.000315214,0,0.000372555,0.000469897
0,0.0011858,-0.00710452,0.000163805,0,0.000345344,0.000503405
0,0.00187799,-0.00672287,2.03342e-05,0,0.000320146,0.000632566
0,0.00317004,-0.00635368,-0.000114887,0,0.000296794,0.000884977
0,0.00498236,-0.00599669,-0.000243252,0,0.000275148,0.00123848
0,0.00789608,-0.00565099,-0.000364614,0,0.000255081,0.00182556
0,0.00946777,-0.00531889,-0.000478844,0,0.000236478,0.00208169
0,0.0111111,-0.00499859,-0.00058655,0,0.000219233,0.00239277
0,0.0128168,-0.00468983,-0.000687643,0,0.000203246,0.00271679
0,0.0138486,-0.00439311,-0.00078252,0,0.000188425,0.00288878
0,0.0138957,-0.00410846,-0.000871421,0,0.000174685,0.00285974
0,0.0128576,-0.00383572,-0.000954159,0,0.000161947,0.00261584
0,0.0106478,-0.0035747,-0.00103183,0,0.000150138,0.00214044
0,0.007165,-0.0033252,-0.00110424,0,0.000139191,0.00141319
0,0.00279624,-0.00308654,-0.00117161,0,0.000129043,0.000523742
0,-0.00237753,-0.00285837,-0.00123418,0,0.000119634,-0.000520723
0,-0.0079644,-0.00264002,-0.00129215,0,0.000110912,-0.00163462
0,-0.0135909,-0.00243082,-0.00134571,0,0.000102826,-0.00274527
0,-0.0187798,-0.00223002,-0.00139506,0,9.53293e-05,-0.0037562
0,-0.0235514,-0.00203743,-0.00144006,0,8.83797e-05,-0.00468543
0,-0.0273293,-0.00185216,-0.00148129,0,8.19368e-05,-0.00540319
0,-0.030052,-0.00167391,-0.0015187,0,7.59638e-05,-0.0059119
0,-0.0286265,-0.00150336,-0.00155254,0,-6.46987e-05,-0.00617381
0,-0.0269132,-0.00133562,-0.0015832,0,-0.000379332,-0.00615353
0,-0.0241398,-0.00117416,-0.0016105,0,-0.000740946,-0.00591045
0,-0.0205261,-0.001019,-0.00163431,0,-0.00111712,-0.00550531
-9.1727e-06,-0.0161859,-0.000870042,-0.00165523,0,-0.00149811,-0.00495069
-0.000376081,-0.0110209,-0.000726969,-0.00167315,0,-0.00187285,-0.00421675
-0.000742988,-0.00114552,-0.00058548,-0.00168819,0,-0.00223128,-0.00243266
-0.0011099,0.0106362,-0.000448364,-0.0017004,0,-0.00257069,-0.000336178
-0.0014768,0.019863,-0.000320202,-0.00170971,0,-0.00289027,0.00115161
-0.00184371,0.0257001,-0.000201685,-0.00171643,0,-0.00318959,0.00196984
-0.00221062,0.0285028,-9.22158e-05,-0.00172082,0,-0.00346826,0.00222249
-0.00257753,0.0292503,9.45192e-06,-0.00172289,0,-0.00372579,0.00212001
0.00255918,0.00772842,7.4075e-05,-0.00172305,0,0.00154204,0.0017882
0.00219227,0.00493637,0.000161749,-0.0017218,0,0.0013287,0.00177637
0.00182537,0.00399015,0.000246349,-0.00171887,0,0.00113864,0.00151802
0.00145846,0.00249897,0.000325526,-0.00171424,0,0.000972816,0.00110815
0.00109155,0.0016721,0.000400732,-0.001708,0,0.000832281,0.000884283
0.000724643,0.000985364,0.000471576,-0.00170025,0,0.000718074,0.000692089
0.000357735,0.000128908,0.000537895,-0.00169107,0,0.000630789,0.000472552
0,-0.000502978,0.000600266,-0.00168054,0,0.000568925,0.000317524
0,-0.000328447,0.000659454,-0.00166869,0,0.000523271,0.000342047
0,-0.000118845,0.000714794,-0.00165565,0,0.000484012,0.00035466
0,4.42079e-05,0.000766347,-0.0016415,0,0.000448421,0.000358149
0,0.000335476,0.000814442,-0.0016263,0,0.000415636,0.000393733
0,0.000946851,0.00085942,-0.00161011,0,0.000385299,0.000499347
0,0.00201455,0.00090156,-0.00159303,0,0.000357189,0.00069999
0,0.00357572,0.000941035,-0.00157515,0,0.000331135,0.00100003
0,0.00558747,0.000977924,-0.00155646,0,0.000306983,0.00138868
0,0.0079214,0.00101221,-0.00153703,0,0.000284593,0.00183824
0,0.0101623,0.00104358,-0.00151691,0,0.000263836,0.0022591
0,0.012354,0.00107219,-0.00149615,0,0.000244594,0.00267272
0,0.0140136,0.00109764,-0.00147482,0,0.000226756,0.00296944
0,0.0147431,0.00111963,-0.00145295,0,0.00021022,0.00307356
0,0.0144437,0.00113816,-0.00143062,0,0.000194889,0.00297405
0,0.0129844,0.00115322,-0.0014079,0,0.000180677,0.00264426
0,0.0103302,0.00116487,-0.00138487,0,0.000167502,0.00207996
0,0.00653459,0.00117329,-0.00136159,0,0.000155288,0.00129405
0,0.0018069,0.00117879,-0.00133815,0,0.000143965,0.000331964
0,-0.00351989,0.00118182,-0.00131459,0,0.000133468,-0.000737586
0,-0.0091431,0.00118279,-0.00129096,0,0.000123736,-0.00185614
0,-0.0146839,0.0011822,-0.00126731,0,0.000114714,-0.0029473
0,-0.019802,0.00118047,-0.00124367,0,0.000106351,-0.00394547
0,-0.024275,0.00117794,-0.00122005,0,9.85969e-05,-0.0048104
0,-0.0277837,0.00117501,-0.00119649,0,9.14086e-05,-0.0054768
0,-0.0277967,0.00117464,-0.00117298,0,-3.60953e-05,-0.00597007
0,-0.0275738,0.00117321,-0.00114948,0,-0.000319066,-0.00621145
0,-0.0260614,0.00117196,-0.00112602,0,-0.000644003,-0.0061775
0,-0.0234361,0.00117077,-0.00110257,0,-0.000982113,-0.00592864
0,-0.01994,0.00116945,-0.00107916,0,-0.00132544,-0.00550839
-0.000227204,-0.0153868,0.00116825,-0.00105576,0,-0.00166626,-0.00486365
-0.000563804,-0.00845004,0.00116862,-0.0010324,0,-0.00199544,-0.0036995
-0.000900403,0.00332799,0.00117319,-0.00100902,0,-0.00230832,-0.001501
-0.001237,0.0142262,0.00117595,-0.000985577,0,-0.00260359,0.000379851
-0.0015736,0.0220544,0.0011746,-0.000962068,0,-0.00288073,0.00161362
-0.0019102,0.0266437,0.00116902,-0.000938571,0,-0.00313933,0.00222488
-0.0022468,0.0286647,0.00115999,-0.000915171,0,-0.00337896,0.00236953
0.00246559,0.00963187,0.00112299,-0.00089194,0,0.00144989,0.00218256
0.00212899,0.00579612,0.00110663,-0.000869387,0,0.00124988,0.00186093
0.00179239,0.00452458,0.00109244,-0.000847214,0,0.00107075,0.0015641
0.00145579,0.00353139,0.00107804,-0.00082533,0,0.000913348,0.00127816
0.00111919,0.00302423,0.0010637,-0.00080374,0,0.000778623,0.00111348
0.000782593,0.00241964,0.00104884,-0.000782437,0,0.000667553,0.00093139
0.000445994,0.00161682,0.00103338,-0.000761431,0,0.000580861,0.000722327
0.000109395,0.00078414,0.00101755,-0.000740709,0,0.000517942,0.000522319
0,0.000664508,0.00100217,-0.000720319,0,0.000472728,0.000488939
0,0.000784683,0.000986757,-0.000700221,0,0.000436299,0.000492497
0,0.000763862,0.000970951,-0.000680432,0,0.000403965,0.000459899
0,0.000807297,0.000954996,-0.000660958,0,0.000374366,0.000447553
0,0.00111582,0.000939134,-0.000641802,0,0.000347025,0.000494528
0,0.00188342,0.000923596,-0.000622964,0,0.000321705,0.000638533
0,0.00326421,0.000908569,-0.000604446,0,0.000298239,0.000908556
0,0.00508095,0.000893888,-0.000586222,0,0.000276487,0.00126038
0,0.00725358,0.000879488,-0.0005683,0,0.000256323,0.00168097
0,0.00957354,0.000865168,-0.00055066,0,0.00023763,0.00212569
0,0.0118241,0.000850719,-0.000533306,0,0.0002203,0.00255174
0,0.0137331,0.000835872,-0.000516241,0,0.000204235,0.0029041
0,0.0147402,0.000820053,-0.000499472,0,0.000189341,0.0030647
0,0.014737,0.000803172,-0.000483015,0,0.000175535,0.00302497
0,0.0136268,0.000785147,-0.000466893,0,0.000162735,0.00276621
0,0.0112907,0.000765876,-0.000451127,0,0.000150869,0.00226441
0,0.00775027,0.000745405,-0.000435742,0,0.000139868,0.0015277
0,0.00315521,0.000723913,-0.000420762,0,0.00012967,0.000589021
0,-0.00202326,0.00070192,-0.000406219,0,0.000120216,-0.000450204
0,-0.00778159,0.000679447,-0.000392137,0,0.000111451,-0.00160251
0,-0.0134207,0.00065725,-0.000378469,0,0.000103326,-0.00271123
0,-0.0188245,0.000635464,-0.000365247,0,9.57926e-05,-0.00377007
0,-0.0233972,0.000614732,-0.000352461,0,8.88091e-05,-0.00464872
0,-0.0272489,0.00059495,-0.000340104,0,8.23349e-05,-0.00538869
0,-0.0272655,0.000579977,-0.000328146,0,-4.83624e-05,-0.00588949
0,-0.0271538,0.000564926,-0.000316509,0,-0.000339571,-0.006166
0,-0.0259144,0.000551272,-0.000305158,0,-0.000674248,-0.00620283
0,-0.023707,0.000538847,-0.000294085,0,-0.00102298,-0.00605562
0,-0.0206202,0.000527558,-0.000283264,0,-0.00137872,-0.00573422
-2.72514e-05,-0.0166675,0.00051739,-0.000272673,0,-0.0017379,-0.00523373
-0.000390603,-0.0117529,0.00050844,-0.00026229,0,-0.00209118,-0.0045281
-0.000753955,-0.00189365,0.00050491,-0.00025209,0,-0.00242926,-0.00272467
-0.00111731,0.00980344,0.000503496,-0.000241979,0,-0.0027496,-0.000631867
-0.00148066,0.0189591,0.000499555,-0.000231905,0,-0.00305135,0.000856236
-0.00184401,0.024827,0.000492299,-0.0002219,0,-0.00333402,0.00169634
-0.00220736,0.0277037,0.000482051,-0.000212028,0,-0.00359714,0.00197679
-0.00257072,0.0284708,0.000469755,-0.000202351,0,-0.00384016,0.00188793
0.00251621,0.00731771,0.000429061,-0.000192913,0,0.00138786,0.00160337
0.00215286,0.00466674,0.000413643,-0.00018419,0,0.00118714,0.00162105
0.00178951,0.00361588,0.000400148,-0.000175863,0,0.00100883,0.00134426
0.00142616,0.00214199,0.000386438,-0.000167819,0,0.000853935,0.000949473
0.0010628,0.00127131,0.000373599,-0.000160049,0,0.000723549,0.000722751
0.000699453,0.000579745,0.000361185,-0.000152545,0,0.00061872,0.000537353
0.000336101,-0.000230641,0.000348879,-0.000145291,0,0.000539982,0.000334135
0,-0.000745187,0.000337122,-0.000138288,0,0.000485493,0.000209307
0,-0.000479602,0.000326423,-0.000131523,0,0.000446127,0.00025564
0,-0.000209943,0.00031596,-0.000124957,0,0.000412553,0.000283479
0,5.24026e-06,0.00030567,-0.000118617,0,0.000382193,0.000300968
0,0.000343196,0.00029574,-0.000112483,0,0.000354248,0.000349261
0,0.00099665,0.00028637,-0.000106533,0,0.000328394,0.000466431
0,0.00210537,0.000277705,-0.000100773,0,0.00030444,0.000678273
0,0.00368127,0.000269755,-9.5197e-05,0,0.000282237,0.000983409
0,0.00571659,0.000262506,-8.9786e-05,0,0.000261655,0.00137966
0,0.00798859,0.000255718,-8.45105e-05,0,0.000242575,0.0018172
0,0.010253,0.000249128,-7.93724e-05,0,0.000224886,0.00224745
0,0.0123302,0.000242543,-7.43734e-05,0,0.000208488,0.00263689
0,0.013941,0.000235665,-6.95094e-05,0,0.000193286,0.00292793
0,0.0146303,0.000228012,-6.47823e-05,0,0.000179193,0.00302628
0,0.0142782,0.000219457,-6.01991e-05,0,0.000166128,0.00291781
0,0.0127472,0.000209857,-5.57929e-05,0,0.000154016,0.00257503
0,0.0100531,0.000199232,-5.15766e-05,0,0.000142787,0.00200528
0,0.00621896,0.000187611,-4.75547e-05,0,0.000132377,0.00121325
0,0.00144343,0.000175206,-4.37618e-05,0,0.000122726,0.000242799
0,-0.00393086,0.000162386,-4.02143e-05,0,0.000113779,-0.000834864
0,-0.00955467,0.000149522,-3.69217e-05,0,0.000105485,-0.00195111
0,-0.0150531,0.000137014,-3.38862e-05,0,9.77952e-05,-0.00303173
0,-0.0201981,0.000125104,-3.11022e-05,0,9.06664e-05,-0.00403618
0,-0.0245674,0.000114236,-2.85525e-05,0,8.40575e-05,-0.00487621
0,-0.0281961,0.000104374,-2.62406e-05,0,7.79304e-05,-0.00557163
0,-0.0280602,9.89907e-05,-2.41235e-05,0,-4.96971e-05,-0.00603285
0,-0.0277248,9.38934e-05,-2.21329e-05,0,-0.000334291,-0.00625503
0,-0.0260815,9.03754e-05,-2.02372e-05,0,-0.000661298,-0.00619664
0,-0.0233343,8.82105e-05,-1.84174e-05,0,-0.00100163,-0.0059257
0,-0.0196675,8.71929e-05,-1.66456e-05,0,-0.00134717,-0.00547188
-0.000245369,-0.0150348,8.73598e-05,-1.48982e-05,0,-0.00168977,-0.00481512
-0.00058381,-0.00786496,9.03585e-05,-1.31516e-05,0,-0.0020202,-0.00360176
-0.000922251,0.00595207,0.000100511,-1.13549e-05,0,-0.00233412,-0.000953188
-0.00126069,0.0175534,0.000108417,-9.37007e-06,0,-0.00263027,0.00102731
-0.00159913,0.0254856,0.000112536,-7.22939e-06,0,-0.00290816,0.00226414
-0.00193757,0.0295534,0.000112662,-4.99309e-06,0,-0.00316738,0.00275518
-0.00227601,0.0309806,0.000110092,-2.74029e-06,0,-0.0034075,0.00278119
0.00246216,0.0111734,7.99146e-05,-5.29458e-07,0,0.00144863,0.0024608
0.00212372,0.00696591,7.16882e-05,1.14428e-06,0,0.00124844,0.00207856
0.00178527,0.00525358,6.62366e-05,2.59449e-06,0,0.00106929,0.00169365
0.00144683,0.00381841,6.12083e-05,3.93013e-06,0,0.000912032,0.00132144
0.00110839,0.00282843,5.67778e-05,5.16435e-06,0,0.000777635,0.00106142
0.000769952,0.00202087,5.26638e-05,6.31099e-06,0,0.000667078,0.000847899
0.000431512,0.00113657,4.85897e-05,7.37455e-06,0,0.000581069,0.000626652
9.30712e-05,0.000302219,4.46873e-05,8.35449e-06,0,0.00051891,0.000428748
0,0.00029886,4.17787e-05,9.26189e-06,0,0.000474134,0.00042151
0,0.00050559,3.92029e-05,1.01062e-05,0,0.000437735,0.000441144
0,0.000598371,3.66138e-05,1.08993e-05,0,0.000405331,0.000431514
0,0.000756753,3.41983e-05,1.16406e-05,0,0.000375641,0.000441674
0,0.00117274,3.21561e-05,1.23306e-05,0,0.00034821,0.000509442
0,0.00200723,3.06533e-05,1.29788e-05,0,0.000322804,0.000665358
0,0.00341165,2.9845e-05,1.35957e-05,0,0.000299258,0.000938734
0,0.00526578,2.95983e-05,1.41954e-05,0,0.000277431,0.00129823
0,0.00745163,2.9783e-05,1.47878e-05,0,0.000257198,0.00172067
0,0.0097616,3.01743e-05,1.53829e-05,0,0.00023844,0.00216274
0,0.0119903,3.05505e-05,1.5985e-05,0,0.000221052,0.00258411
0,0.0137792,3.0529e-05,1.65952e-05,0,0.000204931,0.00291013
0,0.0146875,2.96419e-05,1.72059e-05,0,0.000189987,0.00305194
0,0.0145602,2.77253e-05,1.78005e-05,0,0.000176133,0.0029871
0,0.0133007,2.46789e-05,1.83588e-05,0,0.00016329,0.00269831
0,0.010854,2.04475e-05,1.88631e-05,0,0.000151383,0.00217589
0,0.00714409,1.49548e-05,1.92868e-05,0,0.000140345,0.00140426
0,0.00260365,8.66348e-06,1.96051e-05,0,0.000130112,0.000482592
0,-0.00266622,1.68574e-06,1.97941e-05,0,0.000120625,-0.000578695
0,-0.00824535,-5.5292e-06,1.98418e-05,0,0.000111831,-0.00168825
0,-0.0137599,-1.25826e-05,1.97493e-05,0,0.000103677,-0.00277409
0,-0.0188994,-1.9144e-05,1.95153e-05,0,9.61187e-05,-0.0037772
0,-0.0233931,-2.49264e-05,1.91488e-05,0,8.91114e-05,-0.00464558
0,-0.0270194,-2.96969e-05,1.86705e-05,0,8.26151e-05,-0.00533724
0,-0.0269871,-3.0324e-05,1.80885e-05,0,-4.71949e-05,-0.00582922
0,-0.0268969,-3.08267e-05,1.74833e-05,0,-0.000336341,-0.00610965
0,-0.0256488,-3.00312e-05,1.68685e-05,0,-0.000668626,-0.00614136
0,-0.0234279,-2.81414e-05,1.62651e-05,0,-0.00101483,-0.00598855
0,-0.0203357,-2.52734e-05,1.56956e-05,0,-0.00136784,-0.00566324
-4.49158e-05,-0.0163748,-2.14393e-05,1.51801e-05,0,-0.00172376,-0.00515783
-0.000404242,-0.011437,-1.65346e-05,1.47418e-05,0,-0.00207328,-0.00444396
-0.000763568,-0.00130296,-6.11392e-06,1.43939e-05,0,-0.00240758,-0.0025764
-0.00112289,0.0102581,5.81404e-06,1.42351e-05,0,-0.00272423,-0.000518796
-0.00148222,0.0191644,1.49209e-05,1.43097e-05,0,-0.00302242,0.000920121
-0.00184155,0.0248888,2.06481e-05,1.45762e-05,0,-0.00330167,0.00173789
-0.00220087,0.0275953,2.31717e-05,1.4972e-05,0,-0.0035615,0.00198695
-0.0025602,0.0282174,2.34833e-05,1.54304e-05,0,-0.00380138,0.0018729
0.00247037,0.00729419,-4.65193e-06,1.58993e-05,0,0.00136925,0.00159498
0.00211104,0.00464239,-7.70336e-06,1.59047e-05,0,0.00117135,0.00160653
0.00175171,0.00338091,-9.25422e-06,1.57613e-05,0,0.000995716,0.00128455
0.00139239,0.00183741,-1.10752e-05,1.55809e-05,0,0.000843324,0.000881841
0.00103306,0.00093832,-1.21868e-05,1.5363e-05,0,0.000715251,0.000652132
0.000673736,0.000265602,-1.30334e-05,1.51232e-05,0,0.000612513,0.000472799
0.00031441,-0.000517334,-1.39717e-05,1.48651e-05,0,0.000535541,0.000275847
0,-0.000924691,-1.44888e-05,1.4588e-05,0,0.000482127,0.000174637
0,-0.000573748,-1.41825e-05,1.42992e-05,0,0.000443203,0.00023731
0,-0.000240738,-1.38764e-05,1.4015e-05,0,0.000409893,0.000277124
0,1.5266e-05,-1.36341e-05,1.37362e-05,0,0.00037974,0.000302136
0,0.000402953,-1.32364e-05,1.34627e-05,0,0.000351977,0.000360572
0,0.00109952,-1.24977e-05,1.31966e-05,0,0.00032629,0.00048614
0,0.00223942,-1.12787e-05,1.2944e-05,0,0.000302489,0.00070388
0,0.00379362,-9.6133e-06,1.27148e-05,0,0.000280429,0.00100338
0,0.00583004,-7.4332e-06,1.25167e-05,0,0.000259978,0.0014006
0,0.0081476,-4.95496e-06,1.23626e-05,0,0.00024102,0.00184842
0,0.0103056,-2.64756e-06,1.22573e-05,0,0.000223445,0.0022536
0,0.0124262,-3.84229e-07,1.21997e-05,0,0.000207152,0.00265585
0,0.0139652,1.25842e-06,1.21875e-05,0,0.000192047,0.00292965
0,0.0145727,1.91089e-06,1.22086e-05,0,0.000178044,0.00301174
0,0.0141387,1.45935e-06,1.22455e-05,0,0.000165062,0.00288728
0,0.0125677,-1.93449e-07,1.22762e-05,0,0.000153028,0.00253791
0,0.00982701,-3.07705e-06,1.22757e-05,0,0.000141871,0.00195888
0,0.00586075,-7.2443e-06,1.22242e-05,0,0.000131528,0.00113859
0,0.00116492,-1.21639e-05,1.20919e-05,0,0.000121939,0.000189788
0,-0.00429186,-1.78624e-05,1.18633e-05,0,0.000113049,-0.000908581
0,-0.00974278,-2.35231e-05,1.1526e-05,0,0.000104808,-0.00198368
0,-0.0152471,-2.92036e-05,1.10669e-05,0,9.71676e-05,-0.00307047
0,-0.0201851,-3.42451e-05,1.04999e-05,0,9.00845e-05,-0.00402828
0,-0.0245944,-3.86859e-05,9.8326e-06,0,8.35179e-05,-0.00488309
0,-0.0281187,-4.21487e-05,9.07442e-06,0,7.74301e-05,-0.00555393
0,-0.027948,-4.15155e-05,8.23838e-06,0,-5.01944e-05,-0.00601041
0,-0.0274977,-4.05466e-05,7.40585e-06,0,-0.000334831,-0.00620785
0,-0.0257904,-3.82239e-05,6.5925e-06,0,-0.000661894,-0.00613839
0,-0.0230736,-3.48169e-05,5.81989e-06,0,-0.00100229,-0.00587615
0,-0.0194395,-3.04307e-05,5.11163e-06,0,-0.00134789,-0.00542885
-0.000245437,-0.0147439,-2.49217e-05,4.48766e-06,0,-0.00169057,-0.00475712
-0.00058397,-0.00766416,-1.69027e-05,3.96995e-06,0,-0.00202106,-0.0035658
-0.000922503,0.00410259,-3.95751e-06,3.61184e-06,0,-0.00233504,-0.00137461
-0.00126104,0.0148787,7.89061e-06,3.50033e-06,0,-0.00263126,0.000478546
-0.00159957,0.0225914,1.64447e-05,3.62852e-06,0,-0.0029092,0.0016894
-0.0019381,0.0268575,2.13021e-05,3.93175e-06,0,-0.00316848,0.00223104
-0.00227664,0.0286838,2.35334e-05,4.34322e-06,0,-0.00340865,0.00234095
0.00246283,0.00939241,-1.95225e-06,4.80608e-06,0,0.00144883,0.00212616
0.0021243,0.00566541,-5.56801e-06,4.84349e-06,0,0.0012486,0.00183716
0.00178576,0.00441693,-6.56339e-06,4.73937e-06,0,0.00106941,0.00154272
0.00144723,0.00332385,-7.39873e-06,4.61158e-06,0,0.000912125,0.00123414
0.0011087,0.00264919,-7.79603e-06,4.46653e-06,0,0.000777704,0.00103518
0.000770163,0.00204431,-8.12444e-06,4.312e-06,0,0.000667127,0.000858226
0.00043163,0.00127475,-8.6315e-06,4.15066e-06,0,0.000581104,0.000656993
9.30966e-05,0.00049122,-9.15698e-06,3.97981e-06,0,0.000518936,0.000467253
0,0.000455701,-8.89546e-06,3.79851e-06,0,0.000474157,0.000451367
0,0.000608715,-8.44013e-06,3.61955e-06,0,0.000437756,0.000459859
0,0.000628053,-8.13212e-06,3.44938e-06,0,0.00040535,0.000435269
0,0.000699229,-7.7752e-06,3.28612e-06,0,0.000375659,0.000427939
0,0.00104683,-7.13246e-06,3.12973e-06,0,0.000348226,0.000482828
0,0.00186707,-5.99785e-06,2.98483e-06,0,0.000322819,0.000637476
0,0.00317395,-4.35881e-06,2.8609e-06,0,0.000299272,0.000889375
0,0.0050988,-2.07933e-06,2.76799e-06,0,0.000277444,0.00126748
0,0.00723766,4.10219e-07,2.7207e-06,0,0.00025721,0.00167739
0,0.0095491,3.0637e-06,2.72019e-06,0,0.000238452,0.00212111
0,0.0116984,5.52498e-06,2.77483e-06,0,0.000221062,0.00252464
0,0.013532,7.63097e-06,2.87672e-06,0,0.000204941,0.00286291
0,0.0145463,8.8493e-06,3.02513e-06,0,0.000189996,0.00302723
0,0.0145128,8.94091e-06,3.19785e-06,0,0.000176141,0.00298046
0,0.0133567,7.83078e-06,3.37639e-06,0,0.000163297,0.00271222
0,0.0110118,5.45412e-06,3.53578e-06,0,0.00015139,0.0022097
0,0.00748184,1.82148e-06,3.65318e-06,0,0.000140351,0.00147557
0,0.00291827,-2.89978e-06,3.70233e-06,0,0.000130118,0.000543638
0,-0.00246898,-8.47999e-06,3.66086e-06,0,0.000120631,-0.000543324
0,-0.00798779,-1.41801e-05,3.50521e-06,0,0.000111836,-0.00163604
0,-0.0135461,-1.98972e-05,3.23586e-06,0,0.000103682,-0.00273342
0,-0.0188371,-2.53026e-05,2.85792e-06,0,9.61232e-05,-0.00376925
0,-0.023398,-2.9904e-05,2.37079e-06,0,8.91155e-05,-0.00464845
0,-0.027034,-3.34941e-05,1.78651e-06,0,8.26189e-05,-0.00534037
0,-0.0271059,-3.31276e-05,1.12561e-06,0,-4.72163e-05,-0.00585557
0,-0.0269612,-3.24985e-05,4.61772e-07,0,-0.00033642,-0.0061209
0,-0.0257036,-3.06743e-05,-1.90713e-07,0,-0.00066877,-0.00615207
0,-0.0234456,-2.77806e-05,-8.10584e-07,0,-0.00101504,-0.00599128
0,-0.020366,-2.40131e-05,-1.37632e-06,0,-0.00136812,-0.00566989
-4.49248e-05,-0.0163362,-1.92433e-05,-1.86977e-06,0,-0.00172411,-0.00514873
-0.000404323,-0.0114821,-1.36127e-05,-2.26895e-06,0,-0.0020737,-0.00445565
-0.000763722,-0.00134117,-2.41702e-06,-2.55528e-06,0,-0.00240807,-0.00258422
-0.00112312,0.0102087,1.02211e-05,-2.63161e-06,0,-0.00272479,-0.000529389
-0.00148252,0.0190874,1.99772e-05,-2.47142e-06,0,-0.00302303,0.00090363
-0.00184192,0.0247519,2.62768e-05,-2.10114e-06,0,-0.00330234,0.00170869
-0.00220131,0.027495,2.94346e-05,-1.59766e-06,0,-0.00356222,0.00196759
-0.00256071,0.0281657,3.03543e-05,-1.02002e-06,0,-0.00380215,0.00186338
0.00247086,0.00730375,2.79015e-06,-4.15689e-07,0,0.00136952,0.00159874
0.00211147,0.00453765,1.03136e-07,-2.63411e-07,0,0.00117159,0.00158292
0.00175207,0.00317317,-1.10546e-06,-2.54631e-07,0,0.000995913,0.00124104
0.00139267,0.00162666,-2.51132e-06,-2.73114e-07,0,0.00084349,0.000840542
0.00103327,0.000787132,-3.17364e-06,-3.19826e-07,0,0.000715391,0.000624262
0.000673872,0.000142125,-3.63516e-06,-3.81974e-07,0,0.000612633,0.000449454
0.000314474,-0.00059231,-4.19589e-06,-4.53523e-07,0,0.000535646,0.000262592
0,-0.000959746,-4.37284e-06,-5.36039e-07,0,0.000482221,0.000168963
0,-0.000574765,-3.75974e-06,-6.22877e-07,0,0.000443289,0.000238139
0,-0.000239354,-3.20625e-06,-6.99604e-07,0,0.000409973,0.000277527
0,4.39293e-05,-2.71519e-06,-7.6539e-07,0,0.000379814,0.000308586
0,0.000437954,-2.11459e-06,-8.21167e-07,0,0.000352046,0.00036767
0,0.00113224,-1.2049e-06,-8.65561e-07,0,0.000326353,0.000492545
0,0.00230325,1.98802e-07,-8.93297e-07,0,0.000302548,0.000717321
0,0.00386658,2.00499e-06,-8.94936e-07,0,0.000280484,0.00101799
0,0.00590521,4.29868e-06,-8.59352e-07,0,0.000260029,0.00141544
0,0.00816858,6.81222e-06,-7.81406e-07,0,0.000241067,0.00185105
0,0.0104043,9.27634e-06,-6.50189e-07,0,0.000223489,0.00227517
0,0.0125014,1.15724e-05,-4.70822e-07,0,0.000207192,0.00266998
0,0.0140012,1.32152e-05,-2.4741e-07,0,0.000192085,0.00293563
0,0.0146205,1.39064e-05,1.27868e-08,0,0.000178079,0.00302148
0,0.0142,1.34808e-05,2.88496e-07,0,0.000165095,0.00289971
0,0.0126352,1.18325e-05,5.58963e-07,0,0.000153058,0.00255133
0,0.00989492,8.93431e-06,7.99734e-07,0,0.000141899,0.00197224
0,0.0060247,4.84128e-06,9.85666e-07,0,0.000131553,0.00117347
0,0.0012393,-2.12185e-07,1.09682e-06,0,0.000121963,0.000201868
0,-0.0042545,-5.99967e-06,1.10521e-06,0,0.000113071,-0.000902281
0,-0.00972839,-1.17447e-05,1.00547e-06,0,0.000104828,-0.00198149
0,-0.0152659,-1.75304e-05,7.90683e-07,0,9.71866e-05,-0.00307508
0,-0.0202585,-2.27091e-05,4.60325e-07,0,9.01021e-05,-0.0040442
0,-0.0248243,-2.74029e-05,2.42685e-08,0,8.35342e-05,-0.00493256
0,-0.0283038,-3.09133e-05,-5.12055e-07,0,7.74453e-05,-0.00558895
0,-0.0280606,-3.03026e-05,-1.12154e-06,0,-5.09089e-05,-0.00603396
0,-0.0275441,-2.93725e-05,-1.72912e-06,0,-0.000337215,-0.00622033
0,-0.0257966,-2.71225e-05,-2.3189e-06,0,-0.000666204,-0.00614549
0,-0.0230156,-2.37688e-05,-2.86697e-06,0,-0.00100861,-0.00587173
0,-0.0193492,-1.94755e-05,-3.35409e-06,0,-0.00135625,-0.00542075
-0.000246902,-0.0146487,-1.40933e-05,-3.75862e-06,0,-0.00170095,-0.00475046
-0.000587458,-0.00770616,-6.35573e-06,-4.05933e-06,0,-0.0020334,-0.00359162
-0.000928013,0.00405034,6.43857e-06,-4.20965e-06,0,-0.00234923,-0.00140033
-0.00126857,0.0151037,1.84356e-05,-4.11287e-06,0,-0.0026472,0.000513935
-0.00160912,0.0228818,2.69098e-05,-3.76815e-06,0,-0.00292679,0.00173036
-0.00194968,0.027505,3.19919e-05,-3.25961e-06,0,-0.0031876,0.0023491
-0.00229023,0.0295963,3.4346e-05,-2.63756e-06,0,-0.00342918,0.0025073
0.00247754,0.0100646,8.41687e-06,-1.95653e-06,0,0.00145732,0.00225602
0.00213698,0.00571314,3.97942e-06,-1.72337e-06,0,0.0012559,0.00183375
0.00179643,0.00396483,2.29373e-06,-1.62825e-06,0,0.00107565,0.00144411
0.00145587,0.00268998,1.10441e-06,-1.57647e-06,0,0.00091744,0.00110827
0.00111532,0.00195865,4.85163e-07,-1.55022e-06,0,0.000782225,0.00090127
0.000774763,0.00131192,-4.9753e-08,-1.53835e-06,0,0.000670996,0.000716171
0.000434208,0.000609046,-6.48699e-07,-1.53748e-06,0,0.000584468,0.00053081
9.36527e-05,-5.32302e-05,-1.20867e-06,-1.54805e-06,0,0.000521937,0.000366178
0,-9.59867e-06,-1.02639e-06,-1.57111e-06,0,0.000476897,0.000364453
0,0.000251066,-6.20318e-07,-1.59209e-06,0,0.000440286,0.000394704
0,0.000382483,-3.57028e-07,-1.60551e-06,0,0.000407692,0.000392075
0,0.00057514,-3.4963e-08,-1.61358e-06,0,0.00037783,0.000408702
0,0.00101935,5.46597e-07,-1.61524e-06,0,0.000350238,0.000481711
0,0.00192279,1.60594e-06,-1.60634e-06,0,0.000324684,0.000652184
0,0.00332463,3.18233e-06,-1.57793e-06,0,0.000301001,0.000922931
0,0.00524593,5.29532e-06,-1.5198e-06,0,0.000279048,0.00129747
0,0.00745001,7.69168e-06,-1.41918e-06,0,0.000258696,0.00172202
0,0.00978026,1.02033e-05,-1.27134e-06,0,0.00023983,0.00216803
0,0.0119378,1.25126e-05,-1.07606e-06,0,0.000222339,0.00257282
0,0.0137527,1.44389e-05,-8.33891e-07,0,0.000206125,0.00290657
0,0.0147308,1.54606e-05,-5.52817e-07,0,0.000191094,0.00306324
0,0.014695,1.53927e-05,-2.4667e-07,0,0.000177159,0.00301692
0,0.0135646,1.41539e-05,6.13883e-08,0,0.000164241,0.00275444
0,0.0111543,1.15538e-05,3.48803e-07,0,0.000152265,0.00223648
0,0.00758585,7.72782e-06,5.8898e-07,0,0.000141162,0.00149551
0,0.0031125,2.95126e-06,7.53101e-07,0,0.00013087,0.000584851
0,-0.00223209,-2.73309e-06,8.28844e-07,0,0.000121328,-0.000495131
0,-0.00773359,-8.56277e-06,7.94078e-07,0,0.000112482,-0.0015852
0,-0.0133295,-1.44657e-05,6.37397e-07,0,0.000104281,-0.00269152
0,-0.0186777,-2.00755e-05,3.62839e-07,0,9.66786e-05,-0.00373919
0,-0.0232532,-2.4834e-05,-1.90363e-08,0,8.96304e-05,-0.00462007
0,-0.026906,-2.85817e-05,-5.01441e-07,0,8.30963e-05,-0.00531539
0,-0.0269536,-2.83231e-05,-1.05996e-06,0,-4.69716e-05,-0.00582548
0,-0.0268755,-2.78993e-05,-1.62694e-06,0,-0.000336663,-0.00610706
0,-0.0256712,-2.62643e-05,-2.18598e-06,0,-0.000669577,-0.00614916
0,-0.0235026,-2.3595e-05,-2.71617e-06,0,-0.00101647,-0.00600798
0,-0.0204663,-2.00009e-05,-3.19608e-06,0,-0.00137031,-0.00569517
-2.71017e-05,-0.016577,-1.55048e-05,-3.60329e-06,0,-0.00172759,-0.0052059
-0.000388458,-0.0117426,-1.00173e-05,-3.92462e-06,0,-0.00207898,-0.00451492
-0.000749814,-0.00194015,7.01408e-07,-4.13869e-06,0,-0.00241525,-0.00272053
-0.00111117,0.0096455,1.32618e-05,-4.15146e-06,0,-0.00273388,-0.000649767
-0.00147253,0.0187604,2.3154e-05,-3.91762e-06,0,-0.00303402,0.0008336
-0.00183388,0.0244207,2.9338e-05,-3.48916e-06,0,-0.00331518,0.00162945
-0.00219524,0.0272443,3.24719e-05,-2.91786e-06,0,-0.00357689,0.00190493
-0.00255659,0.0280044,3.33795e-05,-2.27939e-06,0,-0.00381861,0.00181695
0.00250239,0.00698416,5.51525e-06,-1.61498e-06,0,0.00138066,0.00153775
0.00214103,0.00437765,2.89631e-06,-1.42108e-06,0,0.001181,0.00156154
0.00177968,0.00340539,2.00324e-06,-1.35399e-06,0,0.00100365,0.00130174
0.00141832,0.00204282,6.93769e-07,-1.31169e-06,0,0.000849579,0.000930207
0.00105697,0.00127989,1.56288e-08,-1.29323e-06,0,0.000719885,0.000724899
0.00069561,0.000659419,-5.15226e-07,-1.29123e-06,0,0.00061561,0.000552695
0.000334254,-0.000118264,-1.21527e-06,-1.29967e-06,0,0.000537283,0.000355018
0,-0.000605666,-1.61068e-06,-1.32223e-06,0,0.000483074,0.000235521
0,-0.000302255,-1.17326e-06,-1.35306e-06,0,0.000443906,0.000289714
0,-3.20182e-05,-7.75913e-07,-1.37762e-06,0,0.000410499,0.000316743
0,0.000171053,-4.54674e-07,-1.39433e-06,0,0.00038029,0.000331617
0,0.000477545,-2.93066e-08,-1.40454e-06,0,0.000352484,0.000373303
0,0.00109222,7.15887e-07,-1.40619e-06,0,0.000326759,0.000482763
0,0.00217072,1.94385e-06,-1.39374e-06,0,0.000302925,0.000689014
0,0.00370064,3.63913e-06,-1.35793e-06,0,0.000280833,0.000984776
0,0.00575522,5.8764e-06,-1.28939e-06,0,0.000260353,0.00138673
0,0.0079557,8.25242e-06,-1.17969e-06,0,0.000241368,0.00180776
0,0.0102149,1.06729e-05,-1.02296e-06,0,0.000223767,0.0022389
0,0.0123406,1.29327e-05,-8.14341e-07,0,0.000207451,0.00263946
0,0.0139404,1.46164e-05,-5.60206e-07,0,0.000192324,0.00292671
0,0.0146107,1.52985e-05,-2.72088e-07,0,0.000178301,0.00302118
0,0.0142148,1.48376e-05,3.14945e-08,0,0.000165301,0.00290348
0,0.0127345,1.32188e-05,3.29859e-07,0,0.000153249,0.00257334
0,0.00997962,1.0247e-05,5.98283e-07,0,0.000142076,0.00198857
0,0.00611952,6.10808e-06,8.13625e-07,0,0.000131718,0.00119248
0,0.00144732,1.11917e-06,9.50273e-07,0,0.000122115,0.00024597
0,-0.00401515,-4.68919e-06,9.87623e-07,0,0.000113213,-0.000854352
0,-0.00950159,-1.05e-05,9.14168e-07,0,0.00010496,-0.00193726
0,-0.0149839,-1.62786e-05,7.24505e-07,0,9.73085e-05,-0.00301812
0,-0.0201038,-2.16416e-05,4.19159e-07,0,9.02152e-05,-0.00401737
0,-0.0244664,-2.61689e-05,5.09775e-09,0,8.36391e-05,-0.00485658
0,-0.0281644,-2.99576e-05,-5.02435e-07,0,7.75426e-05,-0.0055677
0,-0.028059,-2.95385e-05,-1.08833e-06,0,-4.97867e-05,-0.00603249
0,-0.0277333,-2.88548e-05,-1.68056e-06,0,-0.000333736,-0.0062553
0,-0.0261151,-2.67841e-05,-2.26005e-06,0,-0.000660005,-0.00620158
0,-0.0233862,-2.35261e-05,-2.80195e-06,0,-0.000999575,-0.00593338
0,-0.0197308,-1.92827e-05,-3.28387e-06,0,-0.00134433,-0.00548094
-0.000244826,-0.0151128,-1.40246e-05,-3.68014e-06,0,-0.00168617,-0.00482653
-0.000582518,-0.00810083,-6.24859e-06,-3.97903e-06,0,-0.00201586,-0.00364757
-0.000920209,0.0037373,6.59816e-06,-4.11955e-06,0,-0.00232907,-0.00143786
-0.0012579,0.0146462,1.8411e-05,-4.03255e-06,0,-0.00262456,0.000443648
-0.00159559,0.0224502,2.68838e-05,-3.70568e-06,0,-0.00290182,0.00167175
-0.00193328,0.0269543,3.1813e-05,-3.19766e-06,0,-0.00316047,0.00226471
-0.00227097,0.028856,3.39415e-05,-2.57865e-06,0,-0.00340005,0.00238523
0.00245671,0.00969545,8.4275e-06,-1.90727e-06,0,0.00144534,0.00218731
0.00211901,0.00595435,4.61042e-06,-1.64942e-06,0,0.0012456,0.00189144
0.00178132,0.00460681,3.3226e-06,-1.54385e-06,0,0.00106685,0.00157547
0.00144363,0.00344765,2.22919e-06,-1.47354e-06,0,0.000909949,0.0012551
0.00110594,0.00266921,1.53383e-06,-1.42677e-06,0,0.000775854,0.00103492
0.000768248,0.00201091,9.60781e-07,-1.3947e-06,0,0.000665546,0.000849051
0.000430557,0.00120386,2.26242e-07,-1.37405e-06,0,0.000579731,0.000641027
9.28651e-05,0.000407774,-4.9986e-07,-1.36806e-06,0,0.000517713,0.000449611
0,0.000290302,-5.11612e-07,-1.37624e-06,0,0.00047304,0.000415768
0,0.000395663,-2.92281e-07,-1.38644e-06,0,0.000436725,0.000415946
0,0.000437101,-1.45439e-07,-1.39284e-06,0,0.000404396,0.000397714
0,0.000620527,1.46615e-07,-1.39611e-06,0,0.000374774,0.000414993
0,0.00112868,7.76367e-07,-1.3942e-06,0,0.000347406,0.000502778
0,0.00205936,1.84573e-06,-1.38088e-06,0,0.000322059,0.000677714
0,0.00352609,3.47251e-06,-1.34664e-06,0,0.000298567,0.000962398
0,0.00542681,5.54604e-06,-1.28207e-06,0,0.000276791,0.00133062
0,0.0075333,7.82233e-06,-1.17633e-06,0,0.000256604,0.00173399
0,0.00960206,1.00419e-05,-1.02671e-06,0,0.00023789,0.00212422
0,0.0115234,1.20874e-05,-8.30316e-07,0,0.000220542,0.00248349
0,0.0129412,1.35819e-05,-5.93681e-07,0,0.000204459,0.00273496
0,0.0134487,1.40965e-05,-3.25033e-07,0,0.000189549,0.00279735
0,0.0129237,1.35053e-05,-4.41317e-08,0,0.000175727,0.00265465
0,0.0113526,1.17983e-05,2.28043e-07,0,0.000162913,0.00230722
0,0.00874247,8.98818e-06,4.69983e-07,0,0.000151034,0.00175693
0,0.0051716,5.16407e-06,6.59582e-07,0,0.000140021,0.00102112
0,0.00088344,5.89883e-07,7.76248e-07,0,0.000129812,0.00015214
0,-0.00380079,-4.38854e-06,8.04055e-07,0,0.000120347,-0.000784885
0,-0.00856514,-9.43143e-06,7.2873e-07,0,0.000111573,-0.00172818
0,-0.0131143,-1.42225e-05,5.57752e-07,0,0.000103438,-0.00262045
0,-0.0172264,-1.8524e-05,2.85279e-07,0,9.5897e-05,-0.00342033
0,-0.0206972,-2.2118e-05,-7.65983e-08,0,8.89058e-05,-0.00408824
0,-0.0233688,-2.48377e-05,-5.0638e-07,0,8.24245e-05,-0.00459458
0,-0.0251847,-2.66243e-05,-9.93615e-07,0,7.64158e-05,-0.00493118
0,-0.0260858,-2.74173e-05,-1.52163e-06,0,7.08454e-05,-0.00508636
0,-0.0260088,-2.71532e-05,-2.0672e-06,0,6.56811e-05,-0.00504766
0,-0.0249895,-2.58741e-05,-2.61106e-06,0,6.08934e-05,-0.00482487
0,-0.0229414,-2.34939e-05,-3.1311e-06,0,5.64549e-05,-0.00439766
0,-0.0198849,-2.00402e-05,-3.60931e-06,0,5.234e-05,-0.00377301
0,-0.0159023,-1.56069e-05,-4.0222e-06,0,4.85251e-05,-0.00296883
0,-0.00756786,-6.58401e-06,-4.34542e-06,0,4.49884e-05,-0.00121444
0,0.00257598,4.32202e-06,-4.50868e-06,0,4.17095e-05,0.000823267
0,0.011662,1.40674e-05,-4.46041e-06,0,3.86697e-05,0.00257288
0,0.0184382,2.13241e-05,-4.2083e-06,0,3.58515e-05,0.00383439
0,0.0226506,2.58252e-05,-3.80722e-06,0,3.32388e-05,0.00458613
0,0.0244596,2.77451e-05,-3.30197e-06,0,3.08166e-05,0.00487125
0,0.0245288,2.77913e-05,-2.75091e-06,0,2.85709e-05,0.00483402
0,0.0233579,2.64988e-05,-2.1952e-06,0,2.6489e-05,0.00456784
0,0.0213319,2.42806e-05,-1.66199e-06,0,2.45588e-05,0.00414495
0,0.0184344,2.11255e-05,-1.17194e-06,0,2.27693e-05,0.00355079
0,0.0151328,1.7534e-05,-7.41545e-07,0,2.11103e-05,0.00289069
0,0.0116562,1.37534e-05,-3.78294e-07,0,1.95722e-05,0.0022028
0,0.00817299,9.96644e-06,-8.99933e-08,0,1.81461e-05,0.00151846
0,0.00512123,6.63994e-06,1.20696e-07,0,1.68241e-05,0.000931157
0,0.0024299,3.70127e-06,2.60148e-07,0,1.55984e-05,0.000412607
0,0.000246515,1.30776e-06,3.44459e-07,0,1.4462e-05,-2.10473e-06
0,-0.00147853,-5.92251e-07,3.78992e-07,0,1.34084e-05,-0.000328272
0,-0.00269436,-1.94476e-06,3.73797e-07,0,1.24317e-05,-0.000553088
0,-0.00348996,-2.84414e-06,3.38283e-07,0,1.15261e-05,-0.000697953
0,-0.00387505,-3.30142e-06,2.84548e-07,0,1.06865e-05,-0.00076254
0,-0.00393312,-3.40588e-06,2.19662e-07,0,9.90804e-06,-0.000765304
0,-0.00373963,-3.23843e-06,1.5191e-07,0,9.18635e-06,-0.000720821
0,-0.00336596,-2.8757e-06,8.65557e-08,0,8.51724e-06,-0.00064298
0,-0.0028836,-2.39435e-06,2.77721e-08,0,7.89689e-06,-0.000545799
0,-0.00233495,-1.8402e-06,-2.17996e-08,0,7.32174e-06,-0.000436781
0,-0.00174898,-1.24483e-06,-6.02661e-08,0,6.78849e-06,-0.000321232
0,-0.00115951,-6.44754e-07,-8.72465e-08,0,6.2941e-06,-0.000205916
0,-0.000593451,-6.91869e-08,-1.01642e-07,0,5.83573e-06,-9.59258e-05
0,-4.73917e-05,4.84934e-07,-1.04752e-07,0,5.41075e-06,1.02659e-05
0,0.000479142,1.01759e-06,-9.69929e-08,0,5.01673e-06,0.000112666
0,0.000968019,1.5091e-06,-7.77065e-08,0,4.65141e-06,0.000207192
0,0.00138527,1.92324e-06,-4.87533e-08,0,4.31271e-06,0.000286734
0,0.0017192,2.24751e-06,-1.11168e-08,0,3.99868e-06,0.000349627
0,0.00192657,2.43623e-06,3.28605e-08,0,3.70753e-06,0.000386499
0,0.00204003,2.52415e-06,8.09246e-08,0,3.43758e-06,0.000405894
0,0.00209597,2.54996e-06,1.311e-07,0,3.1873e-06,0.00041505
0,0.00210572,2.52582e-06,1.82035e-07,0,2.95525e-06,0.000415479
0,0.00208104,2.46438e-06,2.32635e-07,0,2.74009e-06,0.000409504
0,0.00200522,2.3482e-06,2.82138e-07,0,2.54061e-06,0.00039304
0,0.00187774,2.17704e-06,3.2945e-07,0,2.35566e-06,0.000366442
0,0.00173776,1.99262e-06,3.7359e-07,0,2.18417e-06,0.000338508
0,0.00163562,1.84834e-06,4.14088e-07,0,2.02518e-06,0.000319424
0,0.00159344,1.76761e-06,4.51416e-07,0,1.87776e-06,0.000312729
0,0.00160739,1.74629e-06,4.86929e-07,0,1.74108e-06,0.000316941
0,0.00164573,1.75072e-06,5.2193e-07,0,1.61435e-06,0.00032505
0,0.00168948,1.76078e-06,5.56929e-07,0,1.49685e-06,0.000333693
0,0.00173314,1.77062e-06,5.92109e-07,0,1.38791e-06,0.000342168
0,0.00177656,1.7801e-06,6.27502e-07,0,1.28689e-06,0.000350599
0,0.00181814,1.78752e-06,6.63085e-07,0,1.19324e-06,0.000358629
0,0.00185332,1.78805e-06,6.98809e-07,0,1.1064e-06,0.00036528
0,0.00188333,1.78304e-06,7.34568e-07,0,1.02588e-06,0.000370958
0,0.00190712,1.77139e-06,7.70242e-07,0,9.51228e-07,0.00037539
0,0.001924,1.75241e-06,8.0571e-07,0,8.82008e-07,0.000378452
0,0.0019337,1.72585e-06,8.40806e-07,0,8.17828e-07,0.000380102
0,0.00193687,1.69245e-06,8.75376e-07,0,7.58319e-07,0.000380492
0,0.0019358,1.6547e-06,9.09309e-07,0,7.03143e-07,0.000380122
0,0.00193284,1.61509e-06,9.42516e-07,0,6.51983e-07,0.000379448
0,0.00192836,1.57409e-06,9.74897e-07,0,6.04547e-07,0.000378491
0,0.00192094,1.53021e-06,1.00652e-06,0,5.60563e-07,0.000376919
0,0.00190946,1.48232e-06,1.0373e-06,0,5.19781e-07,0.000374522
0,0.00189318,1.42969e-06,1.06712e-06,0,4.81967e-07,0.000371164
0,0.00187281,1.37312e-06,1.09589e-06,0,4.46906e-07,0.000367028
0,0.00184883,1.31318e-06,1.1235e-06,0,4.14396e-07,0.000362199
0,0.00182375,1.25256e-06,1.14988e-06,0,3.84251e-07,0.000357226
0,0.00180057,1.19448e-06,1.17505e-06,0,3.56301e-07,0.000352713
0,0.00178017,1.1399e-06,1.19912e-06,0,3.30385e-07,0.00034877
0,0.00176272,1.08901e-06,1.22208e-06,0,3.06354e-07,0.000345413
0,0.00174881,1.04247e-06,1.24401e-06,0,2.84072e-07,0.000342768
0,0.00173935,1.00122e-06,1.265e-06,0,2.63411e-07,0.000341022
0,0.00173481,9.65791e-07,1.28515e-06,0,2.44254e-07,0.000340257
0,0.00173514,9.3609e-07,1.30455e-06,0,2.26491e-07,0.000340444
0,0.00173954,9.11281e-07,1.32334e-06,0,2.1002e-07,0.000341409
0,0.00174684,8.90102e-07,1.34164e-06,0,1.94747e-07,0.000342911
0,0.00175563,8.71054e-07,1.35949e-06,0,1.80585e-07,0.000344666
0,0.0017654,8.53586e-07,1.37695e-06,0,1.67454e-07,0.0003466
0,0.0017749,8.36354e-07,1.39406e-06,0,1.55278e-07,0.000348446
0,0.00178342,8.18609e-07,1.41082e-06,0,1.43987e-07,0.00035008
0,0.00179056,7.99921e-07,1.42723e-06,0,1.33518e-07,0.000351433
0,0.00179593,7.79874e-07,1.44326e-06,0,1.23811e-07,0.000352428
0,0.00179955,7.58493e-07,1.4589e-06,0,1.14809e-07,0.000353082
0,0.00180168,7.3605e-07,1.47411e-06,0,1.06463e-07,0.000353452
0,0.00180225,7.12475e-07,1.48888e-06,0,9.87231e-08,0.000353514
0,0.00180176,6.88295e-07,1.50317e-06,0,9.15464e-08,0.000353383
0,0.00180047,6.63785e-07,1.51699e-06,0,8.48916e-08,0.000353102
0,0.00179883,6.39421e-07,1.53031e-06,0,7.87208e-08,0.000352765
0,0.00179704,6.15423e-07,1.54315e-06,0,7.29987e-08,0.000352405
0,0.00179539,5.92093e-07,1.55551e-06,0,6.76928e-08,0.000352082
0,0.00179379,5.69324e-07,1.56739e-06,0,6.27726e-08,0.000351765
0,0.00179282,5.47745e-07,1.57883e-06,0,5.82103e-08,0.000351591
0,0.00179264,5.27498e-07,1.58983e-06,0,5.39797e-08,0.000351574
0,0.00179304,5.08364e-07,1.60042e-06,0,5.00567e-08,0.000351666
0,0.00179424,4.90567e-07,1.61062e-06,0,4.64189e-08,0.000351921
0,0.00179505,4.72838e-07,1.62047e-06,0,4.30457e-08,0.000352066
0,0.00179653,4.56294e-07,1.62996e-06,0,3.99176e-08,0.000352372
0,0.00180187,4.44296e-07,1.63914e-06,0,3.7017e-08,0.000353526
0,0.0018097,4.3537e-07,1.64805e-06,0,3.43273e-08,0.000355129
0,0.00181911,4.28537e-07,1.65678e-06,0,3.1833e-08,0.000357017
0,0.00182927,4.22902e-07,1.66536e-06,0,2.95201e-08,0.000359029
0,0.00184022,4.18491e-07,1.67383e-06,0,2.73754e-08,0.000361198
0,0.00185087,4.14124e-07,1.68221e-06,0,2.53865e-08,0.000363276
0,0.00186087,4.09425e-07,1.6905e-06,0,2.35422e-08,0.000365217
0,0.00186943,4.03547e-07,1.6987e-06,0,2.18319e-08,0.000366853
0,0.00187597,3.95874e-07,1.70678e-06,0,2.02459e-08,0.000368078
0,0.00187996,3.85836e-07,1.71471e-06,0,1.87752e-08,0.000368788
0,0.00188124,3.73264e-07,1.72245e-06,0,1.74114e-08,0.000368961
0,0.0018806,3.59003e-07,1.72994e-06,0,1.61467e-08,0.000368781
0,0.00187807,3.43082e-07,1.73715e-06,0,1.49739e-08,0.000368231
0,0.00187456,3.26467e-07,1.74404e-06,0,1.38863e-08,0.000367514
0,0.00187048,3.09597e-07,1.75061e-06,0,1.28778e-08,0.000366697
0,0.00186562,2.92244e-07,1.75683e-06,0,1.19425e-08,0.00036572
0,0.00186043,2.74905e-07,1.76271e-06,0,1.10752e-08,0.000364694
0,0.0018554,2.58077e-07,1.76826e-06,0,1.02709e-08,0.000363711
0,0.0018507,2.41942e-07,1.77347e-06,0,9.52507e-09,0.000362797
0,0.00184645,2.26637e-07,1.77836e-06,0,8.8334e-09,0.000361976
0,0.00184252,2.12017e-07,1.78292e-06,0,8.19199e-09,0.000361215
0,0.00183928,1.98458e-07,1.7872e-06,0,7.59717e-09,0.000360598
0,0.00183645,1.85669e-07,1.7912e-06,0,7.04555e-09,0.000360053
0,0.00183402,1.73633e-07,1.79494e-06,0,6.53401e-09,0.000359587
0,0.00199779,3.37462e-07,1.79843e-06,0,6.05963e-09,0.00039639
0,0.00200588,3.36514e-07,1.80485e-06,0,5.61971e-09,0.000393587
0,0.00189017,2.04929e-07,1.81159e-06,0,5.21173e-09,0.000367404
0,0.00177382,7.32771e-08,1.81595e-06,0,4.83339e-09,0.000344568
0,0.00167939,-3.44898e-08,1.81768e-06,0,4.48253e-09,0.000326669
0,0.00160783,-1.17358e-07,1.81731e-06,0,4.15715e-09,0.000313282
0,0.00155617,-1.78502e-07,1.81517e-06,0,3.8554e-09,0.00030371
0,0.00152783,-2.14307e-07,1.81178e-06,0,3.57556e-09,0.000298812
0,0.00152489,-2.22664e-07,1.80761e-06,0,3.31605e-09,0.00029895
0,0.00154528,-2.05841e-07,1.80317e-06,0,3.07538e-09,0.000303607
0,0.00157997,-1.73504e-07,1.79902e-06,0,2.85218e-09,0.000310812
0,0.00162338,-1.31627e-07,1.79548e-06,0,2.64519e-09,0.000319572
0,0.00166974,-8.64156e-08,1.79277e-06,0,2.45323e-09,0.000328745
0,0.00171456,-4.26586e-08,1.79095e-06,0,2.27521e-09,0.000337492
0,0.00175512,-3.30155e-09,1.79001e-06,0,2.11011e-09,0.000345324
0,0.00178948,2.959e-08,1.78986e-06,0,1.957e-09,0.000351888
0,0.00181702,5.53214e-08,1.79039e-06,0,1.815e-09,0.000357096
0,0.00183727,7.33971e-08,1.79144e-06,0,1.68331e-09,0.000360861
0,0.00185058,8.41813e-08,1.79288e-06,0,1.56118e-09,0.000363276
0,0.00185776,8.85395e-08,1.79454e-06,0,1.44792e-09,0.000364511
0,0.00185912,8.67948e-08,1.7963e-06,0,1.34288e-09,0.000364612
0,0.00185618,8.05939e-08,1.79804e-06,0,1.24546e-09,0.000363916
0,0.00185006,7.11095e-08,1.79966e-06,0,1.15511e-09,0.000362624
0,0.00184161,5.92762e-08,1.80111e-06,0,1.07132e-09,0.000360903
0,0.00183208,4.64167e-08,1.80231e-06,0,9.9361e-10,0.000359004
0,0.00182178,3.28629e-08,1.80327e-06,0,9.2154e-10,0.000356961
0,0.00181133,1.92994e-08,1.80395e-06,0,8.547e-10,0.000354909
0,0.00180161,6.64639e-09,1.80437e-06,0,7.92711e-10,0.000353023
0,0.00179266,-5.04907e-09,1.80452e-06,0,7.35219e-10,0.000351289
0,0.00178472,-1.55268e-08,1.80445e-06,0,6.819e-10,0.00034976
0,0.00177801,-2.45422e-08,1.80416e-06,0,6.32449e-10,0.00034848
0,0.00177242,-3.22391e-08,1.80368e-06,0,5.86586e-10,0.000347413
0,0.00176844,-3.8074e-08,1.80305e-06,0,5.4405e-10,0.00034668
0,0.00176524,-4.29515e-08,1.8023e-06,0,5.04601e-10,0.000346074
0,0.00176289,-4.67953e-08,1.80146e-06,0,4.68013e-10,0.000345637
0,0.0017614,-4.95988e-08,1.80053e-06,0,4.3408e-10,0.000345369
0,0.00176062,-5.15301e-08,1.79954e-06,0,4.02608e-10,0.000345235
0,0.00176019,-5.2967e-08,1.79851e-06,0,3.73419e-10,0.000345162
0,0.00175997,-5.40768e-08,1.79746e-06,0,3.46347e-10,0.000345124
0,0.00176011,-5.46891e-08,1.79638e-06,0,3.21239e-10,0.000345163
0,0.0017603,-5.51574e-08,1.79529e-06,0,2.97953e-10,0.000345201
0,0.0017605,-5.55223e-08,1.79418e-06,0,2.76355e-10,0.00034524
0,0.00176073,-5.57571e-08,1.79307e-06,0,2.56323e-10,0.000345286
0,0.00176082,-5.60561e-08,1.79196e-06,0,2.37744e-10,0.0003453
0,0.00176081,-5.63865e-08,1.79084e-06,0,2.20513e-10,0.000345294
0,0.0017606,-5.68383e-08,1.78971e-06,0,2.04531e-10,0.000345248
0,0.00176014,-5.74812e-08,1.78858e-06,0,1.89708e-10,0.000345151
0,0.00175938,-5.83731e-08,1.78743e-06,0,1.75959e-10,0.000344993
0,0.00175846,-5.93543e-08,1.78626e-06,0,1.63208e-10,0.000344809
0,0.00175726,-6.05742e-08,1.78508e-06,0,1.51381e-10,0.000344564
0,0.00175565,-6.2145e-08,1.78387e-06,0,1.40412e-10,0.000344239
0,0.00175417,-6.3531e-08,1.78263e-06,0,1.30238e-10,0.00034395
0,0.00175307,-6.44367e-08,1.78136e-06,0,1.20801e-10,0.000343747
0,0.00175268,-6.45388e-08,1.78007e-06,0,1.12049e-10,0.00034369
0,0.00175292,-6.39238e-08,1.77878e-06,0,1.03931e-10,0.000343754
0,0.00175384,-6.2536e-08,1.7775e-06,0,9.64013e-11,0.000343954
0,0.00175509,-6.0758e-08,1.77625e-06,0,8.94175e-11,0.000344208
0,0.00175642,-5.88574e-08,1.77503e-06,0,8.294e-11,0.000344471
0,0.00175769,-5.6979e-08,1.77385e-06,0,7.6932e-11,0.000344719
0,0.00175887,-5.5169e-08,1.77271e-06,0,7.13594e-11,0.000344949
0,0.0017597,-5.3711e-08,1.7716e-06,0,6.61906e-11,0.0003451
0,0.00176036,-5.23965e-08,1.77052e-06,0,6.13965e-11,0.000345226
0,0.00176063,-5.14809e-08,1.76947e-06,0,5.69497e-11,0.000345267
0,0.00176069,-5.07522e-08,1.76844e-06,0,5.28252e-11,0.000345274
0,0.0017606,-5.01739e-08,1.76742e-06,0,4.89996e-11,0.000345252
0,0.00176037,-4.97179e-08,1.76642e-06,0,4.54511e-11,0.000345203
0,0.0017599,-4.9509e-08,1.76542e-06,0,4.21598e-11,0.000345102
0,0.00175957,-4.91264e-08,1.76443e-06,0,3.91069e-11,0.000345042
0,0.00175916,-4.88084e-08,1.76345e-06,0,3.62753e-11,0.00034496
0,0.00175888,-4.83474e-08,1.76247e-06,0,3.36487e-11,0.000344908
0,0.00175873,-4.7726e-08,1.76151e-06,0,3.12125e-11,0.000344884
0,0.00175896,-4.67011e-08,1.76055e-06,0,2.89527e-11,0.000344939
0,0.00175933,-4.55188e-08,1.75961e-06,0,2.68566e-11,0.000345015
0,0.00175962,-4.44076e-08,1.7587e-06,0,2.49124e-11,0.000345071
0,0.00176017,-4.30276e-08,1.75781e-06,0,2.31089e-11,0.000345185
0,0.00176086,-4.14864e-08,1.75695e-06,0,2.14361e-11,0.000345325
0,0.00176155,-3.99539e-08,1.75611e-06,0,1.98845e-11,0.00034546
0,0.00176254,-3.81042e-08,1.75531e-06,0,1.84452e-11,0.000345662
0,0.00176343,-3.63595e-08,1.75455e-06,0,1.71102e-11,0.000345835
0,0.00176409,-3.4869e-08,1.75381e-06,0,1.58718e-11,0.000345957
0,0.00176453,-3.36163e-08,1.75311e-06,0,1.47231e-11,0.000346037
0,0.00176453,-3.28309e-08,1.75244e-06,0,1.36576e-11,0.000346025
0,0.00176428,-3.23267e-08,1.75178e-06,0,1.26693e-11,0.000345968
0,0.00176407,-3.17711e-08,1.75113e-06,0,1.17525e-11,0.000345929
0,0.00176342,-3.1696e-08,1.7505e-06,0,1.09021e-11,0.000345789
0,0.00176228,-3.21448e-08,1.74986e-06,0,1.01132e-11,0.00034555
0,0.00176073,-3.30233e-08,1.74922e-06,0,9.38149e-12,0.000345235
0,0.00175895,-3.4142e-08,1.74856e-06,0,8.70273e-12,0.00034488
0,0.0017569,-3.55467e-08,1.74788e-06,0,8.0731e-12,0.000344471
0,0.00175489,-3.69048e-08,1.74717e-06,0,7.48905e-12,0.000344078
0,0.0017527,-3.84477e-08,1.74644e-06,0,6.94728e-12,0.000343644
0,0.00175043,-4.00753e-08,1.74567e-06,0,6.44472e-12,0.000343195
0,0.00174818,-4.16614e-08,1.74487e-06,0,5.97854e-12,0.000342755
0,0.00174685,-4.22704e-08,1.74404e-06,0,5.54609e-12,0.000342521
0,0.00174595,-4.24266e-08,1.7432e-06,0,5.14495e-12,0.000342354
0,0.00174504,-4.25717e-08,1.74235e-06,0,4.77283e-12,0.000342178
0,0.00174663,-4.00814e-08,1.7415e-06,0,4.42764e-12,0.000342559
0,0.00175011,-3.55916e-08,1.74069e-06,0,4.10744e-12,0.000343296
0,0.00175503,-2.96012e-08,1.73997e-06,0,3.8104e-12,0.000344301
0,0.00176092,-2.26111e-08,1.73937e-06,0,3.53485e-12,0.000345483
0,0.00176712,-1.53247e-08,1.7389e-06,0,3.27924e-12,0.000346708
0,0.00177314,-8.27591e-09,1.73858e-06,0,3.04213e-12,0.000347882
0,0.00177835,-2.11746e-09,1.7384e-06,0,2.82217e-12,0.000348882
0,0.00178249,2.85144e-09,1.73835e-06,0,2.61812e-12,0.000349662
0,0.00178516,6.23067e-09,1.73839e-06,0,2.42883e-12,0.000350146
0,0.00178652,8.17403e-09,1.73851e-06,0,2.25324e-12,0.000350374
0,0.00178662,8.75026e-09,1.73867e-06,0,2.09035e-12,0.000350359
