-0.000195182,0,-0.000186104,0,0.9
-0.000195182,0,-0.000186104,0,0.9
-0.000195182,0,-0.000186104,0,0.9
-0.000195182,0,-0.000186104,0,0.9
-0.000195182,0,-0.000186104,0,0.9
-0.000195182,0,-0.000186104,0,0.9
-0.000195182,0,-0.000186104,0,0.9
-0.000195182,0,-0.000186104,0,0.9
-0.000195182,0,-0.000186104,0,0.9
-0.000195182,0,-0.000186104,0,0.9
-0.000195182,0,-0.000186104,0,0.9
-0.000195182,0,-0.000186104,0,0.9
-0.000195182,0,-0.000186104,0,0.9
-0.000195182,0,-0.000186104,0,0.9
-0.000195182,0,-0.000186104,0,0.9
-0.000195182,0,-0.000186104,0,0.9
-0.000195182,0,-0.000186104,0,0.9
-0.000195182,0,-0.000186104,0,0.9
-0.000195182,0,-0.000186104,0,0.9
-0.000195182,0,-0.000186104,0,0.9
-0.000195182,0,-0.000186104,0,0.9
-0.000195182,0,-0.000186104,0,0.9
-0.000195182,0,-0.000186104,0,0.9
-0.000195182,0,-0.000186104,0,0.9
-0.000195182,0,-0.000186104,0,0.9
-0.000195182,0,-0.000186104,0,0.9
-0.000195182,0,-0.000186104,0,0.9
-0.000195182,0,-0.000186104,0,0.9
-0.000195182,0,-0.000186104,0,0.9
-0.000195182,0,-0.000186104,0,0.9
-0.000195182,0,-0.000186104,0,0.9
-0.000195182,0,-0.000186104,0,0.9
-0.000195182,0,-0.000186104,0,0.9
-0.000195182,0,-0.000186104,0,0.9
-0.000195182,0,-0.000186104,0,0.9
-0.000195182,0,-0.000186104,0,0.9
-0.000195182,0,-0.000186104,0,0.9
-0.000195182,0,-0.000186104,0,0.9
-0.000195182,0,-0.000186104,0,0.9
-0.000195182,0,-0.000186104,0,0.9
-0.000195182,0,-0.000186104,0,0.9
-0.000195182,0,-0.000186104,0,0.9
-0.000195182,0,-0.000186104,0,0.9
-0.000195182,0,-0.000186104,0,0.9
-0.000195182,0,-0.000186104,0,0.9
-0.000195182,0,-0.000186104,0,0.9
-0.000195182,0,-0.000186104,0,0.9
-0.000195182,0,-0.000186104,0,0.9
-0.000195182,0,-0.000186104,0,0.9
-0.000195182,0,-0.000186104,0,0.9
-0.000195182,0,-0.000186104,0,0.9
-0.000195182,0,-0.000186104,0,0.9
-0.000195182,0,-0.000186104,0,0.9
-0.000195182,0,-0.000186104,0,0.9
-0.000195182,0,-0.000186104,0,0.9
-0.000195182,0,-0.000186104,0,0.9
-0.000195182,0,-0.000186104,0,0.9
-0.000195182,0,-0.000186104,0,0.9
-0.000195182,0,-0.000186104,0,0.9
-0.000195182,0,-0.000186104,0,0.9
-0.000195182,0,-0.000186104,0,0.9
-0.000195182,0,-0.000186104,0,0.9
-0.000195182,0,-0.000186104,0,0.9
-0.000195182,0,-0.000186104,0,0.9
-0.000195182,0,-0.000186104,0,0.9
-0.000195182,0,-0.000186104,0,0.9
-0.000195182,0,-0.000186104,0,0.9
-0.000195182,0,-0.000186104,0,0.9
-0.000195182,0,-0.000186104,0,0.9
-0.000195182,0,-0.000186104,0,0.9
-0.000195182,0,-0.000186104,0,0.9
-0.000195182,0,-0.000186104,0,0.9
-0.000195182,0,-0.000186104,0,0.9
-0.000195182,0,-0.000186104,0,0.9
-0.000195182,0,-0.000186104,0,0.9
-0.000195182,0,-0.000186104,0,0.9
-0.000195182,0,-0.000186104,0,0.9
-0.000195182,0,-0.000186104,0,0.9
-0.000195182,0,-0.000186104,0,0.9
-0.000195182,0,-0.000186104,0,0.9
-0.000195182,0,-0.000186104,0,0.9
-0.000195182,0,-0.000186104,0,0.9
-0.000195182,0,-0.000186104,0,0.9
-0.000195182,0,-0.000186104,0,0.9
-0.000195182,0,-0.000186104,0,0.9
-0.000195182,0,-0.000186104,0,0.9
-0.000195182,0,-0.000186104,0,0.9
-0.000195182,0,-0.000186104,0,0.9
-0.000195182,0,-0.000186104,0,0.9
-0.000195182,0,-0.000186104,0,0.9
-0.000195182,0,-0.000186104,0,0.9
-0.000195182,0,-0.000186104,0,0.9
-0.000195182,0,-0.000186104,0,0.9
-0.000195182,0,-0.000186104,0,0.9
-0.000195182,0,-0.000186104,0,0.9
-0.000195182,0,-0.000186104,0,0.9
-0.000195182,0,-0.000186104,0,0.9
-0.000195182,0,-0.000186104,0,0.9
-0.000195182,0,-0.000186104,0,0.9
-0.000195182,0,-0.000186104,0,0.9
-0.000195182,0,-0.000186104,0,0.9
-0.000195182,0,-0.000186104,0,0.9
-0.000195182,0,-0.000186104,0,0.9
-0.000195182,0,-0.000186104,0,0.9
-0.000195182,0,-0.000186104,0,0.9
-0.000195182,0,-0.000186104,0,0.9
-0.000195182,0,-0.000186104,0,0.9
-0.000195182,0,-0.000186123,0,0.9
-0.000195182,0,-0.000186198,-0,0.9
-0.000195182,0,-0.000186319,-0,0.9
-0.000195182,0,-0.000186504,-0,0.9
-0.000195182,0,-0.000186697,-0,0.9
-0.000195182,0,-0.000186956,-0,0.9
-0.000195182,0,-0.000187252,-0,0.9
-0.000195182,0,-0.000187582,-0,0.9
-0.000195182,0,-0.00018798,-0,0.9
-0.000195182,0,-0.000188367,-0,0.9
-0.000195182,0,-0.000188755,-0,0.9
-0.000195182,0,-0.000189202,-0,0.9
-0.000195182,0,-0.00018964,-0,0.9
-0.000195182,0,-0.000190088,-0,0.9
-0.000195182,0,-0.000190552,-0,0.9
-0.000195182,0,-0.000190994,-0,0.9
-0.000195182,0,-0.000191445,-0,0.9
-0.000195182,0,-0.000191888,-0,0.9
-0.000195182,0,-0.000192288,-0,0.9
-0.000195182,0,-0.000192737,-0,0.9
-0.000195182,0,-0.000193125,-0,0.9
-0.000195182,0,-0.000193509,-0,0.9
-0.000195182,0,-0.000193856,-0,0.9
-0.000195182,0,-0.000194172,-0,0.9
-0.000195182,0,-0.000194445,-0,0.9
-0.000195182,0,-0.000194687,-0,0.9
-0.000195182,0,-0.000194894,-0,0.9
-0.000195182,0,-0.000195043,-0,0.9
-0.000195182,0,-0.000195136,-0,0.9
-0.000195182,0,-0.000195176,-0,0.9
-0.000195182,0,-0.000195182,-0,0.9
-0.000195182,0,-0.000195182,0,0.9
-0.000195182,0,-0.000195182,0,0.9
-0.000195182,0,-0.000195182,0,0.9
-0.000195182,0,-0.000195182,0,0.9
-0.000195182,0,-0.000195182,0,0.9
-0.000195182,0,-0.000195182,0,0.9
0,-0.0077569,0,0,0.9
0,-0.0077569,0,0,0.9
0,-0.0077569,0,0,0.9
0,-0.0077569,0,0,0.9
0,-0.0077569,0,0,0.9
0,-0.0077569,0,0,0.9
0,-0.0077569,0,0,0.9
0,-0.0077569,0,0,0.9
-0.0030016,-0.00774019,0,0,0.762
0.00611496,-0.0076107,0,-0.00109716,0.895
0.00592395,-0.00744375,0,3.8922e-05,0.916
0.00473142,-0.00724819,0,0.000753828,0.917
0.00548085,-0.00688727,0,0.000753828,0.914
0.00506436,-0.00655565,0,0.000912184,0.911
0.00493637,-0.00615022,0,0.00101384,0.911
0.00499113,-0.00569403,0,0.00111903,0.91
0.00509729,-0.00518266,0,0.00125928,0.909
0.00510384,-0.00467816,0,0.00144987,0.908
0.00517907,-0.00408162,0,0.00166811,0.907
0.00504734,-0.00348395,0,0.00203225,0.903
0.00489808,-0.00286861,0,0.00233062,0.902
0.00452074,-0.00251915,0,0.00266943,0.901
0.00404281,-0.00212246,0,0.00296815,0.9
0.00339319,-0.00186092,0,0.00319614,0.899
0.00257833,-0.00172445,0,0.00328911,0.898
0.00174342,-0.00174543,0,0.00320927,0.898
0.000975996,-0.00184376,0,0.00289295,0.898
0.000165483,-0.00202516,0,0.00230823,0.898
-0.000564785,-0.00223482,0,0.00140212,0.898
-0.00131779,-0.00252439,0,0.000145434,0.898
-0.00195359,-0.00281173,0,-0.00152998,0.898
-0.00253448,-0.00312798,0,-0.00374793,0.898
-0.00323381,-0.00360105,0,-0.00648121,0.897
-0.00402723,-0.00341213,0,-0.00993821,0.896
-0.00522065,-0.00330368,0,-0.014022,0.896
-0.00657498,-0.00322812,0,-0.0184982,0.896
-0.00800627,-0.00317909,0,-0.0227808,0.896
-0.00909906,-0.00315867,0,-0.0259214,0.896
-0.00142921,-0.0031582,0,0,0.896
-0.00142921,-0.0031582,0,0,0.896
-0.00142921,-0.0031582,0,0,0.896
-0.00142921,-0.0031582,0,0,0.896
-0.00142921,-0.0031582,0,0,0.896
-0.00142921,-0.0031582,0,0,0.896
-0.00142921,-0.0031582,0,0,0.896
0.1,0,-0.00556945,0,0.899
0.1,0,-0.00556945,0,0.899
0.1,0,-0.00556945,0,0.899
0.1,0,-0.00556945,0,0.899
0.1,0,-0.00556945,0,0.899
0.1,0,-0.00556945,0,0.899
0.1,0,-0.00556945,0,0.899
0.0869639,0,-0.00556945,0,0.782
0.0905599,0,-0.00509059,0,0.784
0.123723,0,-0.00399657,0.00110825,0.899
0.111463,0,-0.0025448,0.00106133,0.915
0.107572,0,-0.000707893,0.00124506,0.92
0.105551,0,0.00185149,0.00124506,0.915
0.104631,0,0.00497348,0.00118589,0.912
0.107431,0,0.00944836,0.00112755,0.908
0.107784,0,0.0135808,0.00120279,0.907
0.108354,0,0.0185649,0.00139341,0.905
0.108828,0,0.0233763,0.00169224,0.904
0.109255,0,0.0289985,0.00213812,0.903
0.10941,0,0.0345462,0.00272012,0.902
0.109166,0,0.0392884,0.00336657,0.901
0.108795,0,0.0450495,0.00404391,0.9
0.107608,0,0.0501703,0.0052074,0.9
0.107332,0,0.0556822,0.0052074,0.899
0.106226,0,0.0607715,0.00565063,0.899
0.105038,0,0.0653315,0.00577942,0.899
0.103847,0,0.0693876,0.0056189,0.899
0.102512,0,0.073443,0.00504872,0.899
0.101026,0,0.0773707,0.00395914,0.899
0.0996548,0,0.0806243,0.00221425,0.899
0.0982467,0,0.0835595,-0.000394778,0.898
0.0968745,0,0.0857885,-0.0041458,0.897
0.0948882,0,0.0875145,-0.0092937,0.896
0.0924553,0,0.0900964,-0.0161711,0.896
0.0901533,0,0.0921801,-0.0227342,0.896
0.0859947,0,0.0937512,-0.0327716,0.896
0.0813148,0,0.0946865,-0.0434127,0.896
0.0770193,0,0.0949857,-0.0531954,0.896
0.0977096,0,0.0949865,0,0.896
0.0977096,0,0.0949865,0,0.896
0.0977096,0,0.0949865,0,0.896
0.0977096,0,0.0949865,0,0.896
0.0977096,0,0.0949865,0,0.896
0.0977096,0,0.0949865,0,0.896
0.0977096,0,0.0949865,0,0.896
0.1,-0.107234,0,0,0.9
0.1,-0.107234,0,0,0.9
0.1,-0.107234,0,0,0.9
0.1,-0.107234,0,0,0.9
0.1,-0.107234,0,0,0.9
0.1,-0.107234,0,0,0.9
0.1,-0.107234,0,0,0.9
0.103253,-0.10721,0,0,0.777
0.108321,-0.105832,0,0,0.786
0.134047,-0.103566,0,0.00366931,0.896
0.121838,-0.100344,0,0.00313691,0.907
0.115433,-0.0961174,0,0.00294594,0.91
0.112305,-0.0902139,0,0.002656,0.909
0.111222,-0.0838558,0,0.00235507,0.908
0.111348,-0.0763615,0,0.00218877,0.907
0.112326,-0.0676969,0,0.00224181,0.906
0.113481,-0.0589601,0,0.00258995,0.904
0.114567,-0.0497304,0,0.00327094,0.903
0.115774,-0.0388787,0,0.00417962,0.902
0.116133,-0.0293576,0,0.00536415,0.901
0.116502,-0.0173326,0,0.00672493,0.9
0.116204,-0.00639267,0,0.00818042,0.9
0.115441,0.00438135,0,0.00963746,0.9
0.114165,0.0147946,0,0.0110636,0.9
0.11254,0.0247698,0,0.0122229,0.9
0.110673,0.0342313,0,0.0130079,0.9
0.108796,0.0424605,0,0.0134034,0.9
0.106751,0.0507972,0,0.0132441,0.9
0.104537,0.0590165,0,0.0124847,0.9
0.10322,0.0670172,0,0.00822073,0.899
0.10073,0.0719593,0,0.00822073,0.899
0.0987039,0.0772202,0,0.0041357,0.899
0.0963846,0.0820231,0,-0.00175038,0.897
0.0929804,0.0875174,0,-0.0104446,0.897
0.0900225,0.0915711,0,-0.0192341,0.897
0.0849591,0.0945115,0,-0.0320117,0.897
0.0787712,0.0962465,0,-0.0463827,0.897
0.0732578,0.0967053,0,-0.0597094,0.897
0.0732578,0.0967053,0,0,0.897
0.0732578,0.0967053,0,0,0.897
0.0732578,0.0967053,0,0,0.897
0.0732578,0.0967053,0,0,0.897
0.0732578,0.0967053,0,0,0.897
0.0732578,0.0967053,0,0,0.897
0.0732578,0.0967053,0,0,0.897
0.1,0,-0.115451,0,0.88
0.1,0,-0.115451,0,0.88
0.1,0,-0.115451,0,0.88
0.1,0,-0.115451,0,0.88
0.1,0,-0.115451,0,0.88
0.1,0,-0.115451,0,0.88
0.1,0,-0.115451,0,0.88
0.100762,0,-0.115314,0,0.779
0.132594,0,-0.11399,0.00116724,0.9
0.129243,0,-0.111595,0.00248842,0.912
0.124623,0,-0.108147,0.00320223,0.913
0.119187,0,-0.103329,0.00335781,0.91
0.115471,0,-0.097387,0.00321791,0.909
0.113493,0,-0.089657,0.00298493,0.908
0.113139,0,-0.0825509,0.00285191,0.907
0.113734,0,-0.0730555,0.0029013,0.906
0.114825,0,-0.0633887,0.00323636,0.904
0.116026,0,-0.052864,0.00392669,0.903
0.116843,0,-0.0426296,0.00490725,0.902
0.117219,0,-0.032883,0.00610632,0.902
0.117431,0,-0.0212652,0.00754272,0.901
0.117196,0,-0.00985606,0.00904037,0.901
0.116333,0,0.00159963,0.0106603,0.9
0.115035,0,0.0133054,0.0121221,0.9
0.113291,0,0.0233008,0.0134102,0.901
0.111318,0,0.0330676,0.0142725,0.901
0.109316,0,0.0415312,0.0147394,0.901
0.106902,0,0.0508919,0.014621,0.901
0.105863,0,0.0599059,0.0138847,0.9
0.103446,0,0.0668496,0.0133719,0.899
0.102762,0,0.0746115,0.013273,0.898
0.100758,0,0.0797811,0.00663758,0.897
0.0975993,0,0.085585,-0.00235848,0.895
0.0935292,0,0.0905558,-0.0149951,0.895
0.0883842,0,0.0943021,-0.0300128,0.895
0.0812515,0,0.0974194,-0.0470064,0.895
0.0747669,0,0.0988032,-0.062484,0.895
0.0980085,0,0.099106,0,0.895
0.0980085,0,0.099106,0,0.895
0.0980085,0,0.099106,0,0.895
0.0980085,0,0.099106,0,0.895
0.0980085,0,0.099106,0,0.895
0.0980085,0,0.099106,0,0.895
0.0980085,0,0.099106,0,0.895
0.0980085,0,0.099106,0,0.895
0.1,-0.117852,0,0,0.899
0.1,-0.117852,0,0,0.899
0.1,-0.117852,0,0,0.899
0.1,-0.117852,0,0,0.899
0.1,-0.117852,0,0,0.899
0.1,-0.117852,0,0,0.899
0.1,-0.117852,0,0,0.899
0.104671,-0.117572,0,0,0.809
0.139266,-0.115824,0,0.00144466,0.894
0.129771,-0.11321,0,0.00243637,0.909
0.122678,-0.108827,0,0.00302647,0.914
0.117358,-0.10371,0,0.00317147,0.91
0.114362,-0.0975211,0,0.00303295,0.909
0.113099,-0.0911546,0,0.00284078,0.909
0.112804,-0.0828731,0,0.00274737,0.908
0.113399,-0.0740563,0,0.00287694,0.907
0.114525,-0.0637391,0,0.0032966,0.905
0.115724,-0.0530429,0,0.0040267,0.904
0.117048,-0.0402935,0,0.0050587,0.903
0.118974,-0.0299679,0,0.00665402,0.899
0.119062,-0.0183391,0,0.00824517,0.898
0.118752,-0.0057792,0,0.00998319,0.898
0.116095,0.00498778,0,0.0133631,0.898
0.116399,0.0165513,0,0.0133631,0.898
0.11458,0.0272435,0,0.0148313,0.898
0.112692,0.0360653,0,0.0158902,0.898
0.11059,0.045338,0,0.0164274,0.898
0.108235,0.0547592,0,0.0163869,0.898
0.106172,0.06238,0,0.0155947,0.898
0.104091,0.0697252,0,0.0137186,0.897
0.102057,0.0758779,0,0.0104159,0.897
0.0997959,0.0812696,0,0.00522599,0.896
0.0973656,0.0870671,0,-0.00241713,0.893
0.0930158,0.0921924,0,-0.0142139,0.893
0.0842271,0.0960411,0,-0.0440394,0.893
0.0812883,0.0983706,0,-0.0440394,0.893
0.0743606,0.0994153,0,-0.059479,0.893
0.0977308,0.0994527,0,0,0.893
0.0977308,0.0994527,0,0,0.893
0.0977308,0.0994527,0,0,0.893
0.0977308,0.0994527,0,0,0.893
0.0977308,0.0994527,0,0,0.893
0.0977308,0.0994527,0,0,0.893
0.0977308,0.0994527,0,0,0.893
0.1,0,-0.112854,0,0.899
0.1,0,-0.112854,0,0.899
0.1,0,-0.112854,0,0.899
0.1,0,-0.112854,0,0.899
0.1,0,-0.112854,0,0.899
0.1,0,-0.112854,0,0.899
0.1,0,-0.112854,0,0.899
0.1,0,-0.112854,0,0.899
0.0736394,0,-0.11248,0,0.914
0.0907265,0,-0.110928,-0.00239322,0.92
0.0886053,0,-0.108213,-0.00203872,0.914
0.0870914,0,-0.104502,-0.00208497,0.913
0.0862827,0,-0.0996911,-0.00236608,0.912
0.087058,0,-0.0943673,-0.00272347,0.91
0.0920276,0,-0.0866258,-0.00318594,0.905
0.0937367,0,-0.0787241,-0.00328725,0.903
0.0957848,0,-0.0699072,-0.00294589,0.903
0.0994432,0,-0.0600762,-0.00294589,0.901
0.102223,0,-0.0504658,-0.00229481,0.901
0.105116,0,-0.0392535,-0.00133857,0.9
0.107459,0,-0.0276067,-1.20229e-05,0.899
0.107309,0,-0.0159537,0.00337402,0.9
0.110965,0,-0.00290901,0.00337402,0.898
0.111638,0,0.00783167,0.00538753,0.898
0.111953,0,0.0197183,0.00752679,0.899
0.111192,0,0.0302219,0.00960772,0.899
0.109975,0,0.0397316,0.0112633,0.9
0.108505,0,0.0478152,0.01238,0.901
0.106637,0,0.056492,0.0127532,0.902
0.104713,0,0.0636765,0.0122094,0.903
0.102831,0,0.0701292,0.0103258,0.904
0.101186,0,0.0757083,0.00679901,0.904
0.0992177,0,0.0804212,0.00122687,0.905
0.096571,0,0.0859485,-0.00682377,0.905
0.0940802,0,0.0905936,-0.015458,0.905
0.0897698,0,0.0943822,-0.0283988,0.905
0.0845706,0,0.0968562,-0.0575632,0.905
0.078971,0,0.0981422,-0.0575632,0.905
0.096674,0,0.0983134,0,0.905
0.096674,0,0.0983134,0,0.905
0.096674,0,0.0983134,0,0.905
0.096674,0,0.0983134,0,0.905
0.096674,0,0.0983134,0,0.905
0.096674,0,0.0983134,0,0.905
0.096674,0,0.0983134,0,0.905
0.1,-0.114478,0,0,0.898
0.1,-0.114478,0,0,0.898
0.1,-0.114478,0,0,0.898
0.1,-0.114478,0,0,0.898
0.1,-0.114478,0,0,0.898
0.1,-0.114478,0,0,0.898
0.1,-0.114478,0,0,0.898
0.1,-0.114478,0,0,0.898
0.102533,-0.114035,0,0,0.832
0.123591,-0.112293,0,0.00103905,0.903
0.115585,-0.109894,0,0.00130269,0.914
0.110824,-0.10624,0,0.00143126,0.918
0.108816,-0.100844,0,0.00136618,0.915
0.108111,-0.0951086,0,0.00128808,0.911
0.109172,-0.0877789,0,0.00131086,0.91
0.110819,-0.0797944,0,0.00155218,0.909
0.113268,-0.0696546,0,0.00205783,0.908
0.115422,-0.0592852,0,0.00286006,0.907
0.116679,-0.0499216,0,0.00394579,0.906
0.119904,-0.0372182,0,0.00551995,0.901
0.120524,-0.0252231,0,0.0071779,0.9
0.120369,-0.0137648,0,0.00899524,0.899
0.119736,-0.00177627,0,0.0108816,0.898
0.118538,0.0108044,0,0.0127436,0.897
0.116779,0.0220011,0,0.0144677,0.896
0.114779,0.0315245,0,0.015938,0.896
0.112883,0.0390611,0,0.0170863,0.896
0.110683,0.0480677,0,0.0176625,0.896
0.108326,0.0570113,0,0.0176495,0.896
0.106171,0.0645783,0,0.0168545,0.896
0.104098,0.0713782,0,0.0150034,0.896
0.102097,0.0773321,0,0.0117023,0.896
0.0998765,0.0823631,0,0.00653143,0.895
0.0971778,0.0885149,0,-0.00114539,0.893
0.0928913,0.0931641,0,-0.0132343,0.893
0.087595,0.0967308,0,-0.0275662,0.893
0.081287,0.0988204,0,-0.0437369,0.893
0.0743915,0.0997741,0,-0.0594947,0.893
0.0975672,0.0998033,0,0,0.893
0.0975672,0.0998033,0,0,0.893
0.0975672,0.0998033,0,0,0.893
0.0975672,0.0998033,0,0,0.893
0.0975672,0.0998033,0,0,0.893
0.0975672,0.0998033,0,0,0.893
0.0975672,0.0998033,0,0,0.893
0.1,0,-0.119983,0,0.899
0.1,0,-0.119983,0,0.899
0.1,0,-0.119983,0,0.899
0.1,0,-0.119983,0,0.899
0.1,0,-0.119983,0,0.899
0.1,0,-0.119983,0,0.899
0.1,0,-0.119983,0,0.899
0.0818817,0,-0.11998,0,0.755
0.0932029,0,-0.118679,0,0.758
0.141311,0,-0.116349,0.00160015,0.888
0.127732,0,-0.113179,0.0022263,0.906
0.12067,0,-0.108307,0.00281073,0.908
0.117208,0,-0.103482,0.00293184,0.908
0.114907,0,-0.0957763,0.00264805,0.908
0.113312,0,-0.0882715,0.00264805,0.907
0.113431,0,-0.0804326,0.0026149,0.906
0.114294,0,-0.0709349,0.00280944,0.904
0.115588,0,-0.0604657,0.0033123,0.903
0.116804,0,-0.049318,0.00422286,0.902
0.117841,0,-0.0374087,0.00538258,0.9
0.11829,0,-0.0259936,0.00690288,0.9
0.118323,0,-0.0139349,0.00857957,0.899
0.117828,0,-0.0022683,0.010346,0.899
0.116783,0,0.00905944,0.0120948,0.899
0.115298,0,0.0199265,0.0136909,0.899
0.113428,0,0.0304812,0.0150178,0.899
0.111325,0,0.0401002,0.0159531,0.899
0.109167,0,0.0488202,0.0163614,0.899
0.107148,0,0.0561679,0.0150163,0.9
0.10493,0,0.064253,0.0150163,0.899
0.102722,0,0.0713102,0.0128506,0.899
0.100603,0,0.0773423,0.00929169,0.898
0.098188,0,0.082357,-0.00417727,0.897
0.0953606,0,0.0877944,-0.00417727,0.897
0.0916176,0,0.0923052,-0.0147738,0.897
0.0863609,0,0.0956386,-0.0286432,0.897
0.0798285,0,0.0976962,-0.0443651,0.897
0.0733666,0,0.0983799,-0.0592455,0.897
0.0733666,0,0.0983799,0,0.897
0.0733666,0,0.0983799,0,0.897
0.0733666,0,0.0983799,0,0.897
0.0733666,0,0.0983799,0,0.897
0.0733666,0,0.0983799,0,0.897
0.0733666,0,0.0983799,0,0.897
0.0733666,0,0.0983799,0,0.897
0.1,-0.107296,0,0,0.88
0.1,-0.107296,0,0,0.88
0.1,-0.107296,0,0,0.88
0.1,-0.107296,0,0,0.88
0.1,-0.107296,0,0,0.88
0.1,-0.107296,0,0,0.88
0.1,-0.107296,0,0,0.88
0.0629595,-0.107296,0,0,0.832
0.08481,-0.106558,0,0,0.866
0.110756,-0.104568,0,-0.00159342,0.898
0.106525,-0.101592,0,-0.000517913,0.905
0.106601,-0.0969432,0,5.80693e-05,0.905
0.107665,-0.0918641,0,0.000330661,0.904
0.108532,-0.0848843,0,0.000671392,0.903
0.10827,-0.0774613,0,0.00105325,0.901
0.108281,-0.0692713,0,0.00137014,0.9
0.108824,-0.0602499,0,0.0017322,0.899
0.109883,-0.0504247,0,0.0022081,0.898
0.111194,-0.0400846,0,0.00286993,0.898
0.112409,-0.0290578,0,0.00381823,0.897
0.113356,-0.0176506,0,0.00502532,0.897
0.113714,-0.00703403,0,0.00649144,0.898
0.113715,0.00320967,0,0.00796532,0.898
0.113382,0.013804,0,0.0095341,0.899
0.112699,0.0240302,0,0.0110394,0.9
0.111724,0.0345766,0,0.0123383,0.901
0.110471,0.0437215,0,0.0135764,0.902
0.109113,0.0519691,0,0.0143386,0.904
0.107447,0.0608384,0,0.0147151,0.905
0.106175,0.0670111,0,0.0145296,0.907
0.10438,0.0740944,0,0.0134392,0.909
0.103092,0.0793602,0,0.0111985,0.91
0.101609,0.0838848,0,0.00732183,0.911
0.0992721,0.0892714,0,0.00115583,0.912
0.0972152,0.0938087,0,-0.005767,0.912
0.0934005,0.097308,0,-0.0176157,0.912
0.0855881,0.0996374,0,-0.0495597,0.912
0.08187,0.100768,0,-0.0495597,0.912
0.0957693,0.10095,0,0,0.912
0.0957693,0.10095,0,0,0.912
0.0957693,0.10095,0,0,0.912
0.0957693,0.10095,0,0,0.912
0.0957693,0.10095,0,0,0.912
0.0957693,0.10095,0,0,0.912
0.0957693,0.10095,0,0,0.912
0.0957693,0.10095,0,0,0.912
0.1,0,-0.104894,0,0.899
0.1,0,-0.104894,0,0.899
0.1,0,-0.104894,0,0.899
0.1,0,-0.104894,0,0.899
0.1,0,-0.104894,0,0.899
0.1,0,-0.104894,0,0.899
0.1,0,-0.104894,0,0.899
0.0909282,0,-0.10471,0,0.834
0.108348,0,-0.103437,-4.26906e-05,0.908
0.0934809,0,-0.100966,-0.000241082,0.922
0.0932011,0,-0.0976954,-0.000872092,0.92
0.0947185,0,-0.0935974,-0.00129731,0.916
0.0982548,0,-0.0869729,-0.00147432,0.912
0.101742,0,-0.0809813,-0.00127513,0.911
0.106047,0,-0.0729994,-0.000779755,0.909
0.109829,0,-0.0643467,0.00127779,0.908
0.11335,0,-0.0542177,0.00127779,0.906
0.11652,0,-0.0424605,0.00274224,0.904
0.118213,0,-0.0317544,0.00442868,0.903
0.120828,0,-0.0198035,0.00658472,0.898
0.120869,0,-0.00894446,0.00868277,0.898
0.120406,0,0.00322869,0.0107952,0.897
0.119073,0,0.0118715,0.0128088,0.897
0.117494,0,0.0232831,0.0146495,0.897
0.115631,0,0.032005,0.0161891,0.897
0.113505,0,0.0412346,0.0173175,0.897
0.111258,0,0.0498375,0.0179266,0.897
0.108822,0,0.0580405,0.0178764,0.898
0.106795,0,0.0647657,0.0170212,0.898
0.104669,0,0.0716285,0.0150815,0.897
0.102427,0,0.0777465,0.0116927,0.897
0.100408,0,0.0823193,0.00648734,0.896
0.0974742,0,0.0885063,-0.0011928,0.893
0.0931891,0,0.0930523,-0.0133191,0.893
0.0880553,0,0.0962863,-0.027615,0.893
0.0813201,0,0.0986443,-0.044069,0.893
0.0739985,0,0.099755,-0.0599877,0.893
0.0976938,0,0.0997902,0,0.893
0.0976938,0,0.0997902,0,0.893
0.0976938,0,0.0997902,0,0.893
0.0976938,0,0.0997902,0,0.893
0.0976938,0,0.0997902,0,0.893
0.0976938,0,0.0997902,0,0.893
0.0976938,0,0.0997902,0,0.893
0.1,-0.117807,0,0,0.899
0.1,-0.117807,0,0,0.899
0.1,-0.117807,0,0,0.899
0.1,-0.117807,0,0,0.899
0.1,-0.117807,0,0,0.899
0.1,-0.117807,0,0,0.899
0.1,-0.117807,0,0,0.899
0.1,-0.117807,0,0,0.899
0.0868518,-0.116796,0,0,0.701
0.140937,-0.11494,0,0.00221069,0.88
0.127391,-0.111931,0,0.00237515,0.907
0.120124,-0.107,0,0.00277286,0.91
0.113825,-0.101683,0,0.00273574,0.914
0.11091,-0.0953345,0,0.00254399,0.911
0.110153,-0.0886711,0,0.00232707,0.91
0.112891,-0.0789371,0,0.00228769,0.906
0.114127,-0.0687697,0,0.00247083,0.904
0.11567,-0.0583054,0,0.00298794,0.903
0.117112,-0.0471582,0,0.00386783,0.902
0.118042,-0.0358602,0,0.0051296,0.901
0.11839,-0.0252148,0,0.00657174,0.9
0.11861,-0.011716,0,0.0082561,0.899
0.117896,-0.000545621,0,0.0100238,0.899
0.116653,0.00941037,0,0.0117493,0.898
0.115089,0.0189946,0,0.0133913,0.898
0.113292,0.0292657,0,0.0146277,0.898
0.111268,0.0389217,0,0.0154989,0.898
0.109166,0.0479457,0,0.0158513,0.898
0.107051,0.0562866,0,0.0155803,0.898
0.105444,0.0651686,0,0.0124118,0.898
0.102773,0.0711662,0,0.0124118,0.898
0.100628,0.077063,0,0.00888332,0.898
0.0984228,0.0817974,0,-0.00442027,0.897
0.0956206,0.087382,0,-0.00442027,0.897
0.0898461,0.0920588,0,-0.0285059,0.897
0.0869291,0.0953797,0,-0.0285059,0.897
0.0806609,0.0974305,0,-0.0441685,0.897
0.0736984,0.098352,0,-0.0589882,0.897
0.0966182,0.0983683,0,0,0.897
0.0966182,0.0983683,0,0,0.897
0.0966182,0.0983683,0,0,0.897
0.0966182,0.0983683,0,0,0.897
0.0966182,0.0983683,0,0,0.897
0.0966182,0.0983683,0,0,0.897
0.0966182,0.0983683,0,0,0.897
0.1,0,-0.0989377,0,0.9
0.1,0,-0.0989377,0,0.9
0.1,0,-0.0989377,0,0.9
0.1,0,-0.0989377,0,0.9
0.1,0,-0.0989377,0,0.9
0.1,0,-0.0989377,0,0.9
0.1,0,-0.0989377,0,0.9
0.1,0,-0.0989377,0,0.9
0.0648569,0,-0.0976664,0,0.725
0.123724,0,-0.0955473,-0.00348399,0.875
0.102701,0,-0.093044,-0.00162712,0.877
0.101184,0,-0.0882787,-0.00104283,0.886
0.0994107,0,-0.0835353,-0.000845364,0.888
0.097892,0,-0.077363,-0.000845364,0.888
0.0972043,0,-0.0717887,-0.00115495,0.886
0.0965644,0,-0.06404,-0.00152017,0.883
0.0983425,0,-0.0548775,-0.00205896,0.887
0.0977323,0,-0.0449811,-0.00205896,0.879
0.0994556,0,-0.0355649,-0.00203071,0.882
0.10181,0,-0.0262001,-0.00180514,0.887
0.104754,0,-0.0160569,-0.00130733,0.893
0.104667,0,-0.00652446,-0.00048986,0.901
0.106547,0,0.00355023,0.000508668,0.906
0.107344,0,0.0136068,0.00168722,0.908
0.10774,0,0.0243637,0.00283893,0.91
0.10763,0,0.0338941,0.00393046,0.911
0.107094,0,0.0404236,0.00489331,0.913
0.106014,0,0.0493595,0.00544963,0.914
0.10258,0,0.0539148,0.00511748,0.919
0.101239,0,0.0607862,0.00452205,0.918
0.0985287,0,0.0689353,0.00316741,0.912
0.099083,0,0.0777622,0.00062075,0.906
0.0971177,0,0.0818637,-0.00401456,0.902
0.0903935,0,0.0901545,-0.0108319,0.901
0.0879919,0,0.0913863,-0.021106,0.901
0.0787378,0,0.0945415,-0.045362,0.901
0.0652835,0,0.0966121,-0.0847165,0.901
0.06,0,0.0972182,-0.09,0.901
0.06,0,0.0972182,0,0.901
0.06,0,0.0972182,0,0.901
0.06,0,0.0972182,0,0.901
0.06,0,0.0972182,0,0.901
0.06,0,0.0972182,0,0.901
0.06,0,0.0972182,0,0.901
0.06,0,0.0972182,0,0.901
0.1,-0.0758101,0,0,0.896
0.1,-0.0758101,0,0,0.896
0.1,-0.0758101,0,0,0.896
0.1,-0.0758101,0,0,0.896
0.1,-0.0758101,0,0,0.896
0.1,-0.0758101,0,0,0.896
0.1,-0.0758101,0,0,0.896
0.127148,-0.0758096,0,0,0.907
0.117978,-0.0751682,0,0,0.91
0.0967544,-0.0734451,0,0.00123236,0.878
0.103617,-0.0711464,0,0.000613964,0.908
0.0969679,-0.0682478,0,-0.000207008,0.918
0.0940137,-0.0639779,0,-0.000788607,0.923
0.0955937,-0.0594192,0,-0.00122515,0.92
0.097549,-0.0534083,0,-0.00135815,0.913
0.100944,-0.0467159,0,-0.0011254,0.912
0.107438,-0.0379655,0,-0.000671301,0.907
0.110291,-0.0298692,0,0.000300037,0.905
0.112983,-0.0204908,0,0.00164345,0.903
0.115045,-0.010586,0,0.00328195,0.902
0.116107,-0.00101099,0,0.00510374,0.901
0.116784,0.00969181,0,0.00693811,0.901
0.116252,0.0187828,0,0.00885682,0.901
0.115319,0.0278555,0,0.0105571,0.901
0.113836,0.0361758,0,0.0120377,0.902
0.111946,0.0441902,0,0.0131542,0.902
0.109768,0.0515915,0,0.0137699,0.902
0.107458,0.0583809,0,0.0137477,0.902
0.105331,0.0644064,0,0.0129491,0.901
0.103069,0.0702818,0,0.0112116,0.9
0.100847,0.0754501,0,0.00830542,0.899
0.0982932,0.0801585,0,0.00392911,0.897
0.0955199,0.0841486,0,-0.00245518,0.894
0.0913933,0.0883502,0,-0.0127403,0.894
0.0878551,0.0918011,0,-0.0229849,0.894
0.0819306,0.0942544,0,-0.0379609,0.894
0.0748649,0.0957089,0,-0.0549618,0.894
0.0683022,0.0961731,0,0,0.894
0.0683022,0.0961731,0,0,0.894
0.0683022,0.0961731,0,0,0.894
0.0683022,0.0961731,0,0,0.894
0.0683022,0.0961731,0,0,0.894
0.0683022,0.0961731,0,0,0.894
0.0683022,0.0961731,0,0,0.894
0.0683022,0.0961731,0,0,0.894
0.1,0,-0.114347,0,0.876
0.1,0,-0.114347,0,0.876
0.1,0,-0.114347,0,0.876
0.1,0,-0.114347,0,0.876
0.1,0,-0.114347,0,0.876
0.1,0,-0.114347,0,0.876
0.1,0,-0.114347,0,0.876
0.1,0,-0.114253,0,0.876
0.101592,0,-0.112414,-0.000459733,0.785
0.129222,0,-0.110056,0.00138339,0.897
0.112264,0,-0.106371,0.00157415,0.886
0.113132,0,-0.101628,0.00177754,0.906
0.109502,0,-0.096267,0.00163573,0.913
0.109607,0,-0.0908462,0.00146776,0.917
0.110049,0,-0.0822983,0.00134078,0.918
0.110793,0,-0.0747555,0.0014025,0.916
0.111853,0,-0.0653013,0.00169388,0.912
0.113593,0,-0.0545014,0.00231476,0.909
0.11575,0,-0.04234,0.00329015,0.908
0.116458,0,-0.032666,0.00463222,0.908
0.117052,0,-0.020862,0.00610444,0.906
0.117058,0,-0.00781551,0.0077569,0.905
0.116105,0,0.00316806,0.00940729,0.904
0.114618,0,0.0146487,0.0109782,0.902
0.112703,0,0.0244882,0.0123496,0.901
0.110412,0,0.0353807,0.0133971,0.899
0.109531,0,0.0477446,0.0153771,0.89
0.107254,0,0.0572805,0.0155972,0.887
0.105414,0,0.064865,0.0151838,0.885
0.103453,0,0.0724176,0.0139197,0.883
0.101648,0,0.0788987,0.011554,0.881
0.0993252,0,0.0857046,0.00768832,0.879
0.0973145,0,0.0909852,-0.00227966,0.879
0.0935744,0,0.0948902,-0.013982,0.879
0.0883397,0,0.0979784,-0.0286294,0.879
0.0820992,0,0.0996918,-0.0444697,0.879
0.100564,0,0.100236,0,0.879
0.100564,0,0.100236,0,0.879
0.100564,0,0.100236,0,0.879
0.100564,0,0.100236,0,0.879
0.100564,0,0.100236,0,0.879
0.100564,0,0.100236,0,0.879
0.100564,0,0.100236,0,0.879
0.100564,0,0.100236,0,0.879
0.1,-0.103382,0,0,0.896
0.1,-0.103382,0,0,0.896
0.1,-0.103382,0,0,0.896
0.1,-0.103382,0,0,0.896
0.1,-0.103382,0,0,0.896
0.1,-0.103382,0,0,0.896
0.1,-0.103382,0,0,0.896
0.05,-0.103307,0,0,0.729
0.0979436,-0.101693,0,-0.00709974,0.82
0.0867986,-0.0994888,0,-0.00536131,0.835
0.0846996,-0.09604,0,-0.00506721,0.851
0.0817889,-0.0919054,0,-0.00519825,0.864
0.0772862,-0.0871954,0,-0.00558595,0.869
0.0740781,-0.081058,0,-0.00643612,0.868
0.070569,-0.0738272,0,-0.00773867,0.865
0.0690937,-0.0667024,0,-0.00948107,0.865
0.0707024,-0.0592687,0,-0.0114647,0.867
0.0730617,-0.050473,0,-0.0133136,0.87
0.076614,-0.0413253,0,-0.0148206,0.876
0.081398,-0.0310539,0,-0.016103,0.883
0.0817054,-0.0225344,0,-0.0158573,0.892
0.0855291,-0.0143638,0,-0.016179,0.899
0.0886508,-0.00569628,0,-0.016328,0.904
0.0869709,0.00164102,0,-0.015349,0.908
0.0887118,0.0117142,0,-0.0153902,0.909
0.0898751,0.0227599,0,-0.0156357,0.91
0.0904352,0.0318276,0,-0.0162014,0.911
0.0905688,0.0405673,0,-0.0173904,0.911
0.0900814,0.0489291,0,-0.0194354,0.912
0.089431,0.0553141,0,-0.0225064,0.912
0.0883429,0.0606439,0,-0.0271093,0.912
0.0857758,0.0657155,0,-0.0342399,0.911
0.0826701,0.0684191,0,-0.0444726,0.91
0.0761329,0.0732455,0,-0.05843,0.91
0.0751253,0.0764072,0,-0.0649603,0.91
0.0660048,0.0796747,0,-0.0839952,0.91
0.0599997,0.081454,0,-0.0900003,0.91
0.0599988,0.0821835,0,-0.0900012,0.91
0.094495,0.0821928,0,0,0.91
0.094495,0.0821928,0,0,0.91
0.094495,0.0821928,0,0,0.91
0.094495,0.0821928,0,0,0.91
0.094495,0.0821928,0,0,0.91
0.094495,0.0821928,0,0,0.91
0.094495,0.0821928,0,0,0.91
0.1,0,-0.0699988,0,0.901
0.1,0,-0.0699988,0,0.901
0.1,0,-0.0699988,0,0.901
0.1,0,-0.0699988,0,0.901
0.1,0,-0.0699988,0,0.901
0.1,0,-0.0699988,0,0.901
0.1,0,-0.0699988,0,0.901
0.1,0,-0.0699988,0,0.901
0.1,0,-0.0693907,0,0.901
0.0694208,0,-0.0680319,-0.00638493,0.841
0.0992159,0,-0.0656867,-0.00559496,0.909
0.0953521,0,-0.0628499,-0.00370468,0.918
0.09567,0,-0.0589571,-0.00236013,0.922
0.097798,0,-0.0541082,-0.00161195,0.918
0.100052,0,-0.047959,-0.00104884,0.912
0.102813,0,-0.0413863,-0.000490662,0.91
0.107339,0,-0.0331739,0.000114923,0.9
0.109188,0,-0.0247451,0.00104505,0.894
0.111775,0,-0.0139445,0.00222201,0.889
0.114288,0,-0.00338043,0.0040072,0.878
0.116793,0,0.0082138,0.00596674,0.879
0.117746,0,0.0182831,0.00822958,0.879
0.117559,0,0.0264522,0.0107363,0.879
0.117641,0,0.0369081,0.0131465,0.879
0.116706,0,0.0451436,0.015832,0.88
0.11559,0,0.0543294,0.0203069,0.881
0.114026,0,0.0622636,0.0203069,0.882
0.1123,0,0.0691583,0.0221479,0.882
0.110427,0,0.0750374,0.0241574,0.881
0.108946,0,0.080813,0.0241574,0.882
0.107311,0,0.0858224,0.0238391,0.882
0.105705,0,0.089986,0.02189,0.883
0.103844,0,0.0945215,0.0175824,0.884
0.0987879,0,0.0987777,0.00356149,0.884
0.0947593,0,0.101903,-0.00966062,0.884
0.0891882,0,0.10409,-0.0259029,0.884
0.0823488,0,0.105205,-0.0430481,0.884
0.100188,0,0.10526,0,0.884
0.100188,0,0.10526,0,0.884
0.100188,0,0.10526,0,0.884
0.100188,0,0.10526,0,0.884
0.100188,0,0.10526,0,0.884
0.100188,0,0.10526,0,0.884
0.100188,0,0.10526,0,0.884
0.1,-0.119644,0,0,0.9
0.1,-0.119644,0,0,0.9
0.1,-0.119644,0,0,0.9
0.1,-0.119644,0,0,0.9
0.1,-0.119644,0,0,0.9
0.1,-0.119644,0,0,0.9
0.1,-0.119644,0,0,0.9
0.1,-0.119644,0,0,0.9
0.15,-0.119038,0,0,0.807
0.15538,-0.116936,0,0.0070003,0.839
0.147859,-0.112809,0,0.00895156,0.84
0.132391,-0.107198,0,0.00989043,0.828
0.118681,-0.0991412,0,0.00989043,0.804
0.109448,-0.0879956,0,0.00897671,0.786
0.107317,-0.0797971,0,0.00711787,0.791
0.106117,-0.0680491,0,0.00551499,0.797
0.107926,-0.0577256,0,0.00441875,0.806
0.110641,-0.0492237,0,0.00381165,0.828
0.113501,-0.0412221,0,0.0040065,0.85
0.1148,-0.0327197,0,0.00471434,0.863
0.113034,-0.0247068,0,0.00745705,0.876
0.115453,-0.0121862,0,0.00745705,0.876
0.115357,-0.000618955,0,0.00922462,0.878
0.114564,0.0101359,0,0.010911,0.881
0.113273,0.0206754,0,0.0123495,0.882
0.111605,0.0308903,0,0.0134154,0.883
0.109698,0.0407745,0,0.014117,0.883
0.107622,0.0507732,0,0.0142274,0.882
0.105709,0.0591194,0,0.0136719,0.881
0.103666,0.0675731,0,0.012193,0.879
0.101735,0.0749828,0,0.00533272,0.876
0.0992947,0.0820765,0,0.00533272,0.873
0.0967247,0.0879546,0,-0.000970102,0.873
0.0910582,0.0926248,0,-0.0154862,0.873
0.0862174,0.0960775,0,-0.0293258,0.873
0.0795892,0.0987294,0,-0.0455778,0.873
0.0735078,0.0994361,0,-0.0606504,0.873
0.0735078,0.0994361,0,0,0.873
0.0735078,0.0994361,0,0,0.873
0.0735078,0.0994361,0,0,0.873
0.0735078,0.0994361,0,0,0.873
0.0735078,0.0994361,0,0,0.873
0.0735078,0.0994361,0,0,0.873
0.0735078,0.0994361,0,0,0.873
0.1,0,-0.11872,0,0.856
0.1,0,-0.11872,0,0.856
0.1,0,-0.11872,0,0.856
0.1,0,-0.11872,0,0.856
0.1,0,-0.11872,0,0.856
0.1,0,-0.11872,0,0.856
0.1,0,-0.11872,0,0.856
0.071037,0,-0.118719,0,0.883
0.0934176,0,-0.118055,0,0.866
0.127121,0,-0.115479,-0.00168672,0.897
0.124659,0,-0.112123,0.000281826,0.9
0.122644,0,-0.106557,0.0017326,0.896
0.117876,0,-0.100525,0.00267237,0.894
0.114035,0,-0.0934453,0.00297345,0.891
0.113499,0,-0.085516,0.0031556,0.884
0.112343,0,-0.0753239,0.00310319,0.881
0.112436,0,-0.0672762,0.00318843,0.88
0.1131,0,-0.0571923,0.00357023,0.88
0.114331,0,-0.0456173,0.00431371,0.879
0.11579,0,-0.0329578,0.00547087,0.88
0.11682,0,-0.0209311,0.00697757,0.881
0.117311,0,-0.00891075,0.00878007,0.882
0.117147,0,0.00254548,0.0107191,0.884
0.116315,0,0.0135028,0.012694,0.886
0.114988,0,0.0239226,0.0143659,0.887
0.113244,0,0.0339716,0.0157507,0.888
0.111199,0,0.0435518,0.0166522,0.889
0.109,0,0.0523485,0.0169095,0.89
0.106977,0,0.0598057,0.0163276,0.891
0.105051,0,0.0669485,0.0145865,0.891
0.102786,0,0.0741812,0.0113503,0.891
0.100755,0,0.0795802,0.00617339,0.891
0.0982236,0,0.0850222,-0.00160712,0.89
0.0935724,0,0.0904737,-0.0145266,0.89
0.0884467,0,0.094642,-0.0295784,0.89
0.0821149,0,0.0973371,-0.0470361,0.89
0.0748781,0,0.0990642,-0.0643444,0.89
0.098105,0,0.0994269,0,0.89
0.098105,0,0.0994269,0,0.89
0.098105,0,0.0994269,0,0.89
0.098105,0,0.0994269,0,0.89
0.098105,0,0.0994269,0,0.89
0.098105,0,0.0994269,0,0.89
0.098105,0,0.0994269,0,0.89
0.098105,0,0.0994269,0,0.89
0.1,-0.117985,0,0,0.897
0.1,-0.117985,0,0,0.897
0.1,-0.117985,0,0,0.897
0.1,-0.117985,0,0,0.897
0.1,-0.117985,0,0,0.897
0.1,-0.117985,0,0,0.897
0.1,-0.117985,0,0,0.897
0.0784281,-0.117723,0,0,0.7
0.141415,-0.11587,0,-0.000238684,0.884
0.102742,-0.111898,0,0.00089296,0.809
0.128465,-0.108326,0,0.00242617,0.896
0.112984,-0.103244,0,0.00207751,0.891
0.116828,-0.0973638,0,0.00223949,0.908
0.111505,-0.0912914,0,0.0019546,0.914
0.112495,-0.0843587,0,0.00192723,0.917
0.113902,-0.0747738,0,0.00205522,0.918
0.114913,-0.0656656,0,0.00245453,0.916
0.115714,-0.05535,0,0.00315826,0.912
0.116634,-0.0436825,0,0.00416835,0.909
0.117787,-0.0311294,0,0.00544422,0.909
0.117975,-0.0194278,0,0.0069137,0.908
0.117301,-0.00962124,0,0.00853935,0.908
0.116355,0.00179073,0,0.0100549,0.907
0.114785,0.0138899,0,0.0114954,0.907
0.112906,0.0235478,0,0.0127308,0.906
0.110839,0.0326781,0,0.0135741,0.906
0.1088,0.0411653,0,0.0139532,0.905
0.1064,0.0502756,0,0.0137257,0.905
0.104217,0.0583836,0,0.012847,0.904
0.102324,0.0649842,0,0.0111144,0.904
0.100316,0.0713366,0,0.00825731,0.904
0.0980471,0.0770363,0,0.00398945,0.904
0.095665,0.0817716,0,-0.00212955,0.903
0.0960353,0.0871002,0,-0.0101137,0.903
0.0917142,0.0911366,0,-0.0231599,0.903
0.0857419,0.0941976,0,-0.038866,0.903
0.0791327,0.0958939,0,-0.0547605,0.903
0.0974926,0.0963386,0,0,0.903
0.0974926,0.0963386,0,0,0.903
0.0974926,0.0963386,0,0,0.903
0.0974926,0.0963386,0,0,0.903
0.0974926,0.0963386,0,0,0.903
0.0974926,0.0963386,0,0,0.903
0.0974926,0.0963386,0,0,0.903
0.0974926,0.0963386,0,0,0.903
0.1,0,-0.114211,0,0.9
0.1,0,-0.114211,0,0.9
0.1,0,-0.114211,0,0.9
0.1,0,-0.114211,0,0.9
0.1,0,-0.114211,0,0.9
0.1,0,-0.114211,0,0.9
0.1,0,-0.114211,0,0.9
0.100056,0,-0.114027,0,0.77
0.141528,0,-0.112596,0.00175315,0.89
0.1302,0,-0.110319,0.003361,0.902
0.123992,0,-0.106465,0.003361,0.906
0.119334,0,-0.10101,0.00361387,0.906
0.116083,0,-0.0948154,0.00356081,0.905
0.114528,0,-0.0886892,0.0034134,0.904
0.113783,0,-0.0797499,0.00332601,0.903
0.114132,0,-0.0707869,0.00344011,0.902
0.114748,0,-0.0619957,0.0038044,0.901
0.115631,0,-0.0517946,0.00441927,0.9
0.118456,0,-0.0390755,0.00559752,0.894
0.118976,0,-0.0262572,0.00691566,0.893
0.118716,0,-0.0162373,0.00839128,0.893
0.118332,0,-0.00352593,0.0100044,0.893
0.117217,0,0.006185,0.0116499,0.893
0.115837,0,0.0164811,0.0131949,0.893
0.114048,0,0.0273906,0.0145794,0.893
0.112085,0,0.0371791,0.0154974,0.893
0.110093,0,0.045551,0.0159751,0.894
0.108057,0,0.0538928,0.0158332,0.894
0.105816,0,0.0622923,0.0148912,0.894
0.103974,0,0.069052,0.0129399,0.894
0.101857,0,0.0755259,0.0095934,0.894
0.0996892,0,0.0809886,0.00433296,0.893
0.0970594,0,0.0870482,-0.00329253,0.89
0.0927053,0,0.0916719,-0.0156365,0.89
0.0872718,0,0.0955823,-0.0299288,0.89
0.0806026,0,0.0980326,-0.0461165,0.89
0.0737483,0,0.0991388,0,0.89
0.0980441,0,0.0991941,0,0.89
0.0980441,0,0.0991941,0,0.89
0.0980441,0,0.0991941,0,0.89
0.0980441,0,0.0991941,0,0.89
0.0980441,0,0.0991941,0,0.89
0.0980441,0,0.0991941,0,0.89
0.0980441,0,0.0991941,0,0.89
0.1,-0.118898,0,0,0.899
0.1,-0.118898,0,0,0.899
0.1,-0.118898,0,0,0.899
0.1,-0.118898,0,0,0.899
0.1,-0.118898,0,0,0.899
0.1,-0.118898,0,0,0.899
0.1,-0.118898,0,0,0.899
0.1,-0.118898,0,0,0.899
0.0964333,-0.118233,0,0,0.793
0.136941,-0.115901,0,0.00103507,0.895
0.125874,-0.113125,0,0.00185913,0.912
0.119397,-0.109161,0,0.00261746,0.916
0.113851,-0.102905,0,0.00261746,0.912
0.111425,-0.0972533,0,0.00249428,0.91
0.110163,-0.0890328,0,0.00230636,0.91
0.112798,-0.0806282,0,0.00228814,0.905
0.113904,-0.070258,0,0.00244989,0.903
0.115354,-0.0598028,0,0.00294641,0.902
0.116802,-0.0486329,0,0.00379698,0.901
0.11754,-0.0384991,0,0.00498935,0.9
0.118128,-0.0268941,0,0.00652773,0.899
0.118421,-0.0147665,0,0.00816726,0.899
0.117977,-0.0034262,0,0.00995826,0.899
0.117029,0.00791984,0,0.0117385,0.899
0.115596,0.0182285,0,0.0133836,0.899
0.113762,0.0291158,0,0.0147562,0.899
0.111697,0.0388026,0,0.0157339,0.899
0.10966,0.0471569,0,0.0161926,0.899
0.107471,0.0555461,0,0.0159955,0.899
0.105341,0.0632211,0,0.0149655,0.899
0.103277,0.0704242,0,0.0128803,0.898
0.101199,0.0766571,0,0.00940546,0.897
0.0987127,0.0819284,0,0.00406075,0.896
0.0958444,0.0874733,0,-0.00371378,0.896
0.0919656,0.0921925,0,-0.0144529,0.896
0.0867714,0.0956144,0,-0.0283111,0.896
0.076519,0.0977692,0,-0.0591414,0.896
0.0736579,0.0985528,0,-0.0591414,0.896
0.0971602,0.0985601,0,0,0.896
0.0971602,0.0985601,0,0,0.896
0.0971602,0.0985601,0,0,0.896
0.0971602,0.0985601,0,0,0.896
0.0971602,0.0985601,0,0,0.896
0.0971602,0.0985601,0,0,0.896
0.0971602,0.0985601,0,0,0.896
0.1,0,-0.117904,0,0.9
0.1,0,-0.117904,0,0.9
0.1,0,-0.117904,0,0.9
0.1,0,-0.117904,0,0.9
0.1,0,-0.117904,0,0.9
0.1,0,-0.117904,0,0.9
0.1,0,-0.117904,0,0.9
0.0938848,0,-0.117894,0,0.794
0.105037,0,-0.116622,0,0.795
0.139992,0,-0.114624,0.00238965,0.893
0.12773,0,-0.110717,0.00289973,0.906
0.120624,0,-0.106095,0.00320369,0.909
0.116563,0,-0.100643,0.00318795,0.908
0.114489,0,-0.0946818,0.00297075,0.908
0.113395,0,-0.0868701,0.00276277,0.907
0.113592,0,-0.0782355,0.00296043,0.907
0.114405,0,-0.0689304,0.00296043,0.905
0.115692,0,-0.0583728,0.0034602,0.903
0.116562,0,-0.0484716,0.0043757,0.902
0.117511,0,-0.0366706,0.0055753,0.901
0.117934,0,-0.025411,0.00702441,0.901
0.117935,0,-0.0135189,0.00864,0.9
0.117464,0,-0.000808762,0.0103292,0.9
0.116323,0,0.00944493,0.0119579,0.9
0.114763,0,0.0207004,0.0134332,0.9
0.112844,0,0.0307892,0.0146169,0.9
0.110686,0,0.0404941,0.0153713,0.9
0.108631,0,0.0483016,0.0156215,0.901
0.106495,0,0.0566044,0.0151549,0.9
0.10436,0,0.0640618,0.0138273,0.9
0.102299,0,0.0707365,0.0114489,0.9
0.100177,0,0.0767221,0.00768422,0.899
0.0976643,0,0.0818686,0.00204098,0.898
0.0948393,0,0.0871224,-0.00600258,0.898
0.0911951,0,0.0918151,-0.01606,0.898
0.086141,0,0.0948936,-0.0298135,0.898
0.0793427,0,0.097157,-0.0453211,0.898
0.0729787,0,0.0977959,-0.0600008,0.898
0.0729787,0,0.0977964,0,0.898
0.0729787,0,0.0977964,0,0.898
0.0729787,0,0.0977964,0,0.898
0.0729787,0,0.0977964,0,0.898
0.0729787,0,0.0977964,0,0.898
0.0729787,0,0.0977964,0,0.898
0.0729787,0,0.0977964,0,0.898
0.1,-0.117449,0,0,0.88
0.1,-0.117449,0,0,0.88
0.1,-0.117449,0,0,0.88
0.1,-0.117449,0,0,0.88
0.1,-0.117449,0,0,0.88
0.1,-0.117449,0,0,0.88
0.1,-0.117449,0,0,0.88
0.0951375,-0.117447,0,0,0.778
0.105475,-0.116181,0,0,0.775
0.140044,-0.113807,0,0.00298912,0.89
0.127146,-0.110491,0,0.00334695,0.905
0.120491,-0.105905,0,0.00334695,0.908
0.116314,-0.0994335,0,0.00329804,0.908
0.114291,-0.0928339,0,0.00308308,0.908
0.113522,-0.0849353,0,0.0029141,0.906
0.113817,-0.0765841,0,0.00292669,0.905
0.114912,-0.0661403,0,0.00321033,0.904
0.115973,-0.0566743,0,0.00378243,0.903
0.116955,-0.045872,0,0.00475635,0.902
0.117873,-0.0339952,0,0.00594179,0.901
0.118,-0.02313,0,0.00740332,0.9
0.11775,-0.0121777,0,0.00901115,0.9
0.117071,-0.000482966,0,0.0106739,0.899
0.115884,0.0114678,0,0.0122642,0.899
0.114238,0.0220331,0,0.0136514,0.899
0.112277,0.0316886,0,0.0147304,0.9
0.110027,0.0412337,0,0.0154627,0.9
0.107826,0.0499209,0,0.0154627,0.9
0.105923,0.0574401,0,0.0133933,0.9
0.103552,0.0655347,0,0.0133933,0.899
0.101611,0.0713049,0,0.0110551,0.899
0.0994736,0.076844,0,0.000911803,0.899
0.0963575,0.0824964,0,-0.00815552,0.897
0.0936618,0.0873315,0,-0.00815552,0.897
0.0902846,0.0916856,0,-0.0180486,0.897
0.0848694,0.0948743,0,-0.0320102,0.897
0.0784587,0.0968005,0,-0.047176,0.897
0.072485,0.0973746,0,-0.061233,0.897
0.072485,0.0973746,0,0,0.897
0.072485,0.0973746,0,0,0.897
0.072485,0.0973746,0,0,0.897
0.072485,0.0973746,0,0,0.897
0.072485,0.0973746,0,0,0.897
0.072485,0.0973746,0,0,0.897
0.072485,0.0973746,0,0,0.897
0.1,0,-0.116695,0,0.88
0.1,0,-0.116695,0,0.88
0.1,0,-0.116695,0,0.88
0.1,0,-0.116695,0,0.88
0.1,0,-0.116695,0,0.88
0.1,0,-0.116695,0,0.88
0.1,0,-0.116695,0,0.88
0.0968857,0,-0.116636,0,0.767
0.132551,0,-0.115216,0.00101468,0.898
0.131567,0,-0.112474,0.00251688,0.908
0.125293,0,-0.109221,0.00316949,0.913
0.1191,0,-0.103674,0.00338834,0.91
0.115588,0,-0.0978683,0.00327,0.909
0.114059,0,-0.0916303,0.00304538,0.908
0.113478,0,-0.0827353,0.00289791,0.907
0.113885,0,-0.0749473,0.00297033,0.906
0.114871,0,-0.0654661,0.0032695,0.905
0.11601,0,-0.0549896,0.0039418,0.904
0.11711,0,-0.0436022,0.00491042,0.903
0.118061,0,-0.0306155,0.0061533,0.901
0.11797,0,-0.0206349,0.00761409,0.901
0.117456,0,-0.0104174,0.00926545,0.901
0.116674,0,0.00115638,0.01084,0.9
0.115366,0,0.012076,0.0123523,0.9
0.113682,0,0.0225248,0.0136343,0.9
0.111579,0,0.0334116,0.0145454,0.9
0.109593,0,0.0413501,0.015095,0.901
0.107391,0,0.0499566,0.0150493,0.901
0.105207,0,0.0578797,0.0143121,0.901
0.103073,0,0.0653805,0.0127202,0.9
0.100983,0,0.0717348,0.0100351,0.9
0.0988419,0,0.0773847,0.00591114,0.899
0.0985622,0,0.0872861,-4.69962e-05,0.892
0.0945979,0,0.0919738,-0.0118016,0.892
0.0897798,0,0.0958605,-0.0254075,0.892
0.0834726,0,0.0986792,-0.0411389,0.892
0.0772748,0,0.100058,-0.0557981,0.892
0.0984263,0,0.100242,0,0.892
0.0984263,0,0.100242,0,0.892
0.0984263,0,0.100242,0,0.892
0.0984263,0,0.100242,0,0.892
0.0984263,0,0.100242,0,0.892
0.0984263,0,0.100242,0,0.892
0.0984263,0,0.100242,0,0.892
0.1,-0.119591,0,0,0.898
0.1,-0.119591,0,0,0.898
0.1,-0.119591,0,0,0.898
0.1,-0.119591,0,0,0.898
0.1,-0.119591,0,0,0.898
0.1,-0.119591,0,0,0.898
0.1,-0.119591,0,0,0.898
0.1,-0.119591,0,0,0.898
0.0920051,-0.119076,0,0,0.735
0.14442,-0.117337,0,0.0024498,0.889
0.130634,-0.114055,0,0.0024498,0.91
0.124268,-0.110223,0,0.00310823,0.915
0.118748,-0.104192,0,0.00329122,0.913
0.11484,-0.0977361,0,0.00319727,0.91
0.113492,-0.0905926,0,0.00293672,0.91
0.113206,-0.0833235,0,0.00293672,0.909
0.113847,-0.0734121,0,0.00305167,0.908
0.115053,-0.0627543,0,0.00348833,0.907
0.118343,-0.0504942,0,0.00436433,0.902
0.118984,-0.0401024,0,0.00546777,0.901
0.119423,-0.0282295,0,0.00687807,0.9
0.119246,-0.0165736,0,0.00850272,0.899
0.118731,-0.00341836,0,0.0102238,0.898
0.117538,0.00820018,0,0.0119512,0.897
0.11474,0.0171833,0,0.0149554,0.898
0.114059,0.0280214,0,0.0149554,0.897
0.112,0.0375621,0,0.0159627,0.897
0.109889,0.0465148,0,0.0165025,0.897
0.107781,0.054831,0,0.0163464,0.897
0.1057,0.0626758,0,0.0154058,0.897
0.103491,0.0701972,0,0.0134338,0.897
0.101464,0.0765563,0,0.01008,0.896
0.0994494,0.081393,0,0.00482321,0.895
0.0965399,0.0880241,0,-0.00294837,0.893
0.0923691,0.0927166,0,-0.0147155,0.893
0.0873708,0.0960052,0,-0.028773,0.893
0.0808368,0.0983287,0,-0.0448243,0.893
0.0739636,0.0992868,0,-0.0599452,0.893
0.0974835,0.099291,0,0,0.893
0.0974835,0.099291,0,0,0.893
0.0974835,0.099291,0,0,0.893
0.0974835,0.099291,0,0,0.893
0.0974835,0.099291,0,0,0.893
0.0974835,0.099291,0,0,0.893
0.0974835,0.099291,0,0,0.893
0.1,0,-0.118911,0,0.9
0.1,0,-0.118911,0,0.9
0.1,0,-0.118911,0,0.9
0.1,0,-0.118911,0,0.9
0.1,0,-0.118911,0,0.9
0.1,0,-0.118911,0,0.9
0.1,0,-0.118911,0,0.9
0.089019,0,-0.1189,0,0.779
0.0992889,0,-0.117742,0,0.778
0.140796,0,-0.115586,0.00212273,0.891
0.128038,0,-0.112344,0.00264101,0.906
0.121204,0,-0.107704,0.00305009,0.909
0.116677,0,-0.101406,0.00308739,0.908
0.114214,0,-0.0945187,0.00291065,0.908
0.11332,0,-0.0871401,0.00271996,0.907
0.113531,0,-0.0780638,0.00267963,0.905
0.114377,0,-0.0693461,0.00288104,0.904
0.115644,0,-0.058877,0.0034234,0.903
0.116861,0,-0.0477341,0.00431641,0.902
0.118146,0,-0.0343277,0.00552385,0.9
0.118142,0,-0.0245311,0.00704774,0.9
0.118067,0,-0.0131588,0.00864645,0.899
0.117455,0,-0.00220765,0.0103799,0.899
0.116432,0,0.00994284,0.01207,0.899
0.114906,0,0.0198397,0.0135952,0.899
0.11308,0,0.0297451,0.0148185,0.9
0.110908,0,0.040071,0.0156412,0.9
0.108667,0,0.048905,0.0159432,0.9
0.106465,0,0.0570724,0.0155517,0.9
0.104291,0,0.0644828,0.0142928,0.9
0.102401,0,0.0709858,0.0119509,0.899
0.100093,0,0.0773517,0.0081837,0.898
0.0978777,0,0.0819444,0.00254094,0.897
0.0949898,0,0.0873709,-0.0055167,0.897
0.0911733,0,0.0921723,-0.015949,0.897
0.0861437,0,0.0952218,-0.0295805,0.897
0.0796698,0,0.0972988,-0.0450063,0.897
0.0732315,0,0.0980128,-0.0596023,0.897
0.0732315,0,0.0980128,0,0.897
0.0732315,0,0.0980128,0,0.897
0.0732315,0,0.0980128,0,0.897
0.0732315,0,0.0980128,0,0.897
0.0732315,0,0.0980128,0,0.897
0.0732315,0,0.0980128,0,0.897
0.0732315,0,0.0980128,0,0.897
0.1,-0.117696,0,0,0.88
0.1,-0.117696,0,0,0.88
0.1,-0.117696,0,0,0.88
0.1,-0.117696,0,0,0.88
0.1,-0.117696,0,0,0.88
0.1,-0.117696,0,0,0.88
0.1,-0.117696,0,0,0.88
0.0967439,-0.117625,0,0,0.776
0.107844,-0.115945,0,0,0.783
0.140281,-0.113619,0,0.00297176,0.891
0.127017,-0.109969,0,0.0031395,0.906
0.121038,-0.105913,0,0.00334608,0.91
0.116881,-0.0999427,0,0.00331295,0.908
0.114852,-0.0933635,0,0.00311765,0.908
0.113996,-0.0853834,0,0.00297063,0.907
0.114236,-0.0768332,0,0.00330644,0.906
0.115317,-0.0657525,0,0.00330644,0.904
0.119993,-0.0545758,0,0.00391734,0.902
0.119166,-0.0446159,0,0.00559974,0.901
0.118819,-0.0332506,0,0.00700757,0.901
0.11833,-0.0219852,0,0.00829643,0.9
0.117577,-0.010927,0,0.00962267,0.9
0.116457,0.000259026,0,0.0109501,0.9
0.114957,0.0105357,0,0.0121914,0.9
0.11318,0.0209763,0,0.0132159,0.9
0.111247,0.0306594,0,0.0139351,0.9
0.109181,0.0400422,0,0.0142532,0.9
0.107087,0.04881,0,0.0140724,0.9
0.105016,0.0569102,0,0.0132774,0.9
0.102822,0.0647864,0,0.0116996,0.9
0.101685,0.0722233,0,0.00518542,0.898
0.0987978,0.0770748,0,0.00518542,0.899
0.0966112,0.0817419,0,-0.000583552,0.898
0.0934368,0.0871195,0,-0.00902584,0.898
0.0904753,0.0913357,0,-0.0180669,0.898
0.0852427,0.094701,0,-0.0308802,0.898
0.0790761,0.0965216,0,-0.0452532,0.898
0.073555,0.0970029,0,-0.0586224,0.898
0.073555,0.0970029,0,0,0.898
0.073555,0.0970029,0,0,0.898
0.073555,0.0970029,0,0,0.898
0.073555,0.0970029,0,0,0.898
0.073555,0.0970029,0,0,0.898
0.073555,0.0970029,0,0,0.898
0.073555,0.0970029,0,0,0.898
0.1,0,-0.115913,0,0.881
0.1,0,-0.115913,0,0.881
0.1,0,-0.115913,0,0.881
0.1,0,-0.115913,0,0.881
0.1,0,-0.115913,0,0.881
0.1,0,-0.115913,0,0.881
0.1,0,-0.115913,0,0.881
0.0970357,0,-0.115853,0,0.762
0.131797,0,-0.1147,0.00116111,0.898
0.131508,0,-0.112131,0.00260137,0.908
0.12474,0,-0.108031,0.00323573,0.913
0.119409,0,-0.1032,0.0034188,0.91
0.116116,0,-0.0977623,0.00330165,0.909
0.114375,0,-0.0908996,0.00309586,0.908
0.113869,0,-0.0820115,0.00297597,0.907
0.114459,0,-0.0730704,0.0030614,0.906
0.115407,0,-0.063765,0.0034222,0.905
0.116367,0,-0.0540624,0.00408575,0.904
0.117331,0,-0.0429961,0.00505702,0.903
0.118062,0,-0.0309152,0.00629538,0.902
0.118264,0,-0.0189001,0.00773611,0.901
0.11755,0,-0.00994761,0.00931263,0.901
0.116677,0,0.00154452,0.0109202,0.9
0.115309,0,0.0123923,0.0124143,0.9
0.113576,0,0.0230516,0.0136579,0.9
0.111484,0,0.0333457,0.0145721,0.9
0.109415,0,0.042053,0.015032,0.9
0.107081,0,0.0509941,0.0149385,0.9
0.105009,0,0.058445,0.0141585,0.9
0.102801,0,0.0657124,0.0125214,0.9
0.100656,0,0.0721294,0.00977583,0.9
0.0985549,0,0.0775407,0.0056245,0.899
0.0986449,0,0.086628,-0.000511952,0.892
0.0944072,0,0.0918548,-0.0123314,0.892
0.0896714,0,0.0957246,-0.0258993,0.892
0.08342,0,0.0986332,-0.0411627,0.892
0.0770314,0,0.0999695,-0.0558615,0.892
0.0984173,0,0.100087,0,0.892
0.0984173,0,0.100087,0,0.892
0.0984173,0,0.100087,0,0.892
0.0984173,0,0.100087,0,0.892
0.0984173,0,0.100087,0,0.892
0.0984173,0,0.100087,0,0.892
0.0984173,0,0.100087,0,0.892
0.1,-0.119366,0,0,0.898
0.1,-0.119366,0,0,0.898
0.1,-0.119366,0,0,0.898
0.1,-0.119366,0,0,0.898
0.1,-0.119366,0,0,0.898
0.1,-0.119366,0,0,0.898
0.1,-0.119366,0,0,0.898
0.1,-0.119366,0,0,0.898
0.0936813,-0.118675,0,0,0.736
0.144614,-0.117043,0,0.00202331,0.889
0.130724,-0.114127,0,0.00253191,0.91
0.123176,-0.109455,0,0.00331873,0.916
0.119369,-0.104743,0,0.00331873,0.914
0.115427,-0.0985267,0,0.00321057,0.91
0.113833,-0.0913323,0,0.00303461,0.91
0.113451,-0.0830957,0,0.00296412,0.909
0.114232,-0.0724486,0,0.00310738,0.908
0.115107,-0.0635775,0,0.00353586,0.907
0.118475,-0.050568,0,0.00445948,0.902
0.119064,-0.0402081,0,0.00557338,0.901
0.119745,-0.0268449,0,0.00698142,0.899
0.119641,-0.0145177,0,0.0086088,0.898
0.118796,-0.00446598,0,0.0103386,0.898
0.11761,0.00715464,0,0.0120908,0.897
0.114797,0.01731,0,0.0150471,0.898
0.114018,0.0283621,0,0.0150471,0.897
0.111868,0.038091,0,0.0160487,0.897
0.10965,0.0471837,0,0.0164997,0.897
0.107447,0.055605,0,0.0162936,0.897
0.105525,0.0628047,0,0.0152662,0.897
0.1035,0.0698248,0,0.0131842,0.897
0.101586,0.0761362,0,0.00974589,0.896
0.0993932,0.08136,0,0.0045113,0.895
0.0967578,0.0876057,0,-0.00311231,0.893
0.0926076,0.0923772,0,-0.0146686,0.893
0.087572,0.0959737,0,-0.0284661,0.893
0.0810769,0.0982944,0,-0.0441525,0.893
0.0744831,0.0992328,0,-0.0592853,0.893
0.0975552,0.0992556,0,0,0.893
0.0975552,0.0992556,0,0,0.893
0.0975552,0.0992556,0,0,0.893
0.0975552,0.0992556,0,0,0.893
0.0975552,0.0992556,0,0,0.893
0.0975552,0.0992556,0,0,0.893
0.0975552,0.0992556,0,0,0.893
0.1,0,-0.118872,0,0.899
0.1,0,-0.118872,0,0.899
0.1,0,-0.118872,0,0.899
0.1,0,-0.118872,0,0.899
0.1,0,-0.118872,0,0.899
0.1,0,-0.118872,0,0.899
0.1,0,-0.118872,0,0.899
0.1,0,-0.118872,0,0.899
0.0999722,0,-0.117906,0,0.789
0.13912,0,-0.115671,0.00189134,0.893
0.127208,0,-0.112307,0.00255428,0.905
0.120563,0,-0.107795,0.00292922,0.908
0.116677,0,-0.10217,0.00297428,0.908
0.114068,0,-0.0947932,0.00279934,0.907
0.113213,0,-0.0872304,0.00262994,0.906
0.113415,0,-0.0791733,0.00261008,0.905
0.114315,0,-0.06957,0.00285173,0.904
0.115626,0,-0.05894,0.00338707,0.902
0.116878,0,-0.0477752,0.00428577,0.901
0.117506,0,-0.0373652,0.0055028,0.9
0.117962,0,-0.02603,0.00697546,0.9
0.118043,0,-0.0137381,0.00862093,0.899
0.117513,0,-0.00215919,0.0103384,0.899
0.116467,0,0.00909894,0.0120168,0.899
0.114929,0,0.0204084,0.0135356,0.9
0.113075,0,0.0300357,0.0148134,0.9
0.111089,0,0.039135,0.0156305,0.9
0.108933,0,0.048093,0.0158882,0.9
0.106575,0,0.0569289,0.0155194,0.9
0.104436,0,0.064389,0.0143375,0.9
0.102333,0,0.0713326,0.0120555,0.899
0.100216,0,0.0772904,0.00831489,0.898
0.0979919,0,0.0818383,0.00268805,0.897
0.0950497,0,0.0874167,-0.00538599,0.897
0.091434,0,0.0918269,-0.0158209,0.897
0.0861282,0,0.0952679,-0.0295081,0.897
0.0797702,0,0.0973448,-0.0447319,0.897
0.07325,0,0.0980589,-0.0593716,0.897
0.07325,0,0.0980589,0,0.897
0.07325,0,0.0980589,0,0.897
0.07325,0,0.0980589,0,0.897
0.07325,0,0.0980589,0,0.897
0.07325,0,0.0980589,0,0.897
0.07325,0,0.0980589,0,0.897
0.07325,0,0.0980589,0,0.897
0.1,-0.117732,0,0,0.879
0.1,-0.117732,0,0,0.879
0.1,-0.117732,0,0,0.879
0.1,-0.117732,0,0,0.879
0.1,-0.117732,0,0,0.879
0.1,-0.117732,0,0,0.879
0.1,-0.117732,0,0,0.879
0.0971558,-0.117722,0,0,0.789
0.108562,-0.116345,0,0,0.79
