-0.102536,-0.0747103,2.94913e-05,0,-0.0150008,-0.102533,-0.10252
-0.102536,-0.0699229,3.44163e-05,-3.83387e-07,-0.0150013,-0.102528,-0.102529
-0.102536,-0.0713221,3.27672e-05,-1.04955e-06,-0.0148881,-0.102521,-0.103146
-0.102536,-0.0747371,2.89695e-05,-1.71232e-06,-0.0149064,-0.102515,-0.104027
-0.102536,-0.0776674,2.56732e-05,-2.30879e-06,-0.0150175,-0.102508,-0.104673
-0.102536,-0.0809233,2.2026e-05,-2.83709e-06,-0.0150542,-0.102501,-0.105435
-0.102536,-0.0849556,1.75579e-05,-3.29402e-06,-0.0150406,-0.102494,-0.106396
-0.102536,-0.0898903,1.21433e-05,-3.66529e-06,-0.015028,-0.102486,-0.107573
-0.102536,-0.0953787,6.15888e-06,-3.92981e-06,-0.0150209,-0.102479,-0.108859
-0.102536,-0.101277,-2.35679e-07,-4.07992e-06,-0.0150138,-0.102471,-0.110233
-0.102536,-0.107158,-6.58372e-06,-4.11677e-06,-0.0150048,-0.102462,-0.111582
-0.102536,-0.112828,-1.2676e-05,-4.02636e-06,-0.0149964,-0.102454,-0.112873
-0.102536,-0.117951,-1.81508e-05,-3.8033e-06,-0.0149885,-0.102444,-0.114019
-0.102536,-0.122279,-2.27475e-05,-3.47861e-06,-0.0149839,-0.102435,-0.114971
-0.102536,-0.125599,-2.62401e-05,-3.04664e-06,-0.0149855,-0.102425,-0.11568
-0.102536,-0.127799,-2.85114e-05,-2.53756e-06,-0.0149898,-0.102415,-0.116125
-0.102536,-0.128768,-2.94486e-05,-1.97755e-06,-0.0150001,-0.102405,-0.11628
-0.102536,-0.128469,-2.90165e-05,-1.3928e-06,-0.0150126,-0.102394,-0.116139
-0.102536,-0.12695,-2.72734e-05,-8.10523e-07,-0.0150253,-0.102384,-0.115719
-0.102536,-0.12429,-2.43077e-05,-2.57211e-07,-0.015037,-0.102372,-0.115039
-0.102536,-0.120866,-2.05284e-05,2.42289e-07,-0.0150459,-0.10236,-0.1142
-0.102536,-0.116744,-1.60088e-05,6.69864e-07,-0.0150504,-0.102348,-0.113202
-0.102536,-0.112231,-1.10822e-05,1.01038e-06,-0.0150498,-0.102334,-0.112128
-0.102536,-0.107678,-6.12582e-06,1.25419e-06,-0.0150497,-0.10232,-0.111061
-0.102536,-0.103416,-1.49161e-06,1.39901e-06,-0.0150418,-0.102305,-0.110076
-0.102536,-0.0995876,2.66504e-06,1.4497e-06,-0.0150248,-0.102288,-0.109197
-0.102536,-0.0962368,6.29526e-06,1.4151e-06,-0.0150152,-0.10227,-0.108428
-0.102536,-0.09367,9.07449e-06,1.30553e-06,-0.0150096,-0.102251,-0.107854
-0.102536,-0.0918571,1.10357e-05,1.13655e-06,-0.0150067,-0.10223,-0.107451
-0.102536,-0.0908994,1.20738e-05,9.24662e-07,-0.0150061,-0.102207,-0.107247
-0.102536,-0.0908343,1.21528e-05,6.87337e-07,-0.0150072,-0.102181,-0.107248
-0.102536,-0.0916673,1.12703e-05,4.44637e-07,-0.0150093,-0.102153,-0.107455
-0.102536,-0.0932379,9.60053e-06,2.15261e-07,-0.0150123,-0.102122,-0.107821
-0.102536,-0.0954688,7.22881e-06,1.57363e-08,-0.0150142,-0.102089,-0.108334
-0.102536,-0.0981722,4.35131e-06,-1.39513e-07,-0.0150144,-0.102052,-0.108943
-0.102536,-0.101116,1.21149e-06,-2.39487e-07,-0.0150138,-0.102012,-0.109594
-0.102536,-0.104043,-1.91744e-06,-2.77846e-07,-0.0150109,-0.101969,-0.110226
-0.102536,-0.106868,-4.94399e-06,-2.53578e-07,-0.0150087,-0.101923,-0.110826
-0.102536,-0.109535,-7.81016e-06,-1.68318e-07,-0.0150075,-0.101873,-0.111384
-0.102536,-0.111979,-1.04445e-05,-2.50122e-08,-0.0150073,-0.101818,-0.111883
-0.102536,-0.113974,-1.26092e-05,1.72024e-07,-0.0150083,-0.10176,-0.112263
-0.102536,-0.115529,-1.43164e-05,4.14467e-07,-0.0150104,-0.101697,-0.112538
-0.102536,-0.116504,-1.54175e-05,6.93113e-07,-0.0150133,-0.10163,-0.112667
-0.102536,-0.116887,-1.59037e-05,9.96508e-07,-0.0150171,-0.101557,-0.112654
-0.102536,-0.11668,-1.57789e-05,1.31239e-06,-0.0150215,-0.101479,-0.1125
-0.102536,-0.115861,-1.50237e-05,1.62853e-06,-0.0150261,-0.101395,-0.112197
-0.102536,-0.114562,-1.37806e-05,1.93354e-06,-0.0150304,-0.101305,-0.111783
-0.102536,-0.112945,-1.22241e-05,2.21474e-06,-0.0150316,-0.101207,-0.111297
-0.102536,-0.11105,-1.04006e-05,2.46623e-06,-0.0150318,-0.101103,-0.110741
-0.102536,-0.109099,-8.54689e-06,2.68245e-06,-0.0150316,-0.10099,-0.110176
-0.102536,-0.107256,-6.83933e-06,2.86173e-06,-0.0150271,-0.100869,-0.109634
-0.102536,-0.10553,-5.28724e-06,3.0062e-06,-0.0150238,-0.100739,-0.109111
-0.102536,-0.103914,-3.88783e-06,3.11815e-06,-0.0150218,-0.100598,-0.108603
-0.102536,-0.102423,-2.65582e-06,3.20221e-06,-0.0150202,-0.100447,-0.108113
-0.102536,-0.101267,-1.81198e-06,3.26087e-06,-0.0150186,-0.100284,-0.1077
-0.102536,-0.100423,-1.33264e-06,3.3009e-06,-0.015017,-0.100109,-0.107345
-0.102536,-0.100031,-1.36385e-06,3.33043e-06,-0.0150157,-0.0999208,-0.107087
-0.102536,-0.10009,-1.90521e-06,3.35752e-06,-0.0150149,-0.0997178,-0.106919
-0.102536,-0.100364,-2.70652e-06,3.39319e-06,-0.0150143,-0.0994991,-0.106773
-0.102536,-0.101231,-4.16617e-06,3.44371e-06,-0.0150144,-0.0992633,-0.106765
-0.102536,-0.102423,-5.99869e-06,3.52047e-06,-0.0150146,-0.0990087,-0.106799
-0.102536,-0.103824,-8.08048e-06,3.6322e-06,-0.0150148,-0.0987341,-0.106857
-0.102536,-0.105379,-1.03502e-05,3.78444e-06,-0.0150146,-0.0984378,-0.106925
-0.102536,-0.10702,-1.27457e-05,3.98123e-06,-0.0150139,-0.0981183,-0.106988
-0.102536,-0.108691,-1.51886e-05,4.22536e-06,-0.0150133,-0.097774,-0.107029
-0.102536,-0.110294,-1.75601e-05,4.5157e-06,-0.0150135,-0.0974029,-0.107023
-0.102536,-0.111758,-1.97757e-05,4.85623e-06,-0.0150143,-0.0970032,-0.106953
-0.102536,-0.112972,-2.1712e-05,5.24178e-06,-0.0150153,-0.0965725,-0.106789
-0.102536,-0.113922,-2.33514e-05,5.6673e-06,-0.0150164,-0.0961087,-0.106531
-0.102536,-0.114612,-2.4693e-05,6.12695e-06,-0.0150177,-0.0956091,-0.106176
-0.102536,-0.114916,-2.56027e-05,6.61478e-06,-0.0150195,-0.0950711,-0.105688
-0.102536,-0.114983,-2.62371e-05,7.12274e-06,-0.0150215,-0.0944916,-0.105111
-0.102536,-0.114656,-2.6431e-05,7.64462e-06,-0.0150235,-0.0938674,-0.10439
-0.102536,-0.114123,-2.63833e-05,8.17237e-06,-0.0150248,-0.0931954,-0.103584
-0.102536,-0.113419,-2.61348e-05,8.70025e-06,-0.0150258,-0.0924719,-0.10269
-0.102536,-0.112696,-2.58462e-05,9.22407e-06,-0.0150263,-0.0916932,-0.101743
-0.102536,-0.111858,-2.54184e-05,9.74229e-06,-0.0150261,-0.090855,-0.100707
-0.102536,-0.110924,-2.4873e-05,1.02526e-05,-0.0150255,-0.0899527,-0.0995855
-0.102536,-0.11016,-2.44951e-05,1.07525e-05,-0.0150247,-0.0889811,-0.0984481
-0.102536,-0.109576,-2.43127e-05,1.12441e-05,-0.0150237,-0.0879347,-0.0972786
-0.102536,-0.109209,-2.43713e-05,1.17312e-05,-0.0150226,-0.0868078,-0.0960809
-0.102536,-0.109089,-2.4698e-05,1.22182e-05,-0.0150214,-0.0855939,-0.0948549
-0.102536,-0.109243,-2.53139e-05,1.27107e-05,-0.0150204,-0.0842862,-0.0935979
-0.102536,-0.109593,-2.61323e-05,1.32139e-05,-0.0150196,-0.0828774,-0.0922779
-0.102536,-0.110354,-2.73759e-05,1.37308e-05,-0.0150188,-0.0813597,-0.0909478
-0.102536,-0.111588,-2.91027e-05,1.42715e-05,-0.0150181,-0.0797245,-0.0896014
-0.102536,-0.112897,-3.08876e-05,1.48406e-05,-0.0150173,-0.0779627,-0.0881105
-0.102536,-0.114576,-3.30399e-05,1.54485e-05,-0.0150164,-0.0760645,-0.0865615
-0.102536,-0.11669,-3.56226e-05,1.60953e-05,-0.0150153,-0.0740193,-0.0849412
-0.102536,-0.118772,-3.81298e-05,1.67897e-05,-0.0150143,-0.0718156,-0.0831009
-0.102536,-0.121324,-4.10811e-05,1.7536e-05,-0.0150126,-0.0694413,-0.0811895
-0.102536,-0.123664,-4.37585e-05,1.83444e-05,-0.0150107,-0.0668829,-0.0789848
-0.102536,-0.126346,-4.67509e-05,1.92061e-05,-0.0150085,-0.0641264,-0.0766754
-0.102536,-0.128736,-4.93879e-05,2.01277e-05,-0.0150073,-0.0611563,-0.0740718
-0.102536,-0.130683,-5.1511e-05,2.1101e-05,-0.0150054,-0.0579563,-0.0711961
-0.102536,-0.131891,-5.28031e-05,2.21216e-05,-0.0150044,-0.0545088,-0.0680285
-0.102536,-0.131636,-5.24947e-05,2.3168e-05,-0.0150044,-0.0507965,-0.0644628
-0.102536,-0.130009,-5.06786e-05,2.42202e-05,-0.0150063,-0.046805,-0.0606667
-0.102536,-0.126672,-4.69917e-05,2.52456e-05,-0.015009,-0.0425368,-0.0566678
-0.102536,-0.120378,-4.01096e-05,2.62131e-05,-0.0150118,-0.038062,-0.0522689
-0.0892061,-0.11084,-2.97311e-05,2.70497e-05,-0.0150123,-0.0337147,-0.0475863
-0.0755347,-0.0979992,-1.58016e-05,2.7691e-05,-0.0150086,-0.0298657,-0.0427037
-0.0618632,-0.0821204,1.39046e-06,2.80697e-05,-0.014989,-0.0266538,-0.0377103
-0.0481918,-0.0637439,2.12672e-05,2.81622e-05,-0.0149507,-0.0241527,-0.0327199
-0.0345204,-0.0436941,4.29487e-05,2.78263e-05,-0.0148888,-0.0224198,-0.0278841
-0.0208489,-0.0231321,6.51945e-05,2.71191e-05,-0.014803,-0.0215003,-0.0234098
-0.0071775,-0.00238615,8.76396e-05,2.59598e-05,-0.0147859,-0.0213997,-0.0192384
0,0.0152345,0.000106771,2.43754e-05,-0.0148338,-0.0219621,-0.0161738
0,0.0282056,0.000120982,2.23835e-05,-0.0146869,-0.0228791,-0.0143903
0,0.0381042,0.000131919,2.00704e-05,-0.0146496,-0.023943,-0.0133294
0,0.0445942,0.000139211,1.75031e-05,-0.0144198,-0.0251042,-0.0131545
0,0.0463081,0.000141416,1.47736e-05,-0.0137299,-0.0263543,-0.0142344
0,0.0444465,0.00013981,1.19563e-05,-0.0129141,-0.0276965,-0.016173
0,0.0402115,0.00013567,9.15205e-06,-0.0120261,-0.0291373,-0.0186997
0,0.0348839,0.00013036,6.41795e-06,-0.0111194,-0.0306842,-0.0215226
0,0.0293655,0.000124835,3.78686e-06,-0.010221,-0.0323459,-0.0244602
0,0.0240081,0.000119472,1.25148e-06,-0.00936935,-0.0341315,-0.0274673
0,0.0198656,0.000115385,-1.1755e-06,-0.00858682,-0.0360509,-0.0302762
0,0.0166381,0.000112258,-3.50773e-06,-0.00792535,-0.0381146,-0.0330323
0,0.0142524,0.000110012,-5.77478e-06,-0.00738367,-0.0403339,-0.0357534
0,0.0130346,0.000108991,-7.99074e-06,-0.00695798,-0.0427208,-0.038359
0,0.0130309,0.000109243,-1.01777e-05,-0.00664492,-0.0452886,-0.0408679
0,0.0135922,0.000110078,-1.23607e-05,-0.00639285,-0.0480515,-0.0434814
0,0.0144659,0.00011123,-1.45564e-05,-0.006173,-0.0510251,-0.0462584
0,0.0159638,0.000113057,-1.67729e-05,-0.0059546,-0.0542259,-0.0491218
0,0.0180516,0.000115529,-1.90213e-05,-0.00565625,-0.0576719,-0.0521201
0,0.0197847,0.000117642,-2.13183e-05,-0.00529479,-0.0613822,-0.0555409
0,0.0217961,0.000120059,-2.36563e-05,-0.0048664,-0.0653776,-0.0591862
0,0.0240044,0.000122685,-2.60418e-05,-0.00436893,-0.0696804,-0.0631321
0,0.0267621,0.000125887,-2.84771e-05,-0.00379645,-0.0743146,-0.0672933
0,0.0288792,0.0001284,-3.09724e-05,-0.00316476,-0.0793059,-0.0720272
0,0.0316925,0.000131632,-3.35228e-05,-0.00249595,-0.0846822,-0.0768962
0,0.0340155,0.000134323,-3.61344e-05,-0.00182376,-0.0904731,-0.0822715
0,0.0357716,0.00013639,-3.88034e-05,-0.00116089,-0.0967098,-0.0880679
0,0.0360529,0.000136859,-4.15157e-05,-0.000533275,-0.103423,-0.0944605
0,0.035453,0.000136348,-4.42494e-05,4.15201e-21,-0.110635,-0.101139
0,0.033828,0.0001347,-4.69796e-05,0,-0.118327,-0.108052
-0.00680833,0.0301604,0.000130836,-4.96778e-05,0,-0.126318,-0.115341
-0.0211417,0.0227933,0.000123006,-5.23041e-05,0,-0.134273,-0.123295
-0.035475,0.0160933,0.000115829,-5.47838e-05,-0.000364175,-0.141955,-0.130529
-0.0498083,0.0112005,0.0001105,-5.71327e-05,-0.00354421,-0.149282,-0.136883
-0.0641416,-0.00155109,9.67918e-05,-5.938e-05,-0.00656914,-0.156212,-0.145066
-0.078475,-0.0212375,7.56969e-05,-6.14118e-05,-0.00781483,-0.16271,-0.154302
-0.0928083,-0.0420196,5.34036e-05,-6.30734e-05,-0.00853621,-0.168741,-0.162954
-0.107142,-0.0656087,2.8111e-05,-6.42975e-05,-0.00888611,-0.174259,-0.17174
0.093525,0.0401457,-0.000112685,-6.53656e-05,0.00883303,0.0408535,0.0300387
0.0791917,0.00919167,-0.000242904,-6.43576e-05,0.00870922,0.0362115,0.020965
0.0648583,-0.00514167,-0.000391743,-6.03459e-05,0.00586748,0.0323477,0.0150246
0.050525,-0.019475,-0.000546632,-5.36273e-05,0.00157583,0.0293063,0.0102748
0.0361917,-0.0338083,-0.000744796,-4.38564e-05,0.000957594,0.0271398,0.00430865
0.0218583,-0.0481417,-0.00101511,-3.04467e-05,0.00288218,0.0258947,-0.00176606
0.007525,-0.062475,-0.00144226,-1.21718e-05,0.00577741,0.0255747,-0.00677078
0,-0.07,-0.00258422,1.34699e-05,0.00852373,0.0264911,-0.00940363
0,-0.07,-0.00332818,5.65896e-05,0.00900441,0.0279343,-0.00913161
0,-0.07,-0.00385228,0.000117574,0.0079591,0.0290049,-0.00711413
0,-0.07,-0.00423737,0.00019095,0.00650324,0.0299905,-0.0043481
0,-0.07,-0.00449724,0.000273387,0.00496037,0.0310378,-0.00135168
0,-0.07,-0.00465119,0.000361383,0.00340729,0.0322044,0.00198471
0,-0.07,-0.00471486,0.000453329,0.00200231,0.0335146,0.00522948
0,-0.07,-0.00471536,0.000547149,0.000845954,0.0349693,0.00859652
0,-0.07,-0.00465597,0.000641453,3.64761e-06,0.0365758,0.0120982
0,-0.07,-0.00456092,0.000734958,-2.49525e-22,0.0383385,0.0155002
0,-0.07,-0.00444124,0.000826652,0,0.0402667,0.0191168
0,-0.07,-0.00431014,0.000916075,0,0.0424024,0.0229491
0,-0.0690013,-0.00414122,0.00100293,0,0.0447667,0.0272002
0,-0.0625309,-0.00397469,0.00108686,0,0.0473504,0.0315972
0,-0.0542918,-0.00381419,0.00116677,0,0.0501628,0.0364543
0,-0.0460395,-0.00366122,0.00124345,0,0.0532197,0.0414828
0,-0.0381876,-0.00351057,0.00131706,0,0.0565302,0.0466239
0,-0.0313098,-0.00336713,0.00138787,0,0.0601121,0.0518507
0,-0.02531,-0.00321902,0.00145579,0,0.0639853,0.0571507
0,-0.0205631,-0.00307185,0.00152054,0,0.0681615,0.0624789
0,-0.0171609,-0.00292613,0.00158234,0,0.0726615,0.0678552
0,-0.0150718,-0.00278221,0.00164123,0,0.0775095,0.0733172
0,-0.0138072,-0.0026399,0.00169745,0,0.0827325,0.0790175
0,-0.01472,-0.00250091,0.00175089,0,0.0883594,0.0845602
0,-0.016819,-0.00236754,0.00180146,0,0.094438,0.0903793
0,-0.0198269,-0.00223609,0.00184935,0,0.101024,0.0963985
0,-0.0228317,-0.00210371,0.0018944,0,0.108142,0.102688
0,-0.0253566,-0.00197429,0.001937,0,0.115805,0.109312
0,-0.0267395,-0.00184688,0.001977,0,0.124028,0.116307
0,-0.0261885,-0.00171945,0.00201445,0,0.132771,0.123718
0.010575,-0.0229834,-0.00159063,0.00204935,0,0.141759,0.131548
0.0262417,-0.0167274,-0.00145969,0.00208174,0,0.150594,0.139737
0.0419083,-0.0128876,-0.0013325,0.00211153,0,0.159055,0.146656
0.057575,-0.00813789,-0.00120575,0.00213869,0,0.167058,0.15345
0.0732417,0.0057528,-0.00107103,0.00216331,0,0.174556,0.162212
0.0889083,0.0271557,-0.000930485,0.00218527,0,0.181507,0.172044
0.104575,0.0511376,-0.000789785,0.00220423,0,0.18787,0.181606
-0.114924,-0.0745493,-0.000673567,0.00222038,0,-0.0417225,-0.0387624
-0.099235,-0.0302792,-0.000513225,0.00223431,0,-0.0366343,-0.0291254
-0.0835457,-0.0135457,-0.00033243,0.00224522,0,-0.0322747,-0.0221639
-0.0678564,0.00214364,-0.000136503,0.00225259,0,-0.0287036,-0.0163475
-0.052167,0.017833,0.000106959,0.00225669,0,-0.0259808,-0.00954758
-0.0364777,0.0335223,0.000409953,0.00225626,0,-0.0241657,-0.00257034
-0.0207884,0.0492116,0.000759666,0.00225018,0,-0.0233063,0.0030452
-0.00509903,0.064901,0.00124982,0.00223726,0,-0.0233929,0.00725078
0,0.07,0.00184785,0.00221594,0,-0.0241823,0.00853297
0,0.07,0.00241065,0.00218347,0,-0.0253093,0.00721745
0,0.07,0.00286129,0.00213891,0,-0.0265891,0.0046936
0,0.07,0.00321516,0.00208461,0,-0.0279787,0.00180755
0,0.07,0.00346337,0.0020219,0,-0.0294725,-0.00143394
0,0.07,0.00363096,0.00195375,0,-0.0310755,-0.00483503
0,0.07,0.00372763,0.00188189,0,-0.0327957,-0.00842347
0,0.07,0.0037703,0.00180796,0,-0.0346422,-0.011974
0,0.07,0.00377862,0.00173281,0,-0.0366254,-0.0154876
0,0.07,0.00375339,0.0016573,0,-0.0387561,-0.0191787
0,0.07,0.0036943,0.00158208,0,-0.0410463,-0.023106
0,0.0658443,0.00362395,0.00150778,0,-0.0435084,-0.0271427
0,0.0591851,0.00355333,0.00143481,0,-0.0461559,-0.0314394
0,0.0525991,0.00348517,0.00136346,0,-0.0490032,-0.0357973
0,0.0461578,0.00341951,0.00129345,0,-0.0520663,-0.0403408
0,0.039708,0.00335614,0.0012248,0,-0.0553622,-0.0451377
0,0.0347126,0.00329614,0.00115742,0,-0.0589093,-0.0497959
0,0.0301843,0.00323556,0.00109123,0,-0.0627274,-0.054689
0,0.026423,0.00317372,0.00102627,0,-0.0668379,-0.0597142
0,0.023572,0.00311095,0.000962646,0,-0.0712637,-0.0648756
0,0.0217236,0.00304759,0.00090027,0,-0.0760294,-0.0701835
0,0.0208929,0.00298388,0.000839064,0,-0.0811617,-0.0756633
0,0.0211104,0.00292004,0.000779132,0,-0.0866892,-0.081325
0,0.0223419,0.00285623,0.000720476,0,-0.0926426,-0.0871845
0,0.0244369,0.00279246,0.000663192,0,-0.099055,-0.0932687
0,0.0272667,0.00273449,0.000607087,0,-0.105971,-0.0996098
0,0.0299675,0.00266949,0.000552166,0,-0.11343,-0.106263
0,0.0313097,0.0026033,0.000498516,0,-0.121457,-0.113477
0,0.0324061,0.00253705,0.000446152,0,-0.130068,-0.120746
0,0.0308875,0.00246783,0.000395113,0,-0.139205,-0.128633
-0.0141303,0.0262975,0.00239502,0.000345584,0,-0.148521,-0.136984
-0.0302792,0.0197341,0.00231967,0.000297465,0,-0.157596,-0.145337
-0.0464282,0.0145101,0.00224534,0.00025077,0,-0.16626,-0.152748
-0.0625771,0.00710387,0.00216845,0.000205566,0,-0.174442,-0.160313
-0.078726,-0.0130636,0.00207802,0.000162004,0,-0.182095,-0.17077
-0.094875,-0.035023,0.00198589,0.000120082,0,-0.189177,-0.180497
-0.111024,-0.0605887,0.00189038,8.01341e-05,0,-0.195645,-0.190494
0.115061,0.0732815,0.00177553,4.19444e-05,0,0.0407819,0.0378327
0.0989122,0.0294807,0.00165965,5.97441e-06,0,0.0356859,0.0283297
0.0827633,0.0127633,0.0015182,-2.76822e-05,0,0.0313548,0.0213402
0.0666143,-0.00338566,0.00135372,-5.86827e-05,0,0.0278463,0.0152352
0.0504654,-0.0195346,0.00113488,-8.69085e-05,0,0.0252216,0.00820021
0.0343165,-0.0356835,0.000864535,-0.000111247,0,0.0235418,0.00173575
0.0181675,-0.0518325,0.000552228,-0.00012989,0,0.0228525,-0.00373381
0.00201862,-0.0679814,9.40217e-05,-0.000142652,0,0.0231281,-0.00743305
0,-0.07,-0.00045788,-0.000147511,0,0.0240536,-0.0082183
0,-0.07,-0.000944876,-0.000141941,0,0.0252457,-0.0064287
0,-0.07,-0.00133502,-0.000126452,0,0.0265717,-0.003783
0,-0.07,-0.00162452,-0.000102288,0,0.0280024,-0.000721445
0,-0.07,-0.00181479,-7.15343e-05,0,0.0295362,0.00269799
0,-0.07,-0.00193526,-3.66656e-05,0,0.0311792,0.00616408
0,-0.07,-0.00199323,1.1963e-06,0,0.0329397,0.00961825
0,-0.07,-0.00201292,4.06551e-05,0,0.0348274,0.0131596
0,-0.07,-0.00199755,8.07756e-05,0,0.0368526,0.0168206
0,-0.07,-0.00195391,0.000120819,0,0.0390267,0.0203733
0,-0.0690644,-0.00188623,0.000160093,0,0.0413616,0.0241493
0,-0.0635974,-0.00181665,0.000198156,0,0.0438702,0.0281261
0,-0.0572296,-0.00174895,0.000234663,0,0.046566,0.0323233
0,-0.05105,-0.00168419,0.000269913,0,0.049464,0.0366305
0,-0.0448377,-0.00162203,0.000303856,0,0.0525802,0.0411819
0,-0.039422,-0.00156325,0.000336545,0,0.055932,0.0457571
0,-0.035048,-0.00150743,0.000368045,0,0.0595382,0.0503526
0,-0.0309023,-0.00145178,0.000398417,0,0.063419,0.0552349
0,-0.0278212,-0.00139687,0.000427675,0,0.067596,0.0601599
0,-0.0247167,-0.0013417,0.00045575,0,0.0720924,0.0655021
0,-0.0228336,-0.00128775,0.000482722,0,0.0769335,0.0708898
0,-0.0220446,-0.001235,0.000508693,0,0.0821461,0.076443
0,-0.0223231,-0.00118355,0.000533604,0,0.0877594,0.0821792
0,-0.024154,-0.00113401,0.000557403,0,0.0938045,0.0879634
0,-0.0270176,-0.00108763,0.000580207,0,0.100369,0.0942796
0,-0.0280988,-0.00104026,0.000602076,0,0.107412,0.100724
0,-0.0299313,-0.000991636,0.000623071,0,0.114894,0.107505
0,-0.0313416,-0.000943785,0.000643098,0,0.12292,0.114605
0,-0.0313758,-0.000895479,0.000662165,0,0.131525,0.122102
0.000402081,-0.0291795,-0.000845385,0.000680268,0,0.140637,0.130035
0.0164853,-0.0232346,-0.000791741,0.000697376,0,0.149872,0.138618
0.0325685,-0.0173537,-0.000738494,0.000713425,0,0.158814,0.146588
0.0486518,-0.0123735,-0.000686563,0.000728408,0,0.167332,0.153832
0.064735,0.000808758,-0.000626403,0.000742347,0,0.175363,0.162889
0.0808182,0.0180662,-0.000562523,0.000755116,0,0.182864,0.172116
0.0969014,0.0407866,-0.000493615,0.000766526,0,0.189793,0.182058
0.112985,0.0665373,-0.000422424,0.00077657,0,0.196106,0.191929
-0.11218,-0.0756148,-0.000317394,0.000785197,0,-0.0394924,-0.0380758
-0.0960973,-0.0324537,-0.000228353,0.000791807,0,-0.0345562,-0.0284397
-0.080014,-0.010014,-0.000113772,0.000796597,0,-0.030388,-0.0202529
-0.0639308,0.00606918,3.59974e-05,0.000799388,0,-0.027046,-0.0136944
-0.0478476,0.0221524,0.00023265,0.000799567,0,-0.0245919,-0.00711575
-0.0317644,0.0382356,0.000478057,0.00079629,0,-0.0230857,-0.000883196
-0.0156811,0.0543189,0.000771112,0.000788447,0,-0.0225693,0.0044874
0,0.07,0.001218,0.00077493,0,-0.0229991,0.0078916
0,0.07,0.0017578,0.000753921,0,-0.0240214,0.00838444
0,0.07,0.00222882,0.000722814,0,-0.0252577,0.00653232
0,0.07,0.00259856,0.000681063,0,-0.0266142,0.00387324
0,0.07,0.00286602,0.000630756,0,-0.0280721,0.000751137
0,0.07,0.00303288,0.000574639,0,-0.0296325,-0.0026605
0,0.07,0.00312586,0.000514816,0,-0.0313023,-0.00629088
0,0.07,0.00315567,0.000452949,0,-0.0330902,-0.00981564
0,0.07,0.00314746,0.00039,0,-0.0350061,-0.0134171
0,0.07,0.00310476,0.000326993,0,-0.0370605,-0.0171245
0,0.07,0.0030327,0.000264621,0,-0.0392648,-0.0208042
0,0.0688306,0.00294094,0.000203498,0,-0.0416314,-0.0245074
0,0.0634148,0.00284849,0.00014422,0,-0.044173,-0.0284897
0,0.0576337,0.00275939,8.70195e-05,0,-0.0469035,-0.0325588
0,0.0514513,0.00267349,3.1609e-05,0,-0.0498379,-0.036931
0,0.0459526,0.00259182,-2.20755e-05,0,-0.0529927,-0.0413213
0,0.0406033,0.00251367,-7.4116e-05,0,-0.0563855,-0.0459543
0,0.0364923,0.0024388,-0.000124702,0,-0.0600351,-0.0505247
0,0.0325982,0.00236336,-0.000173777,0,-0.0639621,-0.0553986
0,0.0297565,0.00228806,-0.000221346,0,-0.0681882,-0.0603222
0,0.0263469,0.00221146,-0.000267296,0,-0.0727372,-0.065819
0,0.0213996,0.00213276,-0.00031187,0,-0.0776343,-0.0721096
0,0.0121004,0.00204919,-0.000354879,0,-0.0829069,-0.0799567
0,0.0109207,0.00197412,-0.000396197,0,-0.0885844,-0.0857533
0,0.0138514,0.00190348,-0.00043598,0,-0.0946984,-0.0912253
0,0.0209462,0.00184002,-0.000474226,0,-0.101447,-0.0971133
0,0.026505,0.00177298,-0.000511312,0,-0.108914,-0.103329
0,0.0313179,0.00170605,-0.00054704,0,-0.11698,-0.109939
0,0.0331578,0.00163732,-0.000581328,0,-0.125636,-0.117475
0,0.0338536,0.00156823,-0.000614384,0,-0.134863,-0.125171
-0.00454587,0.0313369,0.00149617,-0.000645921,0,-0.144502,-0.133531
-0.0210763,0.0255266,0.00142089,-0.000676025,0,-0.154145,-0.142315
-0.0376067,0.0195442,0.00134562,-0.000704631,0,-0.163438,-0.150536
-0.0541371,0.0143868,0.0012715,-0.000731769,0,-0.172266,-0.158007
-0.0706676,-0.000667571,0.00119383,-0.00075757,0,-0.180571,-0.167414
-0.087198,-0.0180676,0.00110758,-0.000781835,0,-0.188309,-0.177011
-0.103728,-0.0398503,0.0010176,-0.00080459,0,-0.195437,-0.18676
-0.120259,-0.0655202,0.000924651,-0.000825167,0,-0.201909,-0.196696
0.111167,0.0809028,0.000817038,-0.000843985,0,0.040278,0.0398288
0.0946367,0.0359569,0.000703934,-0.000860595,0,0.0352651,0.0298271
0.0781063,0.00810626,0.000595549,-0.000875013,0,0.0310645,0.0218631
0.0615758,-0.00842416,0.000446917,-0.000887358,0,0.0277365,0.0150394
0.0450454,-0.0249546,0.000254695,-0.000896965,0,0.0253436,0.00857917
0.028515,-0.041485,1.83161e-05,-0.000903404,0,0.0239428,0.00252382
0.0119846,-0.0580154,-0.000267976,-0.000905425,0,0.023556,-0.00311623
0,-0.07,-0.000702568,-0.000902356,0,0.0240562,-0.00638678
0,-0.07,-0.00119568,-0.000890912,0,0.0250699,-0.00668286
0,-0.07,-0.00162543,-0.000870204,0,0.0262813,-0.00467873
0,-0.07,-0.00196293,-0.000839844,0,0.0276129,-0.00190235
0,-0.07,-0.00219384,-0.000802948,0,0.0290499,0.00132986
0,-0.07,-0.00235059,-0.000760572,0,0.0305947,0.00472934
0,-0.07,-0.00244174,-0.000714579,0,0.0322541,0.00812979
0,-0.07,-0.00248286,-0.000666155,0,0.0340371,0.011649
0,-0.07,-0.00248864,-0.000616703,0,0.0359533,0.0151666
0,-0.07,-0.00246289,-0.000566956,0,0.0380134,0.0187138
0,-0.07,-0.0024084,-0.00051757,0,0.0402289,0.0223416
0,-0.0662336,-0.00234493,-0.000469129,0,0.0426118,0.0261101
0,-0.0604771,-0.00228175,-0.000421755,0,0.0451753,0.030091
0,-0.0544166,-0.00222062,-0.00037593,0,0.0479333,0.034257
0,-0.0483289,-0.00216177,-0.000331365,0,0.050901,0.0386308
0,-0.0432433,-0.00210621,-0.000287894,0,0.0540951,0.0429586
0,-0.0378684,-0.0020525,-0.000245548,0,0.0575332,0.0476743
0,-0.0331871,-0.0020002,-0.000204283,0,0.0612348,0.0524663
0,-0.0295904,-0.00194815,-0.000164043,0,0.0652204,0.0573011
0,-0.0264258,-0.00189563,-0.00012495,0,0.0695122,0.0624095
0,-0.0236139,-0.00184277,-8.69062e-05,0,0.0741342,0.0678116
0,-0.0226639,-0.0017913,-4.9813e-05,0,0.0791123,0.0731089
0,-0.0224952,-0.00174023,-1.37811e-05,0,0.0844741,0.0786979
0,-0.0233364,-0.00168993,2.12277e-05,0,0.0902495,0.0844731
0,-0.0251199,-0.00164044,5.52274e-05,0,0.0964706,0.090459
0,-0.0299692,-0.00159748,8.82589e-05,0,0.103282,0.0966687
0,-0.0338406,-0.00154991,0.000120316,0,0.110751,0.103164
0,-0.0361202,-0.00150125,0.000151481,0,0.11881,0.110274
0,-0.0380976,-0.00145293,0.0001817,0,0.127453,0.117475
0,-0.0374779,-0.00140214,0.000210952,0,0.136638,0.125319
0.0101668,-0.0337431,-0.00134814,0.000239198,0,0.146093,0.133675
0.0264337,-0.0270417,-0.00129097,0.000266377,0,0.155407,0.142333
0.0427007,-0.0189884,-0.00123236,0.000292425,0,0.164333,0.150761
0.0589676,-0.0110324,-0.00118321,0.000317336,0,0.172783,0.158136
0.0752345,0.00523451,-0.00121215,0.000341344,0,0.180707,0.164756
0.0915014,0.0215014,-0.00123935,0.000365298,-0.00673291,0.18806,0.172056
0.107768,0.0201688,-0.00118392,0.000389813,-0.0175996,0.194801,0.179728
-0.119969,-0.146359,-0.00110181,0.000414018,0,-0.0431204,-0.0575815
-0.103702,-0.112095,-0.00100831,0.000436752,0,-0.0377457,-0.0490015
-0.0874347,-0.0842443,-0.000922556,0.000457152,0,-0.0331316,-0.0408322
-0.0711678,-0.0601245,-0.000841741,0.000476032,0,-0.0293353,-0.0340966
-0.0549009,-0.035038,-0.000761222,0.000493433,0,-0.0264171,-0.0275725
-0.0386339,-0.00747919,-0.000679888,0.000509019,0,-0.0244384,-0.0209967
-0.022367,0.0183683,-0.000601925,0.000523227,0,-0.0234496,-0.0155136
-0.0061001,0.0411333,-0.000528481,0.000535577,0,-0.0234442,-0.0111869
0,0.0577613,-0.000462741,0.000546441,0,-0.0241852,-0.00867488
0,0.0657276,-0.000407091,0.000555991,0,-0.0252942,-0.00843142
0,0.0654078,-0.000361778,0.000564356,0,-0.0265637,-0.010186
0,0.0598248,-0.000323845,0.000571773,0,-0.0279449,-0.0131063
0,0.0516701,-0.000290458,0.000578401,0,-0.0294308,-0.0165911
0,0.0436456,-0.000258758,0.000584361,0,-0.0310257,-0.0200233
0,0.0362082,-0.000228237,0.000589631,0,-0.0327376,-0.0234147
0,0.0296985,-0.000198493,0.000594318,0,-0.0345755,-0.0267016
0,0.024111,-0.000169484,0.000598407,0,-0.0365497,-0.0299119
0,0.0197891,-0.000140801,0.000601912,0,-0.038671,-0.0329601
0,0.0165182,-0.00011262,0.000604843,0,-0.0409513,-0.0359347
0,0.013395,-8.58456e-05,0.000607166,0,-0.043403,-0.0390901
0,0.0102055,-6.06419e-05,0.00060895,0,-0.0460395,-0.0424568
0,0.00664119,-3.72749e-05,0.000610226,0,-0.0488753,-0.0461275
0,0.00255411,-1.58365e-05,0.000611065,0,-0.051926,-0.0501476
0,-0.00183395,3.97215e-06,0.000611467,0,-0.0552088,-0.0544693
0,-0.006539,2.22603e-05,0.000611437,0,-0.0587419,-0.0591319
0,-0.0113211,3.99089e-05,0.000611065,0,-0.0625452,-0.0640942
0,-0.0161798,5.71473e-05,0.000610338,0,-0.0666397,-0.0693963
0,-0.0208708,7.41961e-05,0.000609264,0,-0.0710485,-0.0749997
0,-0.0253941,9.10057e-05,0.000607822,0,-0.075796,-0.0809455
0,-0.0292659,0.000108049,0.000606069,0,-0.0809088,-0.0871238
0,-0.0324035,0.000125387,0.000603977,0,-0.0864153,-0.0935531
0,-0.0348296,0.000142982,0.000601538,0,-0.0923462,-0.10025
0,-0.0367667,0.000160593,0.000598723,0,-0.0987345,-0.107262
0,-0.0335148,0.000182275,0.000595555,0,-0.105847,-0.114645
0,-0.0327283,0.000201709,0.000592007,0,-0.113789,-0.122454
0,-0.0341274,0.000218231,0.00058805,0,-0.12238,-0.131017
0,-0.0355326,0.000234061,0.00058376,0,-0.131591,-0.139598
0,-0.0393562,0.000246773,0.000579142,0,-0.141393,-0.14882
-0.00647479,-0.0461768,0.000255851,0.000574251,0,-0.151581,-0.158554
-0.0237409,-0.0537365,0.000263737,0.000569171,0,-0.161726,-0.167979
-0.041007,-0.0577452,0.000274973,0.000563919,0,-0.171488,-0.175894
-0.0582731,-0.0610315,0.000286516,0.000558487,0,-0.180753,-0.183238
-0.0755393,-0.0668013,0.000294941,0.000552826,0,-0.189464,-0.190719
-0.0928054,-0.0765298,0.000298656,0.000546961,0,-0.197575,-0.198547
-0.110072,-0.0892239,0.000298667,0.000541003,0,-0.20504,-0.206327
-0.127338,-0.107052,0.000292638,0.00053503,0,-0.211813,-0.214674
0.114388,0.0985388,0.000217144,0.000529056,0,0.0411483,0.0458002
0.0971219,0.0609864,0.000190408,0.000524347,0,0.0359166,0.0363021
0.0798558,0.0237999,0.000163481,0.000520431,0,0.0315423,0.0260261
0.0625897,-0.00741032,0.000114242,0.000517095,0,0.0280885,0.0167812
0.0453236,-0.0246764,-1.84808e-06,0.000514687,0,0.0256202,0.00921424
0.0280574,-0.0419426,-0.000163478,0.000514027,0,0.0241952,0.00310164
0.0107913,-0.0592087,-0.000357691,0.000516569,0,0.0238276,-0.00206074
0,-0.07,-0.000683315,0.000522461,0,0.0243493,-0.00518403
0,-0.07,-0.00106304,0.000533685,0,0.025365,-0.00537381
0,-0.07,-0.0014104,0.000552098,0,0.0265745,-0.00382162
0,-0.07,-0.00170876,0.000578569,0,0.0279043,-0.00181276
0,-0.07,-0.00194848,0.000611402,0,0.0293409,0.000528489
0,-0.07,-0.00213674,0.000648933,0,0.0308867,0.0028906
0,-0.07,-0.00228553,0.00069082,0,0.0325489,0.00535746
0,-0.07,-0.00240515,0.000735787,0,0.0343362,0.00785033
0,-0.07,-0.00250064,0.000783352,0,0.0362584,0.0103704
0,-0.07,-0.00257557,0.000832744,0,0.0383262,0.0129657
0,-0.07,-0.00263119,0.000883731,0,0.0405511,0.0157103
0,-0.07,-0.00266599,0.000936104,0,0.0429453,0.0186956
0,-0.07,-0.0026753,0.000989267,0,0.0455218,0.0220263
0,-0.07,-0.0026648,0.00104273,0,0.0482948,0.0257695
0,-0.07,-0.00263051,0.00109607,0,0.0512795,0.029985
0,-0.07,-0.00256759,0.00114885,0,0.0544927,0.0347032
0,-0.07,-0.00247127,0.00120064,0,0.0579522,0.0399437
0,-0.06406,-0.00236077,0.00125079,0,0.0616775,0.0458346
0,-0.056021,-0.00224778,0.00129873,0,0.0656892,0.0518801
0,-0.0475624,-0.00213413,0.00134396,0,0.0700099,0.0582858
0,-0.0402866,-0.00202182,0.00138693,0,0.0746635,0.0647149
0,-0.0345223,-0.00191147,0.00142782,0,0.0796761,0.0711799
0,-0.0298916,-0.00180294,0.00146649,0,0.0850756,0.0778229
0,-0.0281481,-0.00169829,0.00150298,0,0.090892,0.0841447
0,-0.0277646,-0.00159613,0.00153736,0,0.0971578,0.0906499
0,-0.0304492,-0.001505,0.0015697,0,0.103994,0.0972551
0,-0.0328331,-0.0014084,0.00160016,0,0.111463,0.104037
0,-0.0340168,-0.00131312,0.00162871,0,0.119516,0.111344
0,-0.0351352,-0.00122025,0.00165541,0,0.128154,0.118682
0,-0.0344817,-0.00112701,0.00168009,0,0.137325,0.126431
0.0117475,-0.0293482,-0.00103018,0.00170286,0,0.146729,0.135097
0.0279508,-0.0219175,-0.000931829,0.00172385,0,0.15595,0.143802
0.0441542,-0.0150086,-0.000834961,0.00174288,0,0.164773,0.151783
0.0603576,-0.00706141,-0.000738055,0.00176002,0,0.173118,0.15956
0.076561,0.0128157,-0.000629807,0.00177546,0,0.180934,0.170055
0.0927644,0.0362566,-0.000519406,0.00178887,0,0.18818,0.180357
0.108968,0.062612,-0.00040786,0.00180003,0,0.194813,0.19065
-0.11788,-0.0766798,-0.000297888,0.00180902,0,-0.0422643,-0.0397323
-0.101676,-0.0322934,-0.000168631,0.00181525,0,-0.0369999,-0.0296956
-0.0854729,-0.0154729,3.04817e-06,0.00181895,0,-0.0324977,-0.0216446
-0.0692695,0.000730508,0.000218913,0.00181932,0,-0.0288149,-0.0142799
-0.0530661,0.0169339,0.000482434,0.00181645,0,-0.0260122,-0.00727877
-0.0368627,0.0331373,0.000786758,0.00180799,0,-0.0241506,-0.00118655
-0.0206593,0.0493407,0.00113351,0.00179377,0,-0.0232785,0.00404247
-0.00445593,0.0655441,0.0016536,0.00177266,0,-0.0233819,0.00837748
0,0.07,0.00231393,0.00174349,0,-0.0241926,0.00980497
0,0.07,0.00293954,0.00170217,0,-0.0253306,0.00853498
0,0.07,0.0034442,0.00164807,0,-0.0266186,0.0059843
0,0.07,0.00380773,0.00158246,0,-0.0280159,0.00278364
0,0.07,0.00405454,0.00150904,0,-0.0295174,-0.00067509
0,0.07,0.00419327,0.00142906,0,-0.0311283,-0.00447814
0,0.07,0.00425747,0.00134616,0,-0.0328566,-0.00822185
0,0.07,0.00426386,0.00126146,0,-0.0347117,-0.0118668
0,0.07,0.00423539,0.00117622,0,-0.0367037,-0.0154953
0,0.07,0.00417227,0.00109138,0,-0.0388437,-0.0193303
0,0.07,0.00408166,0.00100765,0,-0.0411436,-0.0230507
0,0.0663871,0.00397862,0.00092561,0,-0.043616,-0.0271033
0,0.0603667,0.00387705,0.000845574,0,-0.0462743,-0.0312584
0,0.0541825,0.00377925,0.000767627,0,-0.0491332,-0.0355465
0,0.0484736,0.00368579,0.00069165,0,-0.0522085,-0.0399172
0,0.0433154,0.00359663,0.000617561,0,-0.0555174,-0.0444021
0,0.0387507,0.00351103,0.000545272,0,-0.0590783,-0.0490172
0,0.0346928,0.00342523,0.000474708,0,-0.0629113,-0.0538156
0,0.0312534,0.00333827,0.000405818,0,-0.0670376,-0.058791
0,0.0280602,0.00324999,0.000338705,0,-0.0714803,-0.0640824
0,0.0265537,0.00316222,0.000273352,0,-0.0762642,-0.0692982
0,0.0256891,0.00307412,0.000209888,0,-0.0814159,-0.0748254
0,0.0256756,0.00298617,0.000148141,0,-0.0869643,-0.0805719
0,0.0265006,0.00289856,8.80659e-05,0,-0.0929401,-0.0865557
0,0.0275243,0.00281081,2.97443e-05,0,-0.0993765,-0.0929404
0,0.02953,0.002731,-2.68229e-05,0,-0.106284,-0.0992752
0,0.0314304,0.00264337,-8.17622e-05,0,-0.113692,-0.106063
0,0.0326726,0.00255619,-0.00013498,0,-0.121658,-0.113215
0,0.0325147,0.00246855,-0.000186453,0,-0.130207,-0.12078
0,0.0302253,0.00237903,-0.000236174,0,-0.139282,-0.128775
-0.0140938,0.0253799,0.00228694,-0.000284113,0,-0.148537,-0.137115
-0.0302009,0.0238609,0.00219833,-0.00033022,0,-0.157555,-0.144004
-0.0463081,0.0236919,0.00214298,-0.000374585,0,-0.166165,-0.148911
-0.0624152,0.00758477,0.00224714,-0.000417722,0,-0.174296,-0.154163
-0.0785224,-0.00852239,0.00243807,-0.000461936,0.0100679,-0.181901,-0.159696
-0.0946295,-0.0246295,0.00257752,-0.00050936,0.0251923,-0.188939,-0.164989
-0.110737,-0.0156198,0.00272193,-0.000559935,0.0251169,-0.195367,-0.170335
0.114763,0.184763,0.00274283,-0.000613362,6.87623e-11,0.0404713,0.0694954
0.0986563,0.168656,0.00263012,-0.000668052,0,0.0354096,0.0631556
0.0825492,0.152549,0.00248823,-0.000721443,0,0.0311093,0.0563195
0.066442,0.134561,0.00234172,-0.000772272,0,0.0276284,0.0507477
0.0503349,0.115518,0.0021973,-0.000820572,0,0.0250278,0.0458285
0.0342277,0.0921077,0.00205238,-0.000865601,0,0.0233684,0.0403035
0.0181206,0.0673387,0.00190923,-0.000907518,0,0.0226961,0.035072
0.00201339,0.0419482,0.00176771,-0.000946275,0,0.0229852,0.0300751
0,0.0213851,0.00163346,-0.000982195,0,0.0239218,0.02667
0,0.00594414,0.00150654,-0.0010154,0,0.0251237,0.0245842
0,-0.00613463,0.00138686,-0.00104591,0,0.0264586,0.0232861
0,-0.0146664,0.00127509,-0.00107395,0,0.0278976,0.0229118
0,-0.0190003,0.00117208,-0.0010999,0,0.0294391,0.0236396
0,-0.0194232,0.00107752,-0.0011236,0,0.0310892,0.0253653
0,-0.0158731,0.000991371,-0.00114553,0,0.0328562,0.028129
0,-0.00940199,0.000912376,-0.0011657,0,0.03475,0.031643
0,-0.00233211,0.000837967,-0.00118426,0,0.0367809,0.0353197
0,0.00407772,0.000766729,-0.00120132,0,0.0389602,0.0389314
0,0.0100852,0.000698838,-0.00121694,0,0.0413,0.0426233
0,0.0157083,0.000634198,-0.00123119,0,0.043813,0.0464005
0,0.0219234,0.000573708,-0.00124413,0,0.046513,0.0505504
0,0.027993,0.000516461,-0.00125588,0,0.0494148,0.054837
0,0.0348012,0.000463232,-0.00126643,0,0.0525346,0.0595628
0,0.0419993,0.000413493,-0.00127583,0,0.0558898,0.0646094
0,0.0488289,0.000365808,-0.00128423,0,0.0594991,0.0698066
0,0.0571008,0.000320484,-0.00129166,0,0.0633827,0.0757245
0,0.0641594,0.000274481,-0.00129825,0,0.0675623,0.0815623
0,0.07,0.000236776,-0.00130393,0,0.0720613,0.0878967
0,0.07,0.00023932,-0.00130881,0,0.0769046,0.0947953
0,0.07,0.00027562,-0.00131358,0,0.0821193,0.101854
0,0.07,0.000370735,-0.00131893,0,0.0877345,0.109733
0,0.07,0.000544307,-0.00132563,0,0.0937815,0.118255
0,0.07,0.000859988,-0.00133548,0,0.100294,0.12742
0,0.07,0.00117153,-0.0013511,0,0.107778,0.137506
0,0.07,0.00157918,-0.00137219,0,0.11641,0.147788
0,0.07,0.00217826,-0.00140072,0,0.125785,0.159045
0,0.07,0.00287325,-0.00143979,0,0.135822,0.17097
0,0.07,0.00340549,-0.00149274,0,0.146485,0.180349
0.0050444,0.0750444,0.00368287,-0.00155819,0,0.157591,0.188452
0.0233877,0.0933877,0.00372061,-0.00162976,0,0.168685,0.195193
0.041731,0.111731,0.00361701,-0.00170393,0,0.179372,0.200956
0.0600742,0.121491,0.00342765,-0.001777,0,0.189525,0.206517
0.0784175,0.1218,0.0032297,-0.00184687,0,0.19908,0.212778
0.0967608,0.125045,0.00303688,-0.00191236,0,0.20799,0.219635
0.115104,0.13465,0.00285346,-0.00197425,0,0.216207,0.227396
0.133447,0.151139,0.00268057,-0.00203215,0,0.223683,0.235999
-0.123359,-0.0641602,0.00274395,-0.00208654,0,-0.0447839,-0.0404301
-0.105015,-0.0350153,0.00258508,-0.00214104,0,-0.0389536,-0.0323101
-0.086672,-0.016672,0.00247266,-0.00219337,0,-0.0340367,-0.0239935
-0.0683287,0.00167129,0.00242226,-0.00224361,0,-0.0300993,-0.015625
-0.0499854,0.0200146,0.00243559,-0.00229241,0,-0.0272102,-0.00786318
-0.0316422,0.0383578,0.00249188,-0.00234103,0,-0.0254319,-0.0016662
-0.0132989,0.0567011,0.00256665,-0.00239056,0,-0.024788,0.00271213
0,0.07,0.00275597,-0.00244133,0,-0.0251348,0.00528445
0,0.07,0.00306762,-0.0024955,0,-0.0260533,0.00660014
0,0.07,0.00330206,-0.0025553,0,-0.0271887,0.00441945
0,0.07,0.00345632,-0.00261958,0,-0.028453,0.00176571
0,0.07,0.00353422,-0.0026877,0,-0.0298286,-0.000993256
0,0.07,0.00355117,-0.00275804,0,-0.0313166,-0.00379493
0,0.07,0.00353068,-0.00282893,0,-0.0329234,-0.00653245
0,0.07,0.00347362,-0.00289965,0,-0.0346576,-0.00942422
0,0.07,0.00338162,-0.00296941,0,-0.0365286,-0.0124534
0,0.07,0.00326605,-0.00303745,0,-0.0385469,-0.0155867
0,0.07,0.00313382,-0.00310335,0,-0.0407234,-0.0188799
0,0.07,0.00298445,-0.00316696,0,-0.0430704,-0.0223979
0,0.07,0.00281618,-0.00322762,0,-0.0456005,-0.02621
0,0.07,0.00262574,-0.00328478,0,-0.0483275,-0.0304057
0,0.064849,0.00243419,-0.00333815,0,-0.0512665,-0.0350321
0,0.0571548,0.00224904,-0.00338799,0,-0.0544339,-0.0401154
0,0.048992,0.002072,-0.00343343,0,-0.0578474,-0.0454658
0,0.0414242,0.00190055,-0.00347567,0,-0.0615261,-0.0509127
0,0.0348328,0.00173141,-0.00351411,0,-0.0654905,-0.0564289
0,0.02966,0.00156505,-0.00354916,0,-0.0697626,-0.061939
0,0.025949,0.00140195,-0.00358087,0,-0.0743664,-0.0674818
0,0.0237585,0.00124252,-0.00360956,0,-0.0793276,-0.07307
0,0.0230417,0.00108704,-0.00363481,0,-0.0846737,-0.0787408
0,0.0237381,0.000935723,-0.00365694,0,-0.0904346,-0.0845194
0,0.0255796,0.000788542,-0.00367626,0,-0.0966423,-0.0904725
0,0.0299476,0.000655681,-0.0036924,0,-0.10344,-0.0968053
0,0.0343411,0.000518571,-0.00370605,0,-0.110896,-0.103121
0,0.0373469,0.000384985,-0.00371697,0,-0.118941,-0.110044
0,0.039153,0.000254976,-0.003725,0,-0.127572,-0.117319
0,0.0371064,0.000124106,-0.00373042,0,-0.136745,-0.125545
-0.0101653,0.0315922,-7.80447e-06,-0.00373343,0,-0.14619,-0.134321
-0.0264297,0.0257491,-0.000137819,-0.00373387,0,-0.155493,-0.142645
-0.0426942,0.0187595,-0.000266833,-0.0037315,0,-0.16441,-0.15081
-0.0589586,0.0110414,-0.000393858,-0.00372713,0,-0.172851,-0.158587
-0.0752231,-0.00921042,-0.00053195,-0.00372008,0,-0.180766,-0.169306
-0.0914875,-0.0337929,-0.000671529,-0.00371041,0,-0.188112,-0.18
-0.107752,-0.0610337,-0.000810364,-0.00369761,0,-0.194845,-0.190576
0.11995,0.0701757,-0.000929873,-0.00368202,0,0.0430457,0.0382288
0.103686,0.0336859,-0.00113322,-0.00366372,0,0.0376771,0.0279515
0.0874214,0.0174214,-0.00137694,-0.00364198,0,0.0330687,0.0198611
0.071157,0.00115697,-0.00165892,-0.00361614,0,0.0292775,0.012515
0.0548925,-0.0151075,-0.00199,-0.00358494,0,0.026364,0.00562849
0.0386281,-0.0313719,-0.00238159,-0.00354729,0,0.0243896,-0.000706627
0.0223636,-0.0476364,-0.00285074,-0.00350162,0,0.0234046,-0.00639815
0.00609917,-0.0639008,-0.00354215,-0.00344812,0,0.0234027,-0.0106839
0,-0.07,-0.00439539,-0.00338073,0,0.0241468,-0.0122145
0,-0.07,-0.00520665,-0.00329709,0,0.0252586,-0.011007
0,-0.07,-0.00585792,-0.00319661,0,0.0265307,-0.00850509
0,-0.07,-0.00635243,-0.00308238,0,0.0279143,-0.00541074
0,-0.07,-0.0066795,-0.0029588,0,0.0294024,-0.00191643
0,-0.07,-0.00689568,-0.00282766,0,0.0309994,0.00154753
0,-0.07,-0.00700729,-0.00269126,0,0.0327132,0.00509962
0,-0.07,-0.00705546,-0.00255167,0,0.0345529,0.00863711
0,-0.07,-0.00704919,-0.00241087,0,0.0365287,0.0121449
0,-0.07,-0.007,-0.00226985,0,0.0386515,0.0156671
0,-0.07,-0.00692315,-0.00212948,0,0.0409332,0.0193564
0,-0.07,-0.0068243,-0.00199044,0,0.0433863,0.0230042
0,-0.07,-0.00670181,-0.00185326,0,0.046024,0.0269578
0,-0.07,-0.00655474,-0.00171861,0,0.0488609,0.0312021
0,-0.0649314,-0.00640596,-0.00158641,0,0.0519127,0.0357851
0,-0.057557,-0.00626071,-0.00145725,0,0.0551964,0.0408943
0,-0.0507098,-0.00612114,-0.00133139,0,0.0587304,0.046011
0,-0.044161,-0.00598089,-0.00120861,0,0.0625345,0.0513635
0,-0.0383438,-0.00583802,-0.00108865,0,0.0666299,0.0568482
0,-0.0334375,-0.00569304,-0.000971528,0,0.0710393,0.0624658
0,-0.0296366,-0.00554668,-0.000857305,0,0.0757875,0.0681997
0,-0.0264915,-0.00539894,-0.000746005,0,0.0809009,0.0742105
0,-0.0255548,-0.00525188,-0.000637435,0,0.086408,0.0800607
0,-0.0254835,-0.00510446,-0.00053181,0,0.0923395,0.0862066
0,-0.0258114,-0.00495654,-0.000429057,0,0.0987283,0.0927007
0,-0.0275097,-0.00482135,-0.000329335,0,0.10559,0.0990842
0,-0.0286973,-0.00467229,-0.000232367,0,0.112956,0.106039
0,-0.0305827,-0.0045255,-0.000138325,0,0.120879,0.112971
0,-0.03089,-0.00437859,-4.72279e-05,0,0.129382,0.120446
0,-0.0299259,-0.00423083,4.07112e-05,0,0.13842,0.128116
0.0124937,-0.0334409,-0.00408787,0.000125697,0,0.147676,0.134223
0.0286146,-0.0413529,-0.00394928,0.000208098,0,0.156737,0.138934
0.0447355,-0.0252645,-0.00403396,0.000287915,0,0.165402,0.143061
0.0608564,-0.00914365,-0.00437108,0.000368171,-0.00900141,0.173594,0.147502
0.0769772,0.00697724,-0.00478979,0.000453233,-0.0256156,0.181264,0.151543
0.0930981,0.0230981,-0.00553819,0.00054547,-0.0244826,0.18837,0.154569
0.109219,0.015759,-0.00677656,0.000648375,-0.02346,0.194868,0.157079
-0.116473,-0.186473,-0.00799152,0.000775238,2.46528e-10,-0.0411001,-0.0832721
-0.100353,-0.170353,-0.00962781,0.000915629,0,-0.0359587,-0.079963
-0.0842316,-0.154232,-0.0113158,0.00109673,0,-0.0315743,-0.0747883
-0.0681108,-0.138111,-0.0127066,0.00131123,0,-0.0280042,-0.0691259
-0.0519899,-0.12199,-0.014021,0.00155563,0,-0.0253093,-0.0652808
-0.035869,-0.105869,-0.0152351,0.00182225,0,-0.0235505,-0.0623477
-0.0197481,-0.0897481,-0.0159762,0.0021142,0,-0.0227755,-0.0587201
-0.0036272,-0.0736272,-0.0161061,0.00242817,0,-0.0229663,-0.0546163
0,-0.07,-0.0158435,0.00274964,0,-0.0238407,-0.051581
0,-0.07,-0.0153578,0.00306848,0,-0.0250193,-0.0494471
0,-0.07,-0.0147471,0.00337928,0,-0.0263408,-0.0475205
0,-0.07,-0.014069,0.00367697,0,-0.0277684,-0.0457281
0,-0.07,-0.013365,0.00396343,0,-0.0292984,-0.0448091
0,-0.0677537,-0.0126748,0.00423496,0,-0.0309365,-0.0452485
0,-0.0691518,-0.012017,0.00449294,0,-0.0326908,-0.0474867
0,-0.07,-0.0114373,0.00473492,0,-0.0345708,-0.0519154
0,-0.07,-0.0109873,0.00496512,0,-0.036587,-0.0577689
0,-0.07,-0.0108061,0.00518689,0,-0.0387505,-0.0650631
0,-0.07,-0.0111518,0.00540392,0,-0.0410733,-0.072865
0,-0.07,-0.0125424,0.00562523,0,-0.0435682,-0.0810904
0,-0.07,-0.0159127,0.00586982,0,-0.0462487,-0.0895504
0,-0.07,-0.0231376,0.00617122,0,-0.0491296,-0.0980524
0,-0.07,-0.0395847,0.00657978,0,-0.0522268,-0.106764
0,-0.07,-0.0724882,0.0072399,-0.00468814,-0.0555577,-0.115291
0,-0.07,-0.121539,0.00842644,-0.0611213,-0.0591409,-0.123945
0,-0.07,-0.191096,0.0103667,-0.0647978,-0.0629964,-0.132952
0,-0.07,-0.292424,0.0134931,-0.0631442,-0.0671458,-0.142526
0,-0.07,-0.488007,0.0187842,-0.0572601,-0.0716121,-0.153386
0,-0.07,-1.08615,0.0271753,-0.0511666,-0.0764203,-0.165256
0,-0.07,-3.94231,0.0450103,-0.0452735,-0.0815972,-0.177981
0,-0.07,-9.76184,0.109576,-0.0395482,-0.0871717,-0.191432
0,-0.07,-15,0.258256,-0.0339357,-0.0931748,-0.205185
0,-0.07,-15,0.516351,-0.0286641,-0.0996399,-0.220302
0,-0.07,-14.9036,0.816351,-0.0247061,-0.108488,-0.234795
0,-0.07,-14.4306,1.11616,-0.0239543,-0.120306,-0.244548
0,-0.07,-13.9134,1.4069,-0.0252409,-0.133354,-0.247766
0,-0.07,-13.3832,1.68775,-0.0256563,-0.147206,-0.25073
0,-0.07,-12.8497,1.95913,-0.0242771,-0.161688,-0.254661
-0.0156745,-0.0856745,-12.3169,2.21986,-0.0215878,-0.176371,-0.259989
-0.0372945,-0.107294,-11.7856,2.47072,-0.0183342,-0.190691,-0.264059
-0.0589145,-0.128914,-11.2525,2.71015,-0.0121017,-0.204364,-0.2662
-0.0805345,-0.150534,-10.7188,2.9392,-2.35841e-08,-0.217285,-0.268347
-0.102154,-0.172154,-10.1858,3.15731,2.30076e-09,-0.229399,-0.271799
-0.123774,-0.193774,-9.65523,3.36476,-3.74527e-09,-0.240654,-0.276475
-0.145394,-0.218622,-9.12902,3.56158,-0.00322743,-0.251,-0.282317
0.157285,0.0872854,-9.12938,3.74784,5.96311e-19,0.0639183,0.0426083
0.135665,0.0656654,-8.58292,3.93043,-4.81482e-35,0.0555614,0.0376265
0.114045,0.0440454,-8.05892,4.10591,0,0.0482953,0.0321339
0.0924255,0.0224255,-7.54533,4.26971,0,0.0421915,0.0252693
0.0708055,0.000805464,-7.04822,4.42421,0,0.0373267,0.0178469
0.0491855,-0.0208145,-6.56898,4.56865,0,0.0337781,0.0112504
0.0275655,-0.0424345,-6.10417,4.70363,0,0.0316059,0.00627191
0.0059455,-0.0640545,-5.65173,4.82896,0,0.0307854,0.00325944
0,-0.07,-5.21192,4.94517,0,0.0309452,0.00240918
0,-0.07,-4.7845,5.05248,0,0.0315615,0.00404003
0,-0.07,-4.37501,5.15095,0,0.0323875,0.00669788
0,-0.07,-3.98389,5.2405,0,0.0333619,0.00978927
0,-0.07,-3.61092,5.32194,0,0.034473,0.0131954
0,-0.0681381,-3.25583,5.39677,0,0.0357223,0.0166834
0,-0.0593259,-2.91812,5.46366,0,0.0371155,0.0206166
0,-0.0497922,-2.59696,5.52354,0,0.0386599,0.024554
0,-0.0400862,-2.29172,5.57676,0,0.0403639,0.0286537
0,-0.0310105,-2.00175,5.62382,0,0.042237,0.0327277
0,-0.0228437,-1.72646,5.66458,0,0.0442894,0.0367485
0,-0.0161273,-1.4652,5.6998,0,0.0465324,0.0405896
0,-0.0113569,-1.21744,5.72989,0,0.048978,0.044153
0,-0.0074269,-0.982644,5.75485,0,0.0516397,0.0477882
0,-0.00525911,-0.760265,5.77556,0,0.0545322,0.0512025
0,-0.00455208,-0.549704,5.79166,0,0.0576717,0.0545458
0,-0.00522808,-0.349397,5.80349,0,0.0610756,0.0578494
0,-0.00743669,-0.154042,5.81128,0,0.0647629,0.0610953
0,-0.0109648,0.0378027,5.81515,0,0.0687542,0.0643787
0,-0.0154358,0.225868,5.81516,0,0.0730717,0.0678238
0,-0.0204097,0.409796,5.81139,0,0.0777396,0.0715633
0,-0.0254406,0.589289,5.80366,0,0.0827838,0.075725
0,-0.0301337,0.764148,5.79232,0,0.0882324,0.0804143
0,-0.0336674,0.934202,5.77747,0,0.0941157,0.0858453
0,-0.0394968,1.08766,5.75947,0,0.100574,0.0916593
0,-0.03947,1.2475,5.73841,0,0.107534,0.0983027
0,-0.038406,1.40292,5.7141,0,0.11489,0.105764
0,-0.0351077,1.55077,5.68666,0,0.122782,0.113961
0,-0.0290358,1.69167,5.65616,0,0.131248,0.122859
0.000398924,-0.0196641,1.82742,5.62268,0,0.140222,0.132426
0.0163559,-0.00554139,1.95875,5.58667,0,0.14932,0.142876
0.0323128,0.00933683,2.0861,5.54802,0,0.158133,0.152897
0.0482698,0.0259592,2.20959,5.50662,0,0.166527,0.162899
0.0642267,0.0533696,2.32911,5.46329,0,0.174442,0.175311
0.0801837,0.0844315,2.44429,5.41743,0,0.181835,0.187657
0.0961406,0.116814,2.555,5.36935,0,0.188663,0.199586
0.112098,0.151403,2.66114,5.31891,0,0.194883,0.211421
-0.1113,-0.0412997,2.66134,5.26622,0,-0.0389066,-0.0253287
-0.0953428,-0.0253428,2.76135,5.213,0,-0.0340477,-0.0158024
-0.0793858,-0.00938581,2.85719,5.15847,0,-0.0299486,-0.00699919
-0.0634289,0.00657114,2.94638,5.10195,0,-0.0266672,0.0011073
-0.0474719,0.0225281,3.02705,5.04342,0,-0.0242645,0.00782033
-0.031515,0.038485,3.10011,4.98324,0,-0.0228006,0.0130679
-0.015558,0.054442,3.16735,4.92172,0,-0.0223169,0.0179533
0,0.07,3.22937,4.85884,0,-0.0227706,0.0219699
0,0.07,3.28617,4.79472,0,-0.0238109,0.0237919
0,0.07,3.33764,4.72942,0,-0.0250629,0.0232478
0,0.07,3.38454,4.66305,0,-0.0264337,0.0214831
0,0.07,3.42733,4.59567,0,-0.0279048,0.0190346
0,0.07,3.46642,4.52744,0,-0.0294774,0.0161328
0,0.07,3.50215,4.45841,0,-0.0311584,0.0131189
0,0.07,3.53479,4.38852,0,-0.0329568,0.00988619
0,0.07,3.56459,4.31807,0,-0.0348824,0.00685985
0,0.07,3.59176,4.24693,0,-0.0369458,0.00383994
0,0.07,3.6165,4.17522,0,-0.0391585,0.0008888
0,0.07,3.63898,4.10301,0,-0.0415328,-0.00209688
0,0.07,3.65943,4.03039,0,-0.0440816,-0.00494931
0,0.07,3.67798,3.95729,0,-0.0468187,-0.00797108
0,0.07,3.69481,3.88382,0,-0.0497593,-0.0111884
0,0.07,3.71004,3.81004,0,-0.0529199,-0.0146931
0,0.07,3.72385,3.73594,0,-0.0563179,-0.0185616
0,0.07,3.73607,3.66156,0,-0.0599725,-0.0228719
0,0.07,3.74525,3.58691,0,-0.063904,-0.0278174
0,0.07,3.75106,3.51207,0,-0.0681343,-0.0330519
0,0.07,3.75355,3.43709,0,-0.0726872,-0.0391456
0,0.07,3.75277,3.36203,0,-0.077588,-0.045559
0,0.07,3.74874,3.28698,0,-0.082864,-0.0527464
0,0.07,3.74141,3.21198,0,-0.0885446,-0.0605229
0,0.07,3.74689,3.13712,0,-0.0945519,-0.0690613
0,0.07,3.73394,3.06222,0,-0.100888,-0.077689
0,0.07,3.71778,2.98745,0,-0.107689,-0.08703
0,0.0694583,3.6992,2.91302,0,-0.115012,-0.0967319
0,0.0584279,3.67826,2.83896,0,-0.122871,-0.106569
-0.00111915,0.0451911,3.65479,2.76534,0,-0.131185,-0.116395
-0.0160412,0.0363305,3.62881,2.69218,0,-0.139594,-0.124622
-0.0309632,0.0374734,3.60043,2.61949,0,-0.14773,-0.129884
-0.0458852,0.0241148,3.56993,2.54728,0,-0.155473,-0.133539
-0.0608073,0.00919273,3.53732,2.47566,0.0025941,-0.162767,-0.137251
-0.0757293,-0.0057293,3.50292,2.40457,0.0117011,-0.169572,-0.140363
-0.0906513,-0.0206513,3.46709,2.33427,0.0109364,-0.175847,-0.142863
-0.105573,-0.0254954,3.43017,2.26468,0.0100779,-0.181552,-0.144854
0.103335,0.173335,3.43203,2.19581,-1.28219e-09,0.037187,0.0828248
0.088413,0.158413,3.39153,2.1272,-5.16988e-26,0.032757,0.0803466
0.073491,0.143491,3.34656,2.05908,0,0.0290389,0.0731315
0.058569,0.128569,3.2991,1.99168,0,0.0260871,0.0626373
0.0436469,0.113647,3.25065,1.92522,0,0.0239587,0.0521489
0.0287249,0.0987249,3.20217,1.85987,0,0.0227089,0.0492817
0.0138029,0.0838029,3.15262,1.79541,0,0.022373,0.0474647
0,0.07,3.10171,1.73194,0,0.0228969,0.0458406
0,0.07,3.04936,1.66965,0,0.0239537,0.0445464
0,0.07,2.99526,1.60827,0.0010009,0.0252087,0.0437233
0,0.07,2.94082,1.5481,0.00179908,0.0265796,0.0430664
0,0.0667824,2.88654,1.48901,0.00245593,0.0280505,0.0428659
0,0.0634047,2.83269,1.43101,0.00270359,0.0296236,0.0436181
0,0.0657143,2.77948,1.37411,0.0016325,0.031306,0.0460776
0,0.07,2.72709,1.31823,-1.0842e-19,0.0331065,0.0503999
0,0.07,2.67566,1.26329,-3.00927e-36,0.035035,0.0559465
0,0.07,2.62537,1.20939,3.34096e-52,0.0371022,0.0624339
0,0.07,2.57641,1.15658,3.70921e-68,0.0393196,0.0692854
0,0.07,2.52909,1.10474,2.05902e-84,0.0416994,0.0762106
0,0.07,2.48384,1.05383,0,0.0442547,0.0833445
0,0.07,2.44103,1.00376,0,0.0469993,0.0901183
0,0.07,2.40113,0.954494,0,0.0499484,0.0966477
0,0.07,2.36484,0.906172,0,0.0531184,0.102828
0,0.07,2.33344,0.858694,0,0.0565271,0.109058
0,0.07,2.30541,0.811884,0,0.0601936,0.115286
0,0.07,2.27989,0.765649,0,0.0641381,0.121844
0,0.07,2.2577,0.71986,0.00580363,0.0683829,0.128571
0,0.07,2.23698,0.67454,0.0317575,0.0729516,0.135602
0,0.07,2.21717,0.629645,0.0591811,0.0778696,0.143502
0,0.07,2.20069,0.585113,0.0613024,0.0831644,0.152636
0,0.07,2.18588,0.540976,0.0648354,0.0888656,0.162554
0,0.07,2.18063,0.497184,0.0592012,0.0950047,0.17397
0,0.07,2.19716,0.453535,0.0524248,0.101616,0.186464
0,0.07,2.21151,0.409691,0.0438268,0.110475,0.199094
0,0.07,2.16092,0.365582,0.0432264,0.122126,0.207908
0,0.07,2.10802,0.322111,0.0387219,0.134971,0.216063
0,0.07,2.05138,0.279554,0.0160197,0.148621,0.219227
0,0.07,1.99159,0.23813,1.25325e-09,0.16293,0.22142
0.013598,0.083598,1.9306,0.195888,6.10973e-09,0.17754,0.22651
0.034267,0.104267,1.86755,0.158719,-6.20385e-25,0.191884,0.229611
0.0560238,0.126024,1.80431,0.120706,0,0.205607,0.233128
0.0777807,0.127924,1.74064,0.0839238,0,0.218595,0.237431
0.0995375,0.118881,1.67684,0.0484425,0,0.230787,0.24324
0.121294,0.1161,1.61316,0.0145228,0,0.242132,0.250456
0.143051,0.12475,1.54981,-0.018218,0,0.252578,0.259634
-0.161544,-0.0915444,1.55051,-0.049626,0,-0.0642815,-0.0382694
-0.139788,-0.0697876,1.48547,-0.0806306,0,-0.0558032,-0.02929
-0.118031,-0.0480308,1.42202,-0.110795,0,-0.0484054,-0.0206081
-0.096274,-0.026274,1.35933,-0.139839,0,-0.0421599,-0.0118314
-0.0745171,-0.00451713,1.29807,-0.167464,0,-0.0371435,-0.00238344
-0.0527603,0.0172397,1.239,-0.193854,0,-0.0334345,0.00650529
-0.0310035,0.0389965,1.18219,-0.219048,0,-0.0310975,0.0149117
-0.00924665,0.0607533,1.12753,-0.243089,0,-0.0301242,0.021879
0,0.07,1.07534,-0.266022,0,-0.030207,0.0265375
0,0.07,1.02554,-0.288077,0,-0.0308257,0.0290782
0,0.07,0.978544,-0.308961,0,-0.0316717,0.0298551
0,0.07,0.934194,-0.328885,0,-0.0326679,0.0296502
0,0.07,0.892186,-0.347879,0,-0.0337982,0.0288639
0,0.07,0.852402,-0.366038,0,-0.0350633,0.0278126
0,0.07,0.814959,-0.383364,0,-0.0364687,0.0267209
0,0.07,0.78004,-0.399944,0,-0.0380216,0.0257303
0,0.07,0.748045,-0.41579,0,-0.0397306,0.0248737
0,0.07,0.719538,-0.430927,0,-0.041605,0.0241008
0,0.07,0.695628,-0.445446,0,-0.0436552,0.0233017
0,0.07,0.676856,-0.459525,0,-0.0458925,0.0224722
0,0.07,0.662911,-0.473147,0,-0.0483288,0.0214881
0,0.07,0.656023,-0.48651,0,-0.0509775,0.0202609
0,0.07,0.656382,-0.499682,0.0192279,-0.0538533,0.0188347
0,0.07,0.660081,-0.512808,0.0480666,-0.0569722,0.0169022
0,0.07,0.667698,-0.525987,0.0559246,-0.0603516,0.0148793
0,0.07,0.682321,-0.539303,0.0477695,-0.0640104,0.0127618
0,0.07,0.71785,-0.552847,0.0388885,-0.0679689,0.0103156
0,0.07,0.787267,-0.56692,0.0302081,-0.0722493,0.00746686
0,0.07,0.933541,-0.582145,0.0221785,-0.0768753,0.00393532
0,0.07,1.32154,-0.600084,0.0151112,-0.0818729,-0.000234819
0,0.07,2.58308,-0.624381,0.00914356,-0.0872698,-0.00500857
0,0.07,4.36594,-0.669735,0.0044145,-0.093096,-0.0103716
0,0.07,4.59109,-0.74814,0.0010313,-0.0990604,-0.0163349
0,0.07,4.92009,-0.838723,-0.0011254,-0.105103,-0.0228871
0,0.07,5.54577,-0.935151,-0.00234938,-0.111561,-0.0299442
0,0.07,6.33232,-1.04263,-0.0028352,-0.118537,-0.037424
0,0.07,7.1391,-1.16495,-0.00272317,-0.126034,-0.0454614
-0.00546521,0.0645348,8.03719,-1.30168,-0.00215882,-0.13389,-0.0536134
-0.0200391,0.0499609,8.9582,-1.45524,-0.00122905,-0.141744,-0.0618084
-0.034613,0.035387,9.88717,-1.62979,-0.000836594,-0.149313,-0.0698665
-0.0491869,0.0208131,11.2465,-1.81964,-0.00181412,-0.156499,-0.0772417
-0.0637608,0.00623917,13.4839,-2.0371,-0.00396056,-0.16325,-0.0842556
-0.0783347,-0.00833473,15,-2.28552,-0.00661832,-0.169527,-0.0913182
-0.0929086,-0.0229086,15,-2.56884,-0.00813646,-0.175289,-0.0986024
-0.107483,-0.0472511,15,-2.86884,-0.00976854,-0.180494,-0.106215
0.0965521,0.1957,15,-3.16884,-0.00976854,0.0335108,0.0939931
0.0816139,0.151614,15,-3.47634,0.0158751,0.0295605,0.0808094
0.0674043,0.137404,14.7816,-3.76884,0.0196055,0.026312,0.0677682
0.0528304,0.12283,14.5157,-4.06622,0.0232214,0.0238145,0.054425
0.0382565,0.0868197,14.2248,-4.35839,0.0264785,0.0221276,0.0406112
0.0236826,0.0268237,13.9169,-4.64435,0.0292493,0.0213021,0.0259999
0.00910869,-0.0412842,13.5959,-4.92484,0.0308167,0.0213521,0.0106455
0,-0.07,13.2638,-5.199,0.0304676,0.0221399,-0.000881804
0,-0.07,12.9077,-5.46677,0.0283714,0.0233391,-0.00718005
0,-0.07,12.5096,-5.72671,0.027355,0.0247021,-0.010727
0,-0.07,12.0721,-5.97889,0.0257528,0.02617,-0.011228
0,-0.07,11.6041,-6.2223,0.0236844,0.0277334,-0.00943492
0,-0.07,11.1146,-6.45649,0.0212488,0.0293964,-0.00602853
0,-0.07,10.6122,-6.68221,0.0183451,0.0311672,-0.00187069
0,-0.07,10.1043,-6.89671,0.0149362,0.0330552,0.00293039
0,-0.07,9.59621,-7.10261,0.0110386,0.0350707,0.0079386
0,-0.07,9.0926,-7.29809,0.00667577,0.0372251,0.0130696
0,-0.07,8.59693,-7.48372,0.00194381,0.0395302,0.0177934
0,-0.07,8.11211,-7.65937,5.82753e-20,0.0419988,0.0223557
0,-0.07,7.64012,-7.82452,0,0.0446443,0.026545
0,-0.07,7.18263,-7.97992,0,0.0474812,0.0303608
0,-0.07,6.74066,-8.12586,0,0.0505252,0.0338819
0,-0.07,6.3149,-8.26289,0,0.0537933,0.0371805
0,-0.07,5.90416,-8.39131,0,0.0573038,0.0402872
0,-0.07,5.4953,-8.51124,0,0.0610763,0.0435506
0,-0.07,5.08388,-8.62299,0,0.0651318,0.046855
0,-0.07,4.67169,-8.72652,0,0.0694931,0.0504683
0,-0.07,4.2601,-8.82222,0,0.0741844,0.0541956
0,-0.07,3.85054,-8.90927,0,0.0792319,0.0583841
0,-0.07,3.44445,-8.98833,0,0.0846637,0.0630002
0,-0.07,3.04381,-9.05905,0,0.0905101,0.0680839
0,-0.07,2.78647,-9.12293,0,0.0969099,0.0736616
0,-0.07,2.38196,-9.18046,0,0.103927,0.0799161
0,-0.07,2.00064,-9.23053,0,0.111495,0.0862456
0,-0.07,1.62899,-9.27226,0,0.119605,0.0939316
0,-0.07,1.26523,-9.30762,0,0.12821,0.101748
0.0110514,-0.0589486,0.90808,-9.33547,0,0.137028,0.110446
0.0262947,-0.0437053,0.556451,-9.35578,0,0.14567,0.119475
0.041538,-0.028462,0.210556,-9.36867,-0.000225748,0.153935,0.12764
0.0567813,-0.0132187,-0.128626,-9.37634,-0.00584035,0.161747,0.13499
0.0720246,0.00202463,-0.459821,-9.37732,0.000112466,0.169061,0.142264
0.0872679,0.0172679,-0.780065,-9.37045,0.00510875,0.175836,0.152169
0.102511,0.0397535,-1.08853,-9.35741,0.00724222,0.182033,0.161827
-0.110895,-0.0842808,-1.08842,-9.33872,-0.00663116,-0.0410414,-0.0412767
-0.0956518,-0.0401204,-1.40387,-9.31695,-0.00688406,-0.0361341,-0.0316355
-0.0804084,-0.0104084,-1.68927,-9.29108,-0.00594155,-0.0319448,-0.0229905
-0.0651651,0.00483486,-1.96515,-9.25929,-0.0015545,-0.028527,-0.0165567
-0.0499218,0.0200782,-2.22932,-9.22192,0,-0.0259376,-0.0114213
-0.0346785,0.0353215,-2.47719,-9.17919,0,-0.0242341,-0.00670638
-0.0194352,0.0505648,-2.70852,-9.13076,-0.0024837,-0.0234618,-0.00240787
-0.00419191,0.0658081,-2.92683,-9.07821,-0.00529763,-0.0236078,0.00137066
0,0.07,-3.1335,-9.0212,-0.00678073,-0.0244215,0.00354026
0,0.07,-3.3303,-8.95956,-0.00709298,-0.0255478,0.00346526
0,0.07,-3.51677,-8.89433,-0.00746529,-0.0268213,0.00133679
0,0.07,-3.69342,-8.82502,-0.00744783,-0.028204,-0.0019445
0,0.07,-3.86086,-8.75248,-0.00639857,-0.0296919,-0.00611292
0,0.07,-4.01931,-8.67652,-0.00448297,-0.03129,-0.0108242
0,0.07,-4.16901,-8.59732,-0.00217492,-0.0330064,-0.0157947
0,0.0615147,-4.31014,-8.51476,0,-0.0348505,-0.0207642
0,0.0487094,-4.44277,-8.42962,0,-0.0368323,-0.0259367
0,0.036496,-4.56727,-8.34123,0,-0.0389629,-0.0308803
0,0.0260065,-4.68397,-8.25019,0,-0.0412541,-0.0355292
0,0.017713,-4.79322,-8.15681,0,-0.0437184,-0.0398189
0,0.0111933,-4.89529,-8.06138,0,-0.0463692,-0.0439053
0,0.00677371,-4.99039,-7.96388,0,-0.0492211,-0.047694
0,0.00387689,-5.07873,-7.86445,0,-0.0522899,-0.0513813
0,0.00301454,-5.16065,-7.76323,0,-0.0555928,-0.0548178
0,0.00290861,-5.23626,-7.66035,0,-0.0591483,-0.05841
0,0.00330579,-5.30524,-7.55589,0,-0.0629761,-0.0621931
0,0.00403752,-5.36759,-7.45002,0,-0.0670976,-0.0662308
0,0.00454065,-5.42345,-7.34292,0,-0.0715359,-0.0707023
0,0.00536368,-5.47299,-7.2347,0,-0.0763157,-0.0754556
0,0.00673726,-5.51636,-7.12542,0,-0.0814637,-0.0804781
0,0.00777146,-5.55373,-7.0152,0,-0.0870085,-0.0860469
0,0.00870744,-5.5853,-6.90429,0,-0.0929811,-0.0920557
0,0.0170122,-5.59197,-6.79271,0,-0.0997583,-0.0984855
0,0.0207632,-5.60834,-6.6809,0,-0.107475,-0.10553
0,0.0228251,-5.61969,-6.56881,0,-0.115844,-0.113096
0,0.0236341,-5.62612,-6.45646,0,-0.124813,-0.121064
0,0.0222187,-5.62814,-6.34396,0,-0.134357,-0.129574
-0.00377881,0.0169613,-5.62641,-6.2314,0,-0.144328,-0.138868
-0.0205735,0.00710662,-5.62128,-6.11887,0,-0.154314,-0.148913
-0.0373682,-0.00333781,-5.61296,-6.00643,0,-0.163941,-0.158434
-0.0541629,-0.0152951,-5.60158,-5.89412,0,-0.173088,-0.167824
-0.0709576,-0.0344374,-5.58721,-5.78203,0,-0.181695,-0.178575
-0.0877523,-0.0576403,-5.56985,-5.67023,0,-0.18972,-0.189491
-0.104547,-0.0832018,-5.54943,-5.55871,0,-0.197119,-0.200206
-0.121342,-0.111304,-5.52588,-5.44759,0,-0.203846,-0.210814
0.113784,0.0583374,-5.52597,-5.33694,0,0.0420665,0.0353066
0.0969894,0.0269894,-5.49452,-5.22642,0,0.0368308,0.0251705
0.0801947,0.0101947,-5.46062,-5.11644,0,0.0324238,0.016196
0.0634,-0.00659998,-5.42506,-5.00693,0,0.0289061,0.00829696
0.0466053,-0.0233947,-5.38681,-4.8982,0,0.0263407,0.00132721
0.0298106,-0.0401894,-5.34492,-4.79018,0,0.0247862,-0.00456382
0.0130159,-0.0569841,-5.29974,-4.68309,0,0.0242685,-0.00906845
0,-0.07,-5.25181,-4.57689,0,0.0246747,-0.0125825
0,-0.07,-5.2012,-4.47162,0,0.025626,-0.0137006
0,-0.07,-5.14975,-4.36722,0,0.0267855,-0.0129055
0,-0.07,-5.09876,-4.26386,0,0.0280701,-0.0110374
0,-0.07,-5.0485,-4.1615,0,0.0294633,-0.00838343
0,-0.07,-4.99925,-4.06016,0,0.0309668,-0.00551381
0,-0.07,-4.95117,-3.9598,0,0.0325871,-0.00225635
0,-0.07,-4.90429,-3.86044,0,0.0343328,0.000993564
0,-0.07,-4.85862,-3.76212,0,0.0362136,0.00440703
0,-0.07,-4.81423,-3.66463,0,0.0382398,0.00787686
0,-0.07,-4.77111,-3.5681,0,0.0404225,0.0114231
0,-0.07,-4.72924,-3.47248,0,0.042774,0.0150943
0,-0.07,-4.6886,-3.37769,0,0.045307,0.0189397
0,-0.07,-4.64912,-3.28363,0,0.0480352,0.0231324
0,-0.07,-4.61074,-3.19037,0,0.0509738,0.0274319
0,-0.07,-4.57344,-3.09799,0,0.0541392,0.0322277
0,-0.07,-4.53717,-3.00635,0,0.057549,0.0376168
0,-0.0671192,-4.5011,-2.91535,0,0.0612223,0.0433789
0,-0.0585638,-4.46268,-2.82513,0,0.0651795,0.04967
0,-0.0493001,-4.42152,-2.73571,0,0.0694428,0.056225
0,-0.0398803,-4.37775,-2.64717,0,0.074036,0.0631602
0,-0.0313571,-4.33156,-2.55944,0,0.0789847,0.0702357
0,-0.0239716,-4.28307,-2.47263,0,0.0843164,0.0774568
0,-0.0180944,-4.23239,-2.38684,0,0.0900608,0.0847431
0,-0.0137921,-4.1796,-2.30207,0,0.09625,0.0920896
0,-0.00855821,-4.12929,-2.21827,0,0.10281,0.0995324
0,-0.00800737,-4.0727,-2.1355,0,0.109746,0.106404
0,-0.00989418,-4.01436,-2.05382,0,0.117198,0.113097
0,-0.0136741,-3.95468,-1.97333,0,0.125222,0.119547
0,-0.0184238,-3.89312,-1.894,0,0.133836,0.12585
0.00121393,-0.0229682,-3.82958,-1.81592,0,0.142949,0.132131
0.0173996,-0.0259439,-3.76425,-1.73914,0,0.15217,0.138548
0.0335853,-0.0285332,-3.69726,-1.66369,0,0.161094,0.144582
0.049771,-0.020229,-3.62881,-1.58958,0,0.169592,0.149845
0.0659567,-0.00404334,-3.55913,-1.5167,0,0.177603,0.155244
0.0821423,0.0121423,-3.48839,-1.44503,-0.00981538,0.185082,0.161598
0.098328,0.028328,-3.41662,-1.37462,-0.012929,0.191987,0.171691
0.114514,0.0271796,-3.34405,-1.30579,-0.0173341,0.198272,0.182473
-0.112086,-0.113232,-3.34394,-1.23843,0,-0.0388947,-0.047004
-0.0959002,-0.0623829,-3.27075,-1.17155,0,-0.0339943,-0.0353973
-0.0797145,-0.0227661,-3.1942,-1.10588,0,-0.0298672,-0.0251354
-0.0635288,0.00647119,-3.11702,-1.04169,0,-0.0265725,-0.0171825
-0.0473431,0.0226569,-3.03997,-0.979082,0,-0.024172,-0.00981375
-0.0311574,0.0388426,-2.96344,-0.917897,0,-0.0227258,-0.00288253
-0.0149718,0.0550282,-2.88697,-0.858131,0,-0.0222719,0.00306135
0,0.07,-2.80994,-0.800047,0,-0.0227508,0.00797939
0,0.07,-2.73221,-0.743271,0,-0.0238047,0.00932332
0,0.07,-2.65375,-0.688083,0,-0.025067,0.00815924
0,0.07,-2.57633,-0.634655,0,-0.0264474,0.00570027
0,0.07,-2.50048,-0.582741,0,-0.0279279,0.00274305
0,0.07,-2.42646,-0.5322,0,-0.02951,-0.000450218
0,0.07,-2.35446,-0.483116,0,-0.0312007,-0.00370827
0,0.07,-2.28459,-0.435667,0,-0.0330089,-0.0071963
0,0.07,-2.21693,-0.389451,0,-0.0349446,-0.0106303
0,0.07,-2.15151,-0.344605,0,-0.0370185,-0.0140184
0,0.07,-2.08839,-0.301215,0,-0.0392421,-0.0175657
0,0.07,-2.02758,-0.259131,0,-0.0416276,-0.0212598
0,0.07,-1.96909,-0.218276,0,-0.0441882,-0.0251724
0,0.07,-1.91289,-0.178484,0,-0.0469377,-0.0293526
0,0.0664895,-1.85895,-0.139974,0,-0.0498914,-0.0338658
0,0.0597792,-1.80723,-0.102444,0,-0.0530656,-0.0387298
0,0.0519626,-1.75767,-0.0660926,0,-0.0564782,-0.044
0,0.0454827,-1.70897,-0.0307904,0,-0.0601482,-0.0491204
0,0.0396431,-1.65928,0.00358387,0,-0.0640962,-0.0544315
0,0.0347163,-1.60862,0.0369682,0,-0.068344,-0.059853
0,0.0314527,-1.55721,0.0692926,0,-0.0729156,-0.0652183
0,0.0285574,-1.50525,0.100565,0,-0.0778363,-0.070954
0,0.0272052,-1.4529,0.130878,0,-0.0831335,-0.0766921
0,0.0266156,-1.40031,0.160093,0,-0.0888369,-0.0827215
0,0.0281616,-1.34763,0.18831,0,-0.0949782,-0.0886193
0,0.0338304,-1.29928,0.215499,0,-0.101762,-0.0948698
0,0.0378187,-1.24653,0.241678,0,-0.109275,-0.10141
0,0.0405307,-1.19457,0.266767,0,-0.117388,-0.108448
0,0.0415111,-1.1435,0.290867,0,-0.126086,-0.115995
0,0.0401884,-1.09294,0.313941,0,-0.135324,-0.124039
-0.00935922,0.0358198,-1.04267,0.336002,0,-0.144848,-0.132594
-0.0256361,0.0284318,-0.992571,0.357081,0,-0.154247,-0.141472
-0.041913,0.0217737,-0.942624,0.377133,0,-0.16326,-0.149535
-0.05819,0.01181,-0.8929,0.396136,0,-0.171795,-0.157271
-0.0744669,-0.00446687,-0.843556,0.414267,0,-0.179801,-0.167536
-0.0907438,-0.0262183,-0.794748,0.431484,0,-0.187236,-0.177738
-0.107021,-0.051529,-0.746642,0.44772,0,-0.194056,-0.187973
0.120856,0.0906761,-0.74675,0.463014,0,0.0439368,0.0438859
0.104579,0.046469,-0.697988,0.477948,0,0.0384846,0.0336666
0.0883022,0.0183022,-0.650767,0.492054,0,0.0337936,0.0252752
0.0720253,0.00202533,-0.604569,0.505282,0,0.0299203,0.0179956
0.0557484,-0.0142516,-0.559565,0.517836,0,0.0269249,0.0109416
0.0394715,-0.0305285,-0.516361,0.529319,0,0.0248689,0.00457419
0.0231946,-0.0468054,-0.474921,0.539841,0,0.023803,-0.0010457
0.00691769,-0.0630823,-0.434837,0.54963,0,0.0237249,-0.00577312
0,-0.07,-0.395966,0.558607,0,0.0244133,-0.00773198
0,-0.07,-0.357993,0.56674,0,0.0254909,-0.0067932
0,-0.07,-0.321279,0.574185,0,0.0267355,-0.00442183
0,-0.07,-0.285993,0.580812,0,0.0280941,-0.00131665
0,-0.07,-0.252138,0.586691,0,0.0295587,0.00219448
0,-0.07,-0.21974,0.591988,0,0.0311331,0.00589398
0,-0.07,-0.188786,0.596544,0,0.0328251,0.00973762
0,-0.07,-0.159269,0.600552,0,0.0346438,0.0133926
0,-0.07,-0.131157,0.6039,0,0.0365991,0.0171519
0,-0.07,-0.104405,0.60672,0,0.0387018,0.02095
0,-0.0647961,-0.0789998,0.608995,0,0.0409637,0.0248418
0,-0.0577801,-0.0548876,0.610753,0,0.0433972,0.0289813
0,-0.0517469,-0.0320128,0.611959,0,0.0460154,0.0329432
0,-0.0464143,-0.0103259,0.612691,0,0.0488328,0.0369589
0,-0.0417621,0.0102284,0.612995,0,0.051865,0.0410392
0,-0.0376976,0.0297063,0.612873,0,0.0551289,0.0452302
0,-0.0342242,0.0481968,0.612357,0,0.0586426,0.0495504
0,-0.0312037,0.0661196,0.611448,0,0.062426,0.0540652
0,-0.0287218,0.0836499,0.610197,0,0.0665,0.0587724
0,-0.0268365,0.10077,0.608595,0,0.0708875,0.0636896
0,-0.0256647,0.117451,0.606622,0,0.0756128,0.0688163
0,-0.0253096,0.133668,0.604315,0,0.0807024,0.0741548
0,-0.025801,0.149402,0.601682,0,0.0861846,0.0797204
0,-0.0271149,0.164635,0.598733,0,0.0920899,0.0855276
0,-0.0291533,0.179347,0.595479,0,0.0984512,0.0915913
0,-0.0313314,0.193264,0.59195,0,0.105288,0.0979264
0,-0.0330676,0.206941,0.588141,0,0.112632,0.104734
0,-0.034699,0.219874,0.584064,0,0.120533,0.111746
0,-0.0351327,0.23211,0.579724,0,0.129013,0.119155
0,-0.0341624,0.243844,0.575131,0,0.138025,0.126815
0.0124612,-0.0296936,0.255152,0.570295,0,0.147255,0.135135
0.0285401,-0.0226715,0.266075,0.565237,0,0.15629,0.143614
0.044619,-0.0162507,0.276613,0.559949,0,0.164931,0.15134
0.0606979,-0.00585124,0.286764,0.554464,0,0.173099,0.159693
0.0767769,0.0123966,0.296511,0.548795,0,0.180747,0.169488
0.0928558,0.0353432,0.305817,0.542937,0,0.187832,0.17961
0.108935,0.0607774,0.314639,0.536872,0,0.194312,0.189556
-0.11617,-0.0851383,0.31474,0.530619,0,-0.0410448,-0.0412545
-0.100091,-0.0422127,0.322954,0.524325,0,-0.0359191,-0.0313124
-0.0840124,-0.0140124,0.330562,0.517899,0,-0.0315485,-0.0230765
-0.0679334,0.00206655,0.337704,0.511314,0,-0.02799,-0.0158463
-0.0518545,0.0181455,0.344395,0.50461,0,-0.0253045,-0.00908698
-0.0357756,0.0342244,0.350405,0.497769,0,-0.0235527,-0.00301698
-0.0196967,0.0503033,0.35575,0.490797,0,-0.022782,0.00239933
-0.00361776,0.0663822,0.360639,0.483706,0,-0.0229746,0.00666514
0,0.07,0.365078,0.47653,0,-0.0238492,0.00777578
0,0.07,0.368982,0.469261,0,-0.0250275,0.0064892
0,0.07,0.37239,0.461901,0,-0.0263484,0.00389336
0,0.07,0.37534,0.454479,0,-0.0277754,0.000656883
0,0.07,0.377886,0.446994,0,-0.029305,-0.00274469
0,0.07,0.380069,0.439453,0,-0.0309425,-0.00637441
0,0.07,0.38193,0.431862,0,-0.0326963,-0.00997302
0,0.07,0.3835,0.424232,0,-0.034576,-0.0138616
0,0.07,0.384815,0.41657,0,-0.0365918,-0.0173916
0,0.0698628,0.385888,0.40888,0,-0.0387549,-0.0212556
0,0.0642055,0.386768,0.401167,0,-0.0410774,-0.0251373
0,0.057691,0.387481,0.393434,0,-0.043572,-0.0291622
0,0.0516608,0.388047,0.385686,0,-0.0462523,-0.0331973
0,0.0463437,0.388483,0.377927,0,-0.0491328,-0.0372612
0,0.0416378,0.388801,0.370158,0,-0.0522298,-0.0414126
0,0.0374298,0.389015,0.362384,0,-0.0555605,-0.0457003
0,0.0336038,0.389096,0.354604,0,-0.0591435,-0.0501754
0,0.0302236,0.388847,0.346822,0,-0.0629988,-0.0548417
0,0.0269116,0.388213,0.339044,0,-0.067148,-0.0598368
0,0.0246237,0.387211,0.331277,0,-0.0716141,-0.0649051
0,0.0237031,0.38586,0.32353,0,-0.0764222,-0.0700259
0,0.0233097,0.384175,0.315809,0,-0.081599,-0.0754755
0,0.0241919,0.382176,0.308122,0,-0.0871734,-0.0810208
0,0.0249433,0.379876,0.300473,0,-0.0931764,-0.0870945
0,0.0267419,0.377291,0.29287,0,-0.0996413,-0.0932838
0,0.0281781,0.375132,0.285314,0,-0.106559,-0.0997235
0,0.0301065,0.371994,0.277805,0,-0.113954,-0.106463
0,0.0315897,0.368617,0.270352,0,-0.121902,-0.113535
0,0.0317971,0.365017,0.262971,0,-0.130432,-0.120997
0,0.0298971,0.361215,0.255655,0,-0.139489,-0.128889
-0.0140928,0.0251412,0.357221,0.248419,0,-0.148728,-0.137212
-0.0301988,0.0185123,0.353037,0.241263,0,-0.15773,-0.145523
-0.0463048,0.0132783,0.348675,0.234185,0,-0.166326,-0.152886
-0.0624109,0.00316282,0.344143,0.227199,0,-0.174443,-0.161162
-0.0785169,-0.0155061,0.339453,0.220289,0,-0.182037,-0.171028
-0.0946229,-0.0378244,0.334624,0.213478,0,-0.189063,-0.180891
-0.110729,-0.0631913,0.32967,0.206759,0,-0.19548,-0.190781
0.114755,0.0801725,0.329566,0.200146,0,0.040351,0.0397084
0.0986494,0.0354208,0.324226,0.193554,0,0.0352983,0.0294739
0.0825434,0.0125434,0.318718,0.187046,0,0.0310065,0.0215056
0.0664374,-0.00356262,0.313084,0.18065,0,0.0275333,0.0144455
0.0503313,-0.0196687,0.307366,0.17436,0,0.0249399,0.00773369
0.0342253,-0.0357747,0.301559,0.168172,0,0.0232871,0.00161823
0.0181193,-0.0518807,0.295635,0.162098,0,0.0226209,-0.00389273
0.00201325,-0.0679867,0.289452,0.156143,0,0.0229155,-0.00794108
0,-0.07,0.283056,0.150327,0,0.0238572,-0.00903345
0,-0.07,0.27661,0.144637,0,0.0250638,-0.00750122
0,-0.07,0.270344,0.139072,0,0.0264031,-0.00493052
0,-0.07,0.264296,0.133637,0,0.0278462,-0.00185891
0,-0.07,0.258489,0.128324,0,0.0293914,0.00154573
0,-0.07,0.252913,0.123114,0,0.031045,0.0050957
0,-0.07,0.247561,0.118019,0,0.0328153,0.00878421
0,-0.07,0.242419,0.113033,0,0.034712,0.0123813
0,-0.07,0.237471,0.108156,0,0.0367457,0.0158908
0,-0.07,0.232718,0.103372,0,0.0389276,0.0196313
0,-0.07,0.228157,0.0986942,0,0.0412697,0.0232953
0,-0.0669829,0.223773,0.0941106,0,0.043785,0.0272198
0,-0.0611842,0.219552,0.0896132,0,0.046487,0.0313804
0,-0.0549937,0.215491,0.0852074,0,0.0493907,0.0357215
0,-0.0491655,0.211587,0.0808874,0,0.0525123,0.0401679
0,-0.0438457,0.207836,0.0766459,0,0.0558691,0.0447375
0,-0.0390472,0.204172,0.0724742,0,0.0594799,0.0494587
0,-0.0347141,0.2004,0.0683761,0,0.0633649,0.0543747
0,-0.0310823,0.196488,0.064353,0,0.0675458,0.0594463
0,-0.0277783,0.192454,0.0604076,0,0.072046,0.0648192
0,-0.0262438,0.188313,0.0565404,0,0.0768904,0.0701011
0,-0.0245871,0.184082,0.0527617,0,0.0821062,0.0759149
0,-0.0244342,0.179773,0.049061,0,0.0877223,0.0817305
0,-0.0254701,0.175399,0.0454548,0,0.0937702,0.0877167
0,-0.0279965,0.171119,0.0419359,0,0.100337,0.0940893
0,-0.0292565,0.167043,0.0384964,0,0.107376,0.100425
0,-0.0315017,0.162506,0.0351453,0,0.114843,0.107084
0,-0.0319708,0.157999,0.0318838,0,0.122853,0.114452
0,-0.0313487,0.15351,0.0287126,0,0.13144,0.122071
0.000401598,-0.0293638,0.149015,0.0256312,0,0.140534,0.129897
0.0164655,-0.0223631,0.144509,0.0226396,0,0.149751,0.138771
0.0325294,-0.0159738,0.139979,0.0197314,0,0.158676,0.146817
0.0485934,-0.0106582,0.135431,0.0169137,0,0.167177,0.154118
0.0646573,0.00223353,0.130884,0.0141938,0,0.175193,0.163065
0.0807212,0.0209741,0.12635,0.0115465,0,0.18268,0.172709
0.0967852,0.0433536,0.121842,0.00899685,0,0.189595,0.182474
0.112849,0.0689775,0.117372,0.00654198,0,0.195896,0.192317
-0.112046,-0.0731223,0.117477,0.00418336,0,-0.0394247,-0.0374434
-0.095982,-0.0293493,0.112941,0.00183408,0,-0.0344987,-0.0276322
-0.079918,-0.00991803,0.108492,-0.000436077,0,-0.0303396,-0.019915
-0.0638541,0.00614589,0.104148,-0.00261704,0,-0.0270055,-0.0127855
-0.0477902,0.0222098,0.0999557,-0.00472173,0,-0.024558,-0.00620802
-0.0317263,0.0382737,0.0959422,-0.00673971,0,-0.0230571,-0.00022512
-0.0156623,0.0543377,0.0920919,-0.00868665,0,-0.0225446,0.0052043
0,0.07,0.0884616,-0.0105535,0,-0.022977,0.00855438
0,0.07,0.0850009,-0.0123409,0,-0.0240011,0.00909494
0,0.07,0.0815391,-0.0140669,0,-0.025239,0.00725351
0,0.07,0.078086,-0.0157236,0,-0.0265969,0.00457311
0,0.07,0.0746651,-0.0173026,0,-0.028056,0.00140874
0,0.07,0.0712804,-0.0188216,0,-0.0296176,-0.00195157
0,0.07,0.067967,-0.0202709,0,-0.0312885,-0.00536027
0,0.07,0.064728,-0.0216468,0,-0.0330774,-0.00901782
0,0.07,0.0615851,-0.0229656,0,-0.0349942,-0.0124048
0,0.07,0.0585468,-0.024213,0,-0.0370495,-0.016064
0,0.07,0.055615,-0.0253976,0,-0.0392547,-0.0196918
0,0.07,0.0527882,-0.0265231,0,-0.0416219,-0.0234323
0,0.0676013,0.0500746,-0.027593,0,-0.0441642,-0.0273591
0,0.061561,0.0474843,-0.0286135,0,-0.0468954,-0.0316482
0,0.0555732,0.0450162,-0.0295749,0,-0.0498304,-0.0359544
0,0.0496091,0.0426655,-0.0304814,0,-0.0529858,-0.0404852
0,0.0440887,0.0404271,-0.0313405,0,-0.056379,-0.0451442
0,0.0394544,0.0382645,-0.0321547,0,-0.0600291,-0.0498534
0,0.0345453,0.0361073,-0.0329254,0,-0.0639565,-0.0549863
0,0.030573,0.0339519,-0.0336572,0,-0.0681831,-0.0601774
0,0.0274996,0.0318049,-0.0343417,0,-0.0727324,-0.0655261
0,0.0254724,0.0296721,-0.0349831,0,-0.0776299,-0.0710178
0,0.0244501,0.0275584,-0.0355819,0,-0.0829028,-0.0766948
0,0.0244589,0.0254679,-0.0361383,0,-0.0885806,-0.0825621
0,0.0254318,0.0234047,-0.0366529,0,-0.0946948,-0.0886395
0,0.0298945,0.0215081,-0.0371262,0,-0.10144,-0.0951347
0,0.0338003,0.0195231,-0.0375649,0,-0.108898,-0.101638
0,0.0368262,0.0175891,-0.0379613,0,-0.116953,-0.1086
0,0.036912,0.0157095,-0.0383179,0,-0.125593,-0.116451
0,0.0353095,0.0138664,-0.0386377,0,-0.134788,-0.124592
-0.00695082,0.0312374,0.0120493,-0.0389197,0,-0.14433,-0.133138
-0.0233057,0.0236233,0.0102517,-0.0391679,0,-0.153811,-0.142199
-0.0396606,0.0180035,0.00847824,-0.0393802,0,-0.162927,-0.150074
-0.0560155,0.0117525,0.00672835,-0.0395568,0,-0.171572,-0.15771
-0.0723703,-0.00289336,0.00499762,-0.0396993,0,-0.179694,-0.167101
-0.0887252,-0.0234362,0.00329453,-0.0398113,0,-0.187248,-0.177126
-0.10508,-0.0468903,0.00162866,-0.03989,0,-0.194193,-0.187032
-0.121435,-0.0727388,6.19944e-06,-0.0399351,0,-0.200482,-0.196781
0.107533,0.0718635,-0.000127948,-0.0399676,0,0.0392558,0.0360428
0.0911784,0.0214543,-0.00174603,-0.0399703,0,0.0344264,0.0258738
0.0748236,0.00482356,-0.00336342,-0.0399395,0,0.0304094,0.0177339
0.0584687,-0.0115313,-0.00497012,-0.0398787,0,0.0272647,0.0111279
0.0421138,-0.0278862,-0.00654126,-0.0397897,0,0.0250543,0.00493045
0.0257589,-0.0442411,-0.00807908,-0.039666,0,0.0238318,-0.00124613
0.00940405,-0.0605959,-0.00971906,-0.0395151,0,0.023607,-0.00701123
0,-0.07,-0.011535,-0.0393331,0,0.0242058,-0.010308
0,-0.07,-0.0133919,-0.0391114,0,0.0252541,-0.0105736
0,-0.07,-0.0151045,-0.038852,0,0.0264842,-0.00875172
0,-0.07,-0.0166406,-0.038561,0,0.0278311,-0.00614983
0,-0.07,-0.0179798,-0.0382359,0,0.0292835,-0.00308101
0,-0.07,-0.0191546,-0.0378863,0,0.0308446,2.61858e-05
0,-0.07,-0.0201839,-0.037512,0,0.0325218,0.00332949
0,-0.07,-0.0210892,-0.0371156,0,0.0343239,0.00646286
0,-0.07,-0.0218956,-0.0366978,0,0.0362608,0.00972764
0,-0.07,-0.0226208,-0.0362648,0,0.0383434,0.0128421
0,-0.07,-0.0232688,-0.0358174,0,0.0405831,0.0161059
0,-0.07,-0.0238434,-0.0353566,0,0.0429923,0.0195348
0,-0.07,-0.0243597,-0.0348826,0,0.045584,0.0232058
0,-0.07,-0.0248187,-0.034398,0,0.0483725,0.0271909
0,-0.07,-0.0252203,-0.0339037,0,0.0513733,0.0315511
0,-0.07,-0.025564,-0.0334019,0,0.0546029,0.0363145
0,-0.0664236,-0.0258655,-0.0328928,0,0.0580796,0.0415404
0,-0.0589923,-0.0261363,-0.0323769,0,0.0618226,0.0472336
0,-0.0503469,-0.0263758,-0.0318552,0,0.065853,0.0533953
0,-0.0433385,-0.0265874,-0.0313286,0,0.0701931,0.0593868
0,-0.0372344,-0.0267708,-0.0307974,0,0.0748673,0.0655807
0,-0.0324966,-0.0269273,-0.0302625,0,0.0799016,0.0718386
0,-0.0292872,-0.0270577,-0.0297243,0,0.085324,0.0781577
0,-0.0276123,-0.0271625,-0.0291837,0,0.0911647,0.0845526
0,-0.027347,-0.027242,-0.0286409,0,0.0974563,0.0910502
0,-0.0299312,-0.0273183,-0.0280962,0,0.104314,0.0976733
0,-0.0321827,-0.0273374,-0.0275502,0,0.111799,0.10449
0,-0.0338563,-0.0273294,-0.0270035,0,0.119867,0.11165
0,-0.0342118,-0.0272963,-0.0264569,0,0.128519,0.119215
0,-0.0324594,-0.0272415,-0.0259109,0,0.137702,0.127216
0.0125453,-0.0278276,-0.0271654,-0.0253658,0,0.147098,0.135664
0.0287328,-0.0208578,-0.027069,-0.0248222,0,0.15629,0.144233
0.0449203,-0.015152,-0.0269568,-0.0242805,0,0.165079,0.151866
0.0611078,-0.00557064,-0.026824,-0.023741,0,0.173386,0.160123
0.0772953,0.0129316,-0.0266658,-0.0232038,0,0.181164,0.170117
0.0934828,0.0349647,-0.026488,-0.0226697,0,0.18837,0.180054
0.10967,0.0599932,-0.0262914,-0.0221391,0,0.194961,0.190005
-0.116955,-0.0819457,-0.0261845,-0.0216125,0,-0.0419207,-0.0409034
-0.100767,-0.0370575,-0.0259321,-0.0210884,0,-0.0367008,-0.0306269
-0.0845796,-0.0145796,-0.0256436,-0.0205687,0,-0.032245,-0.0226146
-0.0683922,0.00160784,-0.0252902,-0.020055,0,-0.0286104,-0.0150811
-0.0522047,0.0177953,-0.0248808,-0.0195455,0,-0.025858,-0.00838691
-0.0360172,0.0339828,-0.0244103,-0.019045,0,-0.0240487,-0.00215497
-0.0198297,0.0501703,-0.0238888,-0.0185535,0,-0.0232301,0.00306261
-0.00364219,0.0663578,-0.0231971,-0.018072,0,-0.023384,0.0073119
0,0.07,-0.0223679,-0.0176029,0,-0.0242267,0.00862249
0,0.07,-0.021553,-0.0171506,0,-0.0253768,0.00734429
0,0.07,-0.0208497,-0.0167154,0,-0.0266721,0.00479129
0,0.07,-0.0202523,-0.0162953,0,-0.0280754,0.00168839
0,0.07,-0.0197735,-0.0158873,0,-0.0295831,-0.00182708
0,0.07,-0.0193767,-0.0154884,0,-0.0312003,-0.00539831
0,0.07,-0.0190526,-0.0150979,0,-0.0329353,-0.00901138
0,0.07,-0.0187784,-0.0147148,0,-0.0347975,-0.0125404
0,0.07,-0.0185435,-0.0143373,0,-0.0367972,-0.0161655
0,0.07,-0.0183451,-0.0139652,0,-0.0389453,-0.0198391
0,0.07,-0.0181812,-0.0135973,0,-0.0412539,-0.0236198
0,0.0648076,-0.0180281,-0.0132329,0,-0.0437356,-0.027671
0,0.0588171,-0.0178787,-0.0128712,0,-0.0464039,-0.0317508
0,0.0525893,-0.0177327,-0.0125129,0,-0.0492734,-0.0360632
0,0.0469016,-0.0175898,-0.0121578,0,-0.0523602,-0.0404375
0,0.0417316,-0.0174499,-0.0118056,0,-0.0556814,-0.0449395
0,0.0371398,-0.0173105,-0.0114561,0,-0.0592555,-0.0495756
0,0.033013,-0.0171591,-0.0111095,0,-0.0631027,-0.0544074
0,0.0295453,-0.0169922,-0.0107659,0,-0.0672442,-0.0594041
0,0.0264348,-0.0168111,-0.0104254,0,-0.0717034,-0.0646893
0,0.0250435,-0.0166156,-0.0100885,0,-0.0765049,-0.0698966
0,0.0243065,-0.0164077,-0.00975539,0,-0.0816757,-0.0754146
0,0.0244117,-0.0161882,-0.0094264,0,-0.0872445,-0.0811557
0,0.025398,-0.015958,-0.00910209,0,-0.0932423,-0.0871218
0,0.0271783,-0.015718,-0.00878201,0,-0.0997024,-0.0933235
0,0.028885,-0.0155038,-0.00846693,0,-0.106634,-0.0997897
0,0.030831,-0.0152456,-0.00815632,0,-0.114067,-0.106562
0,0.032204,-0.0149835,-0.00785037,0,-0.122059,-0.113686
0,0.0322257,-0.0147184,-0.00755005,0,-0.130634,-0.121207
0,0.0308175,-0.0144499,-0.00725501,0,-0.139732,-0.128956
-0.0148968,0.0251699,-0.0141809,-0.00696534,0,-0.148991,-0.137547
-0.0310015,0.0182535,-0.0139079,-0.00668065,0,-0.157992,-0.145882
-0.0471062,0.0135186,-0.0136277,-0.00640181,0,-0.166578,-0.153074
-0.0632109,0.00163212,-0.0133509,-0.00612856,0,-0.174682,-0.161851
-0.0793156,-0.0170275,-0.0130781,-0.00586029,0,-0.182259,-0.171606
-0.0954203,-0.0390522,-0.0128064,-0.00559737,0,-0.189267,-0.181362
-0.111525,-0.0643029,-0.0125366,-0.00533988,0,-0.195661,-0.191205
0.113941,0.079627,-0.0126401,-0.00508847,0,0.0401748,0.0394486
0.097836,0.0358431,-0.0123773,-0.00483608,0,0.0351503,0.0294875
0.0817313,0.0117313,-0.0121339,-0.00458749,0,0.0308899,0.0211287
0.0656266,-0.00437336,-0.0119347,-0.00434384,0,0.0274515,0.0141384
0.0495219,-0.0204781,-0.011788,-0.00410424,0,0.0248964,0.00744267
0.0334172,-0.0365828,-0.0116907,-0.00386775,0,0.0232853,0.00140466
0.0173125,-0.0526875,-0.0116385,-0.00363326,0,0.0226634,-0.00400839
0.00120785,-0.0687921,-0.0117577,-0.00340022,0,0.0230008,-0.00799803
0,-0.07,-0.0119922,-0.00316596,0,0.0239679,-0.00884148
0,-0.07,-0.0121765,-0.00292788,0,0.025181,-0.00724819
0,-0.07,-0.0122521,-0.00268555,0,0.0265223,-0.00460775
0,-0.07,-0.0122385,-0.00244103,0,0.0279666,-0.00159009
0,-0.07,-0.0121267,-0.0021962,0,0.0295135,0.00180415
0,-0.07,-0.0119481,-0.00195311,0,0.0311693,0.00532939
0,-0.07,-0.0117137,-0.00171334,0,0.0329425,0.00891745
0,-0.07,-0.011442,-0.0014779,0,0.0348429,0.012495
0,-0.07,-0.0111486,-0.00124783,0,0.0368809,0.0160746
0,-0.07,-0.0108417,-0.00102281,0,0.0390678,0.0194741
0,-0.07,-0.0105056,-0.000804132,0,0.0414159,0.0238091
0,-0.0640928,-0.0101744,-0.000592508,0,0.0439378,0.028115
0,-0.0570822,-0.00985597,-0.000387364,0,0.0466474,0.0324831
0,-0.0502333,-0.00955134,-0.000188971,0,0.0495595,0.0369594
0,-0.0440286,-0.00926055,3.2747e-06,0,0.0526904,0.0414903
0,-0.0384741,-0.00898308,0.000189649,0,0.0560576,0.0461197
0,-0.0335612,-0.00871466,0.000370143,0,0.0596799,0.0508751
0,-0.0293375,-0.00844458,0.000545241,0,0.0635774,0.0557703
0,-0.0259336,-0.00817167,0.000714808,0,0.067772,0.0608003
0,-0.0234579,-0.00789693,0.000878924,0,0.0722872,0.0659712
0,-0.0219552,-0.00762132,0.00103755,0,0.0771479,0.0713044
0,-0.0214799,-0.00734565,0.00119066,0,0.0823815,0.0768108
0,-0.0220369,-0.00707059,0.00133868,0,0.088017,0.0825073
0,-0.0235605,-0.00679674,0.00148078,0,0.0940858,0.0884139
0,-0.0266999,-0.00653169,0.00161781,0,0.100658,0.0945491
0,-0.0277947,-0.00627529,0.00174924,0,0.107681,0.100954
0,-0.0296224,-0.00600329,0.00187551,0,0.115131,0.107709
0,-0.0309939,-0.00573635,0.00199626,0,0.123123,0.114793
0,-0.0309795,-0.00547243,0.00211206,0,0.131694,0.122277
0.000401674,-0.0280064,-0.00520778,0.00222256,0,0.140774,0.130399
0.0164687,-0.0233664,-0.00494298,0.00232791,0,0.149977,0.138557
0.0325356,-0.01766,-0.00467825,0.00242756,0,0.15889,0.14652
0.0486026,-0.0119735,-0.00441499,0.00252179,0,0.167379,0.153951
0.0646696,0.00076346,-0.00414624,0.00261088,0,0.175385,0.16283
0.0807366,0.0197008,-0.00387362,0.00269488,0,0.182862,0.172531
0.0968035,0.0420466,-0.00360092,0.00277357,0,0.189768,0.182271
0.112871,0.0669415,-0.00332988,0.00284668,0,0.19606,0.191907
-0.112067,-0.0751519,-0.00322505,0.00291396,0,-0.0393136,-0.0378584
-0.0960002,-0.0300832,-0.00293311,0.00297872,0,-0.0343949,-0.0276917
-0.0799332,-0.00993322,-0.00260871,0.00303855,0,-0.0302426,-0.019496
-0.0638662,0.00613376,-0.00224951,0.00309219,0,-0.0269149,-0.0127519
-0.0477993,0.0222007,-0.0018524,0.00313897,0,-0.0244734,-0.00627666
-0.0317323,0.0382677,-0.00141498,0.00317781,0,-0.0229783,-3.55423e-05
-0.0156653,0.0543347,-0.000910922,0.00320829,0,-0.0224712,0.00536321
0,0.07,-0.000246537,0.00322903,0,-0.0229089,0.00881743
0,0.07,0.000521268,0.00323729,0,-0.023938,0.00940157
0,0.07,0.00121436,0.0032307,0,-0.0251804,0.0075679
0,0.07,0.00178028,0.00320988,0,-0.0265426,0.00490947
0,0.07,0.00223357,0.00317823,0,-0.0280057,0.00185767
0,0.07,0.00257606,0.00313651,0,-0.0295709,-0.00146507
0,0.07,0.00282946,0.0030867,0,-0.0312452,-0.00491721
0,0.07,0.00301245,0.00303125,0,-0.0330373,-0.00844362
0,0.07,0.00313496,0.00297228,0,-0.034957,-0.0119575
0,0.07,0.00322059,0.0029105,0,-0.037015,-0.0154876
0,0.07,0.00327275,0.00284665,0,-0.0392227,-0.0190758
0,0.07,0.0032937,0.00278145,0,-0.0415923,-0.0227816
0,0.07,0.00328433,0.00271568,0,-0.0441368,-0.0266739
0,0.0648925,0.00326894,0.00264994,0,-0.0468699,-0.0308264
0,0.0584763,0.00325185,0.00258446,0,-0.0498068,-0.0352984
0,0.0519648,0.00323443,0.00251938,0,-0.0529639,-0.039962
0,0.0459799,0.00321742,0.00245465,0,-0.0563587,-0.0447248
0,0.0404934,0.00320002,0.00239026,0,-0.0600103,-0.0496501
0,0.0355836,0.00318057,0.00232621,0,-0.0639391,-0.0547422
0,0.031407,0.00315913,0.00226252,0,-0.0681669,-0.0599907
0,0.0281173,0.00313603,0.00219927,0,-0.0727174,-0.0653902
0,0.0258566,0.0031116,0.00213646,0,-0.077616,-0.070937
0,0.0246381,0.00308599,0.00207415,0,-0.08289,-0.0766576
0,0.0245036,0.00305938,0.00201234,0,-0.0885687,-0.0825556
0,0.0253727,0.00303182,0.00195105,0,-0.0946838,-0.0886552
0,0.0303613,0.00300804,0.00189032,0,-0.10143,-0.094999
0,0.0337134,0.00297831,0.0018301,0,-0.108889,-0.101683
0,0.0358252,0.00294579,0.00177044,0,-0.116945,-0.108874
0,0.0364083,0.00291049,0.00171144,0,-0.125586,-0.116542
0,0.0349626,0.00287193,0.00165309,0,-0.134781,-0.124663
-0.00695092,0.0309171,0.00282942,0.00159548,0,-0.144324,-0.133209
-0.023306,0.0240513,0.0027827,0.00153872,0,-0.153806,-0.142062
-0.0396611,0.0178098,0.00273544,0.00148295,0,-0.162922,-0.150148
-0.0560162,0.0121183,0.00268763,0.00142805,0,-0.171569,-0.157597
-0.0723713,-0.00319568,0.00262863,0.00137411,0,-0.179691,-0.167202
-0.0887264,-0.0239626,0.00256299,0.00132109,0,-0.187246,-0.177257
-0.105082,-0.0466119,0.00249462,0.00126937,0,-0.19419,-0.186927
-0.121437,-0.072834,0.00242186,0.00121931,0,-0.20048,-0.19682
0.107535,0.0716667,0.0022872,0.00116942,0,0.0392605,0.0359779
0.0911797,0.0211797,0.00218233,0.00112316,0,0.0344307,0.0255666
0.0748246,0.00482459,0.00202065,0.0010792,0,0.0304132,0.0175072
0.0584695,-0.0115305,0.00182492,0.00103773,0,0.0272683,0.0110744
0.0421144,-0.0278856,0.00158792,0.000999961,0,0.0250575,0.004834
0.0257593,-0.0442407,0.00130125,0.000967017,0,0.0238348,-0.00131681
0.00940418,-0.0605958,0.00085605,0.000938842,0,0.0236097,-0.00690863
0,-0.07,0.000174765,0.000918382,0,0.0242083,-0.0102789
0,-0.07,-0.000590931,0.000910118,0,0.0252565,-0.0104676
0,-0.07,-0.00126801,0.000918108,0,0.0264863,-0.00861041
0,-0.07,-0.00181679,0.000940083,0,0.0278331,-0.00590927
0,-0.07,-0.00223456,0.000972577,0,0.0292854,-0.00299727
0,-0.07,-0.00253739,0.00101518,0,0.0308464,0.000179563
0,-0.07,-0.00274918,0.00106456,0,0.0325234,0.0034017
0,-0.07,-0.00288092,0.0011186,0,0.0343254,0.00661007
0,-0.07,-0.0029653,0.00117562,0,0.0362622,0.0097943
0,-0.07,-0.00300985,0.00123429,0,0.0383447,0.01299
0,-0.07,-0.00301888,0.00129427,0,0.0405843,0.0162659
0,-0.07,-0.00299547,0.00135459,0,0.0429934,0.019711
0,-0.07,-0.00295152,0.0014146,0,0.0455851,0.0233987
0,-0.07,-0.00288535,0.00147392,0,0.0483735,0.0274029
0,-0.07,-0.00279436,0.00153209,0,0.0513741,0.0317825
0,-0.07,-0.00267579,0.00158838,0,0.0546037,0.0365664
0,-0.0654668,-0.00254801,0.00164243,0,0.0580803,0.0418141
0,-0.0572953,-0.00241877,0.00169397,0,0.0618233,0.0476676
0,-0.0491292,-0.00228947,0.00174293,0,0.0658536,0.0536595
0,-0.0418236,-0.00216111,0.0017893,0,0.0701937,0.0597574
0,-0.0357714,-0.00203445,0.0018331,0,0.0748679,0.0659224
0,-0.0317298,-0.00191059,0.00187436,0,0.0799021,0.0719883
0,-0.0288023,-0.00178887,0.00191294,0,0.0853245,0.0782625
0,-0.0279163,-0.00167051,0.00194908,0,0.0911652,0.0844507
0,-0.0273384,-0.00155391,0.00198279,0,0.0974567,0.091074
0,-0.0305054,-0.00145034,0.00201416,0,0.104315,0.0975197
0,-0.0322948,-0.0013398,0.00204342,0,0.1118,0.104494
0,-0.0343384,-0.0012327,0.0020705,0,0.119868,0.111529
0,-0.0347989,-0.00112694,0.00209542,0,0.128521,0.119083
0,-0.0330683,-0.0010207,0.00211822,0,0.137704,0.127083
0.0125455,-0.0276256,-0.000911989,0.00213885,0,0.1471,0.135758
0.0287334,-0.0204616,-0.000802645,0.00215747,0,0.156292,0.144343
0.0449212,-0.0147719,-0.000696079,0.0021739,0,0.165081,0.151962
0.061109,-0.00524251,-0.000586815,0.00218825,0,0.173388,0.160205
0.0772968,0.0131731,-0.000469776,0.00220053,0,0.181167,0.170178
0.0934846,0.035016,-0.000351105,0.00221046,0,0.188373,0.180066
0.109672,0.0590679,-0.000232445,0.00221807,0,0.194965,0.189753
-0.116957,-0.0832694,-0.000125949,0.00222302,0,-0.0419218,-0.0412223
-0.100769,-0.0394991,1.1785e-05,0.0022258,0,-0.0367018,-0.0312391
-0.0845813,-0.0145813,0.00015649,0.00222591,0,-0.0322458,-0.023044
-0.0683935,0.00160652,0.000348439,0.00222314,0,-0.0286111,-0.0156165
-0.0522057,0.0177943,0.000588002,0.00221742,0,-0.0258586,-0.00870275
-0.0360179,0.0339821,0.000865365,0.00220674,0,-0.0240492,-0.00266455
-0.0198301,0.0501699,0.00117395,0.00219054,0,-0.0232305,0.00264901
-0.00364226,0.0663577,0.00162056,0.00216845,0,-0.0233844,0.00682374
0,0.07,0.00216846,0.00213805,0,-0.024227,0.00801897
0,0.07,0.00267442,0.00209715,0,-0.0253771,0.00658069
0,0.07,0.00308161,0.00204593,0,-0.0266723,0.004022
0,0.07,0.00337492,0.00198613,0,-0.0280757,0.000757448
0,0.07,0.00356695,0.00191996,0,-0.0295833,-0.00266683
0,0.07,0.00367819,0.00184948,0,-0.0312006,-0.0064088
0,0.07,0.00372356,0.00177664,0,-0.0329356,-0.0101029
0,0.07,0.00372792,0.00170244,0,-0.0347977,-0.0138017
0,0.07,0.00369755,0.0016279,0,-0.0367973,-0.0174185
0,0.07,0.00363404,0.00155382,0,-0.0389455,-0.0211747
0,0.0653686,0.00356207,0.00148085,0,-0.0412541,-0.0250386
0,0.0590118,0.00349066,0.00140928,0,-0.0437358,-0.0290603
0,0.0528456,0.00342183,0.00133929,0,-0.0464041,-0.0331327
0,0.0474253,0.00335614,0.00127072,0,-0.0492736,-0.037211
0,0.0426222,0.00329343,0.00120343,0,-0.0523603,-0.0413774
0,0.0383504,0.00323354,0.00113741,0,-0.0556815,-0.0456714
0,0.0341367,0.0031753,0.00107258,0,-0.0592556,-0.0502456
0,0.030661,0.00311657,0.00100885,0,-0.0631028,-0.0549138
0,0.0282792,0.003057,0.000946338,0,-0.0672443,-0.0596387
0,0.0262844,0.00299606,0.000885079,0,-0.0717035,-0.064665
0,0.0244737,0.00293377,0.000825036,0,-0.076505,-0.0700438
0,0.0238334,0.00287138,0.000766142,0,-0.0816758,-0.0755145
0,0.0241662,0.00280889,0.000708496,0,-0.0872445,-0.0811967
0,0.0253968,0.00274639,0.0006521,0,-0.0932423,-0.0871057
0,0.0273902,0.00268389,0.000596953,0,-0.0997025,-0.0932598
0,0.0298422,0.00262741,0.000543119,0,-0.106633,-0.0995205
0,0.0320331,0.00256339,0.00049043,0,-0.114063,-0.106258
0,0.0328231,0.00249821,0.000439034,0,-0.122052,-0.113554
0,0.0333779,0.002433,0.000388907,0,-0.130623,-0.120895
0,0.0313819,0.00236493,0.000340116,0,-0.139717,-0.128832
-0.0148936,0.0263279,0.00229331,0.000292648,0,-0.148973,-0.137225
-0.0309949,0.0194164,0.00221932,0.000246602,0,-0.157971,-0.145585
-0.0470961,0.0139232,0.00214649,0.000202068,0,-0.166554,-0.152988
-0.0631974,0.00276569,0.00206747,0.000158956,0,-0.174655,-0.161521
-0.0792986,-0.0160352,0.00198036,0.000117251,0,-0.182229,-0.171349
-0.0953998,-0.0391637,0.00188892,7.72522e-05,0,-0.189234,-0.181405
-0.111501,-0.0646851,0.00179539,3.90624e-05,0,-0.195626,-0.191269
0.113916,0.0798551,0.00169261,2.92069e-06,0,0.0401604,0.0395282
0.097815,0.0357648,0.00157845,-3.11371e-05,0,0.035138,0.0294505
0.0817138,0.0117138,0.00145543,-6.29915e-05,0,0.0308793,0.0216352
0.0656125,-0.00438746,0.00128458,-9.24076e-05,0,0.0274425,0.0144387
0.0495113,-0.0204887,0.00106513,-0.00011921,0,0.0248887,0.00772046
0.0334101,-0.0365899,0.000802847,-0.0001415,0,0.0232787,0.00171673
0.0173088,-0.0526912,0.000503923,-0.000158737,0,0.0226576,-0.00360778
0.00120759,-0.0687924,5.14733e-05,-0.000170011,0,0.0229956,-0.00744131
0,-0.07,-0.000500619,-0.000173077,0,0.0239632,-0.00825168
