0.000103156,0.0638946,6.73726e-05,0,0,0.000103118,0.0144185
0.000103156,0.0726921,7.6423e-05,9.0953e-07,0,0.00010303,0.0145928
0.000103156,0.0691476,7.23427e-05,2.41989e-06,0,0.000102928,0.0135496
0.000103156,0.0589627,6.11983e-05,3.8749e-06,0,0.000102822,0.0113651
0.000103156,0.0498955,5.12177e-05,5.12116e-06,0,0.000102713,0.0096185
0.000103156,0.0403512,4.07251e-05,6.16547e-06,0,0.000102601,0.00773341
0.000103156,0.0313248,3.07845e-05,7.00096e-06,0,0.000102487,0.00597793
0.000103156,0.0228834,2.14757e-05,7.63653e-06,0,0.000102369,0.00433902
0.000103156,0.0150651,1.2847e-05,8.08466e-06,0,0.000102246,0.00282338
0.000103156,0.0076038,4.62368e-06,8.35886e-06,0,0.000102119,0.00137025
0.000103156,0.000748105,-2.92561e-06,8.476e-06,0,0.000101986,4.28701e-05
0.000103156,-0.00548976,-9.78315e-06,8.44014e-06,0,0.000101846,-0.00116303
0.000103156,-0.0108734,-1.56956e-05,8.26505e-06,0,0.0001017,-0.00219475
0.000103156,-0.0151494,-2.03936e-05,7.97183e-06,0,0.000101545,-0.00300215
0.000103156,-0.0179736,-2.35141e-05,7.57805e-06,0,0.000101381,-0.00351518
0.000103156,-0.0192529,-2.49615e-05,7.11401e-06,0,0.000101207,-0.00372264
0.000103156,-0.0189666,-2.47192e-05,6.61768e-06,0,0.000101021,-0.00362253
0.000103156,-0.0173514,-2.30439e-05,6.12281e-06,0,0.000100823,-0.00326853
0.000103156,-0.0148035,-2.03614e-05,5.65858e-06,0,0.000100612,-0.00274282
0.000103156,-0.0117843,-1.71657e-05,5.24599e-06,0,0.000100386,-0.00213771
0.000103156,-0.00896039,-1.41667e-05,4.89628e-06,0,0.000100144,-0.00158972
0.000103156,-0.0064382,-1.14798e-05,4.60695e-06,0,9.9886e-05,-0.00110391
0.000103156,-0.00436746,-9.2657e-06,4.37198e-06,0,9.96093e-05,-0.000710865
0.000103156,-0.0027468,-7.52419e-06,4.18224e-06,0,9.93128e-05,-0.000406056
0.000103156,-0.00151515,-6.19155e-06,4.02827e-06,0,9.8995e-05,-0.000175827
0.000103156,-0.000606281,-5.19825e-06,3.90177e-06,0,9.8654e-05,-7.04953e-06
0.000103156,5.68839e-05,-4.46313e-06,3.79582e-06,0,9.8288e-05,0.000115697
0.000103156,0.000472473,-3.98832e-06,3.70509e-06,0,9.78951e-05,0.000189817
0.000103156,0.000687817,-3.72369e-06,3.62437e-06,0,9.7473e-05,0.000225976
0.000103156,0.000733515,-3.63671e-06,3.54937e-06,0,9.70199e-05,0.000229701
0.000103156,0.000634232,-3.70101e-06,3.47646e-06,0,9.65333e-05,0.000205659
0.000103156,0.000415654,-3.88907e-06,3.40257e-06,0,9.60105e-05,0.000158912
0.000103156,0.000137156,-4.13774e-06,3.32517e-06,0,9.54488e-05,0.000102051
0.000103156,-0.000183462,-4.42793e-06,3.24291e-06,0,9.48448e-05,3.73896e-05
0.000103156,-0.000516739,-4.72823e-06,3.15493e-06,0,9.41951e-05,-2.89691e-05
0.000103156,-0.000840508,-5.01504e-06,3.06097e-06,0,9.34962e-05,-9.28875e-05
0.000103156,-0.00112059,-5.25217e-06,2.96124e-06,0,9.27439e-05,-0.000147329
0.000103156,-0.00132388,-5.40469e-06,2.85667e-06,0,9.19342e-05,-0.000185837
0.000103156,-0.00143831,-5.46012e-06,2.74888e-06,0,9.10625e-05,-0.000206642
0.000103156,-0.0014659,-5.42094e-06,2.63979e-06,0,9.01238e-05,-0.000210544
0.000103156,-0.00142939,-5.31164e-06,2.53129e-06,0,8.9113e-05,-0.000202593
0.000103156,-0.00134959,-5.15462e-06,2.42484e-06,0,8.80243e-05,-0.000186824
0.000103156,-0.00126385,-4.98972e-06,2.32144e-06,0,8.68517e-05,-0.00017103
0.000103156,-0.00118701,-4.8329e-06,2.22131e-06,0,8.55887e-05,-0.000157499
0.000103156,-0.00113488,-4.70109e-06,2.12434e-06,0,8.42282e-05,-0.000149361
0.000103156,-0.00109052,-4.57651e-06,2.03005e-06,0,8.27628e-05,-0.000142372
0.000103156,-0.00103895,-4.44351e-06,1.93815e-06,0,8.11844e-05,-0.000133648
0.000103156,-0.000974016,-4.29579e-06,1.84901e-06,0,7.94855e-05,-0.000122214
0.000103156,-0.000896788,-4.13472e-06,1.7628e-06,0,7.76606e-05,-0.000108464
0.000103156,-0.000818203,-3.97209e-06,1.67979e-06,0,7.57153e-05,-9.47914e-05
0.000101145,-0.000746475,-3.81677e-06,1.60002e-06,0,7.36988e-05,-8.27058e-05
9.90815e-05,-0.000685399,-3.67289e-06,1.52337e-06,0,7.1666e-05,-7.2816e-05
9.70184e-05,-0.000630688,-3.53607e-06,1.44963e-06,0,6.96324e-05,-6.40501e-05
9.49552e-05,-0.00055386,-3.37632e-06,1.37863e-06,0,6.7602e-05,-5.014e-05
9.28921e-05,-0.000464358,-3.20384e-06,1.31079e-06,0,6.55763e-05,-3.40062e-05
9.0829e-05,-0.000364675,-3.02146e-06,1.24636e-06,0,6.35555e-05,-1.59414e-05
8.87659e-05,-0.000285369,-2.86162e-06,1.1853e-06,0,6.15401e-05,-2.72912e-06
8.67027e-05,-0.000242598,-2.74144e-06,1.12751e-06,0,5.95303e-05,2.86877e-06
8.46396e-05,-0.000160267,-2.58055e-06,1.07244e-06,0,5.75265e-05,1.83761e-05
8.25765e-05,-0.00017907,-2.52777e-06,1.0205e-06,0,5.55293e-05,1.00914e-05
8.05134e-05,-0.000276382,-2.5589e-06,9.69816e-07,0,5.35392e-05,-1.2943e-05
7.84502e-05,-0.000402676,-2.62133e-06,9.187e-07,0,5.15567e-05,-4.02566e-05
7.63871e-05,-0.000531438,-2.68685e-06,8.66398e-07,0,4.95823e-05,-6.72988e-05
7.4324e-05,-0.000611192,-2.70101e-06,8.12792e-07,0,4.76162e-05,-8.32713e-05
7.22609e-05,-0.000646303,-2.66852e-06,7.588e-07,0,4.5659e-05,-9.06043e-05
7.01978e-05,-0.000633148,-2.58569e-06,7.05333e-07,0,4.37112e-05,-8.83614e-05
6.81346e-05,-0.000594101,-2.47635e-06,6.53412e-07,0,4.17733e-05,-8.16625e-05
6.60715e-05,-0.000530955,-2.34254e-06,6.03666e-07,0,3.9846e-05,-7.02782e-05
6.40084e-05,-0.000458774,-2.20034e-06,5.56548e-07,0,3.793e-05,-5.75359e-05
6.19453e-05,-0.000401051,-2.07467e-06,5.12257e-07,0,3.6026e-05,-4.82792e-05
5.98821e-05,-0.000361182,-1.96917e-06,4.70512e-07,0,3.41349e-05,-4.26065e-05
5.7819e-05,-0.000337675,-1.88223e-06,4.30918e-07,0,3.22577e-05,-4.00864e-05
5.57559e-05,-0.000329378,-1.81262e-06,3.93099e-07,0,3.03952e-05,-4.05014e-05
5.36928e-05,-0.000320489,-1.74362e-06,3.56708e-07,0,2.85486e-05,-4.03396e-05
5.16296e-05,-0.00030825,-1.67232e-06,3.21697e-07,0,2.67187e-05,-3.94266e-05
4.95665e-05,-0.000305821,-1.61264e-06,2.88108e-07,0,2.49065e-05,-4.07909e-05
4.75034e-05,-0.000310762,-1.56197e-06,2.55736e-07,0,2.31135e-05,-4.35123e-05
4.54403e-05,-0.00031583,-1.51262e-06,2.24396e-07,0,2.13412e-05,-4.60332e-05
4.33772e-05,-0.000320053,-1.46356e-06,1.94044e-07,0,1.95911e-05,-4.83388e-05
4.1314e-05,-0.000325987,-1.41748e-06,1.64675e-07,0,1.78653e-05,-5.10273e-05
3.92509e-05,-0.000333701,-1.37442e-06,1.36233e-07,0,1.61655e-05,-5.40409e-05
3.71878e-05,-0.000343198,-1.33437e-06,1.08594e-07,0,1.4494e-05,-5.73757e-05
3.51247e-05,-0.000355743,-1.29864e-06,8.18268e-08,0,1.28528e-05,-6.13135e-05
3.30615e-05,-0.000374588,-1.27064e-06,5.57646e-08,0,1.12444e-05,-6.65455e-05
3.09984e-05,-0.000397034,-1.24745e-06,3.02539e-08,0,9.67144e-06,-7.23723e-05
2.89353e-05,-0.000417826,-1.2235e-06,5.23527e-09,0,8.1366e-06,-7.76885e-05
2.68722e-05,-0.000435313,-1.19702e-06,-1.93306e-08,0,6.64287e-06,-8.2269e-05
2.48091e-05,-0.000447732,-1.16612e-06,-4.33504e-08,0,5.19345e-06,-8.57615e-05
2.27459e-05,-0.000460379,-1.1364e-06,-6.6781e-08,0,3.79178e-06,-8.93998e-05
2.06828e-05,-0.00047559,-1.1103e-06,-8.96129e-08,0,2.44158e-06,-9.35537e-05
1.86197e-05,-0.000489766,-1.08399e-06,-1.1191e-07,0,1.14682e-06,-9.7345e-05
1.65566e-05,-0.00050382,-1.05842e-06,-1.33656e-07,0,-8.81926e-08,-0.000101074
1.44934e-05,-0.000517832,-1.03366e-06,-1.54888e-07,0,-1.25884e-06,-0.000104727
1.24303e-05,-0.000537751,-1.01597e-06,-1.75611e-07,0,-2.36015e-06,-0.000109631
1.03672e-05,-0.000567026,-1.00894e-06,-1.95983e-07,0,-3.38677e-06,-0.000116388
8.30407e-06,-0.00060672,-1.01364e-06,-2.1618e-07,0,-4.33299e-06,-0.000125138
6.24095e-06,-0.000655283,-1.02835e-06,-2.36436e-07,0,-5.19286e-06,-0.00013551
4.17782e-06,-0.000708009,-1.04802e-06,-2.56952e-07,0,-5.96077e-06,-0.000146509
2.1147e-06,-0.000758982,-1.06635e-06,-2.77843e-07,0,-6.63359e-06,-0.000156965
5.15781e-08,-0.000799439,-1.07403e-06,-2.99106e-07,0,-7.21931e-06,-0.00016511
0,-0.000844525,-1.08705e-06,-3.20567e-07,0,-7.76972e-06,-0.000174615
0,-0.000934383,-1.14775e-06,-3.42276e-07,0,-8.34247e-06,-0.00019407
0,-0.00104998,-1.2358e-06,-3.65079e-07,0,-8.95608e-06,-0.00021808
0,-0.00114794,-1.3052e-06,-3.89487e-07,0,-9.56754e-06,-0.00023722
0,-0.0012136,-1.34035e-06,-4.15418e-07,0,-1.00548e-05,-0.000249255
0,-0.00126635,-1.36181e-06,-4.42101e-07,0,-1.03232e-05,-0.000259087
0,-0.00131745,-1.38148e-06,-4.69262e-07,0,-1.03597e-05,-0.000268748
0,-0.00126293,-1.28956e-06,-4.96823e-07,0,-1.01885e-05,-0.000254643
0,-0.00109712,-1.08046e-06,-5.22936e-07,0,-9.84443e-06,-0.000218457
0,-0.000781043,-7.13545e-07,-5.45277e-07,0,-9.36234e-06,-0.000151637
0,-0.000399752,-2.79426e-07,-5.60832e-07,0,-8.77368e-06,-7.43778e-05
0,0.0001273,3.06408e-07,-5.68157e-07,0,-8.10593e-06,3.37673e-05
0,0.00092301,1.17277e-06,-5.63494e-07,0,-7.38265e-06,0.000198076
0,0.00208209,2.41815e-06,-5.42204e-07,0,-6.62388e-06,0.000436313
0,0.00370534,4.14684e-06,-4.96954e-07,0,-5.84656e-06,0.000768403
0,0.00578126,6.34385e-06,-4.18339e-07,0,-5.06486e-06,0.00118892
0,0.00812312,8.80891e-06,-2.99152e-07,0,-4.29058e-06,0.0016563
0,0.0104207,1.12116e-05,-1.31601e-07,0,-3.53344e-06,0.00210622
0,0.0125001,1.33666e-05,8.42218e-08,0,-2.85177e-06,0.00250816
0,0.0141495,1.50493e-05,3.44011e-07,0,-2.3787e-06,0.0028194
0,0.0150906,1.59661e-05,6.39108e-07,0,-2.21825e-06,0.00298355
0,0.0152098,1.59991e-05,9.55221e-07,0,-2.39164e-06,0.0029831
0,0.0144368,1.5077e-05,1.27509e-06,0,-2.88218e-06,0.00280547
0,0.0126848,1.31124e-05,1.57985e-06,0,-3.66221e-06,0.0024332
0,0.0100798,1.02438e-05,1.84898e-06,0,-4.70374e-06,0.00189704
0,0.00682399,6.69044e-06,2.0639e-06,0,-5.98196e-06,0.00123879
0,0.00287788,2.41623e-06,2.20836e-06,0,-7.47609e-06,0.000443894
0,-0.00129973,-2.08815e-06,2.27165e-06,0,-9.16939e-06,-0.000383629
0,-0.00541791,-6.51072e-06,2.2479e-06,0,-1.10489e-05,-0.00119146
0,-0.00928727,-1.06477e-05,2.13317e-06,0,-1.3105e-05,-0.00194534
0,-0.0129341,-1.45242e-05,1.93469e-06,0,-1.53315e-05,-0.0026565
0,-0.0159792,-1.77375e-05,1.65778e-06,0,-1.7725e-05,-0.00323916
0,-0.0185056,-2.0375e-05,1.31427e-06,0,-2.02844e-05,-0.0037226
0,-0.0204209,-2.2339e-05,9.16006e-07,0,-2.30108e-05,-0.00408371
0,-0.0216982,-2.36024e-05,4.761e-07,0,-2.59043e-05,-0.00431896
0,-0.0222372,-2.40611e-05,9.10557e-09,0,-2.89552e-05,-0.00440646
0,-0.022048,-2.37285e-05,-4.70281e-07,0,-3.21104e-05,-0.00435108
-6.18076e-06,-0.0211099,-2.25866e-05,-9.45683e-07,0,-3.51442e-05,-0.00414767
-1.91929e-05,-0.0191221,-2.03219e-05,-1.3997e-06,0,-3.76662e-05,-0.00372919
-3.2205e-05,-0.0155126,-1.63367e-05,-1.8118e-06,0,-3.93886e-05,-0.00297572
-4.52171e-05,-0.0104071,-1.07728e-05,-2.15248e-06,0,-4.01855e-05,-0.0019315
-5.82293e-05,-0.0040328,-3.88044e-06,-2.38741e-06,0,-3.99696e-05,-0.000643855
-7.12414e-05,0.00443908,5.20517e-06,-2.48914e-06,0,-3.86601e-05,0.00107958
-8.42535e-05,0.0088477,9.96265e-06,-2.41684e-06,0,-3.61736e-05,0.00183371
-9.72656e-05,0.010827,1.21258e-05,-2.23424e-06,0,-3.24216e-05,0.00215884
0,0.00042825,3.13375e-06,-2.03498e-06,0,0.000126593,-2.4824e-05
0,-0.0193875,-1.78298e-05,-1.94841e-06,0,0.000138027,-0.00421921
0,-0.024143,-2.28106e-05,-2.23163e-06,0,0.000150537,-0.00471461
0,-0.0219906,-2.04594e-05,-2.66792e-06,0,0.000164023,-0.0040842
0,-0.0187721,-1.69697e-05,-3.08534e-06,0,0.000178631,-0.00340812
0,-0.0154675,-1.3384e-05,-3.43694e-06,0,0.000194524,-0.0027415
0,-0.0111094,-8.68504e-06,-3.71717e-06,0,0.000211802,-0.00183969
0,-0.0062361,-3.43572e-06,-3.90732e-06,0,0.000255602,-0.000732151
0,-0.000645714,2.54744e-06,-3.99441e-06,0,0.000306876,0.000338956
0,0.00369141,7.17633e-06,-3.9644e-06,0,0.000331895,0.0011631
0,0.00648223,1.015e-05,-3.83708e-06,0,0.000348926,0.00168271
0,0.00796165,1.17187e-05,-3.64448e-06,0,0.000365487,0.00195327
0,0.00877985,1.25722e-05,-3.4156e-06,0,0.000384154,0.00211714
0,0.00941109,1.32118e-05,-3.16714e-06,0,0.000405822,0.00225919
0,0.0101966,1.39981e-05,-2.90515e-06,0,0.000430374,0.00244382
0,0.0112563,1.50559e-05,-2.62794e-06,0,0.000457886,0.00268843
0,0.0123932,1.6175e-05,-2.33105e-06,0,0.000488313,0.00294474
0,0.0136939,1.74455e-05,-2.01035e-06,0,0.000521779,0.0032393
0,0.0150302,1.87297e-05,-1.66461e-06,0,0.000559574,0.00354489
0,0.0162966,1.99089e-05,-1.29323e-06,0,0.000602129,0.00383485
0,0.0171438,2.06157e-05,-8.99178e-07,0,0.000648711,0.00403646
0,0.0174175,2.06868e-05,-4.88631e-07,0,0.000699364,0.00412537
0,0.0168778,1.9869e-05,-7.50736e-08,0,0.000754381,0.00405247
0,0.0154344,1.80673e-05,3.2435e-07,0,0.000813823,0.00380315
0,0.0130447,1.52401e-05,6.92001e-07,0,0.000878025,0.00337312
0,0.0097705,1.14558e-05,1.0067e-06,0,0.000947376,0.00277531
0,0.00575649,6.87459e-06,1.24528e-06,0,0.00102193,0.00204171
0,0.0012796,1.79429e-06,1.39193e-06,0,0.00110203,0.00123074
0,-0.00342545,-3.5323e-06,1.43798e-06,0,0.00118811,0.000387694
0,-0.0082039,-8.93791e-06,1.38597e-06,0,0.00128068,-0.000458845
0,-0.0125992,-1.39367e-05,1.22884e-06,0,0.00138024,-0.00121031
0,-0.0166635,-1.85852e-05,9.67599e-07,0,0.00148798,-0.0018879
0,-0.0201559,-2.26283e-05,6.12165e-07,0,0.00160531,-0.00243667
0,-0.022941,-2.59189e-05,1.67686e-07,0,0.00173252,-0.00283554
0,-0.0248767,-2.83075e-05,-3.39174e-07,0,0.00186955,-0.00305414
0,-0.0259214,-2.97527e-05,-8.96964e-07,0,0.00201698,-0.00308646
0,-0.0259225,-3.00963e-05,-1.48696e-06,0,0.00217558,-0.00289863
0,-0.0248477,-2.93089e-05,-2.08768e-06,0,0.00234622,-0.00248681
0,-0.0223681,-2.70483e-05,-2.67662e-06,0,0.00252985,-0.00177718
0,-0.0181995,-2.30222e-05,-3.22549e-06,0,0.00272748,-0.000714305
0,-0.01228,-1.71751e-05,-3.70003e-06,0,0.00294023,0.000708846
0,-0.00562455,-1.05906e-05,-4.064e-06,0,0.00316927,0.00226403
0,0.00319305,-1.77122e-06,-4.29885e-06,0,0.00341588,0.00430104
0,0.00854389,3.32235e-06,-4.35633e-06,0,0.00368143,0.00551853
0.00155712,0.000360584,-9.19458e-06,-4.30007e-06,0,0.00704587,0.00603532
0.00134454,-0.00950223,-2.01159e-05,-4.44015e-06,0,0.0071111,0.00424098
0.00113197,-0.021293,-3.30649e-05,-4.80424e-06,0,0.00718371,0.00200946
0.000919391,-0.0207552,-3.29674e-05,-5.42022e-06,0,0.00729574,0.00264246
0.000706815,-0.0172757,-2.97751e-05,-6.07991e-06,0,0.00745699,0.00363538
0.000494239,-0.013114,-2.58876e-05,-6.68658e-06,0,0.00767165,0.00474687
0.000281663,-0.00896098,-2.20415e-05,-7.21794e-06,0,0.00794235,0.00588525
6.90872e-05,-0.00425302,-1.76459e-05,-7.67223e-06,0,0.00827064,0.00719545
0,0.000876879,-1.28477e-05,-8.04054e-06,0,0.00865471,0.00863116
0,0.00502469,-9.1341e-06,-8.31428e-06,0,0.00909117,0.00988196
0,0.00733689,-7.40368e-06,-8.51182e-06,0,0.00957957,0.010798
0,0.00793947,-7.51811e-06,-8.66595e-06,0,0.0101218,0.0114343
0,0.00775324,-8.50003e-06,-8.81603e-06,0,0.0107207,0.0119969
0,0.00765704,-9.41867e-06,-8.98406e-06,0,0.0113794,0.0126603
0,0.00832,-9.5676e-06,-9.17014e-06,0,0.0121015,0.0135536
0,0.00978243,-8.90738e-06,-9.36097e-06,0,0.0128911,0.0146711
0,0.0118988,-7.59569e-06,-9.54143e-06,0,0.0137524,0.0159835
0,0.0147922,-5.50674e-06,-9.69793e-06,0,0.0146903,0.0175273
0,0.0182818,-2.83666e-06,-9.81538e-06,0,0.0157098,0.0192638
0,0.0218123,-1.77479e-07,-9.88146e-06,0,0.0168167,0.0210787
0,0.0250762,2.14252e-06,-9.89432e-06,0,0.0180168,0.0229248
0,0.0275105,3.52647e-06,-9.85959e-06,0,0.0193168,0.0246913
0,0.029178,4.04106e-06,-9.7939e-06,0,0.0207239,0.0264152
0,0.0298709,3.46787e-06,-9.71488e-06,0,0.0222458,0.0280559
0,0.028835,1.00701e-06,-9.64352e-06,0,0.0238911,0.0294589
0,0.0263391,-3.05351e-06,-9.61353e-06,0,0.025669,0.0307153
0,0.0222754,-8.81893e-06,-9.66039e-06,0,0.0275894,0.0318048
0,0.0166895,-1.62311e-05,-9.82236e-06,0,0.0296629,0.0327536
0,0.0097421,-2.51094e-05,-1.01322e-05,0,0.0319011,0.0336115
0,0.00161635,-3.52495e-05,-1.06033e-05,0,0.0343165,0.0344324
0,-0.00743362,-4.63716e-05,-1.12728e-05,0,0.0369225,0.0352861
0,-0.0169306,-5.79606e-05,-1.21613e-05,0,0.0397337,0.0362901
0,-0.0265097,-6.96201e-05,-1.32973e-05,0,0.0427656,0.0375252
0,-0.0339716,-7.88792e-05,-1.46489e-05,0,0.0459485,0.0390683
0,-0.041554,-8.82366e-05,-1.61941e-05,0,0.0492744,0.0409411
0,-0.0479183,-9.62743e-05,-1.79261e-05,0,0.0528413,0.0432537
0,-0.0531953,-0.000103127,-1.98234e-05,0,0.0566788,0.0458683
0,-0.055956,-0.00010728,-2.1862e-05,0,0.0607692,0.0490144
0.00553801,-0.0557955,-0.000108307,-2.39993e-05,0,0.0649666,0.0526578
0.0118672,-0.0527272,-0.000106226,-2.61628e-05,0,0.0690935,0.0567351
0.0181963,-0.0480643,-0.000102431,-2.82946e-05,0,0.0730782,0.060928
0.0245255,-0.0408219,-9.58868e-05,-3.03565e-05,0,0.0768923,0.0654769
0.0308546,-0.025035,-8.03034e-05,-3.22874e-05,0,0.0805177,0.071675
0.0371838,-0.00730045,-6.26832e-05,-3.3948e-05,0,0.0839382,0.0778555
0.0435129,0.0081261,-4.75393e-05,-3.52457e-05,0,0.0871374,0.0832292
-0.0450952,-0.0647868,-2.41963e-05,-3.62495e-05,0,-0.00483938,-0.0122429
-0.038766,-0.0646667,-2.53998e-05,-3.68151e-05,0,-0.00213639,-0.0109564
-0.0324369,-0.0659986,-2.81403e-05,-3.73189e-05,0,0.000288994,-0.00967075
-0.0261077,-0.0501961,-1.27732e-05,-3.78721e-05,0,0.00241526,-0.00479884
-0.0197786,-0.0299085,7.28499e-06,-3.81814e-05,0,0.00421993,0.000312038
-0.0134494,-0.0117753,2.49938e-05,-3.81059e-05,0,0.00568103,0.0045686
-0.00712029,0.00391413,4.00383e-05,-3.76503e-05,0,0.00678321,0.00816107
-0.000791144,0.0168983,5.21376e-05,-3.68946e-05,0,0.00754196,0.0111273
0,0.0257725,5.98058e-05,-3.58942e-05,0,0.00809655,0.0132364
0,0.0291986,6.16402e-05,-3.47249e-05,0,0.008616,0.0142683
0,0.0284446,5.90027e-05,-3.34986e-05,0,0.00916259,0.0145593
0,0.0254486,5.39578e-05,-3.23093e-05,0,0.0097549,0.0145144
0,0.022199,4.86172e-05,-3.12125e-05,0,0.0104002,0.0145292
0,0.0200694,4.44366e-05,-3.02214e-05,0,0.0111032,0.0148595
0,0.0197325,4.21258e-05,-2.93181e-05,0,0.011868,0.0156215
0,0.0215969,4.21122e-05,-2.84675e-05,0,0.0126988,0.0168921
0,0.0256927,4.44195e-05,-2.76252e-05,0,0.0136003,0.0186712
0,0.0310638,4.80277e-05,-2.67449e-05,0,0.0145775,0.0207486
0,0.0376524,5.28672e-05,-2.57915e-05,0,0.0156358,0.0231437
0,0.0446327,5.80564e-05,-2.47463e-05,0,0.0167809,0.0256782
0,0.0513065,6.28511e-05,-2.35981e-05,0,0.018019,0.0282253
0,0.0570296,6.6567e-05,-2.23579e-05,0,0.0193569,0.030667
0,0.0615544,6.89416e-05,-2.10395e-05,0,0.0208022,0.0329733
0,0.0638315,6.88679e-05,-1.9669e-05,0,0.0223628,0.0349237
0,0.0635002,6.59606e-05,-1.82914e-05,0,0.0240474,0.0364759
0,0.0607678,6.04476e-05,-1.6962e-05,0,0.0258654,0.0376966
0,0.0554381,5.21355e-05,-1.57338e-05,0,0.027827,0.0385476
0,0.0478707,4.14204e-05,-1.46744e-05,0,0.0299431,0.0391284
0,0.0381043,2.83594e-05,-1.38192e-05,0,0.0322254,0.0394534
0,0.0264188,1.32656e-05,-1.32063e-05,0,0.0346868,0.0396016
0,0.0132751,-3.35599e-06,-1.28882e-05,0,0.0373408,0.0396871
0,-0.000723165,-2.0849e-05,-1.29138e-05,0,0.0402023,0.0398493
0,-0.0154651,-3.9077e-05,-1.32958e-05,0,0.0433128,0.0402403
0,-0.0279069,-5.4744e-05,-1.40317e-05,0,0.0466143,0.0409331
0,-0.0400516,-7.00075e-05,-1.50718e-05,0,0.0500761,0.0420453
0,-0.0509084,-8.38315e-05,-1.64185e-05,0,0.0537861,0.043594
0,-0.0597093,-9.53972e-05,-1.80467e-05,0,0.0577695,0.0456469
0.000161068,-0.0658208,-0.00010403,-1.99142e-05,0,0.0620001,0.0482258
0.00660377,-0.0685071,-0.000108952,-2.19646e-05,0,0.0663113,0.0513947
0.0130465,-0.0692124,-0.000111693,-2.41264e-05,0,0.0705237,0.0547648
0.0194892,-0.0676568,-0.000111958,-2.63507e-05,0,0.0745813,0.0584181
0.0259319,-0.0628848,-0.000108744,-2.85889e-05,0,0.0784592,0.0625439
0.0323746,-0.0529481,-0.000100003,-3.07766e-05,0,0.0821402,0.0675348
0.0388173,-0.0368647,-8.47209e-05,-3.27942e-05,0,0.0856081,0.0735368
0.04526,-0.0192311,-6.77822e-05,-3.45268e-05,0,0.0888463,0.0794699
-0.0449379,-0.0876258,-3.78449e-05,-3.59163e-05,0,-0.00480376,-0.0164931
-0.0384952,-0.104445,-5.74416e-05,-3.67481e-05,0,-0.00208009,-0.0191825
-0.0320525,-0.110667,-6.5742e-05,-3.78577e-05,0,0.000356112,-0.0185257
-0.0256097,-0.0888209,-4.43116e-05,-3.91435e-05,0,0.00248283,-0.012177
-0.019167,-0.0612323,-1.68281e-05,-4.01047e-05,0,0.00427711,-0.00561892
-0.0127243,-0.0351551,9.00587e-06,-4.05375e-05,0,0.00571693,0.000195114
-0.00628164,-0.0118965,3.17917e-05,-4.04478e-05,0,0.0067885,0.00524976
0,0.00823449,5.119e-05,-3.98917e-05,0,0.00751545,0.00960453
0,0.0231941,6.50313e-05,-3.89455e-05,0,0.00805731,0.012885
0,0.0310694,7.13024e-05,-3.77002e-05,0,0.00858482,0.0147551
0,0.0328127,7.10317e-05,-3.62962e-05,0,0.0091448,0.0154937
0,0.0311887,6.71599e-05,-3.48748e-05,0,0.0097518,0.0156994
0,0.0284278,6.20563e-05,-3.3522e-05,0,0.0104122,0.0157986
0,0.0263671,5.76685e-05,-3.22681e-05,0,0.0111303,0.0161442
0,0.0257598,5.47927e-05,-3.10972e-05,0,0.0119104,0.0168574
0,0.0272478,5.41039e-05,-2.99927e-05,0,0.0127569,0.0180654
0,0.03111,5.58897e-05,-2.89082e-05,0,0.0136742,0.0198174
0,0.0366531,5.94075e-05,-2.77966e-05,0,0.0146677,0.0219551
0,0.0430902,6.38164e-05,-2.66208e-05,0,0.0157427,0.024327
0,0.0502085,6.88836e-05,-2.53555e-05,0,0.0169051,0.026913
0,0.0568412,7.33691e-05,-2.39905e-05,0,0.0181612,0.0294641
0,0.0630754,7.73612e-05,-2.25321e-05,0,0.019518,0.0320394
0,0.0674964,7.93627e-05,-2.09928e-05,0,0.0209829,0.0343268
0,0.069967,7.9232e-05,-1.94096e-05,0,0.0225641,0.0363434
0,0.0695797,7.60043e-05,-1.78245e-05,0,0.0242705,0.0378986
0,0.0666795,7.0055e-05,-1.62931e-05,0,0.0261115,0.0391057
0,0.0610084,6.11262e-05,-1.48712e-05,0,0.0280975,0.039909
0,0.0529836,4.96759e-05,-1.36308e-05,0,0.0302394,0.0404231
0,0.0455911,3.88742e-05,-1.25972e-05,0,0.0325493,0.0413218
0,0.0352493,2.49456e-05,-1.17765e-05,0,0.03504,0.0417355
0,0.0175656,3.27068e-06,-1.12289e-05,0,0.0377253,0.0407985
0,-0.000755672,-1.9029e-05,-1.10876e-05,0,0.0406202,0.040155
0,-0.0193451,-4.15216e-05,-1.14124e-05,0,0.0437636,0.0398329
0,-0.0361244,-6.20292e-05,-1.21641e-05,0,0.0471791,0.0400797
0,-0.0509419,-8.03684e-05,-1.33329e-05,0,0.0508622,0.0409144
0,-0.0624839,-9.51408e-05,-1.49036e-05,0,0.0548216,0.042567
0,-0.070926,-0.00010653,-1.67547e-05,0,0.0590541,0.0448738
0.00181541,-0.0757122,-0.000113948,-1.88569e-05,0,0.0634917,0.0478668
0.00841688,-0.0767847,-0.000117335,-2.11173e-05,0,0.0679591,0.0514682
0.0150184,-0.0749816,-0.000120148,-2.34555e-05,0,0.0723047,0.0553774
0.0216198,-0.0683802,-0.000142512,-2.58514e-05,0,0.0764795,0.0594746
0.0282213,-0.0617787,-0.000162261,-2.8601e-05,0,0.0804604,0.0639665
0.0348228,-0.0525158,-0.000151441,-3.17574e-05,0,0.0842304,0.0695484
0.0414242,-0.036487,-0.000133512,-3.48349e-05,0,0.0877731,0.0755964
0.0480257,-0.0179785,-0.000113034,-3.755e-05,0,0.0910713,0.0817512
-0.0443949,-0.0868521,-8.10798e-05,-3.98823e-05,0,-0.00491539,-0.0163632
-0.0377934,-0.110871,-0.000105712,-4.15678e-05,0,-0.00216267,-0.0207265
-0.031192,-0.110401,-0.000104441,-4.36082e-05,0,0.000286102,-0.0183826
-0.0245905,-0.0859441,-7.78574e-05,-4.57015e-05,0,0.0024083,-0.01166
-0.017989,-0.0577339,-4.74182e-05,-4.73118e-05,0,0.00418077,-0.00505789
-0.0113875,-0.03296,-2.07485e-05,-4.83667e-05,0,0.005583,0.000434501
-0.00478607,-0.00950716,4.37565e-06,-4.8875e-05,0,0.00660993,0.00557454
0,0.00993419,2.50965e-05,-4.8888e-05,0,0.00732147,0.00978928
0,0.0242477,4.02275e-05,-4.84586e-05,0,0.00788495,0.0129711
0,0.0313425,4.75685e-05,-4.7707e-05,0,0.00844305,0.0147124
0,0.0327854,4.87974e-05,-4.6774e-05,0,0.00903539,0.0154338
0,0.0310415,4.654e-05,-4.58023e-05,0,0.00967476,0.0156491
0,0.0285016,4.3337e-05,-4.48636e-05,0,0.0103672,0.0158291
0,0.0266849,4.08017e-05,-4.39857e-05,0,0.0111172,0.016251
0,0.0265989,4.00016e-05,-4.31633e-05,0,0.011929,0.0171024
0,0.0286356,4.13485e-05,-4.23613e-05,0,0.0128072,0.0184472
0,0.0327135,4.47507e-05,-4.1537e-05,0,0.0137566,0.020261
0,0.0384809,4.98294e-05,-4.06488e-05,0,0.0147825,0.0224724
0,0.045315,5.59189e-05,-3.96623e-05,0,0.0158905,0.0249572
0,0.0526171,6.23805e-05,-3.85653e-05,0,0.0170866,0.0276045
0,0.0597213,6.85055e-05,-3.73338e-05,0,0.0183775,0.0302885
0,0.0659708,7.35978e-05,-3.5979e-05,0,0.0197701,0.0328876
0,0.0700523,7.62707e-05,-3.45249e-05,0,0.0212723,0.0351336
0,0.0723097,7.68908e-05,-3.30088e-05,0,0.0228924,0.037149
0,0.0717682,7.4428e-05,-3.14732e-05,0,0.0246395,0.0387147
0,0.0682517,6.87101e-05,-2.9976e-05,0,0.0265233,0.0398297
0,0.0620454,6.0056e-05,-2.85875e-05,0,0.0285543,0.040575
0,0.0533079,4.86515e-05,-2.73648e-05,0,0.0307438,0.0409927
0,0.042092,3.45717e-05,-2.63518e-05,0,0.0331041,0.0411064
0,0.0288505,1.83167e-05,-2.56111e-05,0,0.0356482,0.0410344
0,0.0141689,5.26383e-07,-2.51879e-05,0,0.0383903,0.0409133
0,-0.0013449,-1.81366e-05,-2.51151e-05,0,0.0413457,0.040878
0,-0.0182435,-3.82261e-05,-2.54125e-05,0,0.0445796,0.0410496
0,-0.0340232,-5.71114e-05,-2.61268e-05,0,0.0481234,0.0415866
0,-0.0477821,-7.38049e-05,-2.72124e-05,0,0.0519475,0.0427266
0,-0.0594789,-8.82534e-05,-2.863e-05,0,0.0560514,0.0443811
0,-0.0681354,-9.94147e-05,-3.03445e-05,0,0.0604177,0.0466731
0.0041407,-0.073393,-0.000106906,-3.22938e-05,0,0.0649276,0.0495633
0.0107658,-0.0754616,-0.000110949,-3.44057e-05,0,0.0693996,0.0529334
0.0173909,-0.0726091,-0.000172206,-3.66105e-05,0,0.0737271,0.0553914
0.024016,-0.065984,-0.000381336,-3.98096e-05,0,0.0778724,0.0570026
0.0306412,-0.0593588,-0.00066592,-4.6077e-05,0,0.0818154,0.0601934
0.0372663,-0.0527337,-0.000850485,-5.75456e-05,-0.00870434,0.0855394,0.0642949
0.0438914,-0.0701551,-0.000829122,-7.33556e-05,-0.0240465,0.0890278,0.0690446
-0.0488602,-0.12841,-0.000785526,-9.00769e-05,0,-0.00711353,-0.0257716
-0.0422351,-0.132235,-0.000816961,-0.000106049,0,-0.00415006,-0.0275713
-0.03561,-0.12561,-0.00118222,-0.000122325,0,-0.00147881,-0.0299951
-0.0289849,-0.118985,-0.00137821,-0.000144326,0,0.000878406,-0.0251324
-0.0223598,-0.11236,-0.00134389,-0.000170616,0,0.0028986,-0.0184199
-0.0157346,-0.0904321,-0.00124656,-0.000197649,0,0.00455885,-0.0114858
-0.00910953,-0.062663,-0.00114566,-0.000223261,0,0.00584136,-0.00519813
-0.00248442,-0.0405019,-0.00105332,-0.000246528,0,0.00675361,-0.00045391
0,-0.0260984,-0.000971757,-0.000267917,0,0.00740581,0.00267227
0,-0.0200376,-0.000901579,-0.000287638,0,0.00797122,0.00416235
0,-0.0188315,-0.000839112,-0.000305915,0,0.00854763,0.00483652
0,-0.0202535,-0.00078196,-0.000322916,0,0.00916299,0.00510378
0,-0.0224998,-0.000728132,-0.000338755,0,0.00982716,0.00531059
0,-0.0240406,-0.000675923,-0.000353506,0,0.0105455,0.00575328
0,-0.0239226,-0.000624249,-0.000367155,0,0.0113224,0.00660656
0,-0.0227122,-0.00057363,-0.000379821,0,0.0121623,0.00772091
0,-0.019388,-0.000522917,-0.000391471,0,0.0130698,0.00934606
0,-0.0139509,-0.000472046,-0.000402106,0,0.01405,0.011458
0,-0.00683852,-0.000421421,-0.000411725,0,0.0151083,0.0139642
0,0.00196478,-0.000370975,-0.00042028,0,0.0162505,0.0168858
0,0.0115738,-0.000321598,-0.000427801,0,0.0174827,0.0200301
0,0.0212981,-0.000273976,-0.000434356,0,0.0188118,0.023274
0,0.0309476,-0.000228263,-0.000440002,0,0.0202452,0.0266016
0,0.0398679,-0.000185105,-0.000444728,0,0.0217907,0.0298794
0,0.0470784,-0.000145452,-0.000448538,0,0.023457,0.0329147
0,0.0510855,-0.000110814,-0.000451585,0,0.0252534,0.0354099
0,0.0516492,-8.13904e-05,-0.000453923,0,0.02719,0.0373646
0,0.0485955,-5.73097e-05,-0.000455654,0,0.0292774,0.0387595
0,0.0421676,-3.8254e-05,-0.00045686,0,0.0315274,0.0396693
0,0.0323551,-2.41693e-05,-0.000457692,0,0.0339525,0.0401019
0,0.0199073,-1.41969e-05,-0.000458225,0,0.0365662,0.0402439
0,0.00571722,-7.33072e-06,-0.000458543,0,0.039383,0.040292
0,-0.00928162,-2.53363e-06,-0.000458704,0,0.0424186,0.0404434
0,-0.0221818,3.66115e-06,-0.000458764,0,0.0456028,0.0408937
0,-0.0352384,8.304e-06,-0.000458713,0,0.0489281,0.0417117
0,-0.0471204,1.30803e-05,-0.000458563,0,0.0524937,0.0429905
0,-0.0575632,1.8311e-05,-0.00045832,0,0.0563341,0.0446939
0,-0.0656456,2.5021e-05,-0.000457972,0,0.0604488,0.0469333
0.00245585,-0.0718516,3.27551e-05,-0.000457495,0,0.0647576,0.0494785
0.00900478,-0.0809952,2.74801e-05,-0.000456867,0,0.0690849,0.0509402
0.0155537,-0.0744463,1.39302e-05,-0.000456305,0,0.0732927,0.0554135
0.0221026,-0.0669291,3.57842e-05,-0.000455951,0,0.0773351,0.0611133
0.0286516,-0.0562884,6.004e-05,-0.000455356,0,0.0811895,0.0663522
0.0352005,-0.0439084,8.52416e-05,-0.00045424,0,0.0848388,0.0716809
0.0417494,-0.0299684,0.000111217,-0.000452623,0,0.0882662,0.0770776
0.0482984,-0.0131803,0.000139344,-0.000450451,0,0.0914543,0.0828143
-0.0433867,-0.0802989,0.000190118,-0.000448227,0,-0.00384972,-0.0138009
-0.0368377,-0.0849959,0.000193447,-0.0004447,0,-0.00119795,-0.0144145
-0.0302888,-0.0708539,0.000215908,-0.000440843,0,0.00115407,-0.00962712
-0.0237399,-0.0489731,0.0002458,-0.00043657,0,0.00318353,-0.00393876
-0.0171909,-0.0308378,0.000271001,-0.000431714,0,0.00486729,0.000414811
-0.010642,-0.0168288,0.000291127,-0.000426382,0,0.00618557,0.00372717
-0.00409308,-0.00517623,0.000308061,-0.0004206,0,0.00713665,0.00648744
0,0.00566842,0.000323457,-0.000414498,0,0.00779395,0.00908071
0,0.0114204,0.000332801,-0.00040809,0,0.00832476,0.0105644
0,0.0134177,0.000337557,-0.000401467,0,0.00885765,0.0113864
0,0.0130724,0.000339265,-0.00039473,0,0.00942844,0.0118353
0,0.0123017,0.000339987,-0.000387949,0,0.0100489,0.012306
0,0.0122688,0.000340978,-0.000381152,0,0.0107246,0.0130092
0,0.0139201,0.000343259,-0.000374334,0,0.0114599,0.0141284
0,0.0175123,0.000347115,-0.000367475,0,0.012259,0.0156987
0,0.0230572,0.000352569,-0.000360542,0,0.0131263,0.0177198
0,0.0301967,0.000359251,-0.00035351,0,0.0140667,0.0201162
0,0.0384998,0.000366711,-0.000346348,0,0.0150853,0.0228062
0,0.0473414,0.000374297,-0.000339032,0,0.0161878,0.0256675
0,0.0560505,0.000381309,-0.000331562,0,0.0173801,0.0285729
0,0.0639448,0.000387043,-0.000323953,0,0.0186687,0.0313949
0,0.0704247,0.00039088,-0.000316226,0,0.0200607,0.0340255
0,0.074916,0.000392234,-0.000308418,0,0.021564,0.0363603
0,0.0769635,0.000390631,-0.000300579,0,0.0231869,0.0383219
0,0.0764381,0.000385942,-0.00029276,0,0.0249383,0.0399037
0,0.0727285,0.000377552,-0.000285025,0,0.0268282,0.0409831
0,0.0662253,0.000365908,-0.000277457,0,0.028867,0.0416773
0,0.0570643,0.00035119,-0.000270116,0,0.031066,0.0420204
0,0.0454698,0.000333669,-0.00026304,0,0.0334376,0.0420754
0,0.031797,0.000313756,-0.000256306,0,0.035995,0.0419338
0,0.016727,0.000292208,-0.000249961,0,0.0387523,0.0417563
0,0.00077638,0.000269604,-0.000244041,0,0.0417249,0.0416539
0,-0.0167374,0.00024529,-0.00023857,0,0.0449863,0.0417597
0,-0.0331108,0.000222018,-0.000233579,0,0.0485704,0.0422185
0,-0.0474409,0.000200845,-0.000229057,0,0.0524398,0.0432804
0,-0.0594949,0.000182039,-0.000224966,0,0.056591,0.0448961
0,-0.0686054,0.00016633,-0.000221269,0,0.0610024,0.0471111
0.00482004,-0.0735582,0.000155019,-0.000217911,0,0.0655403,0.0500879
0.0114684,-0.0754914,0.000146911,-0.000214771,0,0.0700211,0.0534798
0.0181167,-0.0718833,0.0001206,-0.000211805,0,0.0743506,0.0571797
0.0247651,-0.0652349,6.49255e-05,-0.000209287,0,0.0784944,0.0609382
0.0314134,-0.0585866,1.54743e-05,-0.000207627,0,0.082433,0.0654423
0.0380617,-0.0519383,1.57702e-05,-0.000206996,0,0.08615,0.0709482
0.0447101,-0.0374749,3.23323e-05,-0.000206683,4.27135e-09,0.0896286,0.0768575
-0.0483667,-0.0886015,8.38469e-05,-0.000206144,0,-0.00687392,-0.0175742
-0.0417183,-0.106675,6.54687e-05,-0.00020457,0,-0.00392646,-0.0209306
-0.03507,-0.12507,-3.26951e-05,-0.000203224,0,-0.00127463,-0.0250177
-0.0284216,-0.115337,-1.77682e-05,-0.000203632,0,0.00105956,-0.0186497
-0.0217733,-0.0875218,1.59311e-05,-0.000204055,0,0.00305293,-0.0115529
-0.015125,-0.0593999,4.95597e-05,-0.000203803,0,0.00468256,-0.00516604
-0.00847663,-0.0343221,7.95662e-05,-0.000202896,0,0.00593138,0.00032751
-0.00182829,-0.0104074,0.000107936,-0.000201365,0,0.00681048,0.00553392
0,0.00895293,0.000131079,-0.000199306,0,0.00744481,0.00972296
0,0.0223572,0.00014751,-0.000196765,0,0.00800975,0.0127244
0,0.0293129,0.000156731,-0.00019388,0,0.00859039,0.0144862
0,0.0304959,0.000159489,-0.000190783,0,0.00921139,0.0151813
0,0.0289157,0.000158998,-0.000187603,0,0.00988178,0.0154701
0,0.0266721,0.000157501,-0.000184422,0,0.0106067,0.0157427
0,0.0253584,0.000156697,-0.000181266,0,0.0113906,0.0163014
0,0.0257339,0.0001574,-0.00017813,0,0.0122378,0.0172759
0,0.0282187,0.000160058,-0.000174983,0,0.013153,0.0187439
0,0.033203,0.000165085,-0.000171788,0,0.0141414,0.020786
0,0.0394288,0.000171149,-0.000168496,0,0.0152084,0.0231146
0,0.0471083,0.000178475,-0.000165085,0,0.0163598,0.0258182
0,0.0548655,0.000185608,-0.000161534,0,0.0176019,0.0285885
0,0.0620371,0.000191853,-0.000157847,0,0.0189415,0.0313224
0,0.0679405,0.000196494,-0.000154031,0,0.0203861,0.0338928
0,0.0718901,0.000198818,-0.000150118,0,0.0219436,0.0361732
0,0.0734265,0.000198338,-0.00014615,0,0.0236227,0.0380887
0,0.0722355,0.000194735,-0.000142181,0,0.0254329,0.0395917
0,0.0681382,0.000187842,-0.000138274,0,0.0273843,0.0406625
0,0.0612307,0.000177786,-0.000134493,0,0.0294876,0.0413407
0,0.0515826,0.000164665,-0.000130902,0,0.0317546,0.0416548
0,0.0396885,0.000149032,-0.000127576,0,0.034198,0.0417308
0,0.0260469,0.000131441,-0.000124556,0,0.0368313,0.0416851
0,0.0110943,0.000112379,-0.000121866,0,0.0396693,0.0416189
0,-0.00464853,9.24215e-05,-0.000119551,0,0.0427276,0.0416491
0,-0.020215,7.26395e-05,-0.000117633,0,0.0460094,0.041921
0,-0.0351393,5.35228e-05,-0.000116111,0,0.0495284,0.0425716
0,-0.0483978,3.61574e-05,-0.000114974,0,0.0533138,0.043745
0,-0.0592455,2.13455e-05,-0.00011419,0,0.0573781,0.0455028
0,-0.0670767,9.74158e-06,-0.000113711,0,0.0616986,0.0478615
0.00573493,-0.0762498,-3.24871e-06,-0.000113476,0,0.0661233,0.0497386
0.0122891,-0.0777109,-0.000142404,-0.000113495,0,0.0704684,0.0496196
0.0188433,-0.0711567,-0.000449825,-0.000115787,0,0.0746603,0.0518318
0.0253975,-0.0646025,-0.000810849,-0.000123553,0,0.0786695,0.0553339
0.0319517,-0.0580483,-0.0011682,-0.000138146,0,0.0824778,0.0593867
0.038506,-0.051494,-0.00135496,-0.000159902,-0.0118009,0.0860688,0.0638378
0.0450602,-0.0717398,-0.00130394,-0.000186161,-0.0268,0.0894259,0.0687957
-0.0466987,-0.136699,-0.00129018,-0.000212469,-3.46945e-18,-0.00578207,-0.0272312
-0.0401445,-0.130145,-0.00147088,-0.000238334,0,-0.00294798,-0.029693
-0.0335903,-0.12359,-0.00180556,-0.000266939,0,-0.000405553,-0.0290573
-0.0270361,-0.117036,-0.00193611,-0.000301377,0,0.0018231,-0.0238125
-0.0204819,-0.110482,-0.00187621,-0.00033925,0,0.00371486,-0.0179024
-0.0139277,-0.0915353,-0.0017442,-0.000377164,0,0.0052471,-0.0113595
-0.00737348,-0.0642483,-0.0016074,-0.00041284,0,0.00640403,-0.00515963
-0.000819276,-0.0376706,-0.00147537,-0.000445467,0,0.00720179,0.000551327
0,-0.0180973,-0.00135469,-0.000475436,0,0.00778468,0.0046964
0,-0.00594962,-0.00124583,-0.000502952,0,0.00832777,0.00740028
0,0.000977325,-0.00114649,-0.000528141,0,0.00889561,0.00918428
0,0.00434719,-0.00105483,-0.00055127,0,0.00950743,0.0103656
0,0.00755548,-0.000967113,-0.000572687,0,0.0101708,0.0116633
0,0.010811,-0.000882999,-0.000592249,0,0.0108905,0.0130321
0,0.013348,-0.000803169,-0.000610203,0,0.0116708,0.0142987
0,0.0158735,-0.000726757,-0.000626546,0,0.012516,0.0156477
0,0.0188933,-0.000653114,-0.000641348,0,0.0134308,0.017177
0,0.0228208,-0.000581699,-0.000654668,0,0.0144204,0.0189705
0,0.0281363,-0.000511906,-0.000666552,0,0.0154901,0.0211295
0,0.03448,-0.000444026,-0.000677035,0,0.0166458,0.0235654
0,0.0415739,-0.000378263,-0.000686153,0,0.0178937,0.0262323
0,0.0478932,-0.000316139,-0.000693981,0,0.0192408,0.0288029
0,0.0536208,-0.000257371,-0.000700521,0,0.0206945,0.0313686
0,0.0579889,-0.000202684,-0.000705816,0,0.0222629,0.0337602
0,0.0603425,-0.00015261,-0.000710006,0,0.0239548,0.0358612
0,0.0612817,-0.000106426,-0.000713158,0,0.0257796,0.0378349
0,0.0594904,-6.54532e-05,-0.000715449,0,0.0277474,0.0393807
0,0.05549,-2.90608e-05,-0.000716901,0,0.0298693,0.0406663
0,0.0492627,2.81236e-06,-0.00071761,0,0.032157,0.0416886
0,0.0406093,3.00383e-05,-0.000717665,0,0.0346233,0.042421
0,0.0299823,5.31798e-05,-0.000717132,0,0.037282,0.042989
0,0.0177178,7.26786e-05,-0.00071615,0,0.0401478,0.0434724
0,0.00416504,8.89813e-05,-0.000714755,0,0.0432365,0.0439514
0,-0.00800769,0.000105437,-0.000713008,0,0.0464765,0.044553
0,-0.0216303,0.000118233,-0.000710965,0,0.0498598,0.0452882
0,-0.0352982,0.000129301,-0.000708645,0,0.0534884,0.0462574
0,-0.0495599,0.000138111,-0.000706098,0,0.0573981,0.0472414
0,-0.0640874,0.00014508,-0.000703366,0,0.0615922,0.0482411
0.00184948,-0.0748047,0.000154615,-0.000700482,0,0.066003,0.0500617
0.00857486,-0.0814251,0.000125988,-0.000697423,0,0.0704515,0.0514209
0.0153002,-0.0746998,3.89121e-05,-0.000694789,0,0.074783,0.0545923
0.0220256,-0.0679744,-5.89335e-05,-0.000693619,0,0.0789468,0.0588348
0.028751,-0.061249,-0.000149063,-0.000694357,0,0.0829191,0.0633796
0.0354764,-0.0545236,-0.000212472,-0.000696933,0,0.086682,0.0682502
0.0422018,-0.0477982,-0.000228288,-0.000700802,0,0.0902184,0.0735072
0.0489271,-0.0419021,-0.000181309,-0.000705296,-0.000829242,0.0935103,0.0788393
-0.0452282,-0.0883441,-0.000123577,-0.000709134,-1.0842e-19,-0.00434208,-0.0154805
-0.0385028,-0.0689917,-6.4435e-05,-0.000711952,0,-0.00159786,-0.0108135
-0.0317774,-0.0484706,-6.16461e-06,-0.000713448,0,0.000840211,-0.00521123
-0.025052,-0.0263792,5.17456e-05,-0.000713775,0,0.00294876,0.00039618
-0.0183267,-0.0105526,0.000101086,-0.000712943,0,0.00470387,0.00426495
-0.0116013,-0.00291112,0.00013987,-0.000711118,0,0.00608438,0.00623885
-0.0048759,-0.00202657,0.000169659,-0.000708418,0,0.00708483,0.00677386
0,-0.00287107,0.000195842,-0.000705144,0,0.00776603,0.00704902
0,-0.00371221,0.000220309,-0.000701292,0,0.00829817,0.00737902
0,-0.00882974,0.000238592,-0.000696947,0,0.00882638,0.00678544
0,-0.0124542,0.000256859,-0.000692239,0,0.00939079,0.00669313
0,-0.0136379,0.000276174,-0.000687166,0,0.0100042,0.00715701
0,-0.0114868,0.000297539,-0.000681681,0,0.0106726,0.00835484
0,-0.00682151,0.000320144,-0.000675816,0,0.0114003,0.0100812
0,0.000515436,0.000344199,-0.00066947,0,0.0121914,0.0123988
0,0.00985021,0.000369031,-0.000662646,0,0.0130504,0.0151564
0,0.0204889,0.000393934,-0.000655327,0,0.0139821,0.0182223
0,0.0317528,0.000418218,-0.000647511,0,0.0149915,0.0214688
0,0.043021,0.000441262,-0.000639232,0,0.0160842,0.0247815
0,0.053743,0.000462523,-0.000630487,0,0.0172662,0.0280599
0,0.0631466,0.000481232,-0.00062129,0,0.018544,0.031153
0,0.0705777,0.000496748,-0.000611712,0,0.0199244,0.033943
0,0.0756964,0.000508759,-0.000601816,0,0.0214154,0.0363796
0,0.0780615,0.000516844,-0.00059167,0,0.023025,0.0383819
0,0.0774334,0.000520784,-0.000581362,0,0.0247625,0.0399178
0,0.0737532,0.000520569,-0.000570956,0,0.0266373,0.0409915
0,0.0670612,0.000516302,-0.000560544,0,0.0286599,0.0416261
0,0.057643,0.00050834,-0.00055021,0,0.0308417,0.0418989
0,0.0457556,0.000497014,-0.000540015,0,0.0331948,0.0418758
0,0.0318466,0.000482858,-0.000530046,0,0.0357323,0.0416679
0,0.0166984,0.000466758,-0.000520361,0,0.0384683,0.0414562
0,0.000754456,0.000449231,-0.000510969,0,0.041418,0.0413332
0,-0.0167967,0.000429438,-0.000501941,0,0.0446547,0.0414052
0,-0.0331231,0.000410382,-0.000493283,0,0.0482118,0.0418533
0,-0.0477585,0.000392619,-0.000485008,0,0.0520526,0.0428282
0,-0.0599881,0.000376948,-0.000477112,0,0.0561744,0.0444041
0,-0.0686021,0.000364696,-0.000469541,0,0.0605591,0.0467367
0.00415469,-0.0764457,0.000352896,-0.000462205,0,0.0650878,0.0490611
0.0108022,-0.0791978,0.000331753,-0.000455105,0,0.0695781,0.0519611
0.0174497,-0.0725503,0.000272754,-0.000448417,0,0.073923,0.0557037
0.0240972,-0.0659028,0.000198102,-0.000442579,0,0.0780849,0.0598227
0.0307447,-0.0592553,0.000137691,-0.000438169,0,0.0820434,0.0645484
0.0373922,-0.0526078,0.000133287,-0.000435143,0,0.0857819,0.0702399
0.0440397,-0.038614,0.000155154,-0.00043246,2.48799e-08,0.0892838,0.07636
-0.0490253,-0.0877772,0.000208744,-0.000429455,3.30872e-24,-0.00718095,-0.0175801
-0.0423778,-0.0966578,0.000205336,-0.000425414,0,-0.00420628,-0.0189004
-0.0357303,-0.122113,0.000183768,-0.000421296,0,-0.00152506,-0.0225717
-0.0290828,-0.108724,0.000202698,-0.000417545,0,0.000840842,-0.0173809
-0.0224353,-0.082445,0.000234663,-0.000413557,0,0.00286835,-0.0107018
-0.0157878,-0.0547995,0.000267462,-0.000408976,0,0.00453446,-0.00435315
-0.00914031,-0.02896,0.000297743,-0.000403709,0,0.00582133,0.0013425
-0.00249281,-0.0060582,0.000324322,-0.00039786,0,0.00673647,0.0063086
0,0.0118791,0.00034505,-0.00039144,0,0.00739045,0.0102075
0,0.0239478,0.000358973,-0.00038458,0,0.00795712,0.0129463
0,0.0291891,0.000365121,-0.000377428,0,0.00853459,0.0143569
0,0.0292791,0.000365322,-0.000370141,0,0.00915091,0.0148502
0,0.0269898,0.00036255,-0.000362836,0,0.00981597,0.0150054
0,0.0242752,0.000358903,-0.000355575,0,0.0105351,0.0151866
0,0.0226723,0.000356028,-0.000348384,0,0.0113128,0.0156876
0,0.023034,0.000354844,-0.000341256,0,0.0121534,0.0166607
0,0.0257175,0.000355737,-0.000334155,0,0.0130616,0.0181665
0,0.0306423,0.000358628,-0.000327044,0,0.0140423,0.0201821
0,0.0375743,0.000363275,-0.000319881,0,0.0151012,0.0226627
0,0.0449965,0.000368077,-0.000312634,0,0.0162439,0.02528
0,0.0528628,0.000372995,-0.00030529,0,0.0174766,0.0280727
0,0.0601575,0.000376964,-0.000297842,0,0.0188062,0.0308212
0,0.0660705,0.000379142,-0.000290317,0,0.0202399,0.0333796
0,0.0703301,0.00037926,-0.000282742,0,0.0217858,0.0357177
0,0.07164,0.000375943,-0.000275157,0,0.0234525,0.0375612
0,0.0703051,0.000369529,-0.00026763,0,0.0252492,0.0390249
0,0.0661484,0.000359861,-0.000260223,0,0.0271861,0.0400717
0,0.0593055,0.000347114,-0.000253006,0,0.0292738,0.0407501
0,0.0499589,0.000331513,-0.000246039,0,0.0315241,0.0411123
0,0.0384425,0.000313445,-0.000239369,0,0.0339494,0.0412452
0,0.0250697,0.000293272,-0.000233037,0,0.0365634,0.041228
0,0.0103502,0.000271567,-0.000227101,0,0.0393804,0.0411835
0,-0.0050504,0.00024906,-0.000221583,0,0.0424161,0.0412599
0,-0.020381,0.000226585,-0.000216523,0,0.0456735,0.0415501
0,-0.0349455,0.0002049,-0.000211913,0,0.0491659,0.0422526
0,-0.0481542,0.000184621,-0.000207739,0,0.052923,0.0434098
0,-0.0589884,0.000166847,-0.000203975,0,0.0569581,0.0451602
0,-0.0693145,0.000149626,-0.000200594,0,0.0612521,0.0469599
0.00507833,-0.0849217,7.04191e-05,-0.000197567,0,0.0656673,0.0458882
0.011631,-0.078369,-0.000246253,-0.000195842,0,0.0700216,0.0466261
0.0181837,-0.0718163,-0.00071526,-0.000199025,0,0.0742284,0.0489468
0.0247364,-0.0652636,-0.0013354,-0.00021122,0,0.0782552,0.0519842
0.0312891,-0.0587109,-0.00190648,-0.000235137,-0.00812275,0.0820829,0.0554879
0.0378418,-0.0521582,-0.00219956,-0.00026984,-0.0264331,0.0856949,0.059175
0.0443944,-0.0954444,-0.00212179,-0.000311927,-0.0498389,0.0890747,0.0632299
-0.0473431,-0.137343,-0.00235693,-0.000354712,3.46945e-18,-0.00608577,-0.0328519
-0.0407905,-0.13079,-0.00267755,-0.000400322,0,-0.00322502,-0.032883
-0.0342378,-0.124238,-0.00307962,-0.00045227,0,-0.000653779,-0.0309329
-0.0276851,-0.117685,-0.00327566,-0.000512053,0,0.00160601,-0.0260909
-0.0211324,-0.111132,-0.00317758,-0.000576684,0,0.00353131,-0.0193994
-0.0145797,-0.095925,-0.00296669,-0.000640873,0,0.00509945,-0.0124021
-0.00802704,-0.071018,-0.00275247,-0.000701578,0,0.00629385,-0.0066131
-0.00147435,-0.0468812,-0.002546,-0.000757377,0,0.00712713,-0.00137425
0,-0.0286789,-0.00235262,-0.000808813,0,0.00772941,0.00253263
0,-0.0164395,-0.00217232,-0.000856542,0,0.00827421,0.00529262
0,-0.00944132,-0.00200441,-0.00090071,0,0.00883893,0.00708567
0,-0.00567655,-0.00184666,-0.000941218,0,0.00944613,0.00834872
0,-0.00539827,-0.00169911,-0.000978703,0,0.0101042,0.00897274
0,-0.00713318,-0.00155996,-0.0010132,0,0.0108182,0.00929928
0,-0.00936055,-0.00142738,-0.00104489,0,0.0115924,0.00963194
0,-0.0112374,-0.00130029,-0.00107377,0,0.012431,0.0101213
0,-0.0121032,-0.00117778,-0.00110009,0,0.0133388,0.0108963
0,-0.0113359,-0.001059,-0.00112395,0,0.0143207,0.012083
0,-0.00927656,-0.000944132,-0.00114543,0,0.0153823,0.0135928
0,-0.00576584,-0.000832829,-0.00116454,0,0.0165293,0.0154765
0,-0.000911951,-0.000725042,-0.00118142,0,0.017768,0.0177116
0,0.00488341,-0.000621036,-0.00119619,0,0.0191051,0.0202179
0,0.0110191,-0.000521299,-0.00120898,0,0.020548,0.0228792
0,0.0163383,-0.000426921,-0.00121975,0,0.0221048,0.0254611
0,0.0205558,-0.000337945,-0.00122862,0,0.0237842,0.0279409
0,0.0234089,-0.000254497,-0.00123569,0,0.0255956,0.0302778
0,0.0240091,-0.000177409,-0.00124111,0,0.027549,0.0322915
0,0.0222832,-0.000106637,-0.00124485,0,0.0296553,0.0340038
0,0.0183288,-4.19498e-05,-0.00124716,0,0.0319263,0.0354542
0,0.0122877,1.69319e-05,-0.00124817,0,0.0343746,0.036689
0,0.00419975,7.01717e-05,-0.00124794,0,0.0370138,0.0377316
0,-0.00581533,0.000118014,-0.00124667,0,0.0398587,0.038625
0,-0.0169192,0.000161447,-0.00124441,0,0.0429249,0.0395658
0,-0.0305363,0.000199686,-0.00124127,0,0.0461517,0.039833
0,-0.0555828,0.000222366,-0.00123741,0,0.049534,0.0380243
0,-0.09,0.000201159,-0.00123301,0,0.0531619,0.0337393
0,-0.09,4.36474e-06,-0.00122893,0,0.0570645,0.0333331
0,-0.09,-0.000320867,-0.00122796,0,0.0612286,0.035651
0.0046951,-0.0853049,-0.000738888,-0.00123291,0,0.0655256,0.0388863
0.0111711,-0.0788289,-0.00124311,-0.00124518,0,0.0697764,0.0427532
0.0176471,-0.0723529,-0.00177989,-0.00126777,0,0.0738887,0.0468669
0.0241231,-0.0658769,-0.00236037,-0.00130096,0,0.0778286,0.0506861
0.0305991,-0.0594009,-0.00285333,-0.00134555,-0.00958537,0.0815765,0.0542794
0.0370751,-0.0529249,-0.00305652,-0.0014004,-0.0281481,0.0851159,0.0578581
0.0435511,-0.100207,-0.00287686,-0.00146062,-0.053758,0.0884299,0.0615283
-0.0471129,-0.137113,-0.00319071,-0.00151896,3.46945e-18,-0.00563905,-0.0335564
-0.0406369,-0.0918132,-0.00289897,-0.00158089,0,-0.00282986,-0.0154524
-0.0341609,-0.0138486,-0.0025821,-0.00164018,0,-0.000302929,0.00242667
-0.0276849,0.012011,-0.00232981,-0.00169262,0,0.00191997,0.00739278
-0.0212089,0.0210675,-0.00210471,-0.0017401,0,0.00381598,0.00976537
-0.0147329,0.0238373,-0.00189525,-0.00178298,0,0.0053625,0.0109437
-0.0082569,0.0235587,-0.00169777,-0.00182162,0,0.00654267,0.0114227
-0.0017809,0.0187088,-0.00151368,-0.00185626,0,0.00736708,0.0108567
0,0.0128868,-0.00133893,-0.00188718,0,0.00795725,0.0101771
0,0.00597908,-0.00117351,-0.00191457,0,0.00848386,0.00930407
0,-0.000959783,-0.00101624,-0.00193862,0,0.00902965,0.00849568
0,-0.00700394,-0.000865967,-0.00195934,0,0.00961853,0.00793696
0,-0.0108162,-0.000721003,-0.00197696,0,0.0102592,0.00790609
0,-0.0117231,-0.000580342,-0.00199189,0,0.0109566,0.00852028
0,-0.00944897,-0.000443423,-0.00200385,0,0.0117149,0.00982639
0,-0.00457303,-0.000310586,-0.00201319,0,0.0125384,0.011691
0,0.00283354,-0.000181664,-0.00201987,0,0.0134317,0.0141191
0,0.0122737,-5.69688e-05,-0.00202395,0,0.0143998,0.0170062
0,0.0228812,6.27605e-05,-0.00202534,0,0.0154479,0.0201774
0,0.0336329,0.000176628,-0.00202439,0,0.0165819,0.0234331
0,0.0433237,0.000283557,-0.00202114,0,0.0178078,0.026538
0,0.0521369,0.000383961,-0.00201574,0,0.0191324,0.0295741
0,0.0586032,0.000476514,-0.00200846,0,0.020563,0.0322138
0,0.062699,0.000561407,-0.00199925,0,0.0221076,0.0345012
0,0.0640118,0.000638472,-0.00198832,0,0.0237748,0.0363532
0,0.0622757,0.000707631,-0.00197582,0,0.0255739,0.0377318
0,0.057428,0.00076899,-0.00196191,0,0.0275149,0.0386417
0,0.0496395,0.000822912,-0.00194674,0,0.0296087,0.0391362
0,0.0392845,0.000869974,-0.00193048,0,0.0318669,0.0393097
0,0.0268585,0.000910884,-0.00191317,0,0.0343021,0.0392802
0,0.0129861,0.000946476,-0.00189503,0,0.0369278,0.0391919
0,-0.001929,0.00097732,-0.00187618,0,0.0397587,0.0391352
0,-0.0186488,0.00100215,-0.00185674,0,0.0428616,0.0392046
0,-0.0330385,0.00102691,-0.00183678,0,0.0461723,0.0394759
0,-0.0472515,0.00104838,-0.00181633,0,0.0496323,0.0401714
0,-0.0601793,0.00106794,-0.00179544,0,0.0533356,0.0413042
0,-0.071023,0.00108662,-0.00177415,0,0.0573095,0.0429463
0.000160166,-0.0788987,0.00110553,-0.00175245,0,0.0615281,0.0451756
0.00656681,-0.0829392,0.00112576,-0.00173041,0,0.0658262,0.0480791
0.0129735,-0.0770265,0.0010922,-0.00170796,0,0.0700254,0.0512275
0.0193801,-0.0706199,0.0010255,-0.00168605,0,0.07407,0.0548051
0.0257867,-0.0642133,0.000947135,-0.00166511,0,0.0779354,0.0587504
0.0321934,-0.0578066,0.000898137,-0.00164573,0,0.0816045,0.0636267
0.0386,-0.0514,0.000898202,-0.00162745,0,0.0850612,0.0688762
0.0450067,-0.0411819,0.000938625,-0.00160949,9.8066e-09,0.0882891,0.0744524
-0.0446864,-0.109753,0.000967878,-0.0015909,-1.65436e-24,-0.00482926,-0.0208866
-0.0382797,-0.119975,0.000982884,-0.00157164,0,-0.00211364,-0.0220805
-0.0318731,-0.121161,0.00100486,-0.00155204,0,0.000315872,-0.0204834
-0.0254664,-0.0969773,0.00105122,-0.00153202,0,0.0024374,-0.0137538
-0.0190598,-0.0694174,0.00109886,-0.00151111,0,0.00422817,-0.00726806
-0.0126531,-0.04648,0.00113938,-0.00148923,0,0.00566631,-0.00215615
-0.00624648,-0.0262481,0.00117492,-0.00146658,0,0.00673814,0.0023104
0,-0.00824454,0.00120604,-0.00144321,0,0.00746722,0.00627598
0,0.00697163,0.00123219,-0.0014192,0,0.0080122,0.00967666
0,0.0145022,0.00124825,-0.00139464,0,0.00854289,0.0114647
0,0.0170181,0.00125718,-0.00136974,0,0.0091059,0.0123886
0,0.0164326,0.00126112,-0.00134463,0,0.00971574,0.0128077
0,0.0147932,0.00126234,-0.00131942,0,0.0103787,0.0131311
0,0.0133872,0.0012623,-0.00129418,0,0.0110994,0.0135938
0,0.0134121,0.00126231,-0.00126893,0,0.0118817,0.0144322
0,0.01514,0.00126274,-0.00124368,0,0.0127302,0.0156778
0,0.0190473,0.00126415,-0.00121843,0,0.0136496,0.0174346
0,0.0250512,0.00126649,-0.00119315,0,0.0146448,0.0196757
0,0.0328847,0.00126953,-0.00116783,0,0.0157215,0.0223491
0,0.0408419,0.00127152,-0.00114245,0,0.0168855,0.0250851
0,0.0488426,0.00127241,-0.00111702,0,0.018143,0.0279204
0,0.0558049,0.00127113,-0.00109158,0,0.0195011,0.0306215
0,0.0612135,0.00126719,-0.00106615,0,0.0209672,0.0331108
0,0.0645307,0.00126009,-0.00104079,0,0.0225496,0.0352903
0,0.0653338,0.00124935,-0.00101556,0,0.024257,0.0370895
0,0.0635738,0.001235,-0.00099054,0,0.026099,0.0385196
0,0.058811,0.00121665,-0.000965789,0,0.0280859,0.0394951
0,0.0516278,0.00119499,-0.000941392,0,0.0302287,0.0401729
0,0.0422884,0.00117036,-0.000917417,0,0.0325394,0.0406119
0,0.0312455,0.00114334,-0.000893948,0,0.0350308,0.0409238
0,0.018932,0.00111443,-0.000871027,0,0.0377168,0.0412115
0,0.00148812,0.00108035,-0.000848681,0,0.0407951,0.0415585
0,-0.014811,0.00104604,-0.000826954,0,0.0443349,0.042025
0,-0.0302819,0.00101223,-0.000805913,0,0.0481807,0.042855
0,-0.0444707,0.000979427,-0.000785584,0,0.052304,0.0440976
0,-0.0569437,0.000948156,-0.00076593,0,0.0566997,0.0457519
0.000500905,-0.0668787,0.000919349,-0.000746889,0,0.0613261,0.0478881
0.00717963,-0.0828204,0.000831736,-0.000728444,0,0.0660092,0.047014
0.0138584,-0.0761416,0.000383425,-0.000711503,0,0.0705702,0.0462425
0.0205371,-0.0694629,-0.000428253,-0.000700921,0,0.0749536,0.0477184
0.0272158,-0.0627842,-0.00144954,-0.000703804,-0.00136539,0.0791352,0.0502658
0.0338945,-0.0561055,-0.00227018,-0.000725646,-0.0236265,0.0830981,0.0531985
0.0405733,-0.0494267,-0.00266602,-0.000767356,-0.0412996,0.0868264,0.0566843
0.047252,-0.114049,-0.00255943,-0.000818895,-0.0713009,0.0903036,0.0601666
-0.0462502,-0.13625,-0.0033535,-0.00087051,1.73472e-18,-0.00666907,-0.0388249
-0.0395715,-0.129571,-0.0055009,-0.000934007,-1.92593e-34,-0.00374898,-0.0440339
-0.0328927,-0.122893,-0.00851213,-0.00103436,0,-0.00113789,-0.0439122
-0.026214,-0.116214,-0.00977599,-0.00118503,0,0.0011419,-0.0358731
-0.0195353,-0.109535,-0.00954544,-0.00137234,0,0.00306719,-0.0233648
-0.0128566,-0.102857,-0.00900158,-0.00156428,0,0.004616,-0.0156996
-0.00617782,-0.0769617,-0.00841142,-0.00174758,0,0.00577628,-0.00820932
0,-0.0545196,-0.00784509,-0.00191935,0,0.00658014,-0.00335046
0,-0.0440515,-0.00731143,-0.00207738,0,0.00719405,-0.00108647
0,-0.0400652,-0.00680479,-0.00222548,0,0.00778878,9.0298e-05
0,-0.0400878,-0.00632269,-0.00236284,0,0.00841142,0.000591334
0,-0.0425976,-0.005863,-0.0024905,0,0.00907688,0.000693802
0,-0.0473891,-0.00542482,-0.00260891,0,0.00979182,0.000405176
0,-0.0550639,-0.00500814,-0.0027185,0,0.010561,-0.000411154
0,-0.0652045,-0.00461188,-0.0028197,0,0.0113888,-0.00164031
0,-0.0761129,-0.00423362,-0.00291333,0,0.0122799,-0.00290862
0,-0.0851139,-0.00386991,-0.00299933,0,0.0132392,-0.00365898
0,-0.09,-0.00352365,-0.00307818,0,0.0142721,-0.00362959
0,-0.09,-0.00320908,-0.00315004,0,0.0153843,-0.00298819
0,-0.09,-0.00289728,-0.00321563,0,0.0165818,-0.0014884
0,-0.0892002,-0.00258129,-0.00327545,0,0.0178711,0.00045472
0,-0.0849465,-0.00227557,-0.00332913,0,0.0192593,0.00277585
0,-0.0799877,-0.00198266,-0.00337571,0,0.0207542,0.00526412
0,-0.0748799,-0.00170267,-0.0034161,0,0.0223641,0.00788059
0,-0.0705116,-0.00143571,-0.00345085,0,0.0240981,0.0104509
0,-0.0672187,-0.0011818,-0.0034801,0,0.0259656,0.0129352
0,-0.0657458,-0.000941446,-0.00350462,0,0.0279772,0.0151879
0,-0.0662887,-0.000714529,-0.00352441,0,0.0301441,0.0172002
0,-0.0685157,-0.000500396,-0.0035395,0,0.0324784,0.0190681
0,-0.0726875,-0.000299003,-0.00355026,0,0.034993,0.0207416
0,-0.0797038,-0.000110972,-0.00355704,0,0.037702,0.0220448
0,-0.0889623,6.46374e-05,-0.00355973,0,0.0406204,0.0231546
0,-0.09,0.000157613,-0.00355896,0,0.0437645,0.024119
0,-0.09,0.000195364,-0.00355604,0,0.046633,0.0244123
0,-0.09,8.06329e-05,-0.00355231,0,0.0490936,0.0231619
0,-0.09,-0.000280222,-0.00355018,0,0.0516512,0.0222304
0,-0.09,-0.00114802,-0.00355416,0,0.0544413,0.0202494
0,-0.09,-0.00272777,-0.00357321,0,0.0574841,0.0192653
0.00341923,-0.0865808,-0.00481,-0.00362339,0,0.0606966,0.0205461
0.00861646,-0.0813835,-0.00784227,-0.00370645,-0.00179295,0.0639271,0.0205197
0.0140872,-0.0759128,-0.0104511,-0.00384359,-0.02509,0.0670766,0.0232884
0.019558,-0.070442,-0.0122435,-0.00403435,-0.0447648,0.0701125,0.0263175
0.0250288,-0.0649712,-0.0131597,-0.00426667,-0.0642194,0.0730162,0.0288164
0.0304995,-0.0595005,-0.0132305,-0.00452482,-0.0821975,0.0757718,0.0310894
0.0359703,-0.168293,-0.0124131,-0.00478894,-0.114263,0.078364,0.0336016
-0.0406205,-0.13062,-0.0294084,-0.0050421,-3.90313e-17,-0.00128502,-0.0640262
-0.0351497,-0.12515,-0.0324621,-0.00550281,7.70372e-33,0.000930803,-0.0482357
-0.0296789,-0.119679,-0.0309033,-0.00613831,1.11187e-48,0.00293179,-0.0268868
-0.0242082,-0.114208,-0.0290743,-0.00676729,0,0.00469874,-0.0203401
-0.0187374,-0.108737,-0.0272831,-0.007357,0,0.0062116,-0.0178939
-0.0132666,-0.103267,-0.0255379,-0.00791072,0,0.00745043,-0.0157054
-0.00779585,-0.0977958,-0.0238098,-0.00842933,0,0.00839938,-0.0128734
-0.00232508,-0.0923251,-0.0220873,-0.00891331,0,0.00906239,-0.00976222
0,-0.0815254,-0.0204096,-0.0093628,0,0.00952397,-0.00668382
0,-0.0651012,-0.0187916,-0.0097819,0,0.00992603,-0.00289034
0,-0.0488517,-0.01724,-0.0101634,0,0.0103543,0.000752343
0,-0.034785,-0.0157558,-0.0105136,0,0.0108329,0.00396418
0,-0.025044,-0.0143391,-0.0108339,0,0.0113702,0.00632506
0,-0.0178909,-0.0129862,-0.0111257,0,0.0119706,0.00828864
0,-0.0115638,-0.0116929,-0.0113901,0,0.0126378,0.0102046
0,-0.00490444,-0.0104563,-0.0116285,0,0.0133756,0.012287
0,0.00275428,-0.00927348,-0.011842,0,0.014188,0.014657
0,0.0114434,-0.00814284,-0.012031,0,0.0150794,0.0173073
0,0.0218856,-0.00706194,-0.0121961,0,0.0160549,0.0204042
0,0.03297,-0.00603031,-0.0123411,0,0.0171198,0.0236833
0,0.0443888,-0.00504676,-0.0124638,0,0.0182797,0.0271127
0,0.0555449,-0.00411016,-0.0125682,0,0.0195411,0.0305737
0,0.0646324,-0.0032207,-0.0126537,0,0.0209109,0.033685
0,0.0729576,-0.0023754,-0.0127199,0,0.0223967,0.0367982
0,0.0780624,-0.00157443,-0.0127699,0,0.0240068,0.0393335
0,0.0803768,-0.000815521,-0.012803,0,0.0257502,0.0414662
0,0.0797987,-9.75883e-05,-0.012822,0,0.0276366,0.0431723
0,0.0759725,0.000580144,-0.0128264,0,0.0296764,0.0443878
0,0.0692961,0.00121929,-0.0128172,0,0.0318812,0.0452266
0,0.0597862,0.00182102,-0.0127944,0,0.034263,0.0456981
0,0.0475641,0.00238665,-0.0127595,0,0.0368353,0.0458473
0,0.0330959,0.00291789,-0.0127129,0,0.0396122,0.0457927
0,0.0112394,0.00336257,-0.0126559,0,0.0428713,0.0456914
0,-0.00878512,0.00382511,-0.0125897,0,0.0467049,0.0457402
0,-0.0270896,0.0042606,-0.0125146,0,0.0508831,0.0463275
0,-0.0430531,0.00466996,-0.0124307,0,0.0553561,0.0475181
0,-0.0557182,0.00505519,-0.0123385,0,0.0601025,0.0494123
0.00263005,-0.0648406,0.00541811,-0.0122388,0,0.0650324,0.051936
0.00964352,-0.0704938,0.00575994,-0.0121317,0,0.0699577,0.0549912
0.016657,-0.0726504,0.00608161,-0.0120173,0,0.0747321,0.0585478
0.0236705,-0.0663295,0.00634112,-0.0118968,0,0.0793077,0.062349
0.0306839,-0.0593161,0.00655284,-0.0117707,0,0.0836618,0.0663908
0.0376974,-0.0523026,0.00673241,-0.0116405,0,0.0877774,0.070566
0.0447109,-0.0452891,0.00690485,-0.0115067,0,0.0916377,0.0751409
0.0517243,-0.0451178,0.00713651,-0.0113694,-0.00684209,0.0952251,0.0799569
-0.0464642,-0.111642,0.00717827,-0.0112313,8.67362e-19,-0.00668156,-0.022194
-0.0392754,-0.129275,0.00723946,-0.0110854,-4.21297e-35,-0.00370005,-0.0284228
-0.0324373,-0.122437,0.00733033,-0.0109443,0,-0.00105366,-0.0245566
-0.0254238,-0.102845,0.00753085,-0.0107982,0,0.0012355,-0.0159642
-0.0184104,-0.0606164,0.00773863,-0.0106484,0,0.00314234,-0.00600506
-0.0113969,-0.0145926,0.00793445,-0.0104942,0,0.004646,0.00392033
-0.00438342,0.0326851,0.00811654,-0.0103362,0,0.00574514,0.0138609
0,0.0667347,0.00826763,-0.0101745,0,0.00651879,0.0207342
0,0.084162,0.00838505,-0.0100097,0,0.00714656,0.0242542
0,0.0902792,0.00847612,-0.00984226,0,0.00776647,0.0257374
0,0.0845701,0.00854138,-0.00967296,0,0.00841718,0.0249283
0,0.0713262,0.00858626,-0.0095023,0,0.00911148,0.0228094
0,0.0555328,0.0086168,-0.00933068,0,0.00985563,0.0203821
0,0.0419734,0.0086387,-0.00915845,0,0.0106544,0.0185829
0,0.0323979,0.00865437,-0.00898572,0,0.0115122,0.0176739
0,0.0280949,0.00866558,-0.00881269,0,0.0124341,0.0178995
0,0.0288275,0.0086724,-0.00863942,0,0.013425,0.0191754
0,0.0330005,0.00867348,-0.00846599,0,0.0144904,0.0211558
0,0.0395117,0.00866802,-0.00829253,0,0.0156363,0.0236442
0,0.0467484,0.0086547,-0.00811915,0,0.0168689,0.026316
0,0.0535008,0.00863271,-0.00794602,0,0.0181948,0.0289521
0,0.0587232,0.00860143,-0.00777332,0,0.0196214,0.0313594
0,0.0616416,0.00856054,-0.00760121,0,0.0211567,0.0334015
0,0.0618736,0.00850984,-0.0074299,0,0.0228093,0.0350232
0,0.0597064,0.00844975,-0.0072596,0,0.0245883,0.0363091
0,0.0548141,0.00838041,-0.00709046,0,0.0265037,0.0371891
0,0.0475506,0.00830271,-0.00692271,0,0.0285662,0.0377643
0,0.0380814,0.00821726,-0.00675642,0,0.0307872,0.0380766
0,0.0269002,0.00812504,-0.00659186,0,0.0331791,0.0382487
0,0.0145199,0.00802698,-0.00642918,0,0.0357553,0.0383998
0,0.00132987,0.00792382,-0.00626844,0,0.0385301,0.0386208
0,-0.0175175,0.00781562,-0.00610961,0,0.0417421,0.0389817
0,-0.0340609,0.007699,-0.00595291,0,0.0454721,0.0395931
0,-0.0489839,0.00758059,-0.00579853,0,0.0495257,0.0406772
0,-0.0606583,0.0074625,-0.00564668,0,0.0538591,0.0425354
0,-0.0697926,0.00734443,-0.00549701,0,0.058441,0.0448646
0.00480379,-0.0757036,0.00722746,-0.00534971,0,0.0631365,0.0477474
0.0114297,-0.0785703,0.00711152,-0.00520475,0,0.0677627,0.0510645
0.0180556,-0.0719444,0.00694555,-0.00506223,0,0.0722266,0.0546106
0.0246816,-0.0653184,0.00674359,-0.00492224,0,0.0764946,0.0582775
0.0313075,-0.0586925,0.00651351,-0.00478606,0,0.0805482,0.0619212
0.0379334,-0.0520666,0.00629499,-0.00465475,4.59754e-09,0.0843716,0.0663316
0.0445593,-0.0548736,0.00619226,-0.00452765,-0.00943293,0.0879488,0.0716212
-0.0482036,-0.111292,0.00623812,-0.00440314,1.73472e-18,-0.00812585,-0.0231527
-0.0415777,-0.131578,0.00609983,-0.0042787,-7.22224e-35,-0.00509322,-0.027033
-0.0349517,-0.124952,0.0055891,-0.00415615,5.34553e-51,-0.002362,-0.0304581
-0.0283258,-0.118326,0.00538727,-0.00404207,2.22552e-67,4.63492e-05,-0.0235002
-0.0216999,-0.106867,0.00531669,-0.00393341,8.23609e-84,0.00210922,-0.0165362
-0.015074,-0.0820542,0.0052589,-0.00382676,0,0.00380421,-0.0103783
-0.00844805,-0.0568569,0.0052002,-0.00372147,0,0.0051147,-0.00471594
-0.00182213,-0.0333418,0.00513858,-0.00361726,0,0.00605213,0.000443113
0,-0.0124971,0.00507319,-0.00351424,0,0.00674138,0.00501882
0,0.00727524,0.00500591,-0.00341261,0,0.00735756,0.00944615
0,0.021878,0.0049326,-0.00331226,0,0.00798579,0.0127802
0,0.0307479,0.00485279,-0.00321339,0,0.00865093,0.0150176
0,0.0332847,0.00476598,-0.00311601,0,0.00936224,0.0160444
0,0.0327663,0.0046758,-0.00302039,0,0.0101251,0.016617
0,0.0311578,0.00458443,-0.00292656,0,0.0109441,0.017088
0,0.0303304,0.00449392,-0.0028346,0,0.0118239,0.0178261
0,0.0314034,0.00440552,-0.0027444,0,0.0127694,0.0190345
0,0.0346414,0.00431953,-0.00265598,0,0.0137858,0.0207463
0,0.0400371,0.00423599,-0.00256942,0,0.0148788,0.0229578
0,0.0468617,0.00415415,-0.00248453,0,0.0160543,0.0255116
0,0.0544263,0.00407333,-0.00240116,0,0.0173187,0.0282799
0,0.0616156,0.00399239,-0.00231941,0,0.0186789,0.0310391
0,0.0676916,0.00391063,-0.00223928,0,0.0201426,0.0336625
0,0.0711122,0.00382649,-0.00216078,0,0.0217179,0.035833
0,0.0719574,0.00373985,-0.00208396,0,0.0234136,0.037621
0,0.0697925,0.00365025,-0.0020089,0,0.025239,0.0389369
0,0.0645028,0.00355771,-0.00193563,0,0.0272045,0.0397785
0,0.0561978,0.00346247,-0.00186415,0,0.0293209,0.040187
0,0.0450446,0.00336479,-0.00179452,0,0.0316001,0.0402122
0,0.0316118,0.0032654,-0.00172693,0,0.0340548,0.0399942
0,0.0166034,0.00316514,-0.00166142,0,0.0366986,0.0396934
0,0.000545059,0.00306462,-0.00159777,0,0.0395462,0.0394252
0,-0.0178411,0.00296382,-0.00153613,0,0.042686,0.0392789
0,-0.0350889,0.00286362,-0.0014765,0,0.0461556,0.0394716
0,-0.0507639,0.00276602,-0.00141887,0,0.049904,0.0401859
0,-0.0643473,0.00267166,-0.00136321,0,0.0539282,0.0414648
0,-0.0752004,0.00258132,-0.00130954,0,0.0582238,0.04335
0.00149024,-0.0823768,0.00249604,-0.00125774,0,0.0627297,0.0459372
0.00811352,-0.0818865,0.00239041,-0.00120764,0,0.0672704,0.0491841
0.0147368,-0.0752632,0.00223738,-0.00115962,0,0.071688,0.0526687
0.0213601,-0.0686399,0.00203632,-0.00111404,0,0.0759318,0.0560426
0.0279834,-0.0620166,0.00180585,-0.0010724,0,0.0799785,0.060022
0.0346067,-0.0553933,0.00162429,-0.00103525,0,0.0838112,0.0648547
0.0412299,-0.0487701,0.00149881,-0.00100158,-1.48064e-08,0.0874137,0.0701325
0.0478532,-0.0455038,0.00146618,-0.000970792,-0.003357,0.0907691,0.0757444
-0.0448727,-0.111771,0.00150129,-0.000941305,4.33681e-19,-0.00549012,-0.0215886
-0.0382495,-0.128249,0.00141957,-0.000911525,-1.20371e-35,-0.00268499,-0.025049
-0.0316262,-0.121626,0.00133773,-0.000882929,0,-0.000185922,-0.0222348
-0.0250029,-0.100272,0.00132746,-0.000855684,0,0.00198459,-0.0148574
-0.0183796,-0.0705009,0.00132625,-0.000829088,0,0.0038034,-0.00778501
-0.0117563,-0.0431163,0.00132266,-0.000802559,0,0.00524969,-0.00172442
-0.00513304,-0.0224744,0.0013121,-0.000776099,0,0.0063167,0.00273163
0,-0.00440736,0.001299,-0.000749835,0,0.00705751,0.0067321
0,0.0101793,0.00128239,-0.000723823,0,0.00763933,0.0100256
0,0.0191648,0.00126009,-0.000698117,0,0.00821191,0.0121934
0,0.0226176,0.00123227,-0.000672837,0,0.00881675,0.0133212
0,0.0228237,0.00120136,-0.000648094,0,0.00946722,0.0139251
0,0.0214632,0.00116918,-0.000623943,0,0.0101695,0.0143215
0,0.0204935,0.00113779,-0.000600447,0,0.0109282,0.0149062
0,0.0206904,0.001108,-0.000577582,0,0.0117477,0.0158023
0,0.02281,0.00108063,-0.000555362,0,0.0126325,0.017162
0,0.0269215,0.00105572,-0.000533654,0,0.0135875,0.0189844
0,0.0327644,0.001033,-0.000512464,0,0.014618,0.0212145
0,0.039778,0.00101185,-0.000491759,0,0.0157298,0.0237393
0,0.0472316,0.000991502,-0.000471469,0,0.0169287,0.0264166
0,0.0546571,0.000971446,-0.000451568,0,0.0182215,0.0291687
0,0.0605217,0.000950063,-0.000432059,0,0.0196152,0.0316721
0,0.0648711,0.000927409,-0.000413015,0,0.0211176,0.0339878
0,0.0671967,0.000902929,-0.000394421,0,0.022737,0.0360089
0,0.0668305,0.000875854,-0.000376265,0,0.0244825,0.0376094
0,0.0637394,0.000846175,-0.000358666,0,0.0263638,0.0388111
0,0.0578391,0.000813835,-0.000341639,0,0.0283914,0.0396084
0,0.0495571,0.000779316,-0.000325298,0,0.0305766,0.0401139
0,0.039069,0.000742828,-0.00030959,0,0.0329316,0.0403713
0,0.02666,0.000704701,-0.000294606,0,0.0354695,0.0404576
0,0.0129186,0.000665584,-0.000280436,0,0.0382045,0.0405149
0,-0.00162309,0.000626061,-0.000267046,0,0.0411516,0.0406615
0,-0.0144782,0.00058857,-0.000254386,0,0.0442145,0.0408957
0,-0.0285788,0.000550575,-0.000242484,0,0.0473776,0.0413259
0,-0.0423365,0.000513414,-0.000231339,0,0.0507649,0.0420725
0,-0.054761,0.000478153,-0.00022096,0,0.0544192,0.0432659
0,-0.0648594,0.000445855,-0.000211273,0,0.0583523,0.0450211
0.000481313,-0.0719598,0.000417237,-0.000202259,0,0.0625278,0.0473627
0.00689882,-0.0754659,0.00039293,-0.000193828,0,0.0667779,0.0503243
0.0133163,-0.0760009,0.000372272,-0.000185921,0,0.0709299,0.0537061
0.0197338,-0.0702662,0.000327961,-0.000178424,0,0.0749291,0.0573796
0.0261513,-0.0638487,0.000272537,-0.000171688,0,0.0787511,0.0613187
0.0325689,-0.0574311,0.000232207,-0.000165988,0,0.0823786,0.065775
0.0389864,-0.0469488,0.00023068,-0.000161081,0,0.0857952,0.071489
0.0454039,-0.0261802,0.000240283,-0.000156461,0,0.0889841,0.078242
-0.0444412,-0.0960975,0.000268208,-0.000151689,0,-0.00433535,-0.0178687
-0.0380237,-0.111759,0.000239079,-0.000146422,0,-0.00165716,-0.0202827
-0.0316062,-0.115046,0.000223358,-0.000141553,0,0.000735273,-0.0190358
-0.0251887,-0.091342,0.000236465,-0.000137031,0,0.00281986,-0.0123855
-0.0187712,-0.0616386,0.000256125,-0.000132341,0,0.00457369,-0.00543328
-0.0123537,-0.0342993,0.000273459,-0.000127258,0,0.00597509,0.000582014
-0.00593619,-0.0122171,0.000285396,-0.000121849,0,0.00701199,0.00532133
0,0.00803482,0.000295549,-0.000116165,0,0.00771477,0.00972559
0,0.0232667,0.00030053,-0.00011029,0,0.00824301,0.0130556
0,0.0315221,0.00029829,-0.000104297,0,0.00876041,0.0149965
0,0.0341618,0.000290302,-9.83255e-05,0,0.00931193,0.0159196
0,0.0333555,0.000278874,-9.24994e-05,0,0.0099116,0.0162785
0,0.0313324,0.000266366,-8.6882e-05,0,0.0105656,0.0165158
0,0.0296425,0.000254416,-8.15046e-05,0,0.0112783,0.0169202
0,0.0294584,0.000244258,-7.63864e-05,0,0.0120537,0.0177151
0,0.0310903,0.000236211,-7.14657e-05,0,0.0128963,0.0189413
0,0.0343529,0.000230065,-6.67093e-05,0,0.0138106,0.0205532
0,0.0393242,0.000225891,-6.20896e-05,0,0.0148018,0.0225787
0,0.0458079,0.000223467,-5.75634e-05,0,0.0158753,0.024977
0,0.0524896,0.00022139,-5.3088e-05,0,0.017037,0.0274643
0,0.0589511,0.000219208,-4.86529e-05,0,0.018293,0.0299904
0,0.0645137,0.000216194,-4.42633e-05,0,0.0196505,0.0324217
0,0.0684564,0.000211584,-3.99289e-05,0,0.0211169,0.0346231
0,0.0704989,0.000205076,-3.56811e-05,0,0.0227003,0.0365603
0,0.0695684,0.000195515,-3.156e-05,0,0.0244097,0.0380097
0,0.0660047,0.000183269,-2.76163e-05,0,0.0262545,0.0390879
0,0.0597116,0.000168252,-2.3908e-05,0,0.0282451,0.039776
0,0.0508189,0.000150616,-2.04979e-05,0,0.0303924,0.0401194
0,0.039715,0.000130789,-1.74503e-05,0,0.0327086,0.0402177
0,0.0267278,0.000109133,-1.47652e-05,0,0.0352064,0.0401515
0,0.0122768,8.61087e-05,-1.25284e-05,0,0.0378998,0.0400237
0,-0.00287566,6.25373e-05,-1.07256e-05,0,0.0408038,0.0400101
0,-0.0200416,3.71391e-05,-9.39236e-06,0,0.0440046,0.0401701
0,-0.0359445,1.31882e-05,-8.56069e-06,0,0.0475394,0.0406829
0,-0.0499854,-8.55804e-06,-8.22507e-06,0,0.0513587,0.0417612
0,-0.0614827,-2.73728e-05,-8.32012e-06,0,0.0554571,0.0434694
0,-0.0700411,-4.28358e-05,-8.80172e-06,0,0.0598175,0.045783
0.00379955,-0.0751903,-5.44514e-05,-9.60432e-06,0,0.0643287,0.0487034
0.0104075,-0.0771106,-6.24154e-05,-1.06527e-05,0,0.0688103,0.0521142
0.0170154,-0.0729846,-9.34454e-05,-1.18731e-05,0,0.0731496,0.0557865
0.0236233,-0.0663767,-0.000147278,-1.36489e-05,0,0.0773074,0.0597254
0.0302312,-0.0597688,-0.000199319,-1.63253e-05,0,0.0812633,0.0641142
0.0368391,-0.0531609,-0.000204683,-2.00515e-05,0,0.0850008,0.0695405
0.043447,-0.0398172,-0.000187423,-2.41211e-05,1.48843e-08,0.0885034,0.075425
-0.0490637,-0.0918175,-0.000137483,-2.79817e-05,0,-0.00736485,-0.0186206
-0.0424558,-0.101406,-0.00014465,-3.09062e-05,0,-0.00438536,-0.0199935
-0.0358479,-0.125848,-0.000204828,-3.37777e-05,0,-0.00169688,-0.0244523
-0.02924,-0.118276,-0.000191957,-3.76636e-05,0,0.000678946,-0.0195344
-0.0226321,-0.0909041,-0.000158328,-4.15864e-05,0,0.0027193,-0.0124318
-0.0160242,-0.0622089,-0.000123534,-4.48706e-05,0,0.00440131,-0.00586476
-0.00941627,-0.0362102,-9.18499e-05,-4.74109e-05,0,0.00570691,-0.000151867
-0.00280836,-0.0126256,-6.29856e-05,-4.93588e-05,0,0.00664181,0.00496998
0,0.00687658,-3.87162e-05,-5.07195e-05,0,0.00730884,0.00920396
0,0.0199058,-2.15726e-05,-5.15667e-05,0,0.00788009,0.0121155
0,0.0268746,-1.11078e-05,-5.20667e-05,0,0.00845962,0.0138871
0,0.0282535,-6.80586e-06,-5.23203e-05,0,0.00907702,0.014621
0,0.0267124,-5.82262e-06,-5.24671e-05,0,0.0097426,0.0149074
0,0.0243227,-5.95153e-06,-5.2587e-05,0,0.0104618,0.0151398
0,0.0228736,-5.29046e-06,-5.27057e-05,0,0.0112391,0.0156652
0,0.0230933,-3.06482e-06,-5.28138e-05,0,0.012079,0.0166007
0,0.0256136,1.39358e-06,-5.28818e-05,0,0.0129859,0.0180723
0,0.0303317,7.97303e-06,-5.28695e-05,0,0.0139651,0.020044
0,0.0368339,1.6231e-05,-5.27331e-05,0,0.0150219,0.0224315
0,0.0447657,2.57874e-05,-5.24373e-05,0,0.0161621,0.0251724
0,0.0524682,3.48837e-05,-5.1955e-05,0,0.0173919,0.0279107
0,0.0598725,4.34472e-05,-5.12892e-05,0,0.0187181,0.0306846
0,0.0660665,5.05147e-05,-5.04502e-05,0,0.0201479,0.0332987
0,0.0703731,5.53752e-05,-4.94647e-05,0,0.0216894,0.0356347
0,0.0722336,5.74426e-05,-4.83742e-05,0,0.0233511,0.0375952
0,0.0713232,5.63827e-05,-4.72305e-05,0,0.0251423,0.0391327
0,0.0675034,5.20655e-05,-4.60991e-05,0,0.027073,0.0402367
0,0.0608153,4.45531e-05,-4.50427e-05,0,0.029154,0.0409331
0,0.0514524,3.40716e-05,-4.41329e-05,0,0.0313968,0.0412792
0,0.0398131,2.10649e-05,-4.34305e-05,0,0.033814,0.0413759
0,0.0263801,6.06654e-06,-4.29832e-05,0,0.036419,0.0413387
0,0.0116592,-1.03664e-05,-4.28318e-05,0,0.0392263,0.0412847
0,-0.00377481,-2.76054e-05,-4.29981e-05,0,0.0422516,0.0413422
0,-0.0194735,-4.51286e-05,-4.34899e-05,0,0.0455112,0.0416086
0,-0.0345544,-6.20165e-05,-4.43311e-05,0,0.0490227,0.0422256
0,-0.0480208,-7.72024e-05,-4.55123e-05,0,0.0528027,0.0433597
0,-0.0591413,-8.99019e-05,-4.70032e-05,0,0.0568612,0.0450727
0,-0.0675708,-9.97403e-05,-4.87568e-05,0,0.0611783,0.0473246
0.00508833,-0.0724292,-0.000105781,-5.07221e-05,0,0.0656157,0.0502136
0.0116539,-0.0741223,-0.00010845,-5.28166e-05,0,0.0699911,0.0535696
0.0182195,-0.0717805,-0.000117577,-5.49776e-05,0,0.0742177,0.0572699
0.0247851,-0.0652149,-0.000157603,-5.72926e-05,0,0.0782631,0.0609078
0.0313507,-0.0586493,-0.000177924,-6.02045e-05,0,0.0821081,0.0657157
0.0379163,-0.0484212,-0.000163437,-6.36309e-05,0,0.0857363,0.0714645
0.0444818,-0.0320962,-0.000142671,-6.69721e-05,0,0.089131,0.0774044
-0.0474364,-0.0891409,-9.8749e-05,-6.98982e-05,0,-0.00620918,-0.0174124
-0.0408708,-0.104655,-0.000111912,-7.20269e-05,0,-0.00333582,-0.0200506
-0.0343052,-0.124305,-0.000141895,-7.42191e-05,0,-0.000753148,-0.0226635
-0.0277396,-0.106293,-0.00011917,-7.6967e-05,0,0.0015169,-0.0163314
-0.021174,-0.0765802,-8.42841e-05,-7.94527e-05,0,0.00345127,-0.00908325
-0.0146084,-0.0485388,-5.14157e-05,-8.12605e-05,0,0.00502727,-0.00280175
-0.00804284,-0.0240314,-2.25466e-05,-8.24038e-05,0,0.00622833,0.00254007
-0.00147726,-0.000448611,5.07035e-06,-8.29269e-05,0,0.00706712,0.00766969
0,0.0162649,2.51398e-05,-8.29222e-05,0,0.00767402,0.0112617
0,0.0279082,3.95686e-05,-8.24896e-05,0,0.00822293,0.013933
0,0.0323327,4.61005e-05,-8.17343e-05,0,0.00879141,0.0151685
0,0.032027,4.73939e-05,-8.08352e-05,0,0.00940209,0.0155937
0,0.0294845,4.61068e-05,-7.98925e-05,0,0.0100634,0.0157023
0,0.0268106,4.44805e-05,-7.89658e-05,0,0.0107804,0.0159001
0,0.0252834,4.38757e-05,-7.8073e-05,0,0.0115573,0.0164184
0,0.0260977,4.55588e-05,-7.71942e-05,0,0.0123985,0.0174934
0,0.0286384,4.88789e-05,-7.62881e-05,0,0.0133086,0.0189584
0,0.0336725,5.46442e-05,-7.53172e-05,0,0.0142928,0.0210078
0,0.0401462,6.17347e-05,-7.42358e-05,0,0.0153564,0.0233889
0,0.047451,6.95033e-05,-7.30153e-05,0,0.0165053,0.0260005
0,0.0548411,7.71593e-05,-7.16486e-05,0,0.0177457,0.0286987
0,0.0616009,8.39458e-05,-7.01207e-05,0,0.0190844,0.0313511
0,0.0669306,8.90206e-05,-6.84587e-05,0,0.0205289,0.0338056
0,0.0703529,9.18859e-05,-6.66961e-05,0,0.0220871,0.0359857
0,0.0713517,9.19972e-05,-6.48655e-05,0,0.0237678,0.0377981
0,0.0695715,8.89899e-05,-6.3026e-05,0,0.0255803,0.0391876
0,0.065073,8.29459e-05,-6.12356e-05,0,0.0275348,0.0401891
0,0.0576822,7.37008e-05,-5.95525e-05,0,0.0296422,0.0407754
0,0.0477144,6.16104e-05,-5.80508e-05,0,0.0319141,0.0410375
0,0.0356861,4.72441e-05,-5.67944e-05,0,0.0343633,0.0410997
0,0.0220738,3.11289e-05,-5.58208e-05,0,0.0370034,0.0410727
0,0.00732931,1.37645e-05,-5.5166e-05,0,0.039849,0.0410617
0,-0.00795279,-4.20049e-06,-5.4856e-05,0,0.042916,0.0411993
0,-0.0225524,-2.14077e-05,-5.48771e-05,0,0.0461843,0.04157
0,-0.0368389,-3.82742e-05,-5.52536e-05,0,0.0496608,0.0422927
0,-0.0495374,-5.34512e-05,-5.59601e-05,0,0.0533968,0.0435294
0,-0.0600007,-6.62426e-05,-5.69912e-05,0,0.0574102,0.0453142
0,-0.0674634,-7.58306e-05,-5.82712e-05,0,0.0616799,0.0477028
0.00570093,-0.0717568,-8.20314e-05,-5.97591e-05,0,0.0660549,0.0506242
0.0122163,-0.0730292,-8.50003e-05,-6.13842e-05,0,0.0703528,0.0539903
0.0187316,-0.0712684,-9.12155e-05,-6.30738e-05,0,0.0744999,0.0576009
0.025247,-0.064753,-0.00011676,-6.48795e-05,0,0.0784672,0.0614937
0.0317623,-0.0582377,-0.000114651,-6.70742e-05,0,0.0822363,0.0664739
0.0382777,-0.0446744,-9.96245e-05,-6.93767e-05,0,0.0857908,0.0722293
0.044793,-0.0273055,-8.06602e-05,-7.14444e-05,0,0.089114,0.0782484
-0.0464218,-0.0880905,-4.15018e-05,-7.31239e-05,0,-0.00554212,-0.0168547
-0.0399065,-0.106531,-6.06281e-05,-7.4091e-05,0,-0.00273631,-0.0200808
-0.0333911,-0.122532,-7.71884e-05,-7.52366e-05,0,-0.000219325,-0.0215017
-0.0268758,-0.100881,-5.39684e-05,-7.67225e-05,0,0.0019868,-0.0148557
-0.0203605,-0.0712692,-2.24447e-05,-7.78715e-05,0,0.00385903,-0.00778029
-0.0138451,-0.0440627,6.3888e-06,-7.84307e-05,0,0.00537482,-0.00172308
-0.00732976,-0.0202326,3.14932e-05,-7.84038e-05,0,0.00651843,0.00346046
-0.000814418,0.00190415,5.46367e-05,-7.78618e-05,0,0.00730588,0.00826612
0,0.0189261,7.21876e-05,-7.68154e-05,0,0.00788057,0.0119582
0,0.0294461,8.26845e-05,-7.54067e-05,0,0.0084165,0.0143636
0,0.0329746,8.56325e-05,-7.37793e-05,0,0.00897783,0.0154262
0,0.0322981,8.40022e-05,-7.2074e-05,0,0.00958364,0.0157913
0,0.0297485,8.02761e-05,-7.03907e-05,0,0.0102415,0.0159073
0,0.027386,7.6643e-05,-6.87722e-05,0,0.010956,0.0161744
0,0.0264241,7.43907e-05,-6.72266e-05,0,0.0117315,0.016811
0,0.0274754,7.41668e-05,-6.57309e-05,0,0.0125723,0.0179245
0,0.0304882,7.59128e-05,-6.42469e-05,0,0.013483,0.0194907
0,0.0358925,8.00778e-05,-6.27347e-05,0,0.0144687,0.0216127
0,0.0422548,8.51381e-05,-6.11457e-05,0,0.0155349,0.0239622
0,0.0495349,9.10458e-05,-5.9453e-05,0,0.0166873,0.026576
0,0.0567964,9.68059e-05,-5.76469e-05,0,0.0179322,0.0292517
0,0.0633228,0.000101659,-5.5728e-05,0,0.0192765,0.0318619
0,0.068363,0.000104812,-5.37046e-05,0,0.0207276,0.0342656
0,0.0712929,0.00010561,-5.16146e-05,0,0.0222936,0.0363521
0,0.0717556,0.000103673,-4.95052e-05,0,0.0239833,0.0380678
0,0.0694916,9.87361e-05,-4.7425e-05,0,0.025806,0.0393748
0,0.0643795,9.06885e-05,-4.5433e-05,0,0.0277719,0.0402646
0,0.0565923,7.97314e-05,-4.35911e-05,0,0.029892,0.0407931
0,0.0462668,6.60298e-05,-4.19581e-05,0,0.032178,0.0410018
0,0.0344409,5.07022e-05,-4.06032e-05,0,0.0346428,0.0411369
0,0.0201576,3.27569e-05,-3.95355e-05,0,0.0373,0.0409732
0,0.00497629,1.3866e-05,-3.88355e-05,0,0.0401645,0.0409045
0,-0.0112471,-6.10045e-06,-3.8511e-05,0,0.0432778,0.0409987
0,-0.0256886,-2.41013e-05,-3.85631e-05,0,0.0465981,0.0413657
0,-0.0397519,-4.16268e-05,-3.90001e-05,0,0.0500997,0.0421444
0,-0.0516784,-5.68309e-05,-3.97976e-05,0,0.0538549,0.0435485
0,-0.061233,-6.94573e-05,-4.09038e-05,0,0.0578853,0.0455031
0.000162175,-0.0681525,-7.92219e-05,-4.22614e-05,0,0.0621632,0.0479614
0.00664918,-0.0709156,-8.45137e-05,-4.38263e-05,0,0.066521,0.0511734
0.0131362,-0.0718244,-8.77698e-05,-4.54981e-05,0,0.0707779,0.0545354
0.0196232,-0.0703768,-8.96637e-05,-4.72421e-05,0,0.0748776,0.0581695
0.0261102,-0.0638898,-0.000108165,-4.90306e-05,0,0.0787951,0.062094
0.0325972,-0.0558327,-0.000100443,-5.10829e-05,0,0.0825132,0.0672974
0.0390842,-0.0408834,-8.54356e-05,-5.31265e-05,0,0.0860156,0.0731242
0.0455712,-0.0232711,-6.76401e-05,-5.48877e-05,0,0.0892857,0.0791082
-0.0452468,-0.0893908,-3.45869e-05,-5.6285e-05,0,-0.0049996,-0.0168887
-0.0387598,-0.109159,-5.64756e-05,-5.70594e-05,0,-0.00224948,-0.0203039
-0.0322728,-0.117695,-6.64373e-05,-5.81451e-05,0,0.000210331,-0.0200676
-0.0257858,-0.0924192,-4.06346e-05,-5.9449e-05,0,0.00235767,-0.0128715
-0.0192988,-0.0631966,-1.07284e-05,-6.03262e-05,0,0.00416949,-0.00603348
-0.0128118,-0.0373615,1.54983e-05,-6.06006e-05,0,0.00562361,-0.000312026
-0.00632483,-0.0134489,3.95847e-05,-6.03824e-05,0,0.0067062,0.00490217
0,0.00710919,6.00029e-05,-5.9675e-05,0,0.00744107,0.00933916
0,0.0230165,7.53718e-05,-5.8526e-05,0,0.00798886,0.0128244
0,0.0311538,8.24035e-05,-5.708e-05,0,0.00852149,0.0147304
0,0.0334405,8.31518e-05,-5.54566e-05,0,0.00908612,0.015587
0,0.0320255,7.99076e-05,-5.37954e-05,0,0.00969741,0.0158276
0,0.0293134,7.52267e-05,-5.21859e-05,0,0.0103618,0.0159348
0,0.0271062,7.10217e-05,-5.0665e-05,0,0.0110836,0.016249
0,0.0266038,6.85632e-05,-4.9234e-05,0,0.0118671,0.0169925
0,0.0278167,6.78595e-05,-4.78529e-05,0,0.0127167,0.0181383
0,0.0314914,6.96945e-05,-4.6494e-05,0,0.013637,0.0198583
0,0.0369097,7.33006e-05,-4.51047e-05,0,0.0146332,0.0219753
0,0.0435686,7.81376e-05,-4.36459e-05,0,0.0157107,0.0244024
0,0.0508226,8.35158e-05,-4.20952e-05,0,0.0168754,0.0270145
0,0.0582486,8.89823e-05,-4.04437e-05,0,0.0181337,0.0297412
0,0.064284,9.28817e-05,-3.86832e-05,0,0.0194925,0.0322512
0,0.0688431,9.51246e-05,-3.68353e-05,0,0.0209592,0.0345766
0,0.0712227,9.49713e-05,-3.49373e-05,0,0.0225422,0.0365702
0,0.0709378,9.19045e-05,-3.30375e-05,0,0.0242502,0.0381522
0,0.0682622,8.62252e-05,-3.11933e-05,0,0.0260927,0.0394079
0,0.0627432,7.747e-05,-2.94489e-05,0,0.02808,0.04024
0,0.0545852,6.58729e-05,-2.78776e-05,0,0.0302232,0.0407209
0,0.0440812,5.1763e-05,-2.6537e-05,0,0.0325343,0.0409264
0,0.031617,3.55681e-05,-2.54664e-05,0,0.0350261,0.0409527
0,0.0176557,1.77979e-05,-2.47227e-05,0,0.0377124,0.0409112
0,0.00280028,-8.91429e-07,-2.43223e-05,0,0.0406083,0.0409408
0,-0.0142041,-2.17972e-05,-2.42934e-05,0,0.0438066,0.0411463
0,-0.0301243,-4.15476e-05,-2.46562e-05,0,0.0473466,0.0416629
0,-0.0444437,-5.95298e-05,-2.54378e-05,0,0.0511727,0.0427009
0,-0.055798,-7.42912e-05,-2.65924e-05,0,0.0552794,0.0444837
0,-0.0643593,-8.60088e-05,-2.80413e-05,0,0.0596545,0.0468423
0.00283818,-0.0698164,-9.43498e-05,-2.97322e-05,0,0.0642073,0.0497552
0.00951624,-0.0718246,-9.89504e-05,-3.159e-05,0,0.0687578,0.0532212
0.0161943,-0.0723614,-0.000101903,-3.35529e-05,0,0.0731726,0.0567514
0.0228724,-0.0671276,-0.000122337,-3.55806e-05,0,0.0774072,0.0606809
0.0295504,-0.0604496,-0.000160081,-3.79558e-05,0,0.0814399,0.0646638
0.0362285,-0.0537715,-0.000154982,-4.09121e-05,0,0.0852536,0.0700858
0.0429066,-0.0394021,-0.000138262,-4.40449e-05,0,0.0888319,0.0759453
0.0495846,-0.0220397,-0.000118466,-4.69272e-05,0,0.0921575,0.0818975
-0.0439083,-0.0975735,-7.39507e-05,-4.96924e-05,0,-0.00495934,-0.0181679
-0.0372302,-0.121729,-9.91565e-05,-5.13322e-05,0,-0.00219663,-0.0229047
-0.0305522,-0.114373,-9.10255e-05,-5.32524e-05,0,0.000252957,-0.0190271
-0.0238741,-0.085195,-5.98776e-05,-5.51013e-05,0,0.0023665,-0.011457
-0.017196,-0.0572666,-3.01669e-05,-5.64079e-05,0,0.00412079,-0.00506664
-0.010518,-0.0329358,-4.39398e-06,-5.70707e-05,0,0.00549637,0.000325916
-0.00383989,-0.00926691,2.05355e-05,-5.72487e-05,0,0.00649358,0.00552958
0,0.0110548,4.17665e-05,-5.69253e-05,0,0.00719475,0.00994805
0,0.0257613,5.68931e-05,-5.6143e-05,0,0.00777149,0.0132098
0,0.0333157,6.43026e-05,-5.5043e-05,0,0.00834856,0.0150605
0,0.035016,6.53903e-05,-5.37829e-05,0,0.00896096,0.0158441
0,0.0335377,6.30042e-05,-5.24772e-05,0,0.0096204,0.0161289
0,0.0309345,5.93288e-05,-5.12076e-05,0,0.0103327,0.0163044
0,0.0291275,5.64034e-05,-5.00082e-05,0,0.0111023,0.0167475
0,0.0288053,5.49579e-05,-4.88699e-05,0,0.0119336,0.0175629
0,0.0308019,5.58725e-05,-4.77671e-05,0,0.0128314,0.0189227
0,0.0346522,5.86495e-05,-4.66528e-05,0,0.0138004,0.0207042
0,0.0403282,6.32533e-05,-4.54896e-05,0,0.0148462,0.0229196
0,0.0472781,6.90927e-05,-4.42406e-05,0,0.0159744,0.0254514
0,0.0546531,7.52636e-05,-4.28734e-05,0,0.0171911,0.0281308
0,0.0615565,8.08138e-05,-4.13804e-05,0,0.0185031,0.0307873
0,0.0673488,8.50666e-05,-3.97753e-05,0,0.0199176,0.0333101
0,0.0713953,8.73534e-05,-3.80888e-05,0,0.0214425,0.0355824
0,0.0732302,8.71819e-05,-3.63497e-05,0,0.0230862,0.0375264
0,0.0723616,8.40351e-05,-3.46058e-05,0,0.0248579,0.0390543
0,0.0687482,7.78836e-05,-3.2914e-05,0,0.0267676,0.0401819
0,0.0621136,6.84523e-05,-3.13379e-05,0,0.0288258,0.0408609
0,0.0528884,5.62161e-05,-2.99453e-05,0,0.0310441,0.0412104
0,0.0413996,4.15413e-05,-2.87965e-05,0,0.0334347,0.0413084
0,0.028069,2.48946e-05,-2.7929e-05,0,0.036011,0.0412583
0,0.0133237,6.74749e-06,-2.73728e-05,0,0.0387874,0.041162
0,-0.00231176,-1.23257e-05,-2.71744e-05,0,0.0417792,0.0411393
0,-0.0191234,-3.25904e-05,-2.73732e-05,0,0.0450478,0.0413514
0,-0.0347676,-5.15936e-05,-2.79541e-05,0,0.0486234,0.0419406
0,-0.0486874,-6.87113e-05,-2.89194e-05,0,0.0524803,0.0430569
0,-0.0599451,-8.29405e-05,-3.02594e-05,0,0.0566175,0.0448183
0,-0.0679797,-9.3682e-05,-3.18898e-05,0,0.0610125,0.0472262
0.00512598,-0.072705,-0.000100843,-3.37258e-05,0,0.0655255,0.0501943
0.0117402,-0.0745159,-0.00010484,-3.57176e-05,0,0.0699726,0.0535767
0.0183543,-0.0716457,-0.00012345,-3.78004e-05,0,0.0742669,0.0572019
0.0249685,-0.0650315,-0.000169846,-4.02229e-05,0,0.0783757,0.0609721
0.0315827,-0.0584173,-0.000203766,-4.33415e-05,0,0.08228,0.0656223
0.0381968,-0.0509263,-0.000191699,-4.72641e-05,0,0.0859634,0.071174
0.044811,-0.0354264,-0.00017132,-5.11524e-05,0,0.0894092,0.0770446
-0.0477874,-0.0892248,-0.000123185,-5.46501e-05,0,-0.00661275,-0.0176066
-0.0411732,-0.107415,-0.00013867,-5.72823e-05,0,-0.0036964,-0.0209263
-0.034559,-0.124559,-0.000202049,-6.00015e-05,0,-0.00107481,-0.0239015
-0.0279449,-0.108846,-0.000179284,-6.3884e-05,0,0.00123002,-0.0171049
-0.0213307,-0.080275,-0.000143189,-6.76291e-05,0,0.003195,-0.0100281
-0.0147165,-0.0518199,-0.000107529,-7.06192e-05,0,0.00479733,-0.00360491
-0.00810236,-0.0274171,-7.64782e-05,-7.28946e-05,0,0.00602041,0.00171582
-0.00148819,-0.00411481,-4.6926e-05,-7.45328e-05,0,0.00687709,0.00679756
0,0.0139531,-2.32538e-05,-7.55748e-05,0,0.00749877,0.010712
0,0.026412,-5.85861e-06,-7.61109e-05,0,0.00806072,0.0135379
0,0.0317588,3.68321e-06,-7.62715e-05,0,0.0086411,0.0149664
0,0.0319773,7.49542e-06,-7.62217e-05,0,0.00926276,0.0154917
0,0.029779,8.46923e-06,-7.60794e-05,0,0.00993427,0.0156705
0,0.0272316,8.80894e-06,-7.59134e-05,0,0.0106607,0.0158941
0,0.0258102,1.00855e-05,-7.57385e-05,0,0.0114463,0.0164393
0,0.0262049,1.30346e-05,-7.55412e-05,0,0.0122956,0.0174235
0,0.0289347,1.82067e-05,-7.52908e-05,0,0.0132132,0.0189486
0,0.0338162,2.54058e-05,-7.49396e-05,0,0.0142044,0.0209637
0,0.0402862,3.40335e-05,-7.44495e-05,0,0.0152745,0.0233532
0,0.047981,4.37019e-05,-7.37904e-05,0,0.0164293,0.026057
0,0.0552887,5.27057e-05,-7.29502e-05,0,0.0176753,0.02873
0,0.0622176,6.1056e-05,-7.19276e-05,0,0.0190191,0.0314265
0,0.0678073,6.77413e-05,-7.07357e-05,0,0.0204683,0.0339383
0,0.0714161,7.20902e-05,-6.93976e-05,0,0.022031,0.0361563
0,0.0725202,7.35545e-05,-6.7971e-05,0,0.0237158,0.0379903
0,0.0709162,7.19317e-05,-6.65036e-05,0,0.0255321,0.0394191
0,0.0665043,6.71345e-05,-6.50617e-05,0,0.0274901,0.0404378
0,0.0592238,5.91195e-05,-6.37022e-05,0,0.0296007,0.0410489
0,0.0493014,4.81488e-05,-6.24918e-05,0,0.0318757,0.0413204
0,0.037189,3.47242e-05,-6.14904e-05,0,0.0343277,0.0413646
0,0.0233761,1.93877e-05,-6.0749e-05,0,0.0369703,0.041297
0,0.00843432,2.76789e-06,-6.03229e-05,0,0.0398184,0.0412493
0,-0.00704838,-1.44935e-05,-6.02093e-05,0,0.0428876,0.0413492
0,-0.0221538,-3.13582e-05,-6.0456e-05,0,0.0461721,0.0416846
0,-0.0364631,-4.74117e-05,-6.10495e-05,0,0.0496829,0.0424491
0,-0.0491683,-6.17931e-05,-6.19415e-05,0,0.0534579,0.0437152
0,-0.0596023,-7.3784e-05,-6.31486e-05,0,0.0575111,0.0455324
0,-0.0672365,-8.28156e-05,-6.45943e-05,0,0.0618188,0.0479012
0.00603995,-0.0711089,-8.78642e-05,-6.62326e-05,0,0.0662224,0.0509361
0.0125696,-0.0722957,-9.00669e-05,-6.79722e-05,0,0.0705383,0.0543201
0.0190993,-0.0709007,-9.73572e-05,-6.9768e-05,0,0.0746993,0.0578172
0.025629,-0.064371,-0.000123584,-7.17006e-05,0,0.0786777,0.0617284
0.0321586,-0.0578414,-0.00012148,-7.40542e-05,0,0.0824558,0.0667334
0.0386883,-0.0444681,-0.000105909,-7.64933e-05,0,0.0860171,0.0724693
0.045218,-0.0271674,-8.63036e-05,-7.86815e-05,0,0.0893449,0.0784784
-0.0461974,-0.0885251,-4.75242e-05,-8.04566e-05,0,-0.00552372,-0.0169366
-0.0396678,-0.108323,-6.73948e-05,-8.15428e-05,0,-0.00271771,-0.0204616
-0.0331381,-0.12265,-8.15238e-05,-8.28212e-05,0,-0.000202873,-0.0214755
-0.0266084,-0.0999988,-5.66178e-05,-8.44022e-05,0,0.0019987,-0.0146601
-0.0200787,-0.0700347,-2.41264e-05,-8.55844e-05,0,0.0038639,-0.00754205
-0.0135491,-0.0431063,4.97799e-06,-8.61481e-05,0,0.00537021,-0.0015641
-0.0070194,-0.0195266,3.03561e-05,-8.61505e-05,0,0.00650226,0.00356704
-0.000489726,0.00324161,5.46777e-05,-8.56068e-05,0,0.0072779,0.0085214
0,0.0193521,7.175e-05,-8.45983e-05,0,0.00784791,0.0119947
0,0.0299205,8.27607e-05,-8.32231e-05,0,0.00838745,0.0144416
0,0.0333621,8.6055e-05,-8.16119e-05,0,0.00895442,0.0154887
0,0.0327723,8.49305e-05,-7.9904e-05,0,0.00956633,0.015881
0,0.0303558,8.17355e-05,-7.82031e-05,0,0.0102303,0.0160297
0,0.0281396,7.86245e-05,-7.65604e-05,0,0.0109509,0.0163313
0,0.0272981,7.68449e-05,-7.49817e-05,0,0.0117325,0.0169962
0,0.0284567,7.70583e-05,-7.34404e-05,0,0.0125793,0.0181357
0,0.0316874,7.93377e-05,-7.18997e-05,0,0.0134962,0.0197533
0,0.0414611,8.84002e-05,-7.03209e-05,0,0.0144881,0.0228547
0,0.049466,9.5441e-05,-6.85846e-05,0,0.0155605,0.0254551
0,0.0556637,0.000100422,-6.66934e-05,0,0.0167194,0.0277858
0,0.0609966,0.000104343,-6.46974e-05,0,0.0179709,0.0300655
0,0.0653841,0.000107123,-6.26242e-05,0,0.0193219,0.0322567
0,0.0684004,0.000108315,-6.04915e-05,0,0.0207801,0.0342734
0,0.069479,0.000107327,-5.83294e-05,0,0.0223534,0.0360086
0,0.0683555,0.000103877,-5.61804e-05,0,0.0240506,0.0374281
0,0.0648838,9.78239e-05,-5.40942e-05,0,0.0258814,0.0385166
0,0.0590582,8.9178e-05,-5.21226e-05,0,0.0278557,0.0392888
0,0.0509958,7.80817e-05,-5.03174e-05,0,0.0299847,0.0397846
0,0.0408859,6.47542e-05,-4.87281e-05,0,0.0322802,0.0400589
0,0.0290656,4.95726e-05,-4.74063e-05,0,0.0347549,0.0401997
0,0.0158901,3.29316e-05,-4.63617e-05,0,0.0374228,0.0402956
0,0.0017422,1.52559e-05,-4.56615e-05,0,0.0402985,0.0404395
0,-0.0131086,-3.15119e-06,-4.52945e-05,0,0.0434153,0.0407812
0,-0.0261058,-1.95109e-05,-4.53115e-05,0,0.0467201,0.0413824
0,-0.0385906,-3.52672e-05,-4.56608e-05,0,0.0501923,0.0424458
0,-0.0496554,-4.94755e-05,-4.63268e-05,0,0.053915,0.0439699
0,-0.0586223,-6.14109e-05,-4.72666e-05,0,0.0579122,0.046004
0.000161562,-0.0646546,-7.01821e-05,-4.8453e-05,0,0.0621573,0.0486178
0.00662403,-0.0682292,-7.62903e-05,-4.98216e-05,0,0.0664831,0.0515973
0.0130865,-0.069389,-7.97786e-05,-5.13321e-05,0,0.0707097,0.0549019
0.019549,-0.0676564,-8.01441e-05,-5.29207e-05,0,0.0747807,0.0586184
0.0260114,-0.0638519,-7.82589e-05,-5.45227e-05,0,0.0786714,0.0625322
0.0324739,-0.0534083,-6.93047e-05,-5.60945e-05,0,0.0823644,0.0676734
0.0389364,-0.0380845,-5.5164e-05,-5.75119e-05,0,0.0858435,0.0734992
0.0453989,-0.0212294,-3.93981e-05,-5.86647e-05,0,0.089092,0.0792866
-0.0450757,-0.0881108,-7.54225e-06,-5.9492e-05,0,-0.00484514,-0.0165609
-0.0386133,-0.106486,-2.91805e-05,-5.97066e-05,0,-0.00211303,-0.0196446
-0.0321508,-0.112884,-3.80752e-05,-6.02145e-05,0,0.00033059,-0.0189791
-0.0256883,-0.0900482,-1.60143e-05,-6.09448e-05,0,0.00246362,-0.0123998
-0.0192258,-0.0623011,1.12091e-05,-6.13203e-05,0,0.00426305,-0.00583159
-0.0127634,-0.0358996,3.69484e-05,-6.11505e-05,0,0.00570677,5.22772e-05
-0.00630091,-0.0121789,5.9777e-05,-6.04759e-05,0,0.00678095,0.00520236
0,0.00817701,7.8959e-05,-5.93375e-05,0,0.00750931,0.00959507
0,0.0235086,9.27305e-05,-5.78062e-05,0,0.00805184,0.012953
0,0.0314356,9.85861e-05,-5.5986e-05,0,0.0085798,0.0148245
0,0.0334036,9.8079e-05,-5.4029e-05,0,0.00914015,0.0156123
0,0.0319731,9.39355e-05,-5.20656e-05,0,0.0097475,0.0158554
0,0.0294218,8.8575e-05,-5.01724e-05,0,0.0104082,0.0159963
0,0.0274517,8.38028e-05,-4.83875e-05,0,0.0111266,0.0163565
0,0.0270738,8.06885e-05,-4.66995e-05,0,0.011907,0.0171189
0,0.028718,7.96822e-05,-4.50748e-05,0,0.0127537,0.0183557
0,0.0323681,8.07603e-05,-4.34777e-05,0,0.0136713,0.0200558
0,0.037773,8.36491e-05,-4.18662e-05,0,0.014665,0.0221687
0,0.044375,8.77497e-05,-4.02005e-05,0,0.0157402,0.0245816
0,0.0514806,9.23211e-05,-3.84557e-05,0,0.0169028,0.0271603
0,0.0584673,9.66994e-05,-3.66253e-05,0,0.018159,0.0297912
0,0.0646047,0.000100108,-3.47067e-05,0,0.0195159,0.032335
0,0.0690813,0.00010169,-3.27113e-05,0,0.020981,0.0346377
0,0.0712744,0.000100789,-3.06815e-05,0,0.0225623,0.0365906
0,0.070979,9.71824e-05,-2.86639e-05,0,0.0242689,0.0381744
0,0.06797,9.06437e-05,-2.67112e-05,0,0.02611,0.0393546
0,0.0622724,8.12145e-05,-2.48755e-05,0,0.0280961,0.0401551
0,0.0540039,6.90366e-05,-2.32276e-05,0,0.0302381,0.0406153
0,0.0434211,5.43991e-05,-2.18043e-05,0,0.0325481,0.0408054
0,0.0308756,3.76937e-05,-2.06797e-05,0,0.0350389,0.0408149
0,0.0169378,1.95425e-05,-1.98757e-05,0,0.0377243,0.0407802
0,0.00199221,3.69747e-07,-1.94213e-05,0,0.0406193,0.0407883
0,-0.0150367,-2.09249e-05,-1.93468e-05,0,0.0438131,0.0409725
0,-0.0307864,-4.08407e-05,-1.97227e-05,0,0.047344,0.0415188
0,-0.0445118,-5.85239e-05,-2.04897e-05,0,0.0511598,0.0426757
0,-0.0558614,-7.35938e-05,-2.16249e-05,0,0.0552558,0.0444334
0,-0.0643429,-8.55255e-05,-2.3044e-05,0,0.05962,0.0468006
0.00283377,-0.0698227,-9.41746e-05,-2.47127e-05,0,0.064162,0.0496972
0.00950147,-0.0721765,-9.94096e-05,-2.6566e-05,0,0.068702,0.053078
0.0161692,-0.072235,-0.000102111,-2.85437e-05,0,0.0731068,0.0567172
0.0228369,-0.0671631,-0.000123178,-3.05764e-05,0,0.077332,0.0605833
0.0295046,-0.0604954,-0.000156476,-3.29663e-05,0,0.0813557,0.064699
0.0361723,-0.0534642,-0.00014809,-3.58793e-05,0,0.0851611,0.0701575
0.04284,-0.0391572,-0.000132049,-3.88956e-05,0,0.0887318,0.0758926
0.0495077,-0.021326,-0.000112349,-4.15767e-05,0,0.0920503,0.0819465
-0.0438401,-0.0974426,-6.81202e-05,-4.42177e-05,0,-0.00491748,-0.0181217
-0.0371724,-0.121237,-9.35463e-05,-4.5708e-05,0,-0.00216059,-0.0227739
-0.0305047,-0.112796,-8.48451e-05,-4.75153e-05,0,0.00028385,-0.0186664
-0.023837,-0.0842909,-5.49637e-05,-4.92427e-05,0,0.00239295,-0.0112805
-0.0171693,-0.0565477,-2.59794e-05,-5.04466e-05,0,0.00414353,-0.00491482
-0.0105016,-0.0320268,-5.12489e-07,-5.10386e-05,0,0.00551614,0.000523996
-0.00383393,-0.00870206,2.3568e-05,-5.1138e-05,0,0.00651115,0.00564387
0,0.0122083,4.4958e-05,-5.07509e-05,0,0.00721072,0.0102031
0,0.0265445,5.92514e-05,-4.99373e-05,0,0.00778621,0.0133642
0,0.0338424,6.59703e-05,-4.87809e-05,0,0.00836219,0.015167
0,0.0352425,6.63429e-05,-4.74783e-05,0,0.00897359,0.0158897
0,0.0336059,6.3413e-05,-4.61527e-05,0,0.00963211,0.0161468
0,0.0310717,5.94544e-05,-4.48771e-05,0,0.0103435,0.0163416
0,0.029292,5.62208e-05,-4.36801e-05,0,0.0111124,0.0167883
0,0.0291727,5.46709e-05,-4.25476e-05,0,0.011943,0.0176478
0,0.0311294,5.52413e-05,-4.14511e-05,0,0.01284,0.0189925
0,0.035246,5.80147e-05,-4.03483e-05,0,0.0138084,0.0208344
0,0.0409957,6.24261e-05,-3.91949e-05,0,0.0148536,0.0230583
0,0.0479144,6.79777e-05,-3.79618e-05,0,0.0159812,0.0255806
0,0.0552713,7.38893e-05,-3.66134e-05,0,0.0171975,0.0282564
0,0.0621867,7.92267e-05,-3.51563e-05,0,0.0185091,0.0309158
0,0.0680638,8.33574e-05,-3.35904e-05,0,0.0199231,0.0334569
0,0.0720738,8.54067e-05,-3.19336e-05,0,0.0214476,0.0357183
0,0.0736771,8.4804e-05,-3.02296e-05,0,0.0230909,0.0376111
0,0.0727281,8.13985e-05,-2.8532e-05,0,0.0248623,0.0391273
0,0.0687768,7.47282e-05,-2.68904e-05,0,0.0267717,0.0401811
0,0.0619449,6.49388e-05,-2.53691e-05,0,0.0288296,0.0408252
0,0.052475,5.23057e-05,-2.40312e-05,0,0.0310475,0.0411252
0,0.0407373,3.72405e-05,-2.29409e-05,0,0.0334379,0.041174
0,0.0272796,2.03436e-05,-2.21584e-05,0,0.036014,0.0411022
0,0.0126604,2.22572e-06,-2.17093e-05,0,0.0387902,0.0410376
0,-0.00264449,-1.65914e-05,-2.16285e-05,0,0.0417818,0.0410853
0,-0.0191079,-3.65708e-05,-2.19227e-05,0,0.0450494,0.0413622
0,-0.034419,-5.52956e-05,-2.26142e-05,0,0.048623,0.0420143
0,-0.0479724,-7.20908e-05,-2.36827e-05,0,0.0524776,0.0432014
0,-0.0592853,-8.64366e-05,-2.50909e-05,0,0.0566125,0.044938
0,-0.0674945,-9.74136e-05,-2.67909e-05,0,0.0610051,0.0473063
0.00512427,-0.0719717,-0.000104355,-2.87172e-05,0,0.0655157,0.050333
0.0117362,-0.0737222,-0.000108327,-3.07835e-05,0,0.0699606,0.0537201
0.0183482,-0.0716518,-0.000122358,-3.29381e-05,0,0.0742527,0.0573159
0.0249601,-0.0650399,-0.00016499,-3.53362e-05,0,0.0783595,0.0610679
0.0315721,-0.0584279,-0.000194511,-3.84228e-05,0,0.0822619,0.0657397
0.0381841,-0.0502964,-0.000182522,-4.21802e-05,0,0.0859435,0.0712956
0.044796,-0.0352979,-0.000163402,-4.58846e-05,0,0.0893877,0.0770344
-0.0477714,-0.0888889,-0.000115082,-4.91909e-05,0,-0.00660254,-0.0175289
-0.0411594,-0.105733,-0.00012986,-5.15891e-05,0,-0.00368755,-0.0205524
-0.0345475,-0.124547,-0.000194021,-5.41568e-05,0,-0.00106718,-0.0238943
-0.0279355,-0.110206,-0.000173446,-5.79089e-05,0,0.00123659,-0.0174058
-0.0213236,-0.0809558,-0.000137343,-6.14601e-05,0,0.00320064,-0.0101385
-0.0147116,-0.0528313,-0.000102716,-6.42792e-05,0,0.00480221,-0.00380904
-0.00809965,-0.0279624,-7.18299e-05,-6.64028e-05,0,0.0060247,0.00162523
-0.00148769,-0.00466212,-4.29111e-05,-6.79011e-05,0,0.00688094,0.0066931
0,0.0131007,-2.01662e-05,-6.88172e-05,0,0.00750231,0.0105389
0,0.0255462,-3.36159e-06,-6.9266e-05,0,0.00806398,0.0133703
0,0.0306064,5.3296e-06,-6.93668e-05,0,0.00864412,0.0147346
0,0.0308867,8.68816e-06,-6.92776e-05,0,0.00926557,0.0152817
0,0.0287476,9.23215e-06,-6.91106e-05,0,0.00993687,0.0154719
0,0.0264031,9.31924e-06,-6.8927e-05,0,0.0106631,0.0157393
0,0.0251853,1.03678e-05,-6.87409e-05,0,0.0114485,0.0163242
0,0.0259061,1.32411e-05,-6.85367e-05,0,0.0122976,0.0173757
0,0.0286458,1.80245e-05,-6.82776e-05,0,0.0132152,0.0188936
0,0.0335762,2.48975e-05,-6.79267e-05,0,0.0142062,0.0209193
0,0.04012,3.32457e-05,-6.74425e-05,0,0.0152761,0.023324
0,0.0475461,4.22924e-05,-6.67943e-05,0,0.0164309,0.0259653
0,0.0550865,5.12237e-05,-6.59665e-05,0,0.0176767,0.028698
0,0.0619771,5.92323e-05,-6.49599e-05,0,0.0190204,0.0313793
0,0.0675202,6.55844e-05,-6.37913e-05,0,0.0204696,0.0338816
0,0.0711119,6.96484e-05,-6.24923e-05,0,0.0220321,0.0360971
0,0.0724527,7.11121e-05,-6.11075e-05,0,0.0237168,0.0379845
0,0.0708634,6.92689e-05,-5.96903e-05,0,0.0255331,0.03941
0,0.066307,6.40981e-05,-5.83003e-05,0,0.027491,0.0403958
0,0.0590944,5.5949e-05,-5.7008e-05,0,0.0296016,0.0410261
0,0.0494031,4.5031e-05,-5.58728e-05,0,0.0318765,0.0413475
0,0.037452,3.15981e-05,-5.49394e-05,0,0.0343284,0.0414213
0,0.0236832,1.61415e-05,-5.42671e-05,0,0.036971,0.041359
0,0.00873592,-6.3943e-07,-5.38979e-05,0,0.039819,0.0413087
0,-0.00681302,-1.81142e-05,-5.38604e-05,0,0.0428882,0.0413939
0,-0.0219473,-3.51429e-05,-5.4179e-05,0,0.0461738,0.0417302
0,-0.0363558,-5.14235e-05,-5.48478e-05,0,0.0496872,0.042476
0,-0.0488747,-6.57181e-05,-5.58437e-05,0,0.0534651,0.0437894
0,-0.0593715,-7.78755e-05,-5.71295e-05,0,0.0575214,0.04559
0,-0.0668249,-8.68061e-05,-5.86627e-05,0,0.0618322,0.0480037
0.00604284,-0.070981,-9.22359e-05,-6.03809e-05,0,0.066239,0.0509724
0.0125756,-0.0722513,-9.45982e-05,-6.22148e-05,0,0.0705579,0.0543481
0.0191084,-0.0708916,-9.79732e-05,-6.4102e-05,0,0.0747217,0.0579546
0.0256412,-0.0643588,-0.000123779,-6.60547e-05,0,0.0787028,0.0617762
0.032174,-0.057826,-0.000122459,-6.84271e-05,0,0.0824834,0.0667505
0.0387068,-0.0438821,-0.000106534,-7.08815e-05,0,0.086047,0.07263
0.0452396,-0.0264713,-8.70484e-05,-7.30839e-05,0,0.089377,0.0786493
-0.0462195,-0.0877389,-4.81241e-05,-7.48638e-05,0,-0.00553644,-0.016787
-0.0396867,-0.107688,-6.83818e-05,-7.59041e-05,0,-0.00272865,-0.0203486
-0.0331539,-0.123154,-8.48448e-05,-7.72211e-05,0,-0.00021221,-0.0216384
-0.0266211,-0.100255,-5.98226e-05,-7.88851e-05,0,0.00199076,-0.0147087
-0.0200883,-0.0700483,-2.72073e-05,-8.01816e-05,0,0.00385714,-0.00754254
-0.0135555,-0.0428295,2.07981e-06,-8.0791e-05,0,0.00536441,-0.00150577
-0.00702275,-0.0192364,2.73541e-05,-8.0808e-05,0,0.0064972,0.00362056
-0.00048996,0.00300041,5.10048e-05,-8.03115e-05,0,0.00727336,0.00845566
0,0.0196409,6.85363e-05,-7.93387e-05,0,0.00784374,0.0120631
