0.0104364,-0.0244367,-3.70159e-05,0,0,0.0104325,-0.00273232
0.0104364,-0.0241845,-3.65752e-05,-3.70159e-07,0,0.0104236,-0.00210523
0.0104364,-0.0236079,-3.57711e-05,-1.10387e-06,0,0.0104134,-0.00188711
0.0104364,-0.0227005,-3.4599e-05,-1.82331e-06,0,0.0104026,-0.00154215
0.0104364,-0.0227083,-3.43846e-05,-2.52115e-06,0,0.0103917,-0.00156808
0.0104364,-0.0227714,-3.42116e-05,-3.20992e-06,0,0.0103804,-0.00160244
0.0104364,-0.0218358,-3.29612e-05,-3.89501e-06,0,0.0103689,-0.00123763
0.0104364,-0.0200467,-3.07933e-05,-4.56049e-06,0,0.0103569,-0.000547826
0.0104364,-0.018397,-2.8767e-05,-5.18719e-06,0,0.0103446,7.27281e-05
0.0104364,-0.0157849,-2.57138e-05,-5.77266e-06,0,0.0103317,0.00107905
0.0104364,-0.0137266,-2.32493e-05,-6.30221e-06,0,0.0103183,0.00184886
0.0104364,-0.0112211,-2.03101e-05,-6.77951e-06,0,0.0103042,0.00280497
0.0104364,-0.00841539,-1.70558e-05,-7.20041e-06,0,0.0102894,0.00387333
0.0104364,-0.00531223,-1.34928e-05,-7.5578e-06,0,0.0102738,0.00505496
0.0104364,-0.00174677,-9.4493e-06,-7.84547e-06,0,0.0102573,0.00641566
0.0104364,0.00181524,-5.42389e-06,-8.05467e-06,0,0.0102398,0.00776685
0.0104364,0.00630025,-4.35099e-07,-8.18328e-06,0,0.0102212,0.00948549
0.0104364,0.0100289,3.72761e-06,-8.21693e-06,0,0.0102014,0.0108867
0.0104364,0.0146836,8.8516e-06,-8.16319e-06,0,0.0101803,0.0126679
0.0104364,0.0189014,1.34834e-05,-8.01177e-06,0,0.0101578,0.014259
0.0104364,0.022643,1.75812e-05,-7.76527e-06,0,0.0101338,0.015665
0.0104364,0.0264609,2.17316e-05,-7.43413e-06,0,0.0101081,0.0171069
0.0104364,0.0298531,2.53999e-05,-7.02025e-06,0,0.0100805,0.0183757
0.0104364,0.032362,2.81004e-05,-6.53059e-06,0,0.010051,0.0192962
0.0104364,0.0347272,3.06216e-05,-5.98209e-06,0,0.0100194,0.0201705
0.0104364,0.0356809,3.16172e-05,-5.38226e-06,0,0.00998544,0.0204808
0.0104364,0.0362959,3.22324e-05,-4.7549e-06,0,0.00994898,0.0206746
0.0104364,0.0366509,3.25528e-05,-4.11332e-06,0,0.00990983,0.0207667
0.0104364,0.0364107,3.22239e-05,-3.46387e-06,0,0.00986776,0.0206217
0.0104364,0.0362133,3.19265e-05,-2.81775e-06,0,0.00982254,0.0204993
0.0104364,0.0352212,3.07723e-05,-2.17773e-06,0,0.00977391,0.0200549
0.0104364,0.0340532,2.94225e-05,-1.55651e-06,0,0.0097216,0.0195481
0.0104364,0.0321617,2.72981e-05,-9.61315e-07,0,0.00966533,0.0187505
0.0104364,0.0307407,2.56715e-05,-4.04731e-07,0,0.00960478,0.0181469
0.0104364,0.0290238,2.37282e-05,1.16832e-07,0,0.00953962,0.0174127
0.0104364,0.0269126,2.13666e-05,6.01113e-07,0,0.00946947,0.0165201
0.0104364,0.0252093,1.94417e-05,1.04025e-06,0,0.00939397,0.0157907
0.0104364,0.0231046,1.70937e-05,1.43871e-06,0,0.00931267,0.0148887
0.0104364,0.0207058,1.444e-05,1.79233e-06,0,0.00922514,0.0138694
0.0104364,0.0192161,1.27607e-05,2.09439e-06,0,0.00913088,0.0132115
0.0104364,0.0179047,1.12771e-05,2.358e-06,0,0.00902937,0.0126048
0.0104364,0.0175657,1.08326e-05,2.59096e-06,0,0.00892005,0.0123777
0.0104364,0.0171717,1.03322e-05,2.80984e-06,0,0.00880231,0.012108
0.0104364,0.0168833,9.94709e-06,3.01898e-06,0,0.00867549,0.0118762
0.0104364,0.0168657,9.85241e-06,3.21985e-06,0,0.00853889,0.0117462
0.0104364,0.016287,9.16384e-06,3.41737e-06,0,0.00839177,0.011384
0.0104364,0.0154628,8.21895e-06,3.60409e-06,0,0.00823331,0.010929
0.0104364,0.0149838,7.64664e-06,3.7732e-06,0,0.00806277,0.0106133
0.0104364,0.0145298,7.10539e-06,3.92899e-06,0,0.0078796,0.0103006
0.0104364,0.014756,7.29115e-06,4.0738e-06,0,0.00768436,0.0102582
0.0102329,0.0153001,7.81578e-06,4.2187e-06,0,0.00748202,0.0103322
0.0100241,0.0158382,8.33383e-06,4.37239e-06,0,0.00727812,0.0103993
0.0098154,0.0164902,8.97213e-06,4.53648e-06,0,0.00707423,0.0105124
0.00960667,0.0166448,9.08068e-06,4.71273e-06,0,0.00687078,0.0104256
0.00939795,0.0163459,8.70812e-06,4.8938e-06,0,0.00666791,0.010166
0.00918922,0.0160825,8.37545e-06,5.06982e-06,0,0.00646567,0.00992803
0.00898049,0.0158073,8.03255e-06,5.239e-06,0,0.00626411,0.00968546
0.00877176,0.0154571,7.61231e-06,5.40136e-06,0,0.00606327,0.00941378
0.00856304,0.0153158,7.4166e-06,5.55571e-06,0,0.00586319,0.00922737
0.00835431,0.0153729,7.43338e-06,5.70502e-06,0,0.00566392,0.00911774
0.00814558,0.0149914,6.98538e-06,5.8536e-06,0,0.00546551,0.00883079
0.00793685,0.014919,6.86818e-06,5.99555e-06,0,0.00526803,0.00867479
0.00772813,0.0144859,6.36956e-06,6.1335e-06,0,0.00507152,0.00837103
0.0075194,0.0142064,6.03695e-06,6.26339e-06,0,0.00487606,0.00813507
0.00731067,0.0139167,5.69596e-06,6.38579e-06,0,0.00468172,0.00789378
0.00710195,0.013584,5.31188e-06,6.50141e-06,0,0.00448859,0.00763667
0.00689322,0.0133075,4.99021e-06,6.60957e-06,0,0.00429674,0.00740392
0.00668449,0.0128338,4.46155e-06,6.71098e-06,0,0.00410627,0.00709289
0.00647576,0.0120272,3.58308e-06,6.80286e-06,0,0.00391728,0.0066535
0.00626704,0.0116039,3.11662e-06,6.87891e-06,0,0.00372989,0.0063738
0.00605831,0.0108818,2.33667e-06,6.94357e-06,0,0.0035442,0.00597073
0.00584958,0.0103591,1.77342e-06,6.99421e-06,0,0.00336036,0.00565369
0.00564085,0.00978005,1.15485e-06,7.03249e-06,0,0.00317848,0.00531323
0.00543213,0.00932904,6.76944e-07,7.05868e-06,0,0.00299873,0.00502701
0.0052234,0.00922816,5.75025e-07,7.07461e-06,0,0.00282127,0.0048811
0.00501467,0.00903422,3.769e-07,7.08662e-06,0,0.00264626,0.00469537
0.00480595,0.00928042,6.48945e-07,7.09515e-06,0,0.0024739,0.00468975
0.00459722,0.00934947,7.33563e-07,7.10677e-06,0,0.00230439,0.00460988
0.00438849,0.00864871,2.03468e-09,7.12102e-06,0,0.00213794,0.00422884
0.00417976,0.00804692,-6.19774e-07,7.12471e-06,0,0.0019748,0.0039029
0.00397104,0.00656145,-2.17543e-06,7.11543e-06,0,0.0018152,0.00322672
0.00376231,0.00629284,-2.43036e-06,7.0797e-06,0,0.00165943,0.00305437
0.00355358,0.0058779,-2.8372e-06,7.03237e-06,0,0.00150778,0.00280971
0.00334485,0.00621505,-2.44145e-06,6.97766e-06,0,0.00136056,0.00287267
0.00313613,0.00620825,-2.41047e-06,6.92685e-06,0,0.00121813,0.00279216
0.0029274,0.00613581,-2.44751e-06,6.87848e-06,0,0.00108084,0.00269637
0.00271867,0.00592135,-2.6336e-06,6.82972e-06,0,0.000949093,0.0025508
0.00250995,0.00574636,-2.77552e-06,6.77798e-06,0,0.000823318,0.00242929
0.00230122,0.00522161,-3.2868e-06,6.72318e-06,0,0.000703975,0.00217378
0.00209249,0.00463836,-3.85662e-06,6.66e-06,0,0.000591561,0.00190659
0.00188376,0.00364286,-4.86016e-06,6.58571e-06,0,0.000486611,0.00148197
0.00167504,0.00280849,-5.68656e-06,6.49353e-06,0,0.000389703,0.00113413
0.00146631,0.003052,-5.36292e-06,6.38393e-06,0,0.000301458,0.00122008
0.00125758,0.00362321,-4.69066e-06,6.27505e-06,0,0.000222545,0.00142583
0.00104885,0.00363381,-4.61484e-06,6.17788e-06,0,0.000153684,0.00140766
0.000840127,0.00288695,-5.34221e-06,6.0852e-06,0,9.56456e-05,0.00109993
0.0006314,0.0020377,-6.17374e-06,5.98199e-06,0,4.92401e-05,0.000766506
0.000422673,0.00137453,-6.80239e-06,5.86268e-06,0,1.52614e-05,0.000511715
0.000213945,0.000797873,-7.3344e-06,5.72977e-06,0,-5.73325e-06,0.000290593
5.21818e-06,-3.04372e-05,-8.129e-06,5.58574e-06,0,-1.42838e-05,-3.11048e-05
0,-0.00129723,-9.38313e-06,5.42714e-06,0,-1.53266e-05,-0.000523481
0,-0.00212881,-1.01667e-05,5.24575e-06,0,-1.43695e-05,-0.000835236
0,-0.00203665,-9.96266e-06,5.04633e-06,0,-1.29525e-05,-0.00078482
0,-0.00198575,-9.7997e-06,4.84606e-06,0,-1.1472e-05,-0.000765044
0,-0.00244037,-1.01708e-05,4.64925e-06,0,-1.00251e-05,-0.0009465
0,-0.00318804,-1.0848e-05,4.44769e-06,0,-8.63094e-06,-0.00123724
0,-0.00452952,-1.21493e-05,4.23411e-06,0,-7.28846e-06,-0.0017606
0,-0.00827828,-1.59968e-05,3.99763e-06,0,-5.99168e-06,-0.00323606
0,-0.0093951,-1.70281e-05,3.69694e-06,0,-4.73348e-06,-0.00362375
0,-0.00861563,-1.60353e-05,3.36153e-06,0,-3.50664e-06,-0.00329459
0,-0.00772465,-1.49222e-05,3.03586e-06,0,-2.30401e-06,-0.00294995
0,-0.00556783,-1.24643e-05,2.73185e-06,0,-1.11862e-06,-0.00210157
0,-0.00338454,-9.98465e-06,2.47027e-06,0,5.64324e-08,-0.00126199
0,-0.00175697,-8.10277e-06,2.25818e-06,0,1.22795e-06,-0.000644678
0,0.000715316,-5.33056e-06,2.08672e-06,0,2.4027e-06,0.000318469
0,0.00290418,-2.87092e-06,1.96625e-06,0,3.58746e-06,0.00115555
0,0.00551334,2.31863e-08,1.89653e-06,0,4.78904e-06,0.00216484
0,0.00656806,1.2519e-06,1.88252e-06,0,6.01432e-06,0.00254708
0,0.00522303,-7.61329e-08,1.90142e-06,0,7.27026e-06,0.00199501
0,0.00340491,-1.90425e-06,1.90653e-06,0,8.56392e-06,0.00129087
0,0.00141589,-3.90849e-06,1.87759e-06,0,9.90256e-06,0.000525817
0,-0.000867672,-6.21824e-06,1.80944e-06,0,1.12938e-05,-0.000354139
0,-0.00343851,-8.82325e-06,1.69663e-06,0,1.27454e-05,-0.00134421
0,-0.00786286,-1.33837e-05,1.53319e-06,0,1.42658e-05,-0.00306986
0,-0.0124979,-1.81453e-05,1.28831e-06,0,1.58636e-05,-0.00485117
0,-0.0180785,-2.38845e-05,9.49215e-07,0,1.75477e-05,-0.00700666
0,-0.0228247,-2.87051e-05,5.0022e-07,0,1.93277e-05,-0.00881447
0,-0.0260045,-3.18309e-05,-4.97793e-08,0,2.12136e-05,-0.0100095
0,-0.0293215,-3.50763e-05,-6.70769e-07,0,2.3216e-05,-0.0112833
0,-0.0322848,-3.79179e-05,-1.35607e-06,0,2.53462e-05,-0.0124136
0,-0.0346853,-4.01344e-05,-2.10022e-06,0,2.76161e-05,-0.0133246
0,-0.0369744,-4.22069e-05,-2.89182e-06,0,3.00384e-05,-0.0141997
0,-0.0397413,-4.47607e-05,-3.7256e-06,0,3.26266e-05,-0.0152673
0,-0.0425427,-4.73223e-05,-4.60804e-06,0,3.53946e-05,-0.0163413
0,-0.0441984,-4.8638e-05,-5.54168e-06,0,3.83563e-05,-0.0169575
0,-0.0466349,-5.07579e-05,-6.50786e-06,0,4.15213e-05,-0.017903
0,-0.0463537,-4.99636e-05,-7.51242e-06,0,4.48816e-05,-0.0177515
2.59001e-06,-0.0440213,-4.69758e-05,-8.51566e-06,0,4.83572e-05,-0.0168228
8.04265e-06,-0.0447313,-4.72133e-05,-9.47012e-06,0,5.18003e-05,-0.0171404
1.34953e-05,-0.04637,-4.84192e-05,-1.04132e-05,0,5.51061e-05,-0.0177825
1.89479e-05,-0.0445763,-4.59596e-05,-1.13756e-05,0,5.82383e-05,-0.0170399
2.44006e-05,-0.0380797,-3.85019e-05,-1.2307e-05,0,6.11776e-05,-0.0144724
2.98532e-05,-0.0285017,-2.77925e-05,-1.31144e-05,0,6.39085e-05,-0.0107466
3.53059e-05,-0.0184839,-1.66552e-05,-1.37238e-05,0,6.64153e-05,-0.00689272
4.07585e-05,-0.0181009,-1.57943e-05,-1.41126e-05,0,6.86817e-05,-0.00689272
0,-0.0371632,-3.51788e-05,-1.44457e-05,0,3.88086e-06,-0.0145535
0,-0.0404787,-3.81614e-05,-1.54436e-05,0,3.68739e-06,-0.0155915
0,-0.0422896,-3.95367e-05,-1.58484e-05,0,3.44325e-06,-0.0162639
0,-0.0448611,-4.17065e-05,-1.65532e-05,0,3.19986e-06,-0.017263
0,-0.0442221,-4.04478e-05,-1.73765e-05,0,2.96967e-06,-0.0169686
0,-0.0386619,-3.39591e-05,-1.81918e-05,0,2.755e-06,-0.0147584
0,-0.0327306,-2.70962e-05,-1.89034e-05,0,2.55559e-06,-0.0124753
0,-0.0333281,-2.71903e-05,-1.94796e-05,0,2.37054e-06,-0.0128049
0,-0.0288177,-2.18587e-05,-2.0023e-05,0,2.19888e-06,-0.0109949
0,-0.0258074,-1.8142e-05,-2.04868e-05,0,2.03965e-06,-0.0098621
0,-0.0249555,-1.67346e-05,-2.08682e-05,0,1.89196e-06,-0.00956813
0,-0.0213529,-1.2416e-05,-2.12099e-05,0,1.75497e-06,-0.00814278
0,-0.016817,-7.12959e-06,-2.14799e-05,0,1.6279e-06,-0.00638687
0,-0.0126148,-2.22739e-06,-2.16489e-05,0,1.51003e-06,-0.00477854
0,-0.00779983,3.29458e-06,-2.17179e-05,0,1.40071e-06,-0.00292043
0,-0.0029539,8.81345e-06,-2.16797e-05,0,1.2993e-06,-0.00105934
0,0.00087913,1.32183e-05,-2.1531e-05,0,1.20524e-06,0.000396858
0,0.00300815,1.57779e-05,-2.12886e-05,0,1.118e-06,0.00118818
0,0.00349896,1.65686e-05,-2.09859e-05,0,1.03707e-06,0.0013515
0,0.00416898,1.75273e-05,-2.06585e-05,0,9.62e-07,0.00161148
0,0.00377348,1.73317e-05,-2.03127e-05,0,8.92369e-07,0.00144326
0,0.00332938,1.70669e-05,-1.99651e-05,0,8.27782e-07,0.00127197
0,0.00174886,1.55789e-05,-1.96224e-05,0,7.67871e-07,0.000647664
0,-0.00216884,1.15991e-05,-1.93034e-05,0,7.12299e-07,-0.000892434
0,-0.0055446,8.19702e-06,-1.90515e-05,0,6.60751e-07,-0.00218034
0,-0.00878388,4.94214e-06,-1.88706e-05,0,6.12935e-07,-0.00342204
0,-0.0123401,1.35461e-06,-1.87555e-05,0,5.68581e-07,-0.00479239
0,-0.0149325,-1.20219e-06,-1.87104e-05,0,5.27439e-07,-0.00577305
0,-0.0175506,-3.7813e-06,-1.87217e-05,0,4.89275e-07,-0.00677872
0,-0.0189816,-5.09343e-06,-1.87844e-05,0,4.53874e-07,-0.00731001
0,-0.0196828,-5.62834e-06,-1.88797e-05,0,4.21036e-07,-0.00756808
0,-0.0210985,-6.92218e-06,-1.89896e-05,0,3.90576e-07,-0.00812261
0,-0.022981,-8.70815e-06,-1.91216e-05,0,3.6232e-07,-0.00885259
0,-0.023979,-9.54854e-06,-1.92868e-05,0,3.36109e-07,-0.00922224
0,-0.0260485,-1.15234e-05,-1.94736e-05,0,3.11795e-07,-0.0100333
0,-0.0284552,-1.38473e-05,-1.96942e-05,0,2.89242e-07,-0.0109625
0,-0.030451,-1.57236e-05,-1.99595e-05,0,2.6832e-07,-0.0117226
0,-0.0297665,-1.47433e-05,-2.02646e-05,0,2.48913e-07,-0.0114187
0,-0.0311807,-1.59927e-05,-2.05644e-05,0,2.3091e-07,-0.0119939
0,-0.0324262,-1.70549e-05,-2.0878e-05,0,2.1421e-07,-0.0124695
0,-0.0315576,-1.58646e-05,-2.12138e-05,0,1.98719e-07,-0.0121036
0,-0.0226425,-6.13326e-06,-2.1537e-05,0,1.84348e-07,-0.00855729
0,-0.0109143,6.54293e-06,-2.17083e-05,0,1.71017e-07,-0.00401098
0,3.31226e-05,1.83297e-05,-2.16409e-05,0,1.58651e-07,0.000180512
0,0.000453163,1.88763e-05,-2.13332e-05,0,1.47179e-07,0.000180512
0.000727818,-0.0117493,4.69482e-06,-2.09666e-05,0,0.00161794,-0.0039787
0.000540983,-0.0170892,-8.22162e-07,-2.07412e-05,0,0.00149711,-0.00595687
0.000474058,-0.020327,-4.08848e-06,-2.07234e-05,0,0.00136947,-0.00722565
0.000393189,-0.022603,-6.32277e-06,-2.07664e-05,0,0.00124906,-0.00813643
0.000281646,-0.0211925,-4.63449e-06,-2.08817e-05,0,0.00113995,-0.00758285
0.000170103,-0.0175019,-5.33621e-07,-2.09828e-05,0,0.0010435,-0.00617107
5.856e-05,-0.0134655,3.91418e-06,-2.1014e-05,0,0.000959675,-0.00465247
0,-0.0137453,3.75566e-06,-2.09579e-05,0,0.000886687,-0.0048594
0,-0.0108952,6.91468e-06,-2.0882e-05,0,0.000821347,-0.00374795
0,-0.0067718,1.14054e-05,-2.07595e-05,0,0.000761374,-0.0021737
0,-0.00379194,1.46541e-05,-2.05539e-05,0,0.000705926,-0.00107348
0,0.00131644,2.01382e-05,-2.0277e-05,0,0.000654556,0.000896073
0,0.00475943,2.38178e-05,-1.99017e-05,0,0.000606935,0.00216983
0,0.00875106,2.80493e-05,-1.94437e-05,0,0.000562783,0.00368983
0,0.0101299,2.94721e-05,-1.89039e-05,0,0.000521845,0.0041597
0,0.010672,2.99826e-05,-1.83216e-05,0,0.000483886,0.0043369
0,0.0100024,2.91869e-05,-1.77245e-05,0,0.00044869,0.00404447
0,0.00688436,2.57779e-05,-1.71368e-05,0,0.000416055,0.00279415
0,0.00381852,2.24236e-05,-1.66042e-05,0,0.000385794,0.00160333
0,7.65243e-05,1.83525e-05,-1.61389e-05,0,0.000357735,0.000142784
0,-0.00253681,1.54865e-05,-1.57515e-05,0,0.000331718,-0.000855773
0,-0.00491287,1.28762e-05,-1.54275e-05,0,0.000307594,-0.00177598
0,-0.00551166,1.21571e-05,-1.51569e-05,0,0.000285225,-0.00198934
0,-0.00752779,9.93053e-06,-1.49101e-05,0,0.000264484,-0.00279507
0,-0.00937455,7.88858e-06,-1.47004e-05,0,0.000245251,-0.00351075
0,-0.0110712,6.0113e-06,-1.45324e-05,0,0.000227418,-0.00416841
0,-0.0131474,3.73671e-06,-1.44028e-05,0,0.000210882,-0.00497932
0,-0.0159832,6.64346e-07,-1.43167e-05,0,0.000195548,-0.00608711
0,-0.0182876,-1.83032e-06,-1.42881e-05,0,0.000181331,-0.00697057
0,-0.0199335,-3.6133e-06,-1.43122e-05,0,0.000168147,-0.00759875
0,-0.0218224,-5.64361e-06,-1.43755e-05,0,0.000155922,-0.00833356
0,-0.0238082,-7.76431e-06,-1.44783e-05,0,0.000144587,-0.00910296
0,-0.0241631,-8.09425e-06,-1.46229e-05,0,8.56021e-05,-0.00972436
0,-0.025502,-9.46146e-06,-1.47832e-05,0,-3.51974e-05,-0.0103415
0,-0.0278437,-1.18812e-05,-1.49656e-05,0,-0.000172348,-0.0113417
0,-0.0296846,-1.3752e-05,-1.51911e-05,0,-0.00031439,-0.0121229
0,-0.0309034,-1.49465e-05,-1.54568e-05,0,-0.000458345,-0.0126589
-5.86763e-05,-0.0297509,-1.36099e-05,-1.57497e-05,0,-0.000601849,-0.0122526
-0.000196738,-0.025232,-8.6972e-06,-1.60286e-05,0,-0.000741272,-0.0105329
-0.0003348,-0.023362,-6.61234e-06,-1.62271e-05,0,-0.00087407,-0.00991684
-0.000472862,-0.0243068,-7.52126e-06,-1.63698e-05,0,-0.00099955,-0.0103783
-0.000610924,-0.0216753,-4.62651e-06,-1.65157e-05,0,-0.00111747,-0.00936307
-0.000748986,-0.0169562,4.74495e-07,-1.66227e-05,0,-0.00122769,-0.00756344
-0.000887048,-0.013131,4.60422e-06,-1.66387e-05,0,-0.00133004,-0.00614732
-0.00102511,-0.0107183,7.21381e-06,-1.65673e-05,0,-0.00142433,-0.00527627
0.000907757,-0.0309551,-1.39517e-05,-1.64752e-05,0,0.000560617,-0.0119837
0.00071447,-0.0304033,-1.33111e-05,-1.6773e-05,0,0.000483757,-0.0114777
0.000631633,-0.0298247,-1.26401e-05,-1.69363e-05,0,0.000415929,-0.0112799
0.000493571,-0.0302309,-1.301e-05,-1.71925e-05,0,0.000356831,-0.0114677
0.000355509,-0.0292986,-1.19502e-05,-1.74508e-05,0,0.000307273,-0.0111031
0.000217448,-0.0260746,-8.45528e-06,-1.76919e-05,0,0.000267693,-0.00984158
7.93856e-05,-0.0240574,-6.25139e-06,-1.78785e-05,0,0.000238049,-0.00909518
0,-0.0278339,-1.02047e-05,-1.80146e-05,0,0.000216603,-0.0106424
0,-0.0273602,-9.62477e-06,-1.81989e-05,0,0.000199781,-0.0104029
0,-0.0269127,-9.07052e-06,-1.83946e-05,0,0.000184984,-0.0102384
0,-0.0256694,-7.66955e-06,-1.85788e-05,0,0.000171473,-0.00975526
0,-0.0194754,-1.01504e-06,-1.87391e-05,0,0.000158999,-0.00730708
0,-0.0130823,5.82334e-06,-1.87927e-05,0,0.000147446,-0.00485483
0,-0.0070082,1.22911e-05,-1.87104e-05,0,0.000136736,-0.00253257
0,-0.00222316,1.73563e-05,-1.8497e-05,0,0.000126805,-0.000719761
0,0.00030776,1.99974e-05,-1.81752e-05,0,0.000117596,0.0002131
0,0.001289,2.09708e-05,-1.77884e-05,0,0.000109056,0.000562046
0,0.000964607,2.05422e-05,-1.73739e-05,0,0.000101136,0.000413707
0,-0.000496451,1.88972e-05,-1.69609e-05,0,9.37925e-05,-0.00016821
0,-0.000729293,1.85527e-05,-1.65747e-05,0,8.6982e-05,-0.000242049
0,-0.00133942,1.77994e-05,-1.62019e-05,0,8.06663e-05,-0.000485113
0,-0.000385723,1.87006e-05,-1.58422e-05,0,7.48093e-05,-9.77639e-05
0,0.000539278,1.95585e-05,-1.54727e-05,0,6.93779e-05,0.000254373
0,-0.00108708,1.76948e-05,-1.50858e-05,0,6.43409e-05,-0.000411586
0,-0.00350097,1.49945e-05,-1.47226e-05,0,5.96699e-05,-0.00135273
0,-0.00714855,1.0989e-05,-1.44092e-05,0,5.53381e-05,-0.00277425
0,-0.0090512,8.84818e-06,-1.41694e-05,0,5.13209e-05,-0.00347999
0,-0.0108525,6.82099e-06,-1.39817e-05,0,4.75955e-05,-0.00417187
0,-0.0114528,6.07573e-06,-1.38352e-05,0,4.41406e-05,-0.0043856
0,-0.00939032,8.15956e-06,-1.37099e-05,0,4.09366e-05,-0.00355441
0,-0.00852457,8.96237e-06,-1.35572e-05,0,3.79654e-05,-0.00324175
0,-0.0081745,9.212e-06,-1.33819e-05,0,3.52098e-05,-0.00311655
0,-0.00910354,8.12321e-06,-1.31989e-05,0,7.80935e-06,-0.00375297
0,-0.0119081,5.04607e-06,-1.3031e-05,0,-5.14804e-05,-0.00490237
0,-0.0161446,4.6113e-07,-1.29147e-05,0,-0.000119342,-0.00659377
0,-0.0211501,-4.91917e-06,-1.28826e-05,0,-0.000189888,-0.00856849
0,-0.0237653,-7.7345e-06,-1.2954e-05,0,-0.000261579,-0.00957476
-3.00744e-05,-0.0240353,-8.04177e-06,-1.30947e-05,0,-0.000333192,-0.00967873
-0.000100838,-0.0181688,-1.82606e-06,-1.3254e-05,0,-0.000402854,-0.0073657
-0.000171601,-0.0154785,9.95626e-07,-1.33216e-05,0,-0.000469251,-0.00641199
-0.000242365,-0.0166447,-2.87335e-07,-1.33158e-05,0,-0.000532019,-0.00694665
-0.000313128,-0.0143474,2.11407e-06,-1.33151e-05,0,-0.000591027,-0.00603639
-0.000383891,-0.00972516,6.97456e-06,-1.32848e-05,0,-0.000646189,-0.00424809
-0.000454655,-0.0055984,1.12871e-05,-1.31696e-05,0,-0.000697415,-0.0026905
-0.000525418,-0.00271862,1.42538e-05,-1.29654e-05,0,-0.000744599,-0.0016206
0.000465269,-0.0297169,-1.26785e-05,-1.27397e-05,0,0.000273841,-0.0116965
0.000369739,-0.0329667,-1.62043e-05,-1.29622e-05,0,0.000235395,-0.012618
0.000323742,-0.0357471,-1.92084e-05,-1.31552e-05,0,0.000201499,-0.0136904
0.000252979,-0.0398789,-2.36208e-05,-1.35244e-05,0,0.000172047,-0.0153057
0.000182216,-0.0414211,-2.52498e-05,-1.39747e-05,0,0.000147432,-0.0158649
0.000111452,-0.0366224,-2.01233e-05,-1.44716e-05,0,0.000127877,-0.0139308
4.06889e-05,-0.0325944,-1.58223e-05,-1.48997e-05,0,0.000113362,-0.0124006
0,-0.0315753,-1.47226e-05,-1.52376e-05,0,0.000102999,-0.0120594
0,-0.0276094,-1.0489e-05,-1.55376e-05,0,9.49601e-05,-0.0104951
0,-0.024672,-7.35738e-06,-1.57685e-05,0,8.79171e-05,-0.00938625
0,-0.0254692,-8.19834e-06,-1.59313e-05,0,8.14937e-05,-0.0097526
0,-0.0216249,-4.10278e-06,-1.60911e-05,0,7.55653e-05,-0.00820826
0,-0.0174718,3.07143e-07,-1.61936e-05,0,7.0075e-05,-0.0066115
0,-0.0133629,4.65278e-06,-1.62095e-05,0,6.49856e-05,-0.00503692
0,-0.00869238,9.57522e-06,-1.61404e-05,0,6.02664e-05,-0.00323725
0,-0.00567842,1.27143e-05,-1.59735e-05,0,5.58902e-05,-0.00210745
0,-0.00512581,1.32213e-05,-1.57349e-05,0,5.18319e-05,-0.00193492
0,-0.00598691,1.22188e-05,-1.5473e-05,0,4.80685e-05,-0.002289
0,-0.0089393,8.99435e-06,-1.52236e-05,0,4.45785e-05,-0.00345632
0,-0.0124623,5.17333e-06,-1.50276e-05,0,4.13419e-05,-0.00481931
0,-0.0167559,5.47927e-07,-1.4905e-05,0,3.83405e-05,-0.00648116
0,-0.0185438,-1.39747e-06,-1.48709e-05,0,3.55571e-05,-0.00713061
0,-0.0198109,-2.77987e-06,-1.48892e-05,0,3.29758e-05,-0.00761036
0,-0.0214158,-4.51257e-06,-1.49378e-05,0,3.0582e-05,-0.00823291
0,-0.0225503,-5.73517e-06,-1.50194e-05,0,2.83621e-05,-0.00866239
0,-0.0236394,-6.90034e-06,-1.5128e-05,0,2.63034e-05,-0.00908085
0,-0.0246434,-7.9656e-06,-1.52602e-05,0,2.43942e-05,-0.00946594
0,-0.025629,-9.00185e-06,-1.54142e-05,0,2.26236e-05,-0.00984495
0,-0.0270279,-1.04671e-05,-1.5589e-05,0,2.09816e-05,-0.0103892
0,-0.0272152,-1.06337e-05,-1.57911e-05,0,1.94589e-05,-0.0104433
0,-0.0269756,-1.03402e-05,-1.60029e-05,0,1.80467e-05,-0.0103454
0,-0.0276027,-1.09622e-05,-1.62112e-05,0,1.6737e-05,-0.0106001
0,-0.0272937,-1.05343e-05,-1.64273e-05,0,-3.52022e-05,-0.010997
0,-0.0290294,-1.22729e-05,-1.66401e-05,0,-0.000152539,-0.0117827
0,-0.0314494,-1.47239e-05,-1.68769e-05,0,-0.000287651,-0.0128084
0,-0.0356228,-1.90187e-05,-1.71591e-05,0,-0.000428505,-0.0145201
0,-0.038481,-2.18899e-05,-1.7518e-05,0,-0.000571983,-0.0156755
-5.4381e-05,-0.0384801,-2.17029e-05,-1.79415e-05,0,-0.000715717,-0.0157044
-0.000199397,-0.0331831,-1.58832e-05,-1.83765e-05,0,-0.000855874,-0.0136569
-0.000344413,-0.0262435,-8.33613e-06,-1.87232e-05,0,-0.000989602,-0.011029
-0.000489429,-0.0223739,-4.07633e-06,-1.89277e-05,0,-0.00111611,-0.00964622
-0.000634445,-0.0195372,-9.30589e-07,-1.90305e-05,0,-0.0012351,-0.00862308
-0.000779461,-0.0159102,3.03953e-06,-1.90648e-05,0,-0.00134638,-0.00726284
-0.000924477,-0.0133728,5.83248e-06,-1.90239e-05,0,-0.00144977,-0.00634425
-0.00106949,-0.0136238,5.64787e-06,-1.89212e-05,0,-0.00154503,-0.00651703
0.000960731,-0.0388351,-2.361e-05,-1.88046e-05,0,0.000543353,-0.0151399
0.000757708,-0.0396655,-2.42727e-05,-1.93184e-05,0,0.000465778,-0.0150667
0.000670699,-0.039129,-2.34775e-05,-1.96064e-05,0,0.000397408,-0.0148644
0.000525683,-0.0377116,-2.17409e-05,-2.00799e-05,0,0.000337944,-0.014323
0.000380667,-0.0360683,-1.9763e-05,-2.05234e-05,0,0.000288253,-0.0137018
0.000235651,-0.0308282,-1.39674e-05,-2.09286e-05,0,0.000248821,-0.0116456
9.0635e-05,-0.028516,-1.13003e-05,-2.12369e-05,0,0.000219657,-0.0108116
0,-0.0318296,-1.4615e-05,-2.14762e-05,0,0.000199104,-0.0121779
0,-0.0338916,-1.6584e-05,-2.1752e-05,0,0.000183437,-0.0129574
0,-0.0353486,-1.78981e-05,-2.20738e-05,0,0.000169798,-0.013514
0,-0.0379611,-2.04286e-05,-2.24252e-05,0,0.000157382,-0.0145407
0,-0.0351068,-1.71385e-05,-2.28211e-05,0,0.00014593,-0.0133664
0,-0.0335853,-1.52722e-05,-2.31803e-05,0,0.000135326,-0.0128077
0,-0.0292579,-1.04313e-05,-2.34951e-05,0,0.000125496,-0.0111078
0,-0.0262945,-7.05758e-06,-2.37279e-05,0,0.000116382,-0.00999522
0,-0.0264214,-6.97996e-06,-2.3886e-05,0,0.000107931,-0.0100953
0,-0.0289357,-9.43873e-06,-2.4026e-05,0,0.000100093,-0.011101
0,-0.0354376,-1.61215e-05,-2.42024e-05,0,9.28248e-05,-0.0136621
0,-0.0458425,-2.69176e-05,-2.44915e-05,0,8.60847e-05,-0.0177203
0,-0.0585148,-4.00681e-05,-2.49704e-05,0,7.98342e-05,-0.0226237
0,-0.0740576,-5.6197e-05,-2.5706e-05,0,7.40378e-05,-0.0286384
0,-0.09,-9.90851e-05,-2.67493e-05,0,6.86624e-05,-0.0351614
0,-0.09,-0.000873908,-2.85166e-05,0,6.36774e-05,-0.0440736
0,-0.09,-0.00338013,-3.78591e-05,0,5.90546e-05,-0.0539702
0,-0.09,-0.010819,-7.91464e-05,0,5.47675e-05,-0.0653632
0,-0.09,-0.0349833,-0.000213699,0,5.07918e-05,-0.0774935
0,-0.09,-0.098173,-0.000647558,-0.0455513,4.71048e-05,-0.0890391
0,-0.09,-0.180723,-0.00191593,-0.107741,4.36856e-05,-0.0981646
0,-0.09,-0.307173,-0.00462235,-0.109239,4.05147e-05,-0.107743
0,-0.09,-0.600303,-0.00918519,-0.0975841,3.75741e-05,-0.118936
0,-0.09,-2.13268,-0.0176737,-0.0861432,3.4847e-05,-0.128518
0,-0.09,-7,-0.0365754,-0.0749321,3.2318e-05,-0.136653
0,-0.09,-6.92821,-0.155051,-0.054478,-0.00292221,-0.150402
0,-0.09,-6.73334,-0.52212,-0.0273252,-0.0100501,-0.162105
-0.000377626,-0.0903776,-6.53252,-0.598233,-0.0255859,-0.0185201,-0.161794
-0.00547558,-0.0954756,-6.32007,-0.688531,-0.026231,-0.0270112,-0.159318
-0.0130281,-0.103028,-6.09522,-0.817057,-0.0306601,-0.0351452,-0.153075
-0.0205806,-0.110581,-5.86657,-0.941434,-0.0247259,-0.0428502,-0.148519
-0.0281332,-0.118133,-5.63844,-1.06128,-0.0175999,-0.0501077,-0.14636
-0.0356857,-0.125686,-5.41194,-1.17645,-0.0117755,-0.0569113,-0.143901
-0.0432382,-0.133238,-5.18793,-1.28706,-0.00998855,-0.0632559,-0.142877
-0.0507907,-0.140791,-4.96695,-1.39317,-0.0102162,-0.0691349,-0.142426
0.0549446,-0.0350554,-4.9726,-1.49483,1.73472e-18,0.0387487,-0.042623
0.0422941,-0.0477059,-4.75434,-1.66135,-3.85186e-34,0.0338749,-0.048062
0.0360633,-0.0539367,-4.54098,-1.74198,4.27642e-50,0.0295526,-0.050868
0.0298325,-0.0601675,-4.33235,-1.81915,-9.49557e-66,0.0257425,-0.0534672
0.0237905,-0.0662095,-4.12875,-1.89055,2.37199e-81,0.0224359,-0.0562985
0.017182,-0.072818,-3.93009,-1.96484,-4.68168e-97,0.0196425,-0.0589245
0.00962947,-0.0803705,-3.73589,-2.04543,1.03954e-112,0.0173933,-0.0610407
0.00207694,-0.0879231,-3.54706,-2.12209,-2.30824e-128,0.0156919,-0.0641963
0,-0.09,-3.36419,-2.19492,5.12533e-144,0.0143981,-0.0669798
0,-0.09,-3.18539,-2.26403,-1.13805e-159,0.0133115,-0.0668055
0,-0.09,-3.00832,-2.32944,2.52698e-175,0.0123335,-0.0636311
0,-0.09,-2.83282,-2.39137,-2.98086e-191,0.0114345,-0.0599936
0,-0.09,-2.65981,-2.44979,6.2295e-207,0.0106028,-0.0573452
0,-0.09,-2.48982,-2.50463,-6.91613e-223,0.00983213,-0.0551709
0,-0.09,-2.3237,-2.55612,1.53569e-238,0.00911762,-0.0554157
0,-0.09,-2.16177,-2.60426,-3.40992e-254,0.00845509,-0.056031
0,-0.09,-2.0038,-2.64911,7.57153e-270,0.00784074,-0.0558527
0,-0.09,-1.84979,-2.69077,-1.68122e-285,0.00727104,-0.0560311
0,-0.09,-1.69968,-2.72923,3.73305e-301,0.00674276,-0.0559385
0,-0.09,-1.55358,-2.76472,-8.28905e-317,0.00625288,-0.0564019
0,-0.09,-1.41134,-2.79725,-1.11659e-321,0.00579861,-0.0563468
0,-0.09,-1.27298,-2.8269,-1.11659e-321,0.00537736,-0.0565685
0,-0.09,-1.13874,-2.85375,-1.11659e-321,0.00498672,-0.0574983
0,-0.09,-1.00881,-2.87786,-1.11659e-321,0.00462447,-0.0587755
0,-0.09,-0.88297,-2.89927,-1.11659e-321,0.00428855,-0.0594588
0,-0.09,-0.760961,-2.91825,-1.11659e-321,0.00397704,-0.0597861
0,-0.09,-0.643367,-2.93463,-1.11659e-321,0.00368817,-0.0614312
0,-0.09,-0.529594,-2.94868,-1.11659e-321,0.00342029,-0.0616208
0,-0.09,-0.41937,-2.96035,-1.11659e-321,0.00317188,-0.061733
0,-0.09,-0.312264,-2.96984,-1.11659e-321,0.00294152,-0.061079
0,-0.09,-0.207922,-2.9771,-1.11659e-321,0.00272789,-0.0599822
0,-0.09,-0.106,-2.98225,-1.11659e-321,0.00252979,-0.0579608
0,-0.09,-0.00638551,-2.98539,-1.11659e-321,0.00234608,-0.0556302
0,-0.09,0.0919919,-2.98651,-1.11659e-321,0.00177474,-0.0529221
0,-0.09,0.187989,-2.98566,-1.11659e-321,0.000698114,-0.0504969
0,-0.09,0.281213,-2.98286,-1.11659e-321,-0.000508102,-0.0475925
0,-0.09,0.371619,-2.97817,-1.11659e-321,-0.00174935,-0.0442519
0,-0.088338,0.459176,-2.97164,-1.11659e-321,-0.00300077,-0.0397025
-0.000595134,-0.0804527,0.543616,-2.96333,-1.11659e-321,-0.00424083,-0.0371664
-0.00172872,-0.0716731,0.624914,-2.95288,-1.11659e-321,-0.00543977,-0.0343224
-0.00286231,-0.0628133,0.703102,-2.94079,-1.11659e-321,-0.00657923,-0.0314126
-0.0039959,-0.0572284,0.778199,-2.92712,-1.11659e-321,-0.00765436,-0.029764
-0.00512949,-0.0418591,0.850252,-2.91193,-1.11659e-321,-0.00866363,-0.0241112
-0.00626308,-0.0238395,0.919302,-2.89528,-1.11659e-321,-0.00960607,-0.017504
-0.00739666,-0.011403,0.985396,-2.87724,-1.11659e-321,-0.0104806,-0.0131219
0.00847357,-0.028638,1.04854,-2.85787,-1.11659e-321,0.00571808,-0.00895034
0.00674485,-0.0248196,1.10852,-2.8262,-1.11659e-321,0.00498843,-0.00707058
0.00609304,-0.0270078,1.16604,-2.81375,-1.11659e-321,0.00433412,-0.00823033
0.00507281,-0.0273477,1.22091,-2.79305,-1.11659e-321,0.00375134,-0.00849744
0.00393922,-0.0334181,1.27309,-2.76891,-1.11659e-321,0.00324503,-0.0110433
0.00280563,-0.0368555,1.32266,-2.74371,-1.11659e-321,0.00282002,-0.0124264
0.00167204,-0.0393164,1.36966,-2.7175,-1.11659e-321,0.00247917,-0.0134412
0.000538454,-0.036652,1.41416,-2.69034,-1.11659e-321,0.0022213,-0.0124102
0,-0.0350884,1.45619,-2.66228,-1.11659e-321,0.00202953,-0.0118876
0,-0.024736,1.49584,-2.63337,-1.11659e-321,0.00187417,-0.0078324
0,-0.0168011,1.53313,-2.60365,-1.11659e-321,0.00173598,-0.00487252
0,-0.0136039,1.56812,-2.57317,-1.11659e-321,0.00160937,-0.00376339
0,-0.00691416,1.60088,-2.54199,-1.11659e-321,0.00149237,-0.00118369
0,-0.0048611,1.63144,-2.51013,-1.11659e-321,0.00138396,-0.000505669
0,0.00218382,1.65988,-2.47766,-1.11659e-321,0.00128347,0.00223945
0,0.00811156,1.68623,-2.4446,-1.11659e-321,0.00119028,0.00446465
0,0.019138,1.71056,-2.41101,-1.11659e-321,0.00110386,0.00874519
0,0.0372347,1.73293,-2.37692,-1.11659e-321,0.00102371,0.0157729
0,0.0509437,1.75336,-2.34237,-1.11659e-321,0.000949394,0.0209423
0,0.0629974,1.77191,-2.30741,-1.11659e-321,0.000880472,0.0255198
0,0.0702489,1.78863,-2.27206,-1.11659e-321,0.000816555,0.0282069
0,0.0711371,1.80354,-2.23637,-1.11659e-321,0.000757281,0.0284282
0,0.0682636,1.81672,-2.20038,-1.11659e-321,0.000702312,0.0272464
0,0.0646996,1.82824,-2.16411,-1.11659e-321,0.000651335,0.0258477
0,0.0588354,1.83815,-2.1276,-1.11659e-321,0.000604059,0.0235422
0,0.0556201,1.84649,-2.09089,-1.11659e-321,0.000560217,0.0223307
0,0.0514173,1.8533,-2.054,-1.11659e-321,0.000519558,0.0206852
0,0.0445215,1.85863,-2.01697,-1.11659e-321,0.000481851,0.0179804
0,0.0418421,1.86253,-1.97982,-1.11659e-321,0.000446883,0.017001
0,0.0344926,1.86503,-1.94259,-1.11659e-321,0.000414453,0.014093
0,0.0246239,1.86619,-1.9053,-1.11659e-321,0.000384378,0.0102513
0,0.0118698,1.86604,-1.86799,-1.11659e-321,0.000356486,0.00529656
0,0.00196757,1.86463,-1.83066,-1.11659e-321,0.000330619,0.00152517
0,-0.00476009,1.86202,-1.79336,-1.11659e-321,0.000263261,-0.00147384
0,-0.00883513,1.85824,-1.75611,-1.11659e-321,0.000141654,-0.0030846
0,-0.00921846,1.85333,-1.71893,-1.11659e-321,6.39847e-06,-0.00325995
0,-0.00836817,1.84734,-1.68184,-1.11659e-321,-0.000132323,-0.00299601
0,-0.0066543,1.8403,-1.64486,-1.11659e-321,-0.000271913,-0.00240217
-5.24978e-05,0.00177214,1.83226,-1.60802,-1.11659e-321,-0.000410318,0.000863166
-0.000176022,0.00469376,1.82325,-1.57133,-1.11659e-321,-0.000544345,0.00183252
-0.000299546,0.00711741,1.81331,-1.53482,-1.11659e-321,-0.000671771,0.00269241
-0.000423071,0.00460915,1.80247,-1.49851,-1.11659e-321,-0.000792026,0.00159574
-0.000546595,0.00638628,1.79079,-1.4624,-1.11659e-321,-0.000904942,0.00229074
-0.000670119,0.011868,1.77829,-1.42653,-1.11659e-321,-0.00101043,0.00440422
-0.000793644,0.0188463,1.76502,-1.3909,-1.11659e-321,-0.00110837,0.00706324
-0.000917168,0.0265638,1.751,-1.35553,-1.11659e-321,-0.00119864,0.0099991
0.000812172,0.00491712,1.73624,-1.32023,-1.11659e-321,0.000571809,0.00257549
0.000617622,0.00758003,1.72014,-1.2654,-1.11659e-321,0.000498167,0.00385644
0.000540419,0.00671893,1.70386,-1.24381,-1.11659e-321,0.000433328,0.00344116
0.000441599,0.00438323,1.6872,-1.21646,-1.11659e-321,0.000376489,0.00249595
0.000318075,0.00380069,1.66997,-1.18264,-1.11659e-321,0.000328128,0.00227771
0.000194551,0.00776731,1.65219,-1.14915,-1.11659e-321,0.000288894,0.00385106
7.10265e-05,0.0111324,1.6339,-1.11602,-1.11659e-321,0.000258803,0.00511606
0,0.0113698,1.61511,-1.08325,-1.11659e-321,0.000236299,0.00514252
0,0.0161592,1.59587,-1.05085,-1.11659e-321,0.000218171,0.00703511
0,0.018993,1.5762,-1.01884,-1.11659e-321,0.000202078,0.00807762
0,0.01782,1.55613,-0.987217,-1.11659e-321,0.000187341,0.00755059
0,0.019795,1.53568,-0.955994,-1.11659e-321,0.000173724,0.00834226
0,0.0214314,1.51488,-0.925178,-1.11659e-321,0.000161109,0.00895089
0,0.0268431,1.49377,-0.894777,-1.11659e-321,0.000149413,0.0110724
0,0.0308294,1.47236,-0.864796,-1.11659e-321,0.000138568,0.0125672
0,0.0358804,1.45067,-0.835242,-1.11659e-321,0.00012851,0.0145092
0,0.0379886,1.42874,-0.80612,-1.11659e-321,0.000119183,0.0152602
0,0.0367026,1.40657,-0.777435,-1.11659e-321,0.000110533,0.0147012
0,0.033574,1.3842,-0.749193,-1.11659e-321,0.000102512,0.0134587
0,0.0286389,1.36164,-0.721397,-1.11659e-321,9.50724e-05,0.0115233
0,0.0245588,1.33893,-0.694052,-1.11659e-321,8.81732e-05,0.0099572
0,0.0201704,1.31608,-0.667159,-1.11659e-321,8.17749e-05,0.00825507
0,0.017304,1.29311,-0.640724,-1.11659e-321,7.58411e-05,0.00716556
0,0.0138051,1.27004,-0.614747,-1.11659e-321,7.03381e-05,0.00580035
0,0.00950802,1.24689,-0.58923,-1.11659e-321,6.52346e-05,0.00412625
0,0.00317914,1.22368,-0.564177,-1.11659e-321,6.05016e-05,0.00165328
0,-0.00324165,1.20042,-0.539587,-1.11659e-321,5.61122e-05,-0.00082511
0,-0.0090136,1.17713,-0.515463,-1.11659e-321,5.20413e-05,-0.00304288
0,-0.0137088,1.15384,-0.491804,-1.11659e-321,4.82659e-05,-0.00484054
0,-0.0162955,1.13055,-0.46861,-1.11659e-321,4.47646e-05,-0.00581265
0,-0.017845,1.10729,-0.445883,-1.11659e-321,4.15174e-05,-0.00640279
0,-0.0186065,1.08406,-0.423621,-1.11659e-321,3.85058e-05,-0.00669406
0,-0.018264,1.06088,-0.401823,-1.11659e-321,8.13531e-06,-0.00684461
0,-0.0188624,1.03777,-0.38049,-1.11659e-321,-5.76357e-05,-0.00714717
0,-0.0214025,1.01474,-0.359619,-1.11659e-321,-0.000132929,-0.00820942
0,-0.0238505,0.991794,-0.339209,-1.11659e-321,-0.000211218,-0.00920315
0,-0.0253366,0.968954,-0.319258,-1.11659e-321,-0.00029084,-0.00981176
-2.57199e-05,-0.0260134,0.946231,-0.299765,-1.11659e-321,-0.000370597,-0.0101091
-0.000104858,-0.0204708,0.923642,-0.280727,-1.11659e-321,-0.000448415,-0.0079325
-0.000183996,-0.0110476,0.901194,-0.262141,-1.11659e-321,-0.000522669,-0.00429845
-0.000263134,-0.006366,0.87889,-0.244005,-1.11659e-321,-0.000592911,-0.00261385
-0.000342272,-0.0017807,0.856744,-0.226316,-1.11659e-321,-0.000658985,-0.0008918
-0.00042141,0.0030835,0.834767,-0.20907,-1.11659e-321,-0.000720793,0.000946297
-0.000500549,0.00705511,0.812966,-0.192265,-1.11659e-321,-0.000778233,0.00242685
-0.000579687,0.007845,0.791348,-0.175896,-1.11659e-321,-0.000831186,0.00265368
0.000528247,-0.00995723,0.769893,-0.159637,-1.11659e-321,0.000307562,-0.00367593
0.000399647,-0.00964883,0.748331,-0.1344,-1.11659e-321,0.000264518,-0.00329168
0.000399647,-0.00947445,0.7275,-0.1344,-1.11659e-321,0.00022621,-0.00325331
0.000290833,-0.00935199,0.706684,-0.113911,-1.11659e-321,0.000192536,-0.00322262
0.000211694,-0.00784007,0.686093,-0.0996731,-1.11659e-321,0.000164553,-0.00263679
0.000132556,-0.00467898,0.665735,-0.0858483,-1.11659e-321,0.000142282,-0.0014123
5.34182e-05,-0.00241948,0.645612,-0.0724319,-1.11659e-321,0.000125682,-0.000571951
0,-0.00545147,0.625727,-0.059419,-1.11659e-321,0.000113915,-0.00182978
0,-0.00691629,0.606091,-0.046805,-1.11659e-321,0.00010495,-0.00238022
0,-0.00515772,0.586712,-0.034585,-1.11659e-321,9.71474e-05,-0.00166718
0,-0.00762326,0.567585,-0.0227539,-1.11659e-321,9.00449e-05,-0.00268977
0,-0.00595433,0.548724,-0.0113066,-1.11659e-321,8.34935e-05,-0.00199646
0,-0.00288662,0.530129,-0.000237786,-1.11659e-321,7.74273e-05,-0.000807642
0,0.00318249,0.511808,0.0104578,-1.11659e-321,7.18041e-05,0.00155849
0,0.0109269,0.49376,0.0207855,-1.11659e-321,6.65901e-05,0.00454787
0,0.0177549,0.475986,0.030751,-1.11659e-321,6.17551e-05,0.00714596
0,0.0219378,0.458488,0.0403596,-1.11659e-321,5.72713e-05,0.00870224
0,0.0233514,0.441268,0.0496168,-1.11659e-321,5.31132e-05,0.00919355
0,0.0214687,0.424326,0.0585283,-1.11659e-321,4.92572e-05,0.0084114
0,0.0190922,0.407669,0.0670995,-1.11659e-321,4.56812e-05,0.0074828
0,0.0177714,0.391299,0.0753362,-1.11659e-321,4.2365e-05,0.00698355
0,0.0159932,0.375217,0.083244,-1.11659e-321,3.92896e-05,0.00628573
0,0.0144029,0.359423,0.0908288,-1.11659e-321,3.64376e-05,0.00567018
0,0.011168,0.343918,0.0980962,-1.11659e-321,3.37927e-05,0.00439528
0,0.00545061,0.328701,0.105052,-1.11659e-321,3.13399e-05,0.00215456
0,-0.00181246,0.313772,0.111702,-1.11659e-321,2.90652e-05,-0.000665085
0,-0.00674439,0.299138,0.118052,-1.11659e-321,2.69557e-05,-0.00253006
0,-0.00964223,0.284797,0.124108,-1.11659e-321,2.49993e-05,-0.00361837
0,-0.0107991,0.270749,0.129876,-1.11659e-321,2.3185e-05,-0.00404252
0,-0.00956699,0.256995,0.135361,-1.11659e-321,2.15025e-05,-0.00353925
0,-0.00947825,0.24353,0.14057,-1.11659e-321,1.99421e-05,-0.00352895
0,-0.00835065,0.230355,0.145508,-1.11659e-321,1.8495e-05,-0.00308616
0,-0.00699426,0.21747,0.150181,-1.11659e-321,1.24853e-05,-0.00261653
0,-0.0076563,0.20487,0.154594,-1.11659e-321,5.46982e-07,-0.00291547
0,-0.007837,0.192557,0.158755,-1.11659e-321,-1.29444e-05,-0.00299096
0,-0.00733516,0.18053,0.162668,-1.11659e-321,-2.68888e-05,-0.00280082
0,-0.0056433,0.168789,0.166338,-1.11659e-321,-4.10082e-05,-0.00214542
-4.35324e-06,0.00119437,0.157334,0.169773,-1.11659e-321,-5.51039e-05,0.000547
-1.77478e-05,0.0119002,0.146164,0.172977,-1.11659e-321,-6.88281e-05,0.00470573
-3.11424e-05,0.0157797,0.135266,0.175962,-1.11659e-321,-8.19089e-05,0.00608023
-4.4537e-05,0.015751,0.124639,0.178721,-1.11659e-321,-9.42735e-05,0.00599949
-5.79316e-05,0.0185613,0.114289,0.181267,-1.11659e-321,-0.000105898,0.00711285
-7.13262e-05,0.0218253,0.104212,0.183605,-1.11659e-321,-0.000116768,0.00836455
-8.47208e-05,0.0257121,0.0944058,0.185739,-1.11659e-321,-0.00012687,0.0098586
-9.81154e-05,0.0307423,0.0848675,0.187677,-1.11659e-321,-0.000136185,0.0118003
8.94089e-05,0.0125056,0.0755692,0.189565,-1.11659e-321,5.62289e-05,0.00464794
7.03216e-05,0.0120622,0.0665236,0.191813,-1.11659e-321,4.86149e-05,0.00467069
6.26197e-05,0.0100035,0.0577555,0.192623,-1.11659e-321,4.18797e-05,0.00384939
4.92251e-05,0.00529013,0.0492414,0.193822,-1.11659e-321,3.59893e-05,0.00199377
3.58305e-05,0.00268279,0.0409832,0.194849,-1.11659e-321,3.10245e-05,0.00102013
2.24359e-05,0.00385336,0.0329799,0.19571,-1.11659e-321,2.70296e-05,0.00152303
9.04135e-06,0.0042741,0.0252236,0.19641,-1.11659e-321,2.40074e-05,0.00166895
0,0.0023915,0.0177095,0.196953,-1.11659e-321,2.18177e-05,0.000906885
0,0.00236617,0.0104388,0.197345,-1.11659e-321,2.01165e-05,0.00092188
0,0.00191979,0.00340586,0.19759,-1.11659e-321,1.86252e-05,0.000740461
0,-0.00108562,-0.0033948,0.197693,-1.11659e-321,1.72648e-05,-0.000456147
0,0.000484444,-0.00995898,0.197659,-1.11659e-321,1.60092e-05,0.000213519
0,0.0014565,-0.0162955,0.197493,-1.11659e-321,1.48463e-05,0.000574449
0,0.00293645,-0.0224067,0.197199,-1.11659e-321,1.37682e-05,0.00114747
0,0.00523136,-0.0282957,0.196781,-1.11659e-321,1.27686e-05,0.00203823
0,0.00591032,-0.0339685,0.196245,-1.11659e-321,1.18417e-05,0.00227141
0,0.00611029,-0.0394275,0.195594,-1.11659e-321,1.0982e-05,0.00233822
0,0.00443229,-0.0446776,0.194832,-1.11659e-321,1.01848e-05,0.00166262
0,0.00121967,-0.049722,0.193965,-1.11659e-321,9.44553e-06,0.000403164
0,-0.00230732,-0.0545631,0.192996,-1.11659e-321,8.75992e-06,-0.000958206
0,-0.00600937,-0.0592043,0.191929,-1.11659e-321,8.1241e-06,-0.00238455
0,-0.00910323,-0.0636484,0.190768,-1.11659e-321,7.53445e-06,-0.00356526
0,-0.0116698,-0.067899,0.189517,-1.11659e-321,6.98762e-06,-0.00454467
0,-0.0135985,-0.0719597,0.18818,-1.11659e-321,6.48049e-06,-0.00527733
0,-0.0154072,-0.0758348,0.186762,-1.11659e-321,6.01019e-06,-0.00597179
0,-0.0167452,-0.0795273,0.185264,-1.11659e-321,5.57403e-06,-0.00648005
0,-0.0183805,-0.083042,0.183692,-1.11659e-321,5.16954e-06,-0.00711412
0,-0.0209819,-0.0863829,0.182049,-1.11659e-321,4.79442e-06,-0.00812932
0,-0.0223307,-0.0895515,0.180338,-1.11659e-321,4.44653e-06,-0.00862951
0,-0.0225204,-0.0925515,0.178563,-1.11659e-321,4.1239e-06,-0.00868597
0,-0.0226603,-0.0953877,0.176727,-1.11659e-321,3.82469e-06,-0.00874022
0,-0.0231957,-0.0980641,0.174833,-1.11659e-321,3.54719e-06,-0.00895305
0,-0.0230163,-0.100583,0.172885,-1.11659e-321,-3.65108e-05,-0.00929089
0,-0.0248633,-0.102951,0.170886,-1.11659e-321,-0.000127934,-0.0101012
0,-0.026986,-0.10517,0.168839,-1.11659e-321,-0.000233357,-0.0109889
0,-0.0294913,-0.107244,0.166747,-1.11659e-321,-0.00034335,-0.0120225
0,-0.0299255,-0.109173,0.164612,-1.11659e-321,-0.000455527,-0.0122199
-3.15278e-05,-0.0277845,-0.11096,0.162438,-1.11659e-321,-0.000568263,-0.0114167
-0.000146174,-0.0201259,-0.112607,0.160228,-1.11659e-321,-0.000678551,-0.0084456
-0.000260821,-0.0123687,-0.114121,0.157984,-1.11659e-321,-0.000783912,-0.00551506
-0.000375467,-0.0118193,-0.115514,0.155709,-1.11659e-321,-0.000883657,-0.00545943
-0.000490114,-0.0104401,-0.116781,0.153406,-1.11659e-321,-0.000977537,-0.00495745
-0.00060476,-0.00816214,-0.117926,0.151077,-1.11659e-321,-0.0010654,-0.00410479
-0.000719407,-0.0059602,-0.118952,0.148724,-1.11659e-321,-0.00114709,-0.00329183
-0.000834053,-0.00306673,-0.119863,0.146351,-1.11659e-321,-0.00122242,-0.00219734
0.000770998,-0.0217851,-0.120684,0.143971,-1.11659e-321,0.000428517,-0.00853048
0.000610493,-0.0221756,-0.121345,0.140601,-1.11659e-321,0.000367026,-0.00843261
0.000541705,-0.0220548,-0.121935,0.139148,-1.11659e-321,0.000312741,-0.00839821
0.000427058,-0.0225778,-0.122423,0.136712,-1.11659e-321,0.000265426,-0.00862201
0.000312412,-0.0225692,-0.122811,0.134266,-1.11659e-321,0.00022577,-0.00862124
0.000197765,-0.0187929,-0.123098,0.131812,-1.11659e-321,0.000194171,-0.0071222
8.31187e-05,-0.0170155,-0.123295,0.129352,-1.11659e-321,0.0001707,-0.00647755
0,-0.019623,-0.123407,0.126887,-1.11659e-321,0.000154295,-0.00755201
0,-0.0200761,-0.123429,0.124419,-1.11659e-321,0.000142038,-0.00769836
0,-0.0199638,-0.123367,0.121951,-1.11659e-321,0.000131447,-0.00765151
0,-0.0209139,-0.123224,0.119483,-1.11659e-321,0.000121828,-0.00803708
0,-0.0173484,-0.122998,0.117018,-1.11659e-321,0.00011296,-0.006603
0,-0.0114086,-0.122694,0.114557,-1.11659e-321,0.000104751,-0.00428975
0,-0.00383441,-0.122315,0.112101,-1.11659e-321,9.71426e-05,-0.00135994
0,0.00158217,-0.121868,0.109653,-1.11659e-321,9.00876e-05,0.000683602
0,0.0067763,-0.121355,0.107213,-1.11659e-321,8.35454e-05,0.00267165
0,0.00905168,-0.120779,0.104784,-1.11659e-321,7.74786e-05,0.00349795
0,0.00833399,-0.120144,0.102365,-1.11659e-321,7.18526e-05,0.0031741
0,0.00704844,-0.11945,0.0999593,-1.11659e-321,6.66353e-05,0.00266959
0,0.00626086,-0.118699,0.0975668,-1.11659e-321,6.1797e-05,0.00237281
0,0.00611339,-0.117891,0.0951891,-1.11659e-321,5.73102e-05,0.00232418
0,0.00501019,-0.117033,0.0928272,-1.11659e-321,5.31493e-05,0.00188431
0,0.00494744,-0.116123,0.0904823,-1.11659e-321,4.92906e-05,0.00187469
0,0.0018661,-0.115168,0.0881553,-1.11659e-321,4.57122e-05,0.000644
0,-0.00246732,-0.114169,0.0858471,-1.11659e-321,4.23937e-05,-0.00104024
0,-0.00697937,-0.113128,0.0835588,-1.11659e-321,3.93163e-05,-0.00277649
0,-0.0109952,-0.112044,0.081291,-1.11659e-321,3.64623e-05,-0.00431174
0,-0.0139536,-0.11092,0.0790447,-1.11659e-321,3.38156e-05,-0.00543229
0,-0.0156363,-0.109758,0.0768207,-1.11659e-321,3.13611e-05,-0.00605954
0,-0.0131482,-0.108557,0.0746197,-1.11659e-321,2.90849e-05,-0.00504089
0,-0.012619,-0.107324,0.0724426,-1.11659e-321,2.69739e-05,-0.00486819
0,-0.0121955,-0.106061,0.0702899,-1.11659e-321,2.50163e-05,-0.00470765
0,-0.0124846,-0.104769,0.0681624,-1.11659e-321,-7.03501e-06,-0.00514673
0,-0.0156331,-0.103454,0.0660605,-1.11659e-321,-7.79904e-05,-0.00645228
0,-0.0177383,-0.102111,0.0639849,-1.11659e-321,-0.000159474,-0.00729629
0,-0.0197027,-0.100745,0.061936,-1.11659e-321,-0.000244337,-0.00809794
0,-0.0187852,-0.0993539,0.0599142,-1.11659e-321,-0.000330797,-0.00774849
-1.96707e-05,-0.0171892,-0.0979418,0.0579202,-1.11659e-321,-0.000417718,-0.00716926
-0.000107096,-0.00707186,-0.0965019,0.0559543,-1.11659e-321,-0.000502824,-0.00319466
-0.000194522,0.0020549,-0.0950462,0.0540171,-1.11659e-321,-0.000584144,0.000257317
-0.000281947,0.0036053,-0.0935831,0.0521089,-1.11659e-321,-0.000661137,0.000702838
-0.000369373,0.00611476,-0.092105,0.0502299,-1.11659e-321,-0.000733612,0.00165086
-0.000456798,0.00748859,-0.0906156,0.0483804,-1.11659e-321,-0.000801456,0.0021342
-0.000544224,0.00853984,-0.0891155,0.0465606,-1.11659e-321,-0.000864555,0.0025095
-0.00063165,0.0112728,-0.087604,0.0447708,-1.11659e-321,-0.000922773,0.00356445
0.000592308,-0.0117417,-0.0861129,0.0430112,-1.11659e-321,0.000335432,-0.00479631
0.000472098,-0.0112855,-0.0845665,0.0406356,-1.11659e-321,0.000287801,-0.00425265
0.000417457,-0.0112698,-0.083037,0.0395708,-1.11659e-321,0.000245681,-0.00426781
0.000330031,-0.0121072,-0.0815038,0.0379024,-1.11659e-321,0.000208915,-0.0046119
0.000242606,-0.0127535,-0.0799671,0.0362639,-1.11659e-321,0.000178011,-0.00486477
0.00015518,-0.0110981,-0.0784258,0.0346569,-1.11659e-321,0.00015327,-0.00419999
6.77548e-05,-0.00962971,-0.0768836,0.0330807,-1.11659e-321,0.000134766,-0.00364402
0,-0.0108561,-0.0753443,0.0315353,-1.11659e-321,0.000121782,-0.00416033
0,-0.0102194,-0.073804,0.0300207,-1.11659e-321,0.000112099,-0.00389096
0,-0.00772588,-0.0722638,0.0285369,-1.11659e-321,0.000103738,-0.00290834
0,-0.00760959,-0.0707291,0.0270839,-1.11659e-321,9.61468e-05,-0.00290308
0,-0.00482132,-0.0691956,0.0256617,-1.11659e-321,8.91492e-05,-0.00179425
0,-0.00148537,-0.0676664,0.0242701,-1.11659e-321,8.26711e-05,-0.000507433
0,0.00197473,-0.0661428,0.0229091,-1.11659e-321,7.66665e-05,0.000820787
0,0.00309004,-0.0646282,0.0215787,-1.11659e-321,7.1099e-05,0.00121107
0,0.00336243,-0.063122,0.0202785,-1.11659e-321,6.59362e-05,0.0013009
0,0.00186245,-0.0616257,0.0190086,-1.11659e-321,6.11485e-05,0.000696131
0,-0.00224428,-0.0601411,0.0177686,-1.11659e-321,5.67086e-05,-0.000922162
0,-0.00708023,-0.0586668,0.0165583,-1.11659e-321,5.25912e-05,-0.00279154
0,-0.0113575,-0.0572021,0.0153776,-1.11659e-321,4.87729e-05,-0.00442654
0,-0.0137338,-0.0557464,0.0142262,-1.11659e-321,4.5232e-05,-0.00531092
0,-0.0138334,-0.0542997,0.013104,-1.11659e-321,4.19483e-05,-0.00531527
0,-0.0129069,-0.052864,0.0120108,-1.11659e-321,3.8903e-05,-0.00494466
0,-0.0136959,-0.0514428,0.0109463,-1.11659e-321,3.6079e-05,-0.00527466
0,-0.0147866,-0.0500351,0.00991039,-1.11659e-321,3.346e-05,-0.00569873
0,-0.017588,-0.048643,0.00890264,-1.11659e-321,3.10313e-05,-0.0068012
0,-0.0196941,-0.0472642,0.00792282,-1.11659e-321,2.87789e-05,-0.00759972
0,-0.022755,-0.0459012,0.00697065,-1.11659e-321,2.66901e-05,-0.00879007
0,-0.0256135,-0.0445529,0.00604581,-1.11659e-321,2.47529e-05,-0.00988491
0,-0.0266421,-0.0432182,0.00514801,-1.11659e-321,2.29565e-05,-0.0102521
0,-0.0261328,-0.0418977,0.00427697,-1.11659e-321,2.12904e-05,-0.0100333
0,-0.0256296,-0.0405934,0.00343241,-1.11659e-321,1.97454e-05,-0.00984036
0,-0.027492,-0.0393082,0.00261402,-1.11659e-321,1.83125e-05,-0.0105918
0,-0.0279555,-0.0380382,0.00182143,-1.11659e-321,-6.82479e-05,-0.0116245
0,-0.0318653,-0.0367891,0.00105432,-1.11659e-321,-0.000264734,-0.0133211
0,-0.0362731,-0.0355579,0.000312293,-1.11659e-321,-0.000491071,-0.0151599
0,-0.0390383,-0.0343425,-0.00040502,-1.11659e-321,-0.000726857,-0.0163287
0,-0.041101,-0.0331443,-0.00109795,-1.11659e-321,-0.000966149,-0.0172342
-0.00021645,-0.0374484,-0.0319581,-0.00176682,-1.11659e-321,-0.00120231,-0.0158598
-0.000450451,-0.0285569,-0.0307847,-0.00241192,-1.11659e-321,-0.00142884,-0.0124717
-0.000684451,-0.0241134,-0.0296344,-0.00303348,-1.11659e-321,-0.00164366,-0.0109303
-0.000918452,-0.0200146,-0.0285032,-0.00363192,-1.11659e-321,-0.00184613,-0.00944891
-0.00115245,-0.0159468,-0.0273908,-0.00420764,-1.11659e-321,-0.00203594,-0.00796515
-0.00138645,-0.0139538,-0.0262994,-0.00476102,-1.11659e-321,-0.00221283,-0.00730015
-0.00162045,-0.0126229,-0.0252277,-0.00529246,-1.11659e-321,-0.00237647,-0.00685882
0.00165555,-0.0393356,-0.0242086,-0.00580238,-1.11659e-321,0.000983526,-0.0152206
0.00132795,-0.0399747,-0.0231705,-0.00648531,-1.11659e-321,0.000848469,-0.0150472
0.00118755,-0.0395734,-0.022157,-0.00676855,-1.11659e-321,0.000728222,-0.0149209
0.000953552,-0.0395937,-0.021163,-0.00721676,-1.11659e-321,0.000622312,-0.0149649
0.000719551,-0.0383517,-0.020187,-0.00764499,-1.11659e-321,0.000532086,-0.014493
0.000485551,-0.033514,-0.0192264,-0.00805361,-1.11659e-321,0.000458398,-0.0126003
0.00025155,-0.0288714,-0.0182853,-0.00844294,-1.11659e-321,0.000401731,-0.0108371
1.755e-05,-0.0292521,-0.0173687,-0.00881335,-1.11659e-321,0.000361369,-0.0110742
0,-0.0325641,-0.0164745,-0.00916531,-1.11659e-321,0.000331861,-0.0124031
0,-0.032137,-0.0155954,-0.00949971,-1.11659e-321,0.0003069,-0.0121929
0,-0.0366315,-0.0147406,-0.00981602,-1.11659e-321,0.000284383,-0.0140044
0,-0.0368394,-0.0139003,-0.0101151,-1.11659e-321,0.000263666,-0.0140281
0,-0.0370866,-0.013079,-0.0103973,-1.11659e-321,0.000244498,-0.0141324
0,-0.0374796,-0.0122767,-0.010663,-1.11659e-321,0.000226735,-0.0142937
0,-0.0386893,-0.0114941,-0.0109125,-1.11659e-321,0.000210265,-0.0147782
0,-0.0452264,-0.0107358,-0.0111463,-1.11659e-321,0.000194993,-0.0173768
0,-0.0537792,-0.00999816,-0.0113648,-1.11659e-321,0.000180831,-0.0206981
0,-0.0705944,-0.0092877,-0.0115685,-1.11659e-321,0.000167698,-0.0272872
0,-0.09,-0.00869427,-0.0117578,-1.11659e-321,0.000155519,-0.0362091
0,-0.09,-0.00908161,-0.0119347,-1.11659e-321,0.000144225,-0.0463668
0,-0.09,-0.0119746,-0.0121122,-1.11659e-321,0.000133752,-0.0574935
0,-0.09,-0.021558,-0.0123199,-1.11659e-321,0.000124039,-0.0687543
0,-0.09,-0.0492811,-0.0126504,-1.11659e-321,0.000115032,-0.0790121
0,-0.09,-0.131068,-0.0133311,-0.0349499,0.00010668,-0.0893505
0,-0.09,-0.252428,-0.0150119,-0.11345,9.89342e-05,-0.0988614
0,-0.09,-0.4611,-0.0185435,-0.110536,9.17511e-05,-0.108038
0,-0.09,-1.21268,-0.0247397,-0.101011,8.50898e-05,-0.120675
0,-0.09,-7,-0.0384712,-0.089937,7.89123e-05,-0.132679
0,-0.09,-7,-0.0886592,-0.0690658,7.31836e-05,-0.151886
0,-0.09,-7,-0.162159,-0.0629682,6.78709e-05,-0.15603
0,-0.09,-7,-0.239159,-0.05802,6.29441e-05,-0.159244
0,-0.09,-7,-0.375659,-0.0513367,5.8375e-05,-0.161989
0,-0.09,-7,-0.515659,-0.0448676,-0.00160206,-0.16408
0,-0.09,-7,-0.655659,-0.0388546,-0.00540039,-0.164772
0,-0.09,-7,-0.795659,-0.0365282,-0.00978157,-0.163662
0,-0.09,-7,-0.935659,-0.0369748,-0.0143529,-0.162915
0,-0.09,-7,-1.12466,-0.0450905,-0.0190595,-0.158042
-0.0116442,-0.101644,-6.75623,-1.51316,-0.0571503,-0.0238603,-0.148367
-0.0158029,-0.105803,-6.49497,-1.63456,-0.0585201,-0.0285696,-0.147987
-0.0205556,-0.110556,-6.23137,-1.76734,-0.0611535,-0.0330353,-0.146378
-0.0253083,-0.115308,-5.96738,-1.89486,-0.0667344,-0.0372197,-0.145329
-0.0300611,-0.120061,-5.70525,-2.01711,-0.0710005,-0.0411103,-0.146563
-0.0348138,-0.124814,-5.44654,-2.13423,-0.0751301,-0.0447001,-0.151279
0.0317245,-0.0582755,-5.47273,-2.24834,-7.18164e-11,0.0233089,-0.0895384
0.0198427,-0.0701573,-5.30915,-2.52872,2.90806e-26,0.020423,-0.0862893
0.0154464,-0.0745536,-5.10819,-2.6289,-7.17465e-42,0.0179749,-0.085062
0.0116442,-0.0783558,-4.90394,-2.71264,1.27447e-57,0.015898,-0.0850361
0.00796084,-0.0820392,-4.69753,-2.79069,-2.12242e-73,0.014161,-0.0844186
0.0032081,-0.0867919,-4.49166,-2.88671,3.14182e-89,0.0127653,-0.0843901
0,-0.09,-4.28545,-2.9785,-3.48812e-105,0.0116814,-0.0835163
0,-0.09,-4.08244,-3.06627,7.74518e-121,0.0107914,-0.0833894
0,-0.09,-3.89933,-3.14985,-1.93475e-136,0.00999624,-0.0866777
0,-0.09,-3.81354,-3.22957,-0.0393848,0.00926679,-0.0954187
0,-0.09,-3.79739,-3.30683,-0.107992,0.00859246,-0.101532
0,-0.09,-3.85293,-3.38297,-0.129371,0.0079677,-0.107919
0,-0.09,-3.95744,-3.45928,-0.140923,0.00738852,-0.111071
0,-0.09,-4.07137,-3.53733,-0.150664,0.00685149,-0.114527
0,-0.09,-4.21508,-3.61756,-0.154067,0.00635353,-0.116278
0,-0.09,-4.40977,-3.70036,-0.161575,0.00589177,-0.119129
0,-0.09,-4.68137,-3.78641,-0.161953,0.00546359,-0.123941
0,-0.09,-5.77156,-3.87664,-0.143658,0.00506654,-0.132826
0,-0.09,-7,-3.97518,-0.127594,0.00469835,-0.143547
0,-0.09,-7,-4.22397,-0.091744,0.00435694,-0.172445
0,-0.09,-7,-4.34297,-0.0776251,0.00404034,-0.184564
0,-0.09,-7,-4.48297,-0.0648096,0.00374676,-0.195134
0,-0.09,-7,-4.62297,-0.0575686,0.00347453,-0.197714
