-0.102522,-0.0821271,2.17488e-05,0,-0.0144736,-0.102519,-0.102159
-0.102522,-0.0810501,2.27955e-05,-1.84865e-07,-0.0144633,-0.102514,-0.102037
-0.102522,-0.0812212,2.25008e-05,-6.2926e-07,-0.0144588,-0.102508,-0.102117
-0.102522,-0.0818616,2.1697e-05,-1.08252e-06,-0.014454,-0.102502,-0.102365
-0.102522,-0.0825274,2.08583e-05,-1.5253e-06,-0.014444,-0.102495,-0.102616
-0.102522,-0.0833307,1.98665e-05,-1.95169e-06,-0.0144443,-0.102489,-0.102921
-0.102522,-0.0842429,1.87536e-05,-2.35993e-06,-0.0144394,-0.102482,-0.103267
-0.102522,-0.0847145,1.81041e-05,-2.74724e-06,-0.0144397,-0.102475,-0.103436
-0.102522,-0.085038,1.76066e-05,-3.11647e-06,-0.0144092,-0.102468,-0.103551
-0.102522,-0.0857359,1.67062e-05,-3.47408e-06,-0.0144043,-0.10246,-0.103818
-0.102522,-0.0864688,1.57655e-05,-3.8181e-06,-0.0144045,-0.102452,-0.104093
-0.102522,-0.0871351,1.48931e-05,-4.14376e-06,-0.0144048,-0.102444,-0.10434
-0.102522,-0.0875979,1.4235e-05,-4.45122e-06,-0.0144102,-0.102435,-0.104507
-0.102522,-0.0880575,1.3578e-05,-4.74316e-06,-0.0143798,-0.102426,-0.104676
-0.102522,-0.0886795,1.27471e-05,-5.02195e-06,-0.0143903,-0.102417,-0.10491
-0.102522,-0.0894081,1.18024e-05,-5.28603e-06,-0.0144314,-0.102408,-0.105184
-0.102522,-0.0904504,1.05254e-05,-5.53247e-06,-0.0145132,-0.102398,-0.105581
-0.102522,-0.0914049,9.3443e-06,-5.75702e-06,-0.014646,-0.102388,-0.105938
-0.102522,-0.092595,7.91624e-06,-5.9569e-06,-0.0147891,-0.102378,-0.106389
-0.102522,-0.0939156,6.35457e-06,-6.13093e-06,-0.014779,-0.102367,-0.106888
-0.102522,-0.0953442,4.6845e-06,-6.2752e-06,-0.0147741,-0.102356,-0.107428
-0.102522,-0.0967999,2.99338e-06,-6.38726e-06,-0.0147742,-0.102344,-0.107976
-0.102522,-0.0981837,1.3873e-06,-6.46573e-06,-0.0147743,-0.102331,-0.108494
-0.102522,-0.0993532,1.79958e-08,-6.51115e-06,-0.0147642,-0.102318,-0.108926
-0.102522,-0.100611,-1.43659e-06,-6.52657e-06,-0.0147591,-0.102303,-0.109396
-0.102522,-0.101518,-2.50741e-06,-6.51384e-06,-0.0147439,-0.102287,-0.109723
-0.102522,-0.102176,-3.30562e-06,-6.47547e-06,-0.0147593,-0.102271,-0.109955
-0.102522,-0.102747,-4.00379e-06,-6.41814e-06,-0.0147542,-0.102252,-0.110154
-0.102522,-0.103289,-4.66398e-06,-6.34574e-06,-0.0146064,-0.102233,-0.110341
-0.102522,-0.103948,-5.44247e-06,-6.25972e-06,-0.0145094,-0.102211,-0.110572
-0.102522,-0.103976,-5.54383e-06,-6.15944e-06,-0.0147286,-0.102187,-0.110546
-0.102522,-0.104076,-5.71829e-06,-6.04968e-06,-0.0145654,-0.10216,-0.110557
-0.102522,-0.103465,-5.13756e-06,-5.93723e-06,-0.014606,-0.102131,-0.110281
-0.102522,-0.102515,-4.19903e-06,-5.82809e-06,-0.0148097,-0.102099,-0.109877
-0.102522,-0.101743,-3.45639e-06,-5.73379e-06,-0.014647,-0.102065,-0.109548
-0.102522,-0.100804,-2.54478e-06,-5.65649e-06,-0.0144734,-0.102027,-0.109147
-0.102522,-0.0993909,-1.13939e-06,-5.59557e-06,-0.0145499,-0.101987,-0.108555
-0.102522,-0.0980656,1.584e-07,-5.55732e-06,-0.0146158,-0.101943,-0.108003
-0.102522,-0.0972076,9.4431e-07,-5.54621e-06,-0.0146159,-0.101895,-0.107633
-0.102522,-0.0965778,1.47256e-06,-5.55645e-06,-0.0146164,-0.101844,-0.107344
-0.102522,-0.0960658,1.85992e-06,-5.58009e-06,-0.0146311,-0.101789,-0.107094
-0.102522,-0.0956843,2.09232e-06,-5.61303e-06,-0.0146315,-0.10173,-0.10689
-0.102522,-0.0955432,2.0525e-06,-5.65232e-06,-0.0146418,-0.101666,-0.106776
-0.102522,-0.0956114,1.77358e-06,-5.69381e-06,-0.0146568,-0.101598,-0.106736
-0.102522,-0.0957821,1.36937e-06,-5.73235e-06,-0.0146621,-0.101524,-0.10673
-0.102522,-0.0961147,7.76452e-07,-5.76418e-06,-0.0146621,-0.101445,-0.106781
-0.102522,-0.0966713,-7.07238e-08,-5.78623e-06,-0.0146772,-0.101359,-0.106912
-0.102522,-0.0975572,-1.28315e-06,-5.79414e-06,-0.0146878,-0.101267,-0.107166
-0.102522,-0.0985802,-2.65554e-06,-5.78181e-06,-0.0146882,-0.101168,-0.107462
-0.102522,-0.0995413,-3.97603e-06,-5.7438e-06,-0.014688,-0.101062,-0.107723
-0.102522,-0.100453,-5.25725e-06,-5.6788e-06,-0.0146879,-0.100947,-0.107958
-0.102522,-0.101255,-6.43707e-06,-5.58775e-06,-0.014688,-0.100824,-0.108141
-0.102522,-0.102044,-7.61633e-06,-5.47199e-06,-0.0146834,-0.100692,-0.108311
-0.102522,-0.102488,-8.44213e-06,-5.33263e-06,-0.0146735,-0.100549,-0.108334
-0.102522,-0.102762,-9.10436e-06,-5.17287e-06,-0.0146737,-0.100395,-0.108284
-0.102522,-0.102722,-9.44839e-06,-4.99807e-06,-0.0146738,-0.10023,-0.108099
-0.102522,-0.102487,-9.60351e-06,-4.81289e-06,-0.0146739,-0.100052,-0.10783
-0.102522,-0.102191,-9.71304e-06,-4.62252e-06,-0.0146739,-0.0998602,-0.107526
-0.102522,-0.101849,-9.7925e-06,-4.42947e-06,-0.0146893,-0.0996536,-0.107189
-0.102522,-0.101629,-1.00209e-05,-4.23449e-06,-0.0146898,-0.0994309,-0.106885
-0.102522,-0.10163,-1.0505e-05,-4.03658e-06,-0.0146796,-0.0991905,-0.106651
-0.102522,-0.101556,-1.09288e-05,-3.83181e-06,-0.0146644,-0.098931,-0.106365
-0.102522,-0.10147,-1.13594e-05,-3.61789e-06,-0.014639,-0.0986511,-0.106056
-0.102522,-0.10157,-1.20076e-05,-3.39544e-06,-0.014558,-0.0983494,-0.105801
-0.102522,-0.10175,-1.27597e-05,-3.16242e-06,-0.0144313,-0.0980241,-0.105553
-0.102522,-0.101763,-1.33515e-05,-2.9155e-06,-0.0146401,-0.0976736,-0.105211
-0.102522,-0.101982,-1.41803e-05,-2.65498e-06,-0.0146252,-0.097296,-0.104927
-0.102522,-0.102519,-1.5362e-05,-2.38049e-06,-0.014392,-0.0968893,-0.104736
-0.102522,-0.102447,-1.59107e-05,-2.08625e-06,-0.014631,-0.0964511,-0.104265
-0.102522,-0.103224,-1.7375e-05,-1.77407e-06,-0.0144231,-0.0959792,-0.104106
-0.102522,-0.103693,-1.85205e-05,-1.44268e-06,-0.0144794,-0.095471,-0.10377
-0.102522,-0.103909,-1.94052e-05,-1.08487e-06,-0.0146581,-0.0949236,-0.103294
-0.102522,-0.104478,-2.06714e-05,-7.06495e-07,-0.0144605,-0.0943341,-0.102913
-0.102522,-0.104406,-2.12609e-05,-3.06994e-07,-0.0145322,-0.0936993,-0.102217
-0.102522,-0.104846,-2.23977e-05,1.11739e-07,-0.0143854,-0.0930159,-0.101677
-0.102522,-0.105262,-2.35085e-05,5.47189e-07,-0.0144825,-0.0922804,-0.101053
-0.102522,-0.105663,-2.46e-05,1.00514e-06,-0.0145238,-0.0914887,-0.100351
-0.102522,-0.106096,-2.57189e-05,1.48513e-06,-0.0144584,-0.0906364,-0.099583
-0.102522,-0.107151,-2.74899e-05,1.9872e-06,-0.0145201,-0.0897187,-0.0989762
-0.102522,-0.10803,-2.90578e-05,2.51752e-06,-0.0144852,-0.0887304,-0.0981955
-0.102522,-0.108984,-3.06897e-05,3.08143e-06,-0.0145521,-0.0876659,-0.0973476
-0.102522,-0.109753,-3.21044e-05,3.67727e-06,-0.0145634,-0.0865193,-0.096318
-0.102522,-0.110709,-3.36957e-05,4.3038e-06,-0.0145494,-0.0852842,-0.0952541
-0.102522,-0.111826,-3.54335e-05,4.96021e-06,-0.0146058,-0.0839535,-0.0941362
-0.102522,-0.11325,-3.74663e-05,5.64976e-06,-0.0145204,-0.08252,-0.0930198
-0.102522,-0.114767,-3.95663e-05,6.37673e-06,-0.0145771,-0.0809755,-0.0918186
-0.102522,-0.116053,-4.13838e-05,7.14496e-06,-0.0145829,-0.0793114,-0.0904091
-0.102522,-0.117584,-4.34223e-05,7.95264e-06,-0.0144615,-0.0775185,-0.0889929
-0.102522,-0.118788,-4.50711e-05,8.79866e-06,-0.0145379,-0.0755867,-0.0873459
-0.102522,-0.119794,-4.64653e-05,9.68194e-06,-0.0145384,-0.0735053,-0.085544
-0.102522,-0.120695,-4.77021e-05,1.05959e-05,-0.0144884,-0.0712627,-0.0836441
-0.102522,-0.120736,-4.79747e-05,1.15364e-05,-0.0144993,-0.0688462,-0.0813694
-0.102522,-0.120383,-4.77798e-05,1.24928e-05,-0.0144739,-0.0662426,-0.0789515
-0.102522,-0.11964,-4.71201e-05,1.34506e-05,-0.0143871,-0.0634373,-0.0764231
-0.102522,-0.118108,-4.5564e-05,1.44006e-05,-0.0143723,-0.0604147,-0.0736678
-0.102522,-0.116008,-4.33457e-05,1.5329e-05,-0.0142666,-0.0571585,-0.0708279
-0.102522,-0.112667,-3.97477e-05,1.62203e-05,-0.0143335,-0.0536521,-0.0676789
-0.102522,-0.108776,-3.551e-05,1.70548e-05,-0.0142426,-0.049882,-0.0645547
-0.102522,-0.103955,-3.0228e-05,1.78116e-05,-0.0142988,-0.0458504,-0.0613341
-0.102522,-0.0979238,-2.36075e-05,1.84743e-05,-0.0143507,-0.0416235,-0.0579438
-0.0891938,-0.0906514,-8.66916e-06,1.90193e-05,-0.0142458,-0.0375158,-0.0543978
-0.0755243,-0.0820355,2.76233e-05,1.93644e-05,-0.0142728,-0.0338771,-0.0506567
-0.0618547,-0.0725972,8.35452e-05,1.92112e-05,-0.0141526,-0.030838,-0.0469071
-0.0481852,-0.0626108,9.19047e-05,1.81554e-05,-0.0140278,-0.0284683,-0.0432173
-0.0345156,-0.0511614,0.000101896,1.64135e-05,-0.0138476,-0.0268221,-0.0391808
-0.0208461,-0.0394587,0.000112141,1.44855e-05,-0.0135578,-0.0259424,-0.0352527
-0.00717652,-0.0279647,0.000122136,1.23553e-05,-0.0129229,-0.0258344,-0.0315604
0,-0.0218232,0.000126476,1.00226e-05,-0.00827835,-0.0263513,-0.0301158
0,-0.0139792,0.000132684,7.54078e-06,-0.00901778,-0.0272027,-0.027998
0,-0.0077118,0.000137272,4.95539e-06,-0.009526,-0.0281929,-0.0266159
0,-0.00326442,0.000139982,2.26042e-06,-0.00836069,-0.029275,-0.02602
0,0.00169438,0.000143295,-5.09403e-07,-0.0092027,-0.0304413,-0.0252831
0,0.00459763,0.000144481,-3.33886e-06,-0.00936012,-0.0316944,-0.0254748
0,0.0067264,0.000144904,-6.21544e-06,-0.0100856,-0.0330405,-0.0260545
0,0.00724378,0.000143678,-9.10887e-06,-0.0109544,-0.0344868,-0.0273867
0,0.00675218,0.000141448,-1.19959e-05,-0.0118524,-0.0360411,-0.0292297
0,0.00574653,0.00013874,-1.48494e-05,-0.012613,-0.037712,-0.0314075
0,0.00475782,0.000136121,-1.7654e-05,-0.0127647,-0.039509,-0.0337282
0,0.00439128,0.000134231,-2.04052e-05,-0.0122583,-0.0414417,-0.0359701
0,0.00438781,0.000132791,-2.31106e-05,-0.0113113,-0.0435207,-0.0382584
0,0.00510101,0.000132173,-2.57823e-05,-0.0104762,-0.0457572,-0.0404611
0,0.00653283,0.000132371,-2.84326e-05,-0.00929834,-0.0481638,-0.0425943
0,0.00907838,0.0001338,-3.10778e-05,-0.00826252,-0.0507538,-0.04451
0,0.0118851,0.000135544,-3.37381e-05,-0.00714228,-0.0535417,-0.0465618
0,0.0163338,0.000139064,-3.64298e-05,-0.00605829,-0.0565431,-0.0481895
0,0.022639,0.000144574,-3.91724e-05,-0.00510728,-0.0597748,-0.0493284
0,0.0298103,0.000151008,-4.20032e-05,-0.00440625,-0.0632547,-0.0503723
0,0.037303,0.000157777,-4.49526e-05,-0.00392595,-0.0670024,-0.0515125
0,0.0456082,0.000165392,-4.80337e-05,-0.00349426,-0.0710387,-0.0525268
0,0.0537792,0.000172836,-5.12578e-05,-0.00361665,-0.0753861,-0.0537751
0,0.0603359,0.000178528,-5.46326e-05,-0.00398241,-0.0800689,-0.0558001
0,0.0631626,0.000180222,-5.81405e-05,-0.00441588,-0.0851131,-0.0593818
0,0.0636729,0.000179425,-6.17263e-05,-0.00529919,-0.0905465,-0.063873
0,0.0613544,0.000175597,-6.53236e-05,-0.0057913,-0.0963985,-0.0694423
0,0.0571877,0.000169784,-6.88776e-05,-0.00700498,-0.102698,-0.0756274
0,0.0520158,0.000162885,-7.23373e-05,-0.00821848,-0.109466,-0.0820412
0,0.0432293,0.000152135,-7.56708e-05,-0.00587139,-0.116687,-0.0896735
-0.00680833,0.038687,0.000145894,-7.88318e-05,-0.00544419,-0.124195,-0.0952846
-0.0211417,0.0364661,0.000142108,-8.18183e-05,-0.00717347,-0.131685,-0.0997099
-0.035475,0.0317691,0.00130694,-8.47021e-05,-0.00981782,-0.138941,-0.101528
-0.0498083,0.0201917,0.00851967,-9.62805e-05,-0.00759023,-0.14589,-0.104609
-0.0641417,0.00585834,0.0341788,-0.000172908,-0.0101128,-0.152492,-0.105574
-0.078475,-0.00847499,0.138635,-0.000535745,-0.0115238,-0.158719,-0.107588
-0.0928083,-0.0228083,0.708187,-0.00184606,-0.0126198,-0.164536,-0.111416
-0.107142,-0.0371417,5.29553,-0.00746651,-0.0139758,-0.169897,-0.111416
0.093525,0.149729,5.29537,-0.0216303,0.0158158,0.0452113,0.0812426
0.0713083,0.11005,5.12276,-0.043584,0.0195808,0.0407641,0.0669186
0.063425,0.0992478,4.94682,-0.0995395,0.0198177,0.0371056,0.0624503
0.050525,0.0817712,4.77422,-0.190692,0.0211284,0.0341535,0.0554679
0.0361917,0.0617434,4.60412,-0.288075,0.0218182,0.0320056,0.0479688
0.0218583,0.0432551,4.43605,-0.382113,0.0219244,0.0307419,0.0413467
0.007525,0.0245875,4.27046,-0.472767,0.0203338,0.0303751,0.0348085
0,-0.00822705,4.21355,-0.560081,0.0138601,0.031479,0.0308347
0,-0.00772164,4.14234,-0.645006,0.0145855,0.0332624,0.0266144
0,-0.014391,3.97809,-0.728636,0.0138042,0.0344768,0.0237793
0,-0.0189061,3.81589,-0.810005,0.01116,0.0354811,0.0230272
0,-0.0240197,3.65657,-0.888107,0.0116131,0.0365094,0.0221657
0,-0.0227004,3.50028,-0.962991,0.0101458,0.0376492,0.0241666
0,-0.0201855,3.34673,-1.03472,0.00943477,0.0389325,0.0266003
0,-0.0182517,3.19599,-1.10334,0.00827575,0.0403533,0.0288505
0,-0.0152128,3.04819,-1.16892,0.0064974,0.0419165,0.0318053
0,-0.0135594,2.90323,-1.23151,0.00496147,0.0436295,0.0342649
0,-0.0125895,2.76117,-1.29117,0.00269298,0.0454964,0.0367093
0,-0.0121588,2.62201,-1.34795,0.000243747,0.0475313,0.0391505
0,-0.0126293,2.48572,-1.40192,1.38424e-20,0.0497398,0.0413794
0,-0.0161138,2.35231,-1.45314,0,0.0521256,0.0426265
0,-0.0170469,2.22182,-1.50098,0,0.0547135,0.0453384
0,-0.0171007,2.09422,-1.5462,0,0.0575281,0.0485384
0,-0.0186554,1.9695,-1.58885,0,0.0605801,0.0513832
0,-0.021505,1.84765,-1.62899,0,0.0638763,0.0538826
0,-0.0245641,1.72866,-1.66667,0,0.0674319,0.0566706
0,-0.0275468,1.61252,-1.70196,0,0.0712756,0.0597434
0,-0.0308953,1.49919,-1.73491,0,0.0754309,0.0629056
0,-0.033063,1.38868,-1.76557,0,0.0799216,0.0667587
0,-0.0349649,1.28094,-1.79401,0,0.084773,0.0708822
0,-0.0373092,1.17598,-1.82027,0,0.090012,0.0749665
0,-0.039222,1.07375,-1.84442,0,0.0956679,0.0793208
0,-0.0402163,0.974251,-1.86651,0,0.101772,0.0840667
0,-0.0387308,0.877445,-1.88659,0,0.108356,0.0897526
0,-0.0353168,0.783311,-1.90472,0,0.115454,0.0960619
0,-0.0300092,0.691822,-1.92096,0,0.123087,0.102914
0,-0.0228548,0.602952,-1.93534,0,0.131234,0.110218
0.00744167,-0.0189409,0.51667,-1.94793,0,0.139693,0.115875
0.0231083,-0.0208751,0.433432,-1.95878,0,0.14809,0.118866
0.038775,-0.025035,0.353992,-1.96795,0,0.156164,0.119418
0.0544417,-0.0153708,0.276851,-1.97559,-0.0110776,0.16382,0.121487
0.0701083,0.000108333,0.192135,-1.98209,-0.00894384,0.17101,0.122152
0.085775,0.015775,0.0987834,-1.98708,-0.00860685,0.177693,0.125356
0.101442,0.0314417,-0.000117998,-1.99017,-0.00817371,0.18383,0.130774
0.117108,0.0471083,-0.362286,-1.99136,-0.00721657,0.189378,0.130774
-0.102427,-0.149765,-0.362479,-1.99135,0.00498032,-0.0461848,-0.0792829
-0.0761338,-0.0953414,-0.412806,-1.99135,0.00181282,-0.0416427,-0.0600398
-0.0667152,-0.0807798,-0.46344,-1.98718,0.00139671,-0.0379682,-0.0543039
-0.0553344,-0.0635707,-0.512307,-1.98104,0.000912696,-0.0350042,-0.0473519
-0.0396367,-0.0396873,-0.558692,-1.97136,1.15012e-11,-0.032823,-0.0384213
-0.023939,-0.0141344,-0.603524,-1.96072,-1.61559e-27,-0.0315402,-0.0291553
-0.00824129,0.00930134,-0.648057,-1.94892,3.58732e-43,-0.0311778,-0.0209448
0,0.0242149,-0.691244,-1.93622,-7.96546e-59,-0.0315669,-0.016248
0,0.0421286,-0.732689,-1.92266,1.76869e-74,-0.0323665,-0.0103359
0,0.0525186,-0.772309,-1.90825,-3.92727e-90,-0.0333462,-0.00757658
0,0.0589702,-0.81009,-1.89304,8.7203e-106,-0.0344498,-0.00638127
0,0.066394,-0.846035,-1.87707,-1.9363e-121,-0.0356673,-0.00485267
0,0.0671189,-0.880159,-1.86036,4.29944e-137,-0.0370013,-0.00613923
0,0.0673845,-0.912533,-1.84297,-9.54668e-153,-0.038458,-0.00764379
0,0.0671694,-0.943197,-1.82491,2.11979e-168,-0.0400451,-0.00948304
0,0.0682786,-0.97219,-1.80623,-4.70687e-184,-0.0417713,-0.0109495
0,0.07,-0.999534,-1.78696,8.49173e-200,-0.0436461,-0.0122725
0,0.07,-1.02524,-1.76713,-2.32067e-215,-0.04568,-0.0140804
0,0.07,-1.04934,-1.74691,5.15292e-231,-0.0478842,-0.0159955
0,0.07,-1.0719,-1.72619,-1.14418e-246,-0.0502705,-0.0184702
0,0.07,-1.09298,-1.705,2.54059e-262,-0.052852,-0.0214372
0,0.07,-1.11262,-1.68337,-5.64123e-278,-0.055643,-0.024723
0,0.07,-1.13086,-1.66134,1.25261e-293,-0.0586592,-0.0282631
0,0.07,-1.14768,-1.63892,-2.78134e-309,-0.0619172,-0.0313441
0,0.07,-1.1631,-1.61615,-1.47726e-321,-0.0654354,-0.0344629
0,0.07,-1.1771,-1.59306,-1.47726e-321,-0.0692332,-0.0372019
0,0.07,-1.18972,-1.56967,-1.47726e-321,-0.0733321,-0.0406594
0,0.07,-1.201,-1.54601,-1.47726e-321,-0.0777547,-0.044193
0,0.07,-1.21093,-1.52212,-1.47726e-321,-0.0825258,-0.0475294
0,0.07,-1.21953,-1.49801,-1.47726e-321,-0.0876719,-0.0510316
0,0.07,-1.22674,-1.47371,-1.47726e-321,-0.0932217,-0.054088
0,0.07,-1.23267,-1.44926,-1.47726e-321,-0.099206,-0.0576573
0,0.07,-1.23761,-1.42467,-1.47726e-321,-0.105589,-0.0628118
0,0.07,-1.24143,-1.39997,-1.47726e-321,-0.112385,-0.0690491
0,0.07,-1.24422,-1.37519,-1.47726e-321,-0.119693,-0.0751848
0,0.07,-1.24548,-1.35033,-1.47726e-321,-0.127556,-0.0809811
0,0.07,-1.24451,-1.32544,-1.47726e-321,-0.135957,-0.0878159
-0.00688008,0.0631199,-1.24095,-1.30053,0.00347714,-0.144704,-0.0953725
-0.0230685,0.0469315,-1.23568,-1.27567,0.0176379,-0.153411,-0.102584
-0.0392569,0.0307431,-1.22125,-1.2509,0.017471,-0.161793,-0.107275
-0.0554453,0.0145547,-1.20491,-1.22628,0.0204299,-0.169747,-0.114534
-0.0716337,-0.00163374,-1.17813,-1.20201,0.0177014,-0.177224,-0.119996
-0.0878222,-0.0178222,-1.14303,-1.17812,0.016323,-0.18418,-0.126647
-0.104011,-0.0340106,-1.10561,-1.15486,0.0149907,-0.190574,-0.134207
-0.120199,-0.050199,-1.065,-1.13233,0.0125612,-0.196363,-0.141862
0.106439,0.160501,-1.06469,-1.11022,-0.00374647,0.0413266,0.0799697
0.0837751,0.118178,-1.06445,-1.07926,-0.00597816,0.0369619,0.0650163
0.074062,0.105662,-1.06411,-1.06647,-0.00684555,0.0333684,0.0604349
0.0578736,0.0834153,-1.06312,-1.04518,-0.00274754,0.0305163,0.0519336
0.0416852,0.0596178,-1.06161,-1.02391,-3.11308e-11,0.0285184,0.0432382
0.0254968,0.0293826,-1.05956,-1.00267,6.46235e-27,0.0274406,0.032223
0.00930834,0.00563465,-1.05684,-0.981466,-1.43493e-42,0.0272962,0.0240767
0,-0.00940141,-1.05349,-0.960313,3.18618e-58,0.0279232,0.0194474
0,-0.0235205,-1.04953,-0.939223,-7.07475e-74,0.0289703,0.015157
0,-0.0337018,-1.045,-0.918208,1.57091e-89,0.0301861,0.0125196
0,-0.0380686,-1.0399,-0.897281,-3.48812e-105,0.0315099,0.0122425
0,-0.0441179,-1.03428,-0.876453,7.74518e-121,0.0329314,0.0113124
0,-0.0453562,-1.02814,-0.855733,-1.71978e-136,0.0344539,0.0124476
0,-0.0455346,-1.02151,-0.835134,3.81867e-152,0.0360845,0.0140631
0,-0.0456425,-1.01442,-0.814664,-8.47915e-168,0.037832,0.0158343
0,-0.0442837,-1.00687,-0.794333,1.88275e-183,0.039706,0.0183478
0,-0.0452738,-0.998906,-0.77415,-4.18054e-199,0.0417169,0.0200732
0,-0.0460752,-0.990533,-0.754124,9.28267e-215,0.0438758,0.0220974
0,-0.0505207,-0.981776,-0.734263,-2.06117e-230,0.0461947,0.0228652
0,-0.0543137,-0.97265,-0.714575,4.57671e-246,0.0486861,0.0241655
0,-0.0569217,-0.963173,-0.695068,-1.01623e-261,0.0513638,0.0261603
0,-0.0578536,-0.953359,-0.675747,2.25649e-277,0.0542424,0.0290507
0,-0.0590864,-0.943232,-0.656621,-5.01042e-293,0.0573382,0.0320507
0,-0.0596275,-0.932806,-0.637696,1.11254e-308,0.0606684,0.0355948
0,-0.0604313,-0.9221,-0.618977,1.2154e-321,0.0642515,0.0392906
0,-0.061374,-0.911131,-0.600471,1.2154e-321,0.0681077,0.0432009
0,-0.0616759,-0.899915,-0.582182,1.2154e-321,0.0722584,0.0476278
0,-0.061509,-0.888467,-0.564117,1.2154e-321,0.0767268,0.0524762
0,-0.0624654,-0.876807,-0.546279,1.2154e-321,0.0815378,0.0570899
0,-0.0639427,-0.864947,-0.528673,1.2154e-321,0.0867182,0.0617017
0,-0.0670549,-0.852902,-0.511303,1.2154e-321,0.092297,0.0658155
0,-0.0664266,-0.840679,-0.494172,1.2154e-321,0.098305,0.0715424
0,-0.0648238,-0.828301,-0.477285,1.2154e-321,0.104768,0.0775554
0,-0.0596235,-0.815779,-0.460645,1.2154e-321,0.111719,0.0850185
0,-0.0530124,-0.803132,-0.444254,1.2154e-321,0.119198,0.0928771
0,-0.0455036,-0.79037,-0.428116,1.2154e-321,0.127234,0.100882
0,-0.0355083,-0.777495,-0.412232,1.2154e-321,0.135808,0.109598
0.00693253,-0.0252513,-0.7645,-0.396605,1.2154e-321,0.144724,0.118043
0.0232444,-0.0220155,-0.751434,-0.381237,1.2154e-321,0.153594,0.123283
0.0395562,-0.0212075,-0.738569,-0.36613,1.2154e-321,0.162129,0.126608
0.0558681,-0.0113744,-0.726927,-0.351275,-0.00574983,0.170228,0.130196
0.0721799,0.0021799,-0.718577,-0.336591,-0.0189057,0.17784,0.131587
0.0884917,0.0184917,-0.715935,-0.322102,-0.0175913,0.184922,0.134634
0.104804,0.0348036,-0.718615,-0.307753,-0.0163459,0.191434,0.138967
0.121115,0.0511154,-0.721833,-0.293413,-0.0155329,0.197331,0.145474
-0.10725,-0.160456,-0.722099,-0.279041,0.00560879,-0.0421109,-0.081117
-0.0852294,-0.120183,-0.707261,-0.259638,0.00774885,-0.0376481,-0.0667675
-0.0746267,-0.102627,-0.692335,-0.250275,0.00903799,-0.0339642,-0.060162
-0.0583148,-0.0752726,-0.677603,-0.236264,0.00456547,-0.03104,-0.0496692
-0.042003,-0.0462512,-0.662978,-0.22255,-6.35539e-11,-0.0289822,-0.0389401
-0.0256911,-0.0205494,-0.64833,-0.209129,0,-0.027855,-0.0297914
-0.00937931,0.0038391,-0.633232,-0.196075,0,-0.0276714,-0.0212979
0,0.0216485,-0.618023,-0.18332,0,-0.0282674,-0.0155502
0,0.0396767,-0.602848,-0.170868,0,-0.0292885,-0.00972164
0,0.0510709,-0.587764,-0.15872,0,-0.0304809,-0.00664079
0,0.0571111,-0.57279,-0.146874,0,-0.0317832,-0.00569568
0,0.0652861,-0.557929,-0.135328,0,-0.0331849,-0.00392454
0,0.0677333,-0.543195,-0.124081,0,-0.0346889,-0.00459232
0,0.068482,-0.52859,-0.113128,0,-0.0363024,-0.00598177
0,0.0687463,-0.514122,-0.102462,0,-0.0380341,-0.00768288
0,0.0697107,-0.499792,-0.0920924,0,-0.0398934,-0.00925515
0,0.07,-0.485544,-0.0820106,0,-0.0418907,-0.0103098
0,0.07,-0.471393,-0.0722142,0,-0.044037,-0.0118177
0,0.07,-0.457354,-0.0626307,0,-0.0463442,-0.0136878
0,0.07,-0.443431,-0.0533292,0,-0.0488248,-0.0157275
0,0.07,-0.429634,-0.0443074,0,-0.0514923,-0.0180834
0,0.07,-0.415945,-0.035563,0,-0.0543616,-0.0203792
0,0.07,-0.402338,-0.0270935,0,-0.0574487,-0.0228333
0,0.07,-0.388815,-0.018897,0,-0.0607709,-0.0254988
0,0.07,-0.3754,-0.010972,0,-0.0643466,-0.0286127
0,0.07,-0.362093,-0.00331644,0,-0.0681959,-0.032001
0,0.07,-0.348886,0.0040718,0,-0.0723402,-0.035653
0,0.07,-0.335775,0.0111948,0,-0.0768026,-0.0394593
0,0.07,-0.322758,0.0180545,0,-0.0816081,-0.0433866
0,0.07,-0.309803,0.0246529,0,-0.0867835,-0.0471756
0,0.07,-0.296901,0.0309914,0,-0.0923575,-0.0509324
0,0.07,-0.284096,0.0370714,0,-0.0983611,-0.0550234
0,0.07,-0.271584,0.0428941,0,-0.104757,-0.0597563
0,0.07,-0.259408,0.0484634,0,-0.111561,-0.0652419
0,0.07,-0.247468,0.0537855,0,-0.118872,-0.0712958
0,0.07,-0.234646,0.0588722,0,-0.126734,-0.0765277
0,0.07,-0.220431,0.063719,0.00143078,-0.135135,-0.0829415
-0.00606928,0.0639307,-0.205269,0.0682911,0.0144195,-0.143899,-0.0901536
-0.022254,0.047746,-0.18819,0.0725708,0.0222769,-0.152642,-0.0975689
-0.0384388,0.0315612,-0.159656,0.0765652,0.0184301,-0.161063,-0.102249
-0.0546235,0.0153765,-0.127116,0.0801007,0.0208677,-0.16906,-0.108491
-0.0708083,-0.000808297,-0.0735679,0.083001,0.0181799,-0.176578,-0.113835
-0.0869931,-0.0169931,-0.00235764,0.0851417,0.0166796,-0.183577,-0.120536
-0.103178,-0.0331778,0.0608055,0.0860434,0.0154513,-0.190015,-0.129031
-0.119363,-0.0493626,0.116179,0.0854905,0.0131753,-0.195849,-0.13783
0.107224,0.170497,0.117307,0.0842744,-0.00490241,0.0417389,0.0841714
0.0845653,0.130293,0.116455,0.0825718,-0.00713886,0.0373258,0.0694792
0.0748545,0.117974,0.115518,0.0811924,-0.00730783,0.0336819,0.0650211
0.0586697,0.0937853,0.114283,0.0788708,-0.00464461,0.030777,0.0564177
0.042485,0.0697957,0.113026,0.076571,1.99536e-11,0.0287242,0.047657
0.0263002,0.0441573,0.111736,0.0742966,-3.23117e-27,0.0275898,0.0384643
0.0101155,0.0203175,0.110378,0.0720541,7.17465e-43,0.0273911,0.0301973
0,0.00300834,0.108982,0.0698384,-1.59309e-58,0.027981,0.0246501
0,-0.0122493,0.107556,0.0676504,3.53737e-74,0.0290101,0.0199293
0,-0.0248769,0.106106,0.0654907,-7.85455e-90,0.030213,0.016322
0,-0.0326734,0.104638,0.0633599,1.74406e-105,0.0315253,0.0147019
0,-0.0399098,0.103148,0.0612584,-3.87259e-121,0.0329358,0.0133388
0,-0.0420004,0.101645,0.0591865,8.59888e-137,0.0344473,0.0141399
0,-0.0420322,0.100125,0.0571445,-1.90934e-152,0.036067,0.0158142
0,-0.0399181,0.0985907,0.0551329,4.23958e-168,0.0378035,0.018457
0,-0.0383302,0.097041,0.0531519,-9.41375e-184,0.0396663,0.0210137
0,-0.0394509,0.0954749,0.0512018,2.09027e-199,0.0416659,0.0226685
0,-0.0403069,0.0938973,0.0492829,-4.64134e-215,0.0438132,0.0246571
0,-0.0420588,0.0923082,0.0473955,1.03058e-230,0.0461201,0.0264849
0,-0.044137,0.0907097,0.045539,-2.28836e-246,0.0485992,0.0284113
0,-0.045751,0.0891041,0.0437152,5.08117e-262,0.051264,0.0307587
0,-0.046277,0.0874934,0.0419235,-1.12825e-277,0.0541292,0.0337773
0,-0.0469208,0.0858775,0.040164,2.50521e-293,0.057211,0.0369872
0,-0.0480522,0.0842571,0.0384278,-5.56268e-309,0.0605264,0.0402671
0,-0.0509651,0.082632,0.036724,1.89227e-321,0.0640941,0.0431102
0,-0.0549534,0.0810041,0.0350519,1.89227e-321,0.0679339,0.0458175
0,-0.0584983,0.0793762,0.0334123,1.89227e-321,0.0720672,0.0489774
0,-0.0625001,0.0777483,0.0318052,1.89227e-321,0.0765172,0.052193
0,-0.0654723,0.0761229,0.0302315,1.89227e-321,0.0813087,0.0560492
0,-0.0689929,0.0744995,0.0286871,1.89227e-321,0.0864683,0.0598615
0,-0.07,0.0728084,0.027176,1.89227e-321,0.0920248,0.0637351
0,-0.07,0.0710782,0.025692,1.89227e-321,0.098009,0.0684701
0,-0.0605883,0.0695585,0.0225612,1.89227e-321,0.104843,0.0808863
0,-0.0251002,0.0678917,0.0188287,1.89227e-321,0.113314,0.101661
0.000793632,-0.0233672,0.066196,0.0180628,1.89227e-321,0.122984,0.106822
0.0115077,-0.022083,0.0645252,0.0171489,1.89227e-321,0.132678,0.111959
0.0273803,-0.0233348,0.0628696,0.01584,1.89227e-321,0.141999,0.115645
0.0432529,-0.0207855,0.0604518,0.0145627,-0.00167248,0.15086,0.119063
0.0591256,-0.00995686,0.0566267,0.0133223,-0.0136428,0.15922,0.122668
0.0749982,0.00499821,0.0442206,0.012119,-0.0110886,0.167044,0.125093
0.0908708,0.0208708,0.0245049,0.0110112,-0.0106227,0.174296,0.129676
0.106743,0.0367435,-0.00672669,0.0101761,-0.00954212,0.180941,0.134524
-0.115473,-0.172885,-0.00729725,0.00968601,0.00309761,-0.0511525,-0.0882622
-0.0888868,-0.133161,-0.00711853,0.0088651,0.00476842,-0.0459528,-0.0738845
-0.0757918,-0.116526,-0.00685222,0.0089696,0.00398719,-0.0416096,-0.0675248
-0.0626969,-0.10022,-0.00650563,0.00908715,0.00387798,-0.0380395,-0.0615474
-0.0499988,-0.0859066,-0.00598665,0.00919692,2.29018e-11,-0.0352358,-0.0563941
-0.0361102,-0.0715488,-0.00548405,0.00931068,-3.23117e-27,-0.0332344,-0.0510834
-0.0202376,-0.052378,-0.00497906,0.00942564,7.17465e-43,-0.0321188,-0.0442229
-0.00436498,-0.0355705,-0.0044746,0.00953052,-1.59309e-58,-0.0319201,-0.0385562
0,-0.0255762,-0.00398677,0.00962556,3.53737e-74,-0.0323998,-0.0357102
0,-0.0141537,-0.00350951,0.00971066,-7.85455e-90,-0.0332065,-0.0323003
0,-0.00740704,-0.00305007,0.00978586,1.74406e-105,-0.0341748,-0.0308847
0,-0.000789849,-0.00260368,0.00985192,-3.87259e-121,-0.0352657,-0.0295601
0,0.00479126,-0.00217124,0.0099089,8.59888e-137,-0.0364736,-0.0287669
0,0.00858533,-0.00175343,0.00995687,-1.90934e-152,-0.037802,-0.0288018
0,0.0109074,-0.00134977,0.00999653,4.23958e-168,-0.0392574,-0.0295393
0,0.0116912,-0.000960177,0.0100278,-9.41375e-184,-0.0408478,-0.0310233
0,0.0115113,-0.000583884,0.0100511,2.09027e-199,-0.0425817,-0.0330372
0,0.0110415,-0.000220011,0.0100667,-4.64134e-215,-0.0444689,-0.0353348
0,0.0108576,0.000132216,0.0100749,1.03058e-230,-0.0465198,-0.0377115
0,0.0116441,0.000473688,0.010076,-2.28836e-246,-0.0487455,-0.0399159
0,0.0142266,0.000805442,0.0100701,5.08117e-262,-0.0511581,-0.0416437
0,0.0184493,0.00112747,0.0100575,-1.12825e-277,-0.0537709,-0.0429842
0,0.0249819,0.00144064,0.0100383,2.50521e-293,-0.0565983,-0.0436798
0,0.031703,0.00174287,0.0100129,-5.56268e-309,-0.0596562,-0.0445977
0,0.0372508,0.00203288,0.00998123,1.89227e-321,-0.0629616,-0.0462555
0,0.0415816,0.00231079,0.00994391,1.89227e-321,-0.0665329,-0.048652
0,0.0478517,0.00258012,0.00990061,1.89227e-321,-0.0703902,-0.0505233
0,0.0546754,0.00283957,0.00985197,1.89227e-321,-0.0745548,-0.0524614
0,0.0620529,0.00308929,0.0097979,1.89227e-321,-0.0790501,-0.0544277
0,0.0686736,0.00332791,0.00973874,1.89227e-321,-0.0839011,-0.0569198
0,0.07,0.00367665,0.00967469,1.89227e-321,-0.0891348,-0.0598213
0,0.07,0.004155,0.00960499,1.89227e-321,-0.0947803,-0.063019
0,0.07,0.00467309,0.00952954,1.89227e-321,-0.100869,-0.0675644
0,0.07,0.00504801,0.00944437,1.89227e-321,-0.107205,-0.0727227
0,0.07,0.00535999,0.0093496,1.89227e-321,-0.113755,-0.0785021
0,0.07,0.0055025,0.00924739,1.89227e-321,-0.120771,-0.0857809
0,0.05943,0.00562053,0.00913962,1.89227e-321,-0.128331,-0.0948455
0,0.0550482,0.00573651,0.00902916,1.89227e-321,-0.136422,-0.100958
-0.0083417,0.0525281,0.00592675,0.0089157,1.89227e-321,-0.144826,-0.105751
-0.0242306,0.0457694,0.00829242,0.00879831,0.000806467,-0.153164,-0.106671
-0.0401196,0.0298804,0.0203494,0.00866321,0.0157269,-0.161179,-0.105516
-0.0560085,0.0139915,0.0458043,0.00842502,0.01753,-0.168782,-0.107732
-0.0718975,-0.00189749,0.144993,0.0078144,0.0147165,-0.17592,-0.109538
-0.0877864,-0.0177864,0.378658,0.00630318,0.0143139,-0.182553,-0.114827
-0.103675,-0.0336754,0.747044,0.0018845,0.0127432,-0.18864,-0.121797
0.11877,0.18877,0.756512,-0.00881994,-0.0040984,0.0441979,0.101436
0.0945392,0.164539,0.735888,-0.0316048,-0.00664881,0.0394102,0.0869399
0.0854031,0.155403,0.71411,-0.0402999,-0.00585626,0.035342,0.0817067
0.071103,0.138682,0.691871,-0.0534147,-0.00476374,0.0319439,0.0749572
0.0552141,0.119285,0.668991,-0.0675078,-0.00326846,0.0293072,0.0671829
0.0393251,0.0932227,0.645532,-0.0811508,2.17686e-11,0.0275176,0.057637
0.0234362,0.066788,0.62171,-0.0943312,-4.84676e-27,0.0266318,0.0470654
0.00754725,0.0381006,0.597408,-0.107039,7.17465e-43,0.0266543,0.0369199
0,0.0165746,0.573233,-0.119133,-1.59309e-58,0.0273964,0.029799
0,-0.00126016,0.549397,-0.130743,3.53737e-74,0.0285116,0.0241441
0,-0.0153905,0.525966,-0.141874,-7.85455e-90,0.0297814,0.0200049
0,-0.0237651,0.502967,-0.152534,1.74406e-105,0.0311538,0.0182054
0,-0.0326652,0.480401,-0.162731,-3.87259e-121,0.032621,0.0162153
0,-0.0363258,0.458276,-0.172475,8.59888e-137,0.0341873,0.0164439
0,-0.0389501,0.436587,-0.181773,-1.90934e-152,0.03586,0.0171368
0,-0.0401344,0.415336,-0.190635,4.23958e-168,0.0376484,0.0185329
0,-0.0351211,0.394527,-0.199069,-9.41375e-184,0.0395622,0.0225396
0,-0.0335301,0.374148,-0.207084,2.09027e-199,0.041612,0.0252579
0,-0.0344357,0.354201,-0.21469,-4.64134e-215,0.0438092,0.0272198
0,-0.0346158,0.334687,-0.221893,1.03058e-230,0.046166,0.0297118
0,-0.0369118,0.315601,-0.228704,-2.28836e-246,0.048695,0.0315648
0,-0.0401678,0.296944,-0.235131,5.08117e-262,0.0514103,0.033299
0,-0.0452687,0.278713,-0.241182,-1.12825e-277,0.0543269,0.0345564
0,-0.0505794,0.260907,-0.246865,2.50521e-293,0.057461,0.0360142
0,-0.0569398,0.243524,-0.25219,-5.56268e-309,0.0608301,0.0373193
0,-0.0640746,0.226562,-0.257165,1.89227e-321,0.0644531,0.0385983
0,-0.07,0.210012,-0.261798,1.89227e-321,0.0683503,0.0404432
0,-0.07,0.19373,-0.266097,1.89227e-321,0.0725433,0.0426913
0,-0.07,0.177762,-0.270151,1.89227e-321,0.0770556,0.0458945
0,-0.07,0.162024,-0.273882,1.89227e-321,0.0819123,0.0486997
0,-0.07,0.146562,-0.277311,1.89227e-321,0.0871405,0.0522794
0,-0.07,0.13139,-0.280413,1.89227e-321,0.0927694,0.0561531
0,-0.07,0.116661,-0.283207,1.89227e-321,0.0988302,0.0616815
0,-0.07,0.102546,-0.285703,1.89227e-321,0.10528,0.0684621
0,-0.07,0.0889877,-0.287909,1.89227e-321,0.112132,0.0757529
0,-0.07,0.0760294,-0.289838,1.89227e-321,0.119492,0.0837677
0,-0.0671107,0.0636677,-0.291501,1.89227e-321,0.127405,0.0925801
0,-0.0595099,0.0517033,-0.29291,1.89227e-321,0.135855,0.100336
0.00689336,-0.0526895,0.0400957,-0.294016,1.89227e-321,0.144649,0.10719
0.023113,-0.0427951,0.0279739,-0.294888,1.89227e-321,0.153402,0.112162
0.0393327,-0.0306673,0.0142849,-0.295593,-0.0145206,0.161826,0.114676
0.0555524,-0.0144476,-0.00477688,-0.296049,-0.0186362,0.169822,0.118258
0.0717721,0.00177205,-0.0392264,-0.296202,-0.0157259,0.177336,0.120143
0.0879917,0.0179917,-0.10706,-0.295848,-0.0142792,0.184327,0.123458
0.104211,0.0342114,-0.239532,-0.294588,-0.0127513,0.190754,0.128514
0.120431,0.0504311,-0.481293,-0.291454,-0.011148,0.196573,0.134979
-0.106644,-0.172683,-0.483307,-0.286663,0.00537874,-0.041558,-0.0861072
-0.0810984,-0.129383,-0.476994,-0.279118,0.00417873,-0.0371989,-0.0691366
-0.0709611,-0.111387,-0.470379,-0.273198,0.0037618,-0.0336634,-0.0632175
-0.0579853,-0.090707,-0.463613,-0.265593,0.00316349,-0.0308494,-0.0555464
-0.0417657,-0.0657854,-0.456871,-0.256246,-3.44412e-11,-0.0288393,-0.0463634
-0.025546,-0.0386933,-0.450045,-0.247031,6.46235e-27,-0.0277388,-0.0366056
-0.00932631,-0.0157938,-0.442925,-0.237989,-1.43493e-42,-0.0275716,-0.0287355
0,0.00162038,-0.435666,-0.229088,3.18618e-58,-0.0281779,-0.0231296
0,0.019909,-0.42833,-0.220331,-7.07475e-74,-0.0292064,-0.0171973
0,0.0352805,-0.420945,-0.211721,1.57091e-89,-0.030405,-0.0125384
0,0.0436727,-0.41353,-0.203258,-3.48812e-105,-0.0317128,-0.0107208
0,0.054091,-0.406082,-0.194942,7.74518e-121,-0.0331196,-0.00809548
0,0.0568453,-0.398618,-0.186776,-1.71978e-136,-0.0346284,-0.00868027
0,0.0582636,-0.391137,-0.178759,3.81867e-152,-0.0362463,-0.00981207
0,0.0591429,-0.383643,-0.170891,-8.47915e-168,-0.037982,-0.0112826
0,0.0593256,-0.376143,-0.163174,1.88275e-183,-0.0398451,-0.0131811
0,0.0617158,-0.368639,-0.155606,-4.18054e-199,-0.0418459,-0.0143599
0,0.065296,-0.361137,-0.148188,9.28267e-215,-0.0439955,-0.015285
0,0.0697468,-0.35364,-0.14092,-2.06117e-230,-0.0463057,-0.0160825
0,0.07,-0.34604,-0.133802,2.28836e-246,-0.048789,-0.0170175
0,0.07,-0.33835,-0.126836,-5.08117e-262,-0.0514592,-0.0183393
0,0.07,-0.330562,-0.119984,8.46185e-278,-0.0543309,-0.0199107
0,0.07,-0.322653,-0.113287,-1.25261e-293,-0.0574202,-0.0217326
0,0.07,-0.314679,-0.106747,2.78134e-309,-0.0607444,-0.0243016
0,0.07,-0.306619,-0.100366,-4.99006e-322,-0.0643221,-0.0271542
0,0.07,-0.298454,-0.094145,-4.99006e-322,-0.0681731,-0.0300895
0,0.07,-0.290221,-0.0880861,-4.99006e-322,-0.0723191,-0.0334745
0,0.07,-0.281945,-0.0821912,-4.99006e-322,-0.076783,-0.0371913
0,0.07,-0.273639,-0.0764612,-4.99006e-322,-0.08159,-0.0411868
0,0.07,-0.265253,-0.0708971,-4.99006e-322,-0.0867666,-0.0450167
0,0.07,-0.256743,-0.0654998,-4.99006e-322,-0.0923418,-0.0486188
0,0.07,-0.248088,-0.0602713,-4.99006e-322,-0.0983466,-0.0520467
0,0.07,-0.239638,-0.0552143,-4.99006e-322,-0.104715,-0.0564121
0,0.07,-0.231346,-0.0503286,-4.99006e-322,-0.111452,-0.0614406
0,0.07,-0.222393,-0.0456022,-4.99006e-322,-0.118687,-0.0670698
0,0.07,-0.211471,-0.0410514,-4.99006e-322,-0.126471,-0.0721049
0,0.07,-0.198523,-0.0366909,0.0140793,-0.134797,-0.0777518
-0.00524948,0.0647505,-0.181174,-0.0325651,0.0223607,-0.143506,-0.0838528
-0.0214017,0.0485983,-0.155683,-0.0287074,0.0225851,-0.152216,-0.0901607
-0.037554,0.032446,-0.0985004,-0.0253133,0.0187117,-0.160613,-0.0944103
-0.0537062,0.0162938,-0.0333784,-0.0225999,0.0209639,-0.168591,-0.101201
-0.0698584,0.000141567,0.13637,-0.021216,0.0181826,-0.176096,-0.106672
-0.0860107,-0.0160107,0.464731,-0.0216518,0.0171274,-0.183086,-0.113479
-0.102163,-0.0321629,0.866844,-0.0270061,0.0156028,-0.18952,-0.120976
-0.118315,-0.0483151,1.39731,-0.0397187,0.0125656,-0.195354,-0.129143
0.107816,0.177816,1.40173,-0.0570556,-0.00619616,0.0417404,0.0919649
0.0815688,0.144156,1.356,-0.085228,-0.00502744,0.0373555,0.0751087
0.0815688,0.135139,1.30906,-0.085228,-0.00502744,0.0336639,0.0703339
0.0593595,0.114271,1.26421,-0.122634,-0.00516924,0.0306482,0.0641543
0.0432072,0.0915713,1.2193,-0.148412,3.58391e-12,0.0285507,0.0564723
0.027055,0.0655011,1.17481,-0.173314,-8.07794e-28,0.027385,0.0469376
0.0109028,0.0398314,1.12944,-0.1973,1.79366e-43,0.0271583,0.0379289
0,0.0182029,1.08405,-0.220161,-3.98273e-59,0.0277356,0.0306688
0,-0.000242043,1.03922,-0.242114,8.84344e-75,0.0287689,0.0247259
0,-0.014062,0.995123,-0.263168,-1.96364e-90,0.0299793,0.0206755
0,-0.02313,0.951814,-0.283335,4.36015e-106,0.0312991,0.0185496
0,-0.0317608,0.909312,-0.302631,-9.68148e-122,0.0327161,0.0166322
0,-0.0348549,0.86763,-0.321072,2.14972e-137,0.034233,0.0170363
0,-0.0348871,0.826768,-0.338675,-4.77334e-153,0.0358569,0.0187075
0,-0.0327608,0.786726,-0.355455,1.05989e-168,0.0375964,0.0213362
0,-0.0312662,0.7475,-0.37143,-2.35344e-184,0.0394611,0.0238358
0,-0.0319171,0.709089,-0.386615,5.22568e-200,0.0414613,0.0256592
0,-0.0309098,0.671494,-0.401028,-1.16033e-215,0.0436081,0.0283636
0,-0.0322618,0.634708,-0.414683,2.57646e-231,0.0459134,0.0303008
0,-0.0359645,0.59873,-0.427598,-5.72089e-247,0.0483898,0.0315501
0,-0.0398362,0.563558,-0.439789,1.27029e-262,0.0510506,0.0329981
0,-0.045001,0.529188,-0.451271,-2.82062e-278,0.0539108,0.0341757
0,-0.050312,0.495618,-0.462061,6.26303e-294,0.0569862,0.0355693
0,-0.0557483,0.462843,-0.472174,-1.39067e-309,0.060294,0.037178
0,-0.0618734,0.430859,-0.481628,1.68476e-321,0.0638527,0.0387807
0,-0.0684635,0.399669,-0.490437,1.68476e-321,0.0676822,0.0404749
0,-0.07,0.369175,-0.498618,1.68476e-321,0.0718039,0.0429155
0,-0.07,0.339346,-0.506184,1.68476e-321,0.0762407,0.0458339
0,-0.07,0.310207,-0.513299,1.68476e-321,0.0810174,0.0494721
0,-0.07,0.281723,-0.519824,1.68476e-321,0.0861607,0.0532534
0,-0.07,0.253936,-0.525772,1.68476e-321,0.0916991,0.0577264
0,-0.07,0.226954,-0.531156,1.68476e-321,0.0976636,0.0634896
0,-0.07,0.200787,-0.535992,1.68476e-321,0.104077,0.0695451
0,-0.07,0.175482,-0.540295,1.68476e-321,0.11097,0.0768483
0,-0.07,0.151079,-0.544083,1.68476e-321,0.118389,0.0846698
0,-0.0655807,0.127548,-0.547373,1.68476e-321,0.126361,0.0929544
0,-0.0557222,0.104794,-0.550183,1.68476e-321,0.134878,0.101676
0.00529873,-0.0444212,0.082797,-0.552416,1.68476e-321,0.143774,0.11056
0.0216025,-0.0382063,0.0615074,-0.554204,1.68476e-321,0.152665,0.116632
0.0379063,-0.0292102,0.0399353,-0.555583,-0.0010871,0.161234,0.120487
0.05421,-0.01579,0.0182117,-0.55664,-0.016072,0.169374,0.124734
0.0705138,0.00051382,-0.00963149,-0.557276,-0.0179151,0.177031,0.12703
0.0868176,0.0168176,-0.0438425,-0.557445,-0.0161989,0.184163,0.130896
0.103121,0.0331214,-0.0826463,-0.556979,-0.0150462,0.190729,0.136562
0.119425,0.0494251,-0.123751,-0.555772,-0.0132837,0.196685,0.143318
-0.108828,-0.157029,-0.123886,-0.554119,0.00479565,-0.0425708,-0.0800234
-0.0855948,-0.112298,-0.137183,-0.551764,0.00704992,-0.0380509,-0.0640577
-0.0762201,-0.0983071,-0.15037,-0.550339,0.00665808,-0.0343065,-0.058343
-0.0599164,-0.0736168,-0.162917,-0.547484,0.00535643,-0.0313018,-0.0488401
-0.0436126,-0.0469681,-0.17499,-0.544363,-5.76239e-11,-0.0291537,-0.039003
-0.0273088,-0.0213017,-0.186628,-0.540996,6.46235e-27,-0.0279306,-0.0298222
-0.011005,0.00360887,-0.198172,-0.537334,-1.43493e-42,-0.0276539,-0.0211143
0,0.0227259,-0.209381,-0.533439,3.18618e-58,-0.0281905,-0.0148512
0,0.0399652,-0.220126,-0.529319,-7.07475e-74,-0.0291895,-0.00935814
0,0.0531758,-0.23038,-0.524981,1.57091e-89,-0.030369,-0.00554017
0,0.0567086,-0.240148,-0.520435,-3.48812e-105,-0.0316604,-0.00562327
0,0.0634095,-0.24942,-0.515691,7.74518e-121,-0.0330511,-0.00440033
0,0.0648084,-0.258207,-0.510758,-1.71978e-136,-0.0345437,-0.00546072
0,0.0651818,-0.266522,-0.505646,3.81867e-152,-0.0361449,-0.00697912
0,0.0662576,-0.274375,-0.500366,-8.47915e-168,-0.0378635,-0.00834399
0,0.067322,-0.281776,-0.494925,1.88275e-183,-0.0397088,-0.00988072
0,0.07,-0.288712,-0.489334,-4.18054e-199,-0.041691,-0.0106411
0,0.07,-0.295157,-0.483602,9.28267e-215,-0.0438211,-0.0121074
0,0.07,-0.301123,-0.47777,-2.06117e-230,-0.046111,-0.0137243
0,0.07,-0.306606,-0.471813,4.57671e-246,-0.0485729,-0.0153155
0,0.07,-0.31162,-0.465741,-1.01623e-261,-0.0512205,-0.0171681
0,0.07,-0.316201,-0.459564,3.38474e-277,-0.0540683,-0.0197969
0,0.07,-0.320403,-0.45329,-5.01042e-293,-0.0571322,-0.0231449
0,0.07,-0.324268,-0.446928,1.11254e-308,-0.0604295,-0.0270619
0,0.07,-0.327814,-0.440485,1.61065e-321,-0.0639783,-0.0313491
0,0.07,-0.33103,-0.433968,1.61065e-321,-0.0677987,-0.035705
0,0.07,-0.3339,-0.427383,1.61065e-321,-0.0719119,-0.039969
0,0.07,-0.336414,-0.420736,1.61065e-321,-0.0763409,-0.0442766
0,0.07,-0.33854,-0.414036,1.61065e-321,-0.0811103,-0.0483957
0,0.07,-0.34032,-0.407288,1.61065e-321,-0.0862468,-0.0530175
0,0.07,-0.341723,-0.400502,1.61065e-321,-0.091779,-0.0573206
0,0.07,-0.342717,-0.393682,1.61065e-321,-0.0977376,-0.0612536
0,0.07,-0.3434,-0.386839,1.61065e-321,-0.104096,-0.065537
0,0.07,-0.343818,-0.379979,1.61065e-321,-0.110873,-0.0706673
0,0.07,-0.343994,-0.373107,1.61065e-321,-0.118158,-0.0766344
0,0.07,-0.343914,-0.366229,1.61065e-321,-0.125993,-0.0823716
0,0.07,-0.343076,-0.35935,1.61065e-321,-0.134375,-0.0894082
-0.00445916,0.0653836,-0.340829,-0.352478,1.61065e-321,-0.143156,-0.0963404
-0.0206743,0.0493257,-0.336865,-0.345635,0.00930544,-0.151956,-0.103221
-0.0368894,0.0331106,-0.326623,-0.33885,0.019715,-0.160446,-0.106643
-0.0531046,0.0168954,-0.313269,-0.332184,0.0230621,-0.168516,-0.112568
-0.0693197,0.000680273,-0.285712,-0.325765,0.0205384,-0.17611,-0.115901
-0.0855349,-0.0155349,-0.2362,-0.319706,0.0186899,-0.183187,-0.120619
-0.10175,-0.03175,-0.18118,-0.314388,0.017647,-0.189706,-0.127687
-0.117965,-0.0479651,-0.123151,-0.310104,0.0151066,-0.195624,-0.13563
0.109047,0.177503,-0.120261,-0.306481,-0.004469,0.0423332,0.088624
0.0863456,0.142147,-0.125196,-0.301408,-0.00671064,0.0378301,0.0733663
0.0766165,0.128777,-0.130174,-0.299934,-0.00787454,0.0340926,0.0682002
0.0604014,0.101001,-0.135307,-0.297385,-0.00569426,0.03109,0.0587825
0.0441863,0.0745251,-0.140329,-0.294736,-1.32968e-11,0.0289357,0.0492971
0.0279711,0.0483969,-0.14516,-0.291987,3.23117e-27,0.0276978,0.0399232
0.011756,0.0235393,-0.149928,-0.289113,-7.17465e-43,0.0274011,0.0312385
0,0.00370296,-0.154507,-0.286143,1.59309e-58,0.0279288,0.0246833
0,-0.0125476,-0.158846,-0.28308,-3.53737e-74,0.0289336,0.0195927
0,-0.0262549,-0.162937,-0.279929,7.85455e-90,0.0301219,0.0155575
0,-0.0338707,-0.166776,-0.276695,-1.74406e-105,0.0314218,0.0140135
0,-0.041419,-0.170373,-0.273383,3.87259e-121,0.0328199,0.0125097
0,-0.0435505,-0.173729,-0.269997,-8.59888e-137,0.0343187,0.0132848
0,-0.0460208,-0.176855,-0.266542,1.90934e-152,0.0359249,0.0139706
0,-0.0485136,-0.179756,-0.263024,-4.23958e-168,0.0376472,0.0147946
0,-0.0507074,-0.182438,-0.259446,9.41375e-184,0.039495,0.015894
0,-0.0526055,-0.184906,-0.255814,-2.09027e-199,0.0414785,0.0172771
0,-0.0542873,-0.187165,-0.25213,4.64134e-215,0.0436087,0.0189272
0,-0.0555661,-0.189222,-0.248401,-1.03058e-230,0.0458975,0.0209348
0,-0.0577623,-0.191082,-0.244628,2.28836e-246,0.0483572,0.0227835
0,-0.0595156,-0.192749,-0.240818,-5.08117e-262,0.0510012,0.0250526
0,-0.0613457,-0.194229,-0.236973,1.12825e-277,0.0538443,0.027527
0,-0.063405,-0.195527,-0.233097,-2.50521e-293,0.0569023,0.0301652
0,-0.0662443,-0.196648,-0.229195,5.56268e-309,0.0601923,0.032758
0,-0.0692252,-0.197597,-0.225268,-1.89227e-321,0.0637326,0.0355731
0,-0.07,-0.198439,-0.221322,-1.89227e-321,0.067543,0.0385938
0,-0.07,-0.199185,-0.217358,-1.89227e-321,0.0716448,0.042076
0,-0.07,-0.199818,-0.213383,-1.89227e-321,0.0760609,0.0461001
0,-0.07,-0.200348,-0.209393,-1.89227e-321,0.0808159,0.0502557
0,-0.07,-0.200798,-0.205392,-1.89227e-321,0.0859363,0.0543123
0,-0.07,-0.201187,-0.201381,-1.89227e-321,0.0914506,0.0584161
0,-0.07,-0.201467,-0.197362,-1.89227e-321,0.0973896,0.0632873
0,-0.07,-0.2016,-0.193336,-1.89227e-321,0.103743,0.0682634
0,-0.07,-0.201562,-0.189305,-1.89227e-321,0.110533,0.0740554
0,-0.07,-0.20129,-0.185273,-1.89227e-321,0.117836,0.08072
0,-0.07,-0.200723,-0.181245,-1.89227e-321,0.12569,0.0878909
0,-0.0687105,-0.19985,-0.177224,-1.89227e-321,0.134094,0.0958478
0.00365889,-0.0580455,-0.199068,-0.173217,-1.89227e-321,0.142916,0.103909
0.0199206,-0.0459566,-0.198941,-0.169231,-1.89227e-321,0.151777,0.110336
0.0361823,-0.0338177,-0.200433,-0.165251,-0.00987931,0.160332,0.114418
0.052444,-0.017556,-0.202283,-0.16126,-0.021828,0.168467,0.120509
0.0687058,-0.00129424,-0.210215,-0.157238,-0.0202986,0.176126,0.124531
0.0849675,0.0149675,-0.224078,-0.153133,-0.0180287,0.183268,0.129065
0.101229,0.0312292,-0.238822,-0.148818,-0.0169494,0.189851,0.13622
0.117491,0.0474909,-0.253276,-0.144203,-0.0151529,0.195832,0.143788
-0.110173,-0.15854,-0.253393,-0.139427,0.00477207,-0.0427607,-0.0806673
-0.0878133,-0.116517,-0.249421,-0.132859,0.0069982,-0.0381904,-0.0655994
-0.0776497,-0.101561,-0.24547,-0.129701,0.00818038,-0.0343849,-0.0595015
-0.061388,-0.0778786,-0.241528,-0.124748,0.00676751,-0.0313189,-0.0503887
-0.0451263,-0.051629,-0.237579,-0.119872,-5.30596e-11,-0.0291025,-0.0406722
-0.0288645,-0.0248815,-0.233604,-0.115077,1.29247e-26,-0.0278039,-0.0310345
-0.0126028,-0.000902302,-0.229479,-0.110381,-2.86986e-42,-0.0274516,-0.0226996
0,0.0170153,-0.225279,-0.105767,6.37237e-58,-0.0279436,-0.0168891
0,0.0315264,-0.221053,-0.101236,-1.41495e-73,-0.0289331,-0.0124567
0,0.0458835,-0.216814,-0.0967899,3.14182e-89,-0.0301112,-0.00812856
0,0.0499196,-0.21258,-0.0924282,-6.97624e-105,-0.0314023,-0.00801671
0,0.0580738,-0.208339,-0.0881512,1.54904e-120,-0.032792,-0.00620845
0,0.0612005,-0.204105,-0.083959,-3.43955e-136,-0.0342821,-0.00658727
0,0.0625826,-0.199876,-0.0798515,7.63734e-152,-0.0358796,-0.00771402
0,0.0649512,-0.195653,-0.0758286,-1.69583e-167,-0.037593,-0.00856144
0,0.067021,-0.19144,-0.0718902,3.7655e-183,-0.0394315,-0.00969823
0,0.0695085,-0.187238,-0.0680361,-8.36109e-199,-0.0414053,-0.0108332
0,0.07,-0.182989,-0.0642661,1.85653e-214,-0.0435256,-0.0120028
0,0.07,-0.178707,-0.0605808,-4.12234e-230,-0.0458038,-0.0137197
0,0.07,-0.174397,-0.0569596,9.15342e-246,-0.0482525,-0.0156541
0,0.07,-0.170051,-0.0534242,-2.03247e-261,-0.0508851,-0.0176473
0,0.07,-0.165681,-0.0499754,4.51299e-277,-0.053716,-0.0200055
0,0.07,-0.161317,-0.0466137,-1.25261e-292,-0.0567611,-0.0230483
0,0.07,-0.156965,-0.0433394,0,-0.0600373,-0.0264594
0,0.07,-0.152642,-0.0401522,0,-0.0635631,-0.0302864
0,0.07,-0.148341,-0.0370518,0,-0.067358,-0.0342807
0,0.07,-0.144054,-0.0340377,0,-0.0714433,-0.0384032
0,0.07,-0.13977,-0.0311094,0,-0.0758417,-0.0426431
0,0.07,-0.135464,-0.0282669,0,-0.0805778,-0.0467984
0,0.07,-0.13109,-0.0255103,0,-0.085678,-0.0506119
0,0.07,-0.126611,-0.0228404,0,-0.0911707,-0.0541056
0,0.07,-0.122047,-0.0202589,0,-0.0970865,-0.0580298
0,0.07,-0.11747,-0.0177677,0,-0.103458,-0.062499
0,0.07,-0.11325,-0.015368,0,-0.109964,-0.0673576
0,0.07,-0.109157,-0.0130566,0,-0.116538,-0.0727504
0,0.07,-0.105256,-0.0108284,0,-0.123548,-0.0786662
0,0.07,-0.101308,-0.00868036,0,-0.131095,-0.0850672
0,0.0684035,-0.0969699,-0.0066088,0,-0.139145,-0.0921914
-0.0144973,0.0547813,-0.0921427,-0.00461951,0,-0.147368,-0.100354
-0.0301702,0.0398298,-0.0858171,-0.00272114,0.0118779,-0.155375,-0.104839
-0.045843,0.024157,-0.0745688,-0.000928895,0.0128117,-0.163021,-0.110144
-0.0615158,0.00848424,-0.058692,0.000703084,0.0130461,-0.170244,-0.115418
-0.0771886,-0.00718857,-0.0296403,0.00205157,0.0104424,-0.176998,-0.119729
-0.0928614,-0.0228614,0.00210087,0.002993,0.00984414,-0.183244,-0.126871
-0.108534,-0.0385342,0.0374944,0.003316,0.00786487,-0.188939,-0.134385
0.110885,0.166615,0.0377206,0.00295544,-0.00413085,0.041052,0.0828146
0.0889432,0.123861,0.0364776,0.0019056,-0.00251164,0.0366583,0.0673483
0.0795395,0.110657,0.0352437,0.00145307,-0.00166055,0.032972,0.0619532
0.0638667,0.0903247,0.0339945,0.000733381,-0.00109623,0.0299665,0.0541566
0.0481939,0.0681713,0.0328764,3.97497e-05,-6.06924e-12,0.0277499,0.046028
0.0325211,0.044042,0.0317797,-0.000630637,0,0.0263924,0.03738
0.0168483,0.021295,0.0306712,-0.00127281,0,0.0259401,0.0295079
0.00117546,0.000686495,0.0295547,-0.00189289,0,0.0263674,0.0226197
0,-0.0129136,0.0284555,-0.00249068,0,0.0273715,0.0186103
0,-0.0256921,0.0273723,-0.00306694,0,0.0285992,0.0149139
0,-0.0318088,0.0263127,-0.00362088,0,0.0299428,0.0139574
0,-0.0374373,0.0252709,-0.00415349,0,0.0313797,0.0131941
0,-0.040746,0.024249,-0.00466516,0,0.03291,0.0134601
0,-0.040798,0.0232484,-0.00515627,0,0.03454,0.015113
0,-0.0421167,0.0222643,-0.00562725,0,0.0362784,0.0163453
0,-0.0431797,0.0212984,-0.00607844,0,0.0381345,0.0178477
0,-0.0439936,0.0203508,-0.0065102,0,0.0401187,0.0196087
0,-0.0435823,0.0194224,-0.0069229,0,0.042242,0.0220332
0,-0.0424158,0.0185129,-0.00731692,0,0.0445162,0.0249339
0,-0.0433729,0.017619,-0.00769263,0,0.0469537,0.0271817
0,-0.046144,0.0167412,-0.00805529,0,0.0495678,0.0289606
0,-0.0493811,0.0158806,-0.00840021,0,0.0523728,0.0308184
0,-0.0531666,0.0150373,-0.00872772,0,0.0553845,0.0327137
0,-0.0570052,0.0142117,-0.00903859,0,0.0586196,0.0348553
0,-0.0595247,0.0134054,-0.00933314,0,0.0620963,0.0377895
0,-0.0621506,0.0126166,-0.00961173,0,0.0658338,0.0409279
0,-0.0648483,0.0118454,-0.0098759,0,0.0698532,0.0443021
0,-0.068616,0.0110908,-0.0101244,0,0.0741768,0.0475024
0,-0.0668616,0.0103546,-0.0105863,0,0.0790842,0.0557955
0,-0.07,0.00960625,-0.0107032,0,0.0845372,0.0582452
0,-0.07,0.00876575,-0.0108174,0,0.0901439,0.0607359
0,-0.07,0.00798013,-0.0110022,0,0.0959556,0.0665267
0,-0.07,0.00717927,-0.0111744,0,0.102213,0.0714874
0,-0.07,0.00629392,-0.0113308,0,0.109015,0.0752494
0,-0.07,0.0054006,-0.0114708,0,0.116349,0.0799909
0,-0.07,0.00463422,-0.0115931,0,0.124232,0.0865019
0,-0.0556898,0.00409568,-0.0117389,0,0.132779,0.0999737
0.0394273,-0.00787739,0.00364239,-0.0119965,0,0.141883,0.122707
0.0535085,0.000822265,0.00308631,-0.0120666,0,0.150985,0.129403
0.0696013,0.00704916,0.00187208,-0.0121353,-0.011054,0.159648,0.133636
0.0856941,0.0185039,-0.000661033,-0.0121958,-0.0178824,0.167742,0.137998
0.101787,0.0317869,-0.00696455,-0.012232,-0.0158676,0.175207,0.141618
0.11788,0.0478797,-0.0160223,-0.0122061,-0.0140833,0.182,0.146406
-0.107419,-0.147713,-0.0162568,-0.0120669,0.00396263,-0.0533128,-0.0809457
-0.0671874,-0.0848703,-0.0160428,-0.0117186,0.0081114,-0.0482876,-0.0598319
-0.0523016,-0.0650543,-0.0158695,-0.0114225,-2.19279e-11,-0.0444732,-0.0525087
-0.0394273,-0.05083,-0.0157005,-0.0111658,3.23117e-27,-0.0416276,-0.0468896
-0.0269554,-0.0368964,-0.0155267,-0.0109205,-7.17465e-43,-0.0396529,-0.0415443
-0.0108626,-0.0184004,-0.0153398,-0.0106081,1.59309e-58,-0.0385735,-0.034808
0,-0.00722151,-0.0151541,-0.0102993,-3.53737e-74,-0.0383314,-0.0312329
0,0.00975368,-0.0149574,-0.0099942,7.85455e-90,-0.0385966,-0.0253674
0,0.0240369,-0.0147592,-0.00969299,-1.74406e-105,-0.0390927,-0.0207863
0,0.0307187,-0.0145652,-0.00939592,3.87259e-121,-0.0397497,-0.0193216
0,0.0304388,-0.0143749,-0.00910219,-8.59888e-137,-0.0405519,-0.0206496
0,0.0252985,-0.0141863,-0.00881222,1.90934e-152,-0.0414987,-0.02395
0,0.0219146,-0.0139926,-0.00852576,-4.23958e-168,-0.042594,-0.0266236
0,0.0235364,-0.0137907,-0.00824368,9.41375e-184,-0.0438434,-0.0274858
0,0.0286553,-0.0135822,-0.00796554,-2.09027e-199,-0.0452537,-0.0272013
0,0.0355957,-0.0133694,-0.0076915,4.64134e-215,-0.0468325,-0.0264293
0,0.044093,-0.0131527,-0.00742156,-1.03058e-230,-0.0485887,-0.0252638
0,0.0521455,-0.0129344,-0.00715569,2.28836e-246,-0.0505317,-0.0245134
0,0.0578521,-0.0127167,-0.0068934,-5.08117e-262,-0.0526721,-0.0249196
0,0.07,-0.0123516,-0.00633722,8.46185e-278,-0.055198,-0.0231898
0,0.07,-0.0116206,-0.00612294,-1.25261e-293,-0.0581479,-0.0217221
0,0.07,-0.0105622,-0.00587883,1.39067e-309,-0.0613631,-0.0223695
0,0.07,-0.00916169,-0.00565065,-3.80431e-321,-0.064842,-0.023678
