-7.8245,-1.7663,214.825,-0.40107,2.30303,-0.07867
-7.7949,-1.7877,214.904,-0.40581,2.30232,-0.07971
-7.8101,-1.7985,215.073,-0.40188,2.29822,-0.08188
-7.8127,-1.644,215.018,-0.3955,2.30485,-0.08306
-7.9043,-1.5146,214.991,-0.39838,2.30883,-0.08293
-7.8609,-1.6453,215.047,-0.40107,2.3023,-0.08324
-7.9498,-1.4571,214.904,-0.3947,2.31089,-0.08353
-7.8474,-1.6038,215.025,-0.40123,2.30593,-0.08342
-7.8924,-1.5872,215.045,-0.40183,2.30993,-0.08494
-7.9511,-1.3783,214.998,-0.38961,2.30957,-0.08648
-7.8112,-1.4703,215.165,-0.38946,2.30033,-0.0889
-7.8638,-1.4445,215.13,-0.39099,2.30755,-0.08885
-7.9242,-1.3568,215.118,-0.3912,2.31217,-0.09098
-8.0551,-1.125,214.959,-0.39058,2.31674,-0.09114
-7.8978,-1.3759,214.972,-0.39842,2.30774,-0.09191
-7.9046,-1.4257,214.989,-0.3999,2.31055,-0.09154
-7.8676,-1.4991,215.009,-0.40477,2.30959,-0.09214
-7.8774,-1.3689,214.974,-0.39231,2.31343,-0.09442
-7.9239,-1.4352,215.055,-0.39989,2.31454,-0.09238
-7.914,-1.4802,215.022,-0.39618,2.3097,-0.09316
-7.9471,-1.5105,215.176,-0.39586,2.30928,-0.09321
-7.9185,-1.6122,215.121,-0.4034,2.30627,-0.09223
-7.9958,-1.3156,215.017,-0.39068,2.31219,-0.09262
-8.0609,-1.3177,215.083,-0.38954,2.31243,-0.09181
-7.9733,-1.3987,215.118,-0.39162,2.30678,-0.09146
-7.9343,-1.501,215.131,-0.39674,2.30739,-0.08997
-7.8755,-1.6136,215.168,-0.39982,2.30395,-0.09072
-7.9593,-1.4395,215.075,-0.39406,2.30966,-0.08966
-7.9851,-1.3595,214.953,-0.38981,2.31432,-0.09076
-8.1035,-1.3896,215.025,-0.39649,2.3168,-0.08906
-8.0149,-1.3944,215.07,-0.39354,2.30979,-0.09114
-7.9943,-1.3028,215.04,-0.38967,2.31012,-0.09144
-7.9452,-1.4532,215.237,-0.39474,2.30644,-0.09331
-8.0486,-1.2566,215.085,-0.392,2.31697,-0.09328
-7.9677,-1.3304,215.096,-0.38749,2.30816,-0.09574
-8.0022,-1.3086,215.032,-0.3907,2.31199,-0.09425
-7.9644,-1.4084,215.093,-0.39017,2.30972,-0.09638
-7.9862,-1.332,215.131,-0.39578,2.31107,-0.09492
-7.9455,-1.2595,214.997,-0.3901,2.30924,-0.09632
-7.956,-1.3014,215.059,-0.3885,2.31384,-0.09467
-7.9815,-1.4123,215.045,-0.40024,2.3117,-0.09095
-7.9208,-1.312,214.993,-0.39247,2.30846,-0.0926
-7.9175,-1.3158,215.034,-0.39017,2.30781,-0.09128
-7.992,-1.2255,214.93,-0.39116,2.3116,-0.09048
-7.9144,-1.3829,214.977,-0.39835,2.30454,-0.09016
-7.8454,-1.3757,214.989,-0.39392,2.30262,-0.09049
-7.8702,-1.3739,214.942,-0.39768,2.30809,-0.08983
-7.8381,-1.2902,214.897,-0.39008,2.30711,-0.09166
-7.8774,-1.3281,214.984,-0.39561,2.30546,-0.0908
-7.8309,-1.2622,214.953,-0.38919,2.30535,-0.09353
-7.7605,-1.3282,215.1,-0.39172,2.30661,-0.09507
-7.8005,-1.3957,215.098,-0.39824,2.30111,-0.09484
-7.88,-1.3274,215.098,-0.39311,2.30745,-0.09522
-7.9499,-1.2347,214.924,-0.39465,2.30993,-0.09322
-7.8753,-1.2828,214.916,-0.39386,2.30822,-0.09491
-7.7768,-1.4339,215.104,-0.39464,2.29599,-0.09782
-7.847,-1.3689,215.058,-0.39542,2.3046,-0.09679
-7.8986,-1.3301,214.865,-0.3994,2.30812,-0.09567
-7.8597,-1.3837,215.121,-0.39497,2.29902,-0.09922
-7.8583,-1.4141,214.969,-0.39748,2.30232,-0.09771
-7.7907,-1.4267,215.005,-0.39745,2.29591,-0.09797
-7.7878,-1.5782,215.045,-0.40446,2.29174,-0.09836
-7.8095,-1.5496,215.036,-0.40593,2.29874,-0.09755
-7.8462,-1.5859,214.963,-0.41029,2.30199,-0.09729
-7.9438,-1.3859,214.96,-0.40407,2.30593,-0.09736
-7.7895,-1.5363,215.103,-0.39925,2.29393,-0.09983
-7.8145,-1.5956,215.018,-0.40375,2.29744,-0.09813
-7.8779,-1.6042,214.837,-0.40712,2.29916,-0.09588
-7.9517,-1.4925,214.838,-0.40565,2.30764,-0.0951
-7.8911,-1.5879,215.096,-0.40512,2.30165,-0.09625
-7.955,-1.554,215.091,-0.40569,2.29919,-0.09429
-7.9273,-1.5763,215.209,-0.40256,2.29438,-0.09604
-7.8358,-1.7901,215.325,-0.41314,2.29307,-0.09383
-7.943,-1.5388,214.941,-0.40541,2.30464,-0.09172
-7.9024,-1.6782,215.121,-0.41135,2.29928,-0.09228
-7.9671,-1.5454,215.026,-0.40314,2.30418,-0.09093
-7.9605,-1.5907,215.098,-0.40639,2.30483,-0.09079
-7.9472,-1.5556,215.147,-0.40296,2.30266,-0.09274
-8.0178,-1.4923,215.072,-0.40154,2.3097,-0.09149
-8.0946,-1.4798,215.002,-0.40379,2.30996,-0.09019
-8.0293,-1.6874,215.112,-0.4123,2.30257,-0.08935
-8.0629,-1.6496,215.133,-0.40938,2.30876,-0.08933
-8.0268,-1.6724,215.206,-0.41093,2.30143,-0.08873
-7.9857,-1.6055,215.263,-0.40363,2.30238,-0.09047
-8.0146,-1.4037,215.048,-0.3931,2.30867,-0.0906
-8.1059,-1.4488,214.955,-0.40437,2.31336,-0.08711
-8.0995,-1.5896,214.937,-0.41268,2.30652,-0.0858
-8.1133,-1.5669,215.02,-0.40715,2.30962,-0.08648
-8.1392,-1.5644,215.065,-0.41225,2.31238,-0.08597
-8.1388,-1.438,215,-0.4018,2.31031,-0.08674
-8.0652,-1.4208,215.14,-0.40091,2.30954,-0.08662
-8.1171,-1.5031,214.98,-0.40937,2.31096,-0.08285
-7.9579,-1.6755,215.143,-0.40886,2.30516,-0.08374
-8.0151,-1.501,215.064,-0.40321,2.31299,-0.08307
-7.9728,-1.5826,215.256,-0.40134,2.30489,-0.08442
-7.9342,-1.3838,215.162,-0.39051,2.30535,-0.08506
-7.956,-1.4902,215.067,-0.4038,2.30931,-0.08188
-7.9277,-1.5439,215.034,-0.4035,2.30846,-0.08049
-7.957,-1.6073,214.936,-0.40762,2.31285,-0.0791
-7.9622,-1.588,215.058,-0.40482,2.30786,-0.07971
-8.0316,-1.423,215.027,-0.39896,2.31539,-0.08102
-7.9617,-1.6153,215.066,-0.4068,2.31462,-0.07963
-7.9592,-1.6135,215.091,-0.40402,2.31199,-0.0797
-7.9692,-1.7106,215.09,-0.41079,2.31237,-0.0793
-8.0166,-1.588,215.124,-0.40993,2.31956,-0.07936
-8.0153,-1.528,215.044,-0.40962,2.32147,-0.07867
-7.9702,-1.6821,215.119,-0.41833,2.31969,-0.07792
-7.9915,-1.5765,215.097,-0.40719,2.31538,-0.07742
-8.0296,-1.5503,215.155,-0.40844,2.32004,-0.07879
-7.9687,-1.6909,215.252,-0.41188,2.3153,-0.08063
-8.0038,-1.5233,215.11,-0.40864,2.32141,-0.08062
-7.9315,-1.6313,215.161,-0.40528,2.3157,-0.08216
-8.0063,-1.5359,214.981,-0.40667,2.32149,-0.07967
-7.9883,-1.5618,215.108,-0.40259,2.31909,-0.07982
-7.9706,-1.6904,215.07,-0.41089,2.31567,-0.07806
-7.8227,-1.9178,215.273,-0.4127,2.30115,-0.08034
-7.9876,-1.7477,215.017,-0.4148,2.31211,-0.07654
-8.0237,-1.5257,214.866,-0.41055,2.31878,-0.07762
-7.9912,-1.6066,215.039,-0.41207,2.31232,-0.07888
-7.9607,-1.5355,215.038,-0.41017,2.31175,-0.08044
-7.8982,-1.6758,214.992,-0.41674,2.30781,-0.08092
-7.9779,-1.6841,214.915,-0.4234,2.31007,-0.07852
-7.9776,-1.5515,214.988,-0.41272,2.3088,-0.08038
-7.94,-1.6959,215.106,-0.41909,2.31014,-0.0804
-8.0068,-1.537,215.096,-0.40994,2.31201,-0.0839
-7.9696,-1.5531,215.088,-0.40985,2.30736,-0.08559
-7.9873,-1.5647,215.039,-0.41416,2.30759,-0.08463
-7.9219,-1.5126,215.232,-0.40832,2.30615,-0.08787
-8.0121,-1.4478,215.103,-0.40517,2.30602,-0.08671
-8.0298,-1.5952,215.125,-0.41545,2.31381,-0.08484
-8.0209,-1.6474,215.073,-0.41662,2.30933,-0.08581
-8.0019,-1.5879,215.056,-0.41161,2.30742,-0.08708
-8.0282,-1.5862,215.158,-0.41035,2.30614,-0.08805
-8.0433,-1.6182,215.216,-0.41223,2.30423,-0.08988
-8.0355,-1.6691,215.133,-0.41725,2.30857,-0.089
-8.0546,-1.512,215.151,-0.40769,2.30853,-0.09034
-8.1105,-1.4906,215.071,-0.41467,2.30794,-0.0898
-8.0817,-1.4848,215.037,-0.4128,2.30907,-0.09092
-8.0888,-1.4419,215.159,-0.40654,2.30527,-0.09254
-8.0829,-1.4286,214.996,-0.40748,2.31343,-0.09274
-8.0647,-1.6648,215.138,-0.42215,2.30622,-0.09193
-8.1141,-1.495,215.025,-0.41063,2.30995,-0.09255
-8.1163,-1.5768,215.106,-0.41886,2.30872,-0.09187
-8.0974,-1.6183,215.328,-0.41528,2.30835,-0.0952
-8.048,-1.6455,215.134,-0.41422,2.30888,-0.09365
-8.1201,-1.6158,215.121,-0.41527,2.30838,-0.09238
-8.1218,-1.6638,215.246,-0.42061,2.30855,-0.09321
-8.0895,-1.766,215.216,-0.42151,2.30622,-0.09115
-8.2,-1.641,215.038,-0.42162,2.31555,-0.09178
-8.1653,-1.7204,215.135,-0.4229,2.31552,-0.09289
-8.179,-1.7297,215.079,-0.42465,2.3133,-0.09386
-8.1745,-1.634,215.079,-0.4164,2.31742,-0.09511
-8.1614,-1.5808,215.176,-0.41191,2.31407,-0.09597
-8.0842,-1.6793,215.284,-0.41278,2.3105,-0.09623
-8.1695,-1.626,215.145,-0.42225,2.31581,-0.09368
-8.1484,-1.674,215.055,-0.41741,2.31691,-0.09347
-8.1821,-1.636,215.126,-0.41503,2.31071,-0.0946
-8.1648,-1.6323,215.147,-0.41297,2.31915,-0.09664
-8.1849,-1.6313,215.146,-0.41322,2.31654,-0.09781
-8.2154,-1.5866,215.012,-0.41179,2.32044,-0.09575
-8.1714,-1.6819,215.124,-0.41279,2.31626,-0.0987
-8.1584,-1.6835,215.149,-0.41406,2.31601,-0.09875
-8.1975,-1.6057,215.143,-0.41477,2.3223,-0.09712
-8.121,-1.728,215.072,-0.41655,2.31916,-0.09633
-8.033,-1.7635,215.134,-0.41438,2.31633,-0.09754
-8.0522,-1.8425,215.159,-0.41716,2.30958,-0.09773
-8.0694,-1.8355,215.074,-0.42177,2.30919,-0.0976
-8.1138,-1.7973,215.116,-0.41791,2.30867,-0.09845
-8.0865,-1.8693,215.203,-0.42147,2.30891,-0.09826
-8.0388,-1.9098,215.1,-0.42102,2.30651,-0.09638
-8.0751,-1.8742,215.096,-0.4273,2.30439,-0.09634
-8.0956,-1.8403,215.11,-0.42377,2.31177,-0.09631
-8.082,-1.7597,215.103,-0.41981,2.31275,-0.09685
-8.1258,-1.8584,215.163,-0.42626,2.31138,-0.09482
-8.1939,-1.6322,215.076,-0.4166,2.31973,-0.09512
-8.1224,-1.7935,215.17,-0.41892,2.31687,-0.09554
-8.0927,-1.8639,215.351,-0.42266,2.31412,-0.09732
-8.1203,-1.7585,215.255,-0.42261,2.32054,-0.09655
-8.1471,-1.6989,215.118,-0.41827,2.32532,-0.09341
-8.2181,-1.6949,215.136,-0.4249,2.32734,-0.09179
-8.1376,-1.7147,215.268,-0.41595,2.31961,-0.09505
-8.1839,-1.7763,215.084,-0.42695,2.32254,-0.09132
-8.2111,-1.7258,215.27,-0.42705,2.32033,-0.09343
-8.1334,-1.72,215.321,-0.41615,2.32208,-0.09477
-8.0927,-1.7594,215.275,-0.41781,2.32087,-0.09228
-8.1641,-1.6242,215.123,-0.41371,2.3272,-0.09039
-8.1138,-1.6294,215.141,-0.41268,2.31961,-0.08888
-8.1487,-1.6125,215.301,-0.40901,2.31846,-0.08917
-8.114,-1.7316,215.024,-0.42117,2.32314,-0.08599
-8.0854,-1.5906,215.13,-0.41173,2.32262,-0.08709
-7.9296,-1.7178,215.501,-0.41256,2.31464,-0.0883
-7.9408,-1.6499,215.399,-0.41009,2.31696,-0.08696
-7.9878,-1.6171,215.326,-0.41101,2.32292,-0.08412
-7.9833,-1.591,215.233,-0.41295,2.32322,-0.0833
-7.9941,-1.5254,215.172,-0.41121,2.32552,-0.08242
-7.9406,-1.7069,215.255,-0.4192,2.32388,-0.08133
-7.8603,-1.7708,215.419,-0.41885,2.3186,-0.08278
-7.8906,-1.6984,215.479,-0.41408,2.32378,-0.08139
-7.9059,-1.6999,215.298,-0.41738,2.32445,-0.07915
-7.887,-1.8527,215.398,-0.42495,2.32462,-0.07767
-7.9429,-1.6534,215.189,-0.4181,2.32923,-0.07544
-7.9028,-1.601,215.345,-0.41041,2.3321,-0.07552
-7.7984,-1.7013,215.365,-0.41256,2.32648,-0.07551
-7.7128,-1.8293,215.595,-0.41216,2.31759,-0.07597
-7.7616,-1.7492,215.359,-0.41479,2.32359,-0.07017
-7.7897,-1.7174,215.299,-0.41448,2.32848,-0.06809
-7.7907,-1.6895,215.419,-0.41944,2.33099,-0.06721
-7.705,-1.7507,215.609,-0.41761,2.32193,-0.06798
-7.6802,-1.7497,215.63,-0.41783,2.32703,-0.06785
-7.5176,-1.8644,215.806,-0.41605,2.31711,-0.0698
-7.5205,-1.7539,215.699,-0.41231,2.32681,-0.06712
-7.6272,-1.6146,215.833,-0.40775,2.32873,-0.06698
-7.631,-1.7419,215.866,-0.41106,2.32999,-0.0657
-7.7525,-1.6507,215.625,-0.41456,2.34268,-0.06174
-7.6714,-1.9806,215.777,-0.42602,2.33462,-0.06021
-7.761,-1.8971,215.875,-0.42112,2.33538,-0.06046
-7.8079,-1.9646,215.662,-0.42079,2.3327,-0.0613
-7.8317,-1.924,215.497,-0.42086,2.33144,-0.06262
-7.9248,-1.9255,215.413,-0.42127,2.33214,-0.06365
-8.1071,-1.9688,215.571,-0.42165,2.32711,-0.06101
-8.428,-2.1756,215.604,-0.43336,2.34011,-0.05666
-8.5857,-2.3709,215.733,-0.43177,2.34812,-0.05087
-8.7989,-2.6698,215.732,-0.44178,2.35797,-0.04342
-9.0015,-3.0135,215.565,-0.44923,2.36276,-0.03453
-9.1108,-2.8167,215.263,-0.44823,2.37643,-0.029
-8.7838,-2.7561,215.41,-0.44555,2.36304,-0.03121
-8.5533,-2.2623,215.301,-0.42731,2.35687,-0.03612
-8.2248,-1.9419,215.298,-0.41871,2.35578,-0.03852
-7.7579,-1.8522,215.501,-0.41314,2.33631,-0.04759
-7.3995,-1.4624,215.42,-0.39138,2.32721,-0.0606
-7.2766,-1.0787,215.261,-0.37831,2.32576,-0.06737
-7.0661,-1.009,215.5,-0.36638,2.31579,-0.07392
-6.8439,-1.1557,215.665,-0.37395,2.31249,-0.07087
-6.5377,-1.5499,215.626,-0.3809,2.29884,-0.06548
-6.5858,-1.6313,215.478,-0.38145,2.30572,-0.06024
-6.7526,-1.8788,215.571,-0.39252,2.30462,-0.05735
-6.8169,-1.808,215.563,-0.39228,2.30582,-0.05758
-6.7734,-1.7421,215.453,-0.39295,2.30394,-0.05824
-6.8806,-1.5891,215.338,-0.39314,2.30504,-0.05674
-6.9102,-1.5747,215.362,-0.3871,2.29093,-0.05993
-7.0228,-1.3598,215.017,-0.37638,2.29773,-0.06039
-7.1016,-1.3664,215.088,-0.37266,2.29934,-0.06154
-7.0734,-1.4495,215.401,-0.37026,2.29707,-0.06504
-7.2174,-1.4836,215.377,-0.37101,2.29579,-0.06316
-7.3311,-1.6173,215.383,-0.37438,2.30386,-0.06219
-7.4306,-1.7424,215.423,-0.38201,2.30062,-0.06285
-7.4432,-1.8769,215.388,-0.38674,2.29671,-0.06354
-7.5495,-1.7653,215.274,-0.3861,2.30226,-0.06302
-7.5346,-1.6467,215.34,-0.37398,2.30378,-0.0652
-7.5989,-1.6842,215.313,-0.37095,2.30677,-0.06609
-7.6989,-1.5258,215.138,-0.37278,2.31784,-0.06642
-7.6804,-1.6161,215.455,-0.3741,2.30762,-0.07176
-7.718,-1.5042,215.333,-0.37145,2.30919,-0.07445
-7.7596,-1.5681,215.435,-0.38097,2.30833,-0.077
-7.8864,-1.4436,215.323,-0.38352,2.31294,-0.07808
-7.8194,-1.5577,215.438,-0.37914,2.305,-0.08089
-7.9859,-1.4516,215.318,-0.37798,2.31194,-0.08165
-8.0801,-1.4158,215.187,-0.38023,2.31702,-0.08282
-8.1148,-1.2439,215.242,-0.37412,2.31643,-0.08565
-8.0999,-1.2427,215.316,-0.37209,2.31722,-0.08717
-8.1245,-1.1737,215.208,-0.37439,2.32048,-0.08612
-8.0294,-1.3252,215.329,-0.37638,2.31221,-0.0872
-8.0572,-1.2314,215.266,-0.37657,2.32138,-0.08513
-8.1109,-1.1981,215.299,-0.37813,2.32518,-0.08329
-8.0405,-1.3991,215.406,-0.38452,2.32084,-0.08368
-8.0315,-1.4029,215.388,-0.38308,2.32289,-0.08414
-8.1138,-1.1954,215.282,-0.37943,2.32941,-0.08384
-8.1362,-1.1179,215.253,-0.37631,2.32507,-0.08305
-8.1322,-1.2402,215.256,-0.38194,2.32657,-0.08273
-8.0742,-1.2304,215.331,-0.37732,2.32014,-0.08499
-8.1031,-1.004,215.293,-0.3671,2.32846,-0.08721
-8.1275,-1.071,215.339,-0.37056,2.32813,-0.08562
-8.1193,-1.2706,215.417,-0.38749,2.32682,-0.0834
-8.1025,-1.1801,215.25,-0.37742,2.32294,-0.0847
-8.0629,-1.2666,215.215,-0.38262,2.32454,-0.08345
-8.1084,-1.1784,215.196,-0.38,2.32408,-0.08203
-8.1408,-1.1465,215.178,-0.381,2.32154,-0.08122
-8.1383,-1.1093,215.038,-0.3763,2.32777,-0.08118
-8.0873,-1.2043,215.311,-0.37982,2.31976,-0.08193
-8.0401,-1.256,215.424,-0.38038,2.31991,-0.08067
-8.056,-1.2632,215.457,-0.37792,2.32047,-0.0805
-8.0429,-1.1716,215.284,-0.37322,2.31992,-0.08071
-8.0844,-1.1519,215.185,-0.37573,2.32245,-0.07833
-8.0754,-1.1238,215.243,-0.37553,2.32585,-0.07747
-8.0701,-1.1576,215.231,-0.37698,2.32238,-0.07521
-8.04,-1.1497,215.4,-0.37822,2.32131,-0.0755
-8.1119,-1.3311,215.333,-0.38757,2.32397,-0.07298
-8.1169,-1.3256,215.295,-0.38485,2.32639,-0.07432
-8.0939,-1.3644,215.464,-0.38248,2.32494,-0.07775
-8.1015,-1.3103,215.384,-0.38489,2.32541,-0.07677
-8.1691,-1.2049,215.374,-0.37932,2.32562,-0.07825
-8.2677,-1.111,215.304,-0.37454,2.33375,-0.0782
-8.352,-1.2354,215.164,-0.38378,2.33857,-0.07608
-8.3854,-1.2274,215.263,-0.38298,2.3358,-0.07658
-8.349,-1.3457,215.177,-0.38955,2.33662,-0.07784
-8.3143,-1.354,215.094,-0.38554,2.32943,-0.07806
-8.2626,-1.271,215.21,-0.37616,2.32247,-0.07999
-8.2739,-1.2549,215.364,-0.37297,2.32525,-0.07951
-8.2964,-1.2316,215.25,-0.37783,2.32559,-0.07677
-8.2346,-1.2816,215.274,-0.38083,2.3287,-0.07719
-8.2345,-1.2543,215.23,-0.37794,2.32897,-0.07502
-8.2507,-1.2381,215.161,-0.38324,2.33277,-0.07389
-8.1707,-1.4337,215.316,-0.38619,2.32342,-0.07263
-8.2753,-1.2733,215.216,-0.37953,2.33583,-0.07365
-8.2194,-1.3349,215.364,-0.38121,2.33247,-0.07415
-8.2225,-1.196,215.185,-0.37509,2.33755,-0.07408
-8.0715,-1.4592,215.336,-0.38062,2.32531,-0.0748
-8.1327,-1.3735,215.353,-0.38281,2.32728,-0.07533
-8.2708,-1.1608,215.063,-0.37431,2.3417,-0.07311
-8.233,-1.2082,215.226,-0.37499,2.33268,-0.07301
-8.2045,-1.2753,215.236,-0.37559,2.33179,-0.07339
-8.2833,-1.3726,215.205,-0.3905,2.33438,-0.07166
-8.2939,-1.2061,215.223,-0.37762,2.33451,-0.07298
-8.2998,-1.2427,215.106,-0.37872,2.33901,-0.07149
-8.2312,-1.6086,215.287,-0.39889,2.32831,-0.07348
-8.3442,-1.496,215.178,-0.39616,2.3315,-0.07413
-8.3208,-1.5865,215.203,-0.39577,2.32687,-0.07578
-8.4155,-1.4126,215.217,-0.38586,2.33516,-0.07869
-8.4854,-1.3495,215.189,-0.38713,2.33202,-0.08026
-8.4356,-1.4343,215.186,-0.3886,2.32669,-0.08195
-8.4383,-1.4618,215.325,-0.38498,2.32324,-0.08462
-8.4262,-1.5168,215.294,-0.39131,2.32623,-0.08513
-8.4915,-1.4499,215.103,-0.39139,2.33305,-0.08496
-8.5018,-1.4001,215.059,-0.39037,2.33119,-0.08509
-8.4073,-1.6078,215.09,-0.40226,2.32459,-0.08712
-8.3881,-1.5725,215.13,-0.3982,2.31829,-0.09197
-8.3117,-1.6061,215.154,-0.3934,2.31581,-0.09364
-8.3046,-1.6598,215.239,-0.3975,2.31181,-0.09364
-8.489,-1.6744,215.219,-0.39696,2.31663,-0.09072
-8.7281,-1.7549,215.129,-0.40196,2.32631,-0.08665
-8.9164,-1.743,214.91,-0.4075,2.32912,-0.08835
-9.9705,-1.898,206.881,-0.4964,2.38197,-0.09098
-9.3483,-0.455,201.488,-0.43635,2.34241,-0.10146
-9.9266,0.5179,203.859,-0.37179,2.36836,-0.07969
-10.7031,-0.0438,203.919,-0.40834,2.39911,-0.06393
-11.0137,-0.1409,198.95,-0.44407,2.41154,-0.0552
-11.3314,0.9692,192.46,-0.4148,2.42509,-0.06842
-12.3032,1.3913,187.086,-0.41553,2.45209,-0.08791
-13.7981,1.6367,183.219,-0.43339,2.50916,-0.09121
-15.5361,1.0026,180.461,-0.48894,2.58236,-0.07818
-16.1256,0.2567,176.48,-0.55501,2.61942,-0.06938
-15.9057,-0.0988,168.107,-0.64473,2.62591,-0.04397
-15.6184,0.6645,148.675,-0.84519,2.62712,0.02686
-16.281,2.8752,124.142,-1.07813,2.63008,0.11002
-19.357,6.5278,98.2228,-1.28247,2.67401,0.19523
-25.3946,9.8994,63.1588,-1.61581,2.80677,0.30152
-29.7092,12.5459,31.4288,-1.94613,2.85046,0.40006
-28.9947,18.3555,22.3866,-1.8713,2.81098,0.45132
-25.6301,18.5991,38.0166,-1.56148,2.73803,0.39533
-21.4593,10.02,75.4281,-1.13382,2.61955,0.22932
-18.2692,-2.4356,135.16,-0.72902,2.50964,0.01838
-18.0503,-5.1914,188.521,-0.47809,2.50056,-0.14429
-17.3397,-2.9251,207.136,-0.286,2.48885,-0.16579
-16.839,-2.162,212.079,-0.25982,2.50232,-0.10971
-16.1658,-2.182,212.73,-0.29179,2.50614,-0.06169
-15.9347,-3.729,212.447,-0.40587,2.51617,-0.00361
-15.0132,-6.8105,212.076,-0.62372,2.53297,0.0739
-13.008,-6.5201,212.759,-0.57765,2.4772,0.04173
-12.559,-6.7352,212.851,-0.58266,2.46227,0.03457
-12.2804,-6.5926,212.842,-0.56931,2.46163,0.02956
-12.0296,-6.696,213.019,-0.56927,2.44674,0.02866
-11.8965,-6.5096,213.107,-0.56809,2.43782,0.03239
-11.9141,-6.2277,213.209,-0.55198,2.43725,0.03594
-12.0121,-5.8015,213.489,-0.53571,2.43757,0.03845
-11.8759,-5.2321,213.553,-0.50831,2.43604,0.03776
-11.6283,-4.8708,213.577,-0.49977,2.43656,0.03834
-11.4055,-4.6796,213.636,-0.49079,2.42862,0.03681
-11.0614,-4.6581,213.751,-0.49576,2.41247,0.03698
-11.0056,-4.329,213.526,-0.48638,2.41738,0.0358
-10.8934,-4.2581,213.568,-0.48991,2.42052,0.03416
-10.7563,-4.2186,213.88,-0.48891,2.40595,0.02932
-10.6691,-4.1617,213.97,-0.49041,2.40375,0.02703
-10.664,-3.9804,213.856,-0.49197,2.41196,0.02707
-10.444,-4.1157,213.893,-0.49714,2.40241,0.02585
-10.3577,-3.8875,213.998,-0.48367,2.4037,0.01769
-10.2961,-4.0406,214.157,-0.48496,2.39595,0.01676
-10.3653,-4.0721,214.42,-0.49055,2.39813,0.01361
-10.4876,-3.9085,214.531,-0.4797,2.40787,0.00857
-10.6206,-3.5489,214.452,-0.45927,2.41272,0.00468
-10.6093,-3.6015,214.68,-0.46379,2.40886,0.00387
-10.6751,-3.3787,214.501,-0.45108,2.41697,0.00317
-10.66,-3.4365,214.537,-0.44704,2.41133,0.00271
-10.6015,-3.3798,214.667,-0.44779,2.41437,0.00393
-10.6205,-3.3424,214.634,-0.44252,2.41937,0.00262
-10.5923,-3.3477,214.597,-0.44261,2.42073,0.00323
-10.434,-3.3691,214.706,-0.43469,2.41343,-0.00128
-10.4593,-3.3693,214.774,-0.44213,2.41547,-0.00297
-10.4351,-3.2665,214.877,-0.43059,2.41638,-0.00733
-10.396,-3.3691,214.686,-0.43288,2.416,-0.00704
-10.2924,-3.4845,214.767,-0.44025,2.42005,-0.00483
-10.253,-3.4752,214.858,-0.4335,2.4173,-0.00568
-10.2749,-3.578,214.914,-0.44247,2.4187,-0.00567
-10.3175,-3.5451,214.848,-0.43452,2.41941,-0.00665
-10.2959,-3.544,214.899,-0.42955,2.41743,-0.00689
-10.3798,-3.4896,214.835,-0.43008,2.42571,-0.00617
-10.4651,-3.2624,214.76,-0.41941,2.42988,-0.00669
-10.4282,-3.333,214.724,-0.42843,2.43024,-0.00667
-10.3173,-3.5821,214.794,-0.43546,2.41787,-0.00724
-10.4006,-3.3766,214.699,-0.42799,2.42912,-0.00914
-10.3056,-3.5234,214.81,-0.43094,2.42227,-0.01017
-10.396,-3.4162,214.881,-0.43164,2.424,-0.01011
-10.4163,-3.3948,214.62,-0.43629,2.42167,-0.00773
-10.3709,-3.461,214.692,-0.43669,2.41838,-0.00736
-10.455,-3.3061,214.651,-0.42912,2.41986,-0.00918
-10.352,-3.4831,214.887,-0.43575,2.40981,-0.01048
-10.4296,-3.3463,214.693,-0.43472,2.41847,-0.01075
-10.3945,-3.4337,214.673,-0.43837,2.41616,-0.0112
-10.4115,-3.3706,214.58,-0.43902,2.41397,-0.00993
-10.4242,-3.2736,214.671,-0.43262,2.4165,-0.01146
-10.397,-3.2362,214.673,-0.43562,2.41372,-0.01287
-10.3706,-3.4444,214.678,-0.44226,2.4108,-0.01305
-10.4663,-3.2329,214.56,-0.43709,2.41885,-0.01333
-10.3705,-3.1093,214.637,-0.42951,2.4119,-0.01727
-10.3394,-3.1763,214.677,-0.43581,2.41036,-0.01671
-10.2924,-3.269,214.762,-0.44098,2.40366,-0.018
-10.2934,-3.2749,214.804,-0.4383,2.40599,-0.01632
-10.2648,-3.2746,214.734,-0.43331,2.40523,-0.0173
-10.2993,-3.2079,214.824,-0.43658,2.4097,-0.01691
-10.2194,-3.2699,214.873,-0.43253,2.40853,-0.01982
-10.2285,-3.2693,214.9,-0.43606,2.40817,-0.02005
-10.2787,-3.1451,214.686,-0.43314,2.41546,-0.01952
-10.2083,-3.0402,214.823,-0.42331,2.41535,-0.02364
-10.189,-2.9798,214.714,-0.42676,2.41233,-0.02365
-10.1976,-3.0671,214.918,-0.42913,2.40671,-0.02456
-10.1278,-3.0514,214.798,-0.4251,2.40972,-0.02483
-10.1075,-2.932,214.756,-0.42098,2.41359,-0.02527
-10.0763,-2.8213,214.899,-0.41769,2.4076,-0.02793
-10.0604,-2.8247,214.956,-0.4161,2.40573,-0.02992
-10.1419,-2.7453,214.866,-0.41549,2.41121,-0.02917
-10.1523,-2.6733,214.759,-0.4106,2.4168,-0.03014
-10.1427,-2.769,214.79,-0.41586,2.4139,-0.0308
-10.1975,-2.6362,214.718,-0.41504,2.41645,-0.03062
-10.1368,-2.7631,214.917,-0.41946,2.40717,-0.03391
-10.1507,-2.694,214.861,-0.41441,2.40571,-0.03468
-10.2192,-2.5392,214.779,-0.40593,2.41094,-0.03384
-10.1691,-2.6131,214.825,-0.4065,2.40803,-0.03621
-10.1056,-2.664,214.805,-0.40744,2.40181,-0.03657
-10.1539,-2.6166,214.766,-0.41058,2.40813,-0.03754
-10.1078,-2.6682,214.86,-0.41497,2.40577,-0.03843
-10.1748,-2.5764,214.733,-0.41162,2.40709,-0.03928
-10.1709,-2.5146,214.851,-0.40909,2.4048,-0.03992
-10.0805,-2.5825,214.805,-0.40616,2.39385,-0.04294
-10.026,-2.624,214.896,-0.41323,2.39984,-0.04442
-10.012,-2.4986,214.8,-0.41108,2.40067,-0.04509
-10.0278,-2.3929,214.615,-0.40952,2.40261,-0.04601
-9.9596,-2.527,214.704,-0.4144,2.39928,-0.04495
-9.9095,-2.4933,214.694,-0.41358,2.39653,-0.04652
-9.7851,-2.6528,214.632,-0.41995,2.39433,-0.04662
-9.7554,-2.6529,214.616,-0.42362,2.39313,-0.04753
-9.7908,-2.5054,214.59,-0.41434,2.39565,-0.04964
-9.7434,-2.5427,214.728,-0.41346,2.39413,-0.05218
-9.6442,-2.4179,214.677,-0.40544,2.38833,-0.05523
-9.5505,-2.3777,214.646,-0.40551,2.38887,-0.05783
-9.4584,-2.3626,214.712,-0.40337,2.38449,-0.05829
-9.3533,-2.4515,214.631,-0.41005,2.37709,-0.05763
-9.3417,-2.3761,214.577,-0.40475,2.37898,-0.05939
-9.358,-2.3578,214.546,-0.40391,2.37894,-0.06241
-9.3826,-2.2473,214.491,-0.40061,2.38132,-0.06461
-9.2364,-2.154,214.68,-0.39511,2.36985,-0.06812
-9.243,-2.1668,214.574,-0.40076,2.37241,-0.06535
-9.0641,-2.4288,214.784,-0.40915,2.36104,-0.06552
-9.0874,-2.3976,214.716,-0.40969,2.36295,-0.06326
-9.1752,-2.4328,214.66,-0.41423,2.36877,-0.06406
-9.3083,-2.1887,214.641,-0.40803,2.37043,-0.06649
-9.3024,-2.2025,214.595,-0.40372,2.3686,-0.06746
-9.3219,-2.0718,214.52,-0.40129,2.37343,-0.06846
-9.2304,-2.3411,214.811,-0.40898,2.36438,-0.06822
-9.2416,-2.2296,214.762,-0.40391,2.37096,-0.06818
-9.1655,-2.4139,214.713,-0.40748,2.36113,-0.06751
-9.1875,-2.3324,214.788,-0.40462,2.35935,-0.06747
-9.3563,-2.1308,214.683,-0.40099,2.37285,-0.066
-9.3568,-2.1545,214.752,-0.39984,2.37086,-0.06589
-9.3653,-2.2031,214.684,-0.40761,2.36892,-0.06178
-9.268,-2.3066,214.897,-0.41136,2.36743,-0.0606
-9.174,-2.3766,214.879,-0.41468,2.35499,-0.05893
-9.1501,-2.3524,214.783,-0.41928,2.36261,-0.05709
-9.1507,-2.3637,214.816,-0.41789,2.36188,-0.0566
-9.1305,-2.3046,215.011,-0.41135,2.35378,-0.05991
-9.2199,-2.2148,214.886,-0.40691,2.36296,-0.05842
-9.2366,-2.2653,214.874,-0.40982,2.3579,-0.0581
-9.2165,-2.2087,214.975,-0.40876,2.35539,-0.05887
-9.2291,-2.2723,214.909,-0.41476,2.3608,-0.05795
-9.1802,-2.1711,214.747,-0.41242,2.35607,-0.05777
-9.1079,-2.2081,214.837,-0.41446,2.35177,-0.05786
-9.0854,-2.1777,214.812,-0.41294,2.3501,-0.05731
-9.1512,-2.0432,214.864,-0.40951,2.35405,-0.05657
-9.1421,-2.0234,214.888,-0.40051,2.34542,-0.05734
-9.1966,-1.9777,214.76,-0.40472,2.35328,-0.05602
-9.2282,-1.8696,214.732,-0.39937,2.35356,-0.05463
-9.0266,-2.1849,214.783,-0.41178,2.34018,-0.0535
-8.9765,-1.9241,214.671,-0.40079,2.33912,-0.05374
-9.0053,-1.7257,214.568,-0.39465,2.34452,-0.05405
-8.9639,-1.8553,214.616,-0.39846,2.33999,-0.05477
-8.9231,-1.8341,214.648,-0.39873,2.33528,-0.05764
-8.8351,-1.8628,214.787,-0.39267,2.3268,-0.06165
-8.8362,-1.7644,214.588,-0.39229,2.32983,-0.06286
-8.8155,-1.7951,214.504,-0.39785,2.33287,-0.0632
-8.9026,-1.5035,214.288,-0.394,2.33933,-0.06324
-8.7543,-1.6416,214.411,-0.39414,2.33779,-0.06465
-8.6464,-1.7187,214.547,-0.39108,2.33519,-0.06756
-8.6334,-1.7183,214.469,-0.39711,2.32949,-0.0689
-8.6475,-1.5518,214.347,-0.39644,2.33468,-0.07007
-8.5709,-1.4209,214.364,-0.39061,2.33355,-0.07157
-8.3808,-1.3522,214.241,-0.39513,2.31871,-0.07095
-8.3921,-1.363,214.221,-0.39617,2.31782,-0.0709
-8.4547,-1.3809,214.187,-0.40282,2.31743,-0.07067
-8.3715,-1.4177,214.339,-0.40091,2.30886,-0.07418
-8.4439,-1.353,214.206,-0.40507,2.31676,-0.07582
-8.3955,-1.2148,214.185,-0.39387,2.31825,-0.08083
-8.379,-1.1721,214.23,-0.38724,2.31517,-0.08453
-8.4287,-1.1638,214.156,-0.39686,2.32434,-0.08304
-8.4518,-1.1065,214.208,-0.38985,2.3281,-0.08336
-8.477,-1.0986,214.296,-0.38919,2.32984,-0.08385
-8.4842,-1.2733,214.299,-0.39443,2.33027,-0.08343
-8.5517,-1.151,214.433,-0.38392,2.3401,-0.08321
-8.498,-1.4148,214.7,-0.38433,2.3322,-0.0827
-8.5941,-1.3205,214.591,-0.3809,2.34138,-0.08024
-8.592,-1.1909,214.539,-0.37603,2.34171,-0.07996
-8.5299,-1.2651,214.595,-0.37733,2.33785,-0.0795
-8.507,-1.4095,214.665,-0.38236,2.33106,-0.07963
-8.5357,-1.4104,214.581,-0.38411,2.33472,-0.07858
-8.5904,-1.2688,214.47,-0.38332,2.33601,-0.07693
-8.6626,-1.2005,214.493,-0.377,2.34447,-0.07657
-8.5373,-1.3742,214.761,-0.37931,2.33369,-0.07896
-8.5821,-1.3012,214.67,-0.37755,2.3377,-0.07915
-8.4515,-1.5062,214.832,-0.38732,2.32822,-0.08248
-8.4789,-1.5375,214.781,-0.38817,2.32777,-0.08276
-8.608,-1.2321,214.551,-0.37707,2.33889,-0.08342
-8.5175,-1.4113,214.744,-0.38041,2.33332,-0.08508
-8.5571,-1.3674,214.595,-0.38176,2.33571,-0.08431
-8.5997,-1.3098,214.665,-0.38372,2.33629,-0.08332
-8.5783,-1.4262,214.654,-0.38203,2.33202,-0.08609
-8.6266,-1.4132,214.722,-0.38419,2.33173,-0.0853
-8.6431,-1.3,214.736,-0.37779,2.32765,-0.0879
-8.6294,-1.3478,214.829,-0.38017,2.3314,-0.08616
-8.645,-1.3152,214.769,-0.38064,2.33453,-0.08613
-8.5817,-1.4042,214.766,-0.38279,2.32949,-0.08578
-8.6009,-1.3463,214.871,-0.37609,2.32892,-0.08685
-8.6225,-1.0729,214.728,-0.36255,2.33881,-0.08737
-8.6148,-1.1667,214.753,-0.36967,2.33652,-0.08595
-8.5816,-1.1739,214.667,-0.36902,2.33346,-0.08517
-8.5574,-1.1989,214.82,-0.36222,2.32712,-0.08676
-8.5887,-1.0387,214.655,-0.3601,2.33705,-0.08363
-8.583,-1.4012,214.774,-0.3765,2.32974,-0.08101
-8.6244,-1.2899,214.712,-0.3702,2.33418,-0.07988
-8.5793,-1.4205,214.822,-0.37723,2.3295,-0.07917
-8.5792,-1.3279,214.773,-0.37232,2.33232,-0.07953
-8.4811,-1.5005,214.756,-0.38249,2.32829,-0.0772
-8.4899,-1.2677,214.692,-0.37135,2.33031,-0.07804
-8.5277,-1.3289,214.715,-0.37997,2.33251,-0.07544
-8.5288,-1.3641,214.595,-0.38516,2.33564,-0.07383
-8.4815,-1.3452,214.689,-0.37646,2.3331,-0.07291
-8.476,-1.5013,214.682,-0.38773,2.33487,-0.06944
-8.4643,-1.4294,214.669,-0.3845,2.3326,-0.0698
-8.4945,-1.2255,214.803,-0.37755,2.33612,-0.07247
-8.4895,-1.1637,214.753,-0.37432,2.33369,-0.07109
-8.439,-1.1258,214.646,-0.37197,2.33285,-0.0718
-8.3881,-1.1542,214.712,-0.36836,2.33774,-0.07433
-8.2535,-1.3814,214.886,-0.38045,2.32575,-0.07317
-8.2713,-1.2225,214.763,-0.37301,2.32843,-0.07066
-8.228,-1.4306,214.76,-0.38139,2.32046,-0.06908
-8.1783,-1.4199,214.756,-0.37877,2.31734,-0.06789
-8.1472,-1.4678,214.774,-0.38574,2.32289,-0.06633
-8.1369,-1.3875,214.75,-0.38357,2.32295,-0.06443
-8.0601,-1.4979,214.918,-0.38859,2.31654,-0.06541
-8.0457,-1.4315,214.687,-0.38712,2.32213,-0.06335
-8.0194,-1.464,214.903,-0.38475,2.32094,-0.06359
-7.9624,-1.6426,214.948,-0.39174,2.31777,-0.06234
-7.9505,-1.6553,214.997,-0.38981,2.31663,-0.06085
-7.9791,-1.6773,214.837,-0.39728,2.32086,-0.05678
-7.9613,-1.657,214.761,-0.39067,2.32084,-0.05427
-8.0086,-1.6221,214.683,-0.38937,2.32862,-0.0511
-8.0741,-1.8887,214.761,-0.40085,2.33154,-0.04511
-8.1203,-2.1113,215.012,-0.3998,2.32214,-0.04414
-8.2421,-2.2105,214.942,-0.39916,2.33146,-0.04008
-8.242,-2.475,215.22,-0.40456,2.32818,-0.0365
-8.3516,-2.5687,215.114,-0.41158,2.33227,-0.03231
-8.3439,-2.7067,215.077,-0.4117,2.33383,-0.03257
-8.3593,-2.8146,214.998,-0.41219,2.32962,-0.03211
-8.4456,-2.5934,214.878,-0.40314,2.3372,-0.03485
-8.4091,-2.6207,214.938,-0.40657,2.32868,-0.03837
-8.4207,-2.1454,214.817,-0.38279,2.34245,-0.04156
-8.4007,-1.9541,214.959,-0.38155,2.34261,-0.04494
-8.2463,-1.5119,215.108,-0.37527,2.33689,-0.05243
-7.9215,-1.1438,215.234,-0.36462,2.3256,-0.06162
-7.7459,-0.8194,215.233,-0.35852,2.32584,-0.06696
-7.4827,-0.9718,215.348,-0.35955,2.31507,-0.06466
-7.2702,-1.3859,215.34,-0.37178,2.30636,-0.05357
-7.2391,-1.5641,215.355,-0.37177,2.30221,-0.04896
-7.234,-1.6228,215.423,-0.36819,2.30447,-0.05037
-7.2531,-1.536,215.384,-0.36877,2.30976,-0.04813
-7.2393,-1.4828,215.451,-0.36575,2.30664,-0.04851
-7.2707,-1.4267,215.368,-0.35657,2.30713,-0.04813
-7.1204,-1.5918,215.492,-0.37002,2.301,-0.05156
-7.1239,-1.5998,215.347,-0.37457,2.29869,-0.0519
-7.1236,-1.4541,215.028,-0.37541,2.30168,-0.05159
-7.06,-1.4627,215.083,-0.38037,2.30412,-0.05221
-7.0269,-1.4395,215.184,-0.37407,2.29911,-0.0554
-6.9978,-1.481,215.211,-0.37595,2.30033,-0.05658
-6.9367,-1.5613,215.155,-0.38402,2.29615,-0.06014
-6.8822,-1.4952,215.1,-0.3756,2.29496,-0.06395
-6.8648,-1.6557,215.068,-0.38552,2.29431,-0.06471
-6.8851,-1.7467,215.049,-0.38904,2.29881,-0.06498
-6.9184,-1.8279,215.057,-0.39283,2.30372,-0.06382
-7.0354,-1.8239,214.972,-0.39355,2.30641,-0.0659
-6.9819,-2.0278,214.974,-0.39676,2.29892,-0.0692
-7.0892,-1.9228,214.88,-0.39586,2.31004,-0.0696
-7.0779,-1.9728,215.014,-0.39263,2.30737,-0.07085
-7.1025,-2.0251,214.993,-0.39542,2.30847,-0.07398
-7.0674,-2.0907,215.075,-0.3988,2.30307,-0.07866
-7.0337,-2.0828,215.12,-0.39679,2.3016,-0.08141
-7.0963,-2.1117,215.005,-0.39894,2.30277,-0.08087
-7.1354,-1.978,215.146,-0.39524,2.30299,-0.08304
-7.1849,-1.8829,215.086,-0.38988,2.31041,-0.08297
-7.2505,-1.8379,215.021,-0.38943,2.31375,-0.08395
-7.2778,-1.8202,215.03,-0.38618,2.31317,-0.08534
-7.3024,-1.89,215.052,-0.38922,2.30914,-0.08585
-7.3486,-1.765,215.039,-0.38423,2.3123,-0.08676
-7.4235,-1.7168,214.928,-0.38662,2.31545,-0.08605
-7.4434,-1.7699,215.011,-0.39073,2.32041,-0.08698
-7.4384,-1.8032,214.989,-0.39424,2.32157,-0.08687
-7.3666,-1.8117,215.092,-0.38911,2.31818,-0.0893
-7.3832,-1.7049,214.94,-0.38712,2.32048,-0.08844
-7.3744,-1.7156,214.928,-0.39173,2.31547,-0.08816
-7.3842,-1.747,214.94,-0.38935,2.31304,-0.08808
-7.4626,-1.7609,214.807,-0.3992,2.32226,-0.08598
-7.4134,-1.7159,214.888,-0.38918,2.31522,-0.08769
-7.3019,-1.9657,215.243,-0.3995,2.30386,-0.08672
-7.3053,-1.7698,215.13,-0.38521,2.31266,-0.0868
-7.2608,-1.8838,215.241,-0.39137,2.31048,-0.08658
-7.2727,-1.7621,215.223,-0.38672,2.31325,-0.08558
-7.3416,-1.7058,215.076,-0.38442,2.31649,-0.08337
-7.2869,-1.8619,215.042,-0.39008,2.31507,-0.08155
-7.1729,-2.015,215.166,-0.39253,2.30729,-0.07891
-7.2044,-1.876,214.992,-0.39351,2.31516,-0.07679
-7.0947,-2.0422,215.15,-0.40014,2.30774,-0.07527
-7.1494,-2.0147,215.12,-0.39989,2.31016,-0.07383
-7.1725,-2.0678,215.015,-0.40277,2.30968,-0.07262
-7.2281,-1.8813,214.882,-0.39413,2.31996,-0.0723
-7.178,-2.0399,215.117,-0.39833,2.31154,-0.07271
-7.1978,-2.0401,215.032,-0.4028,2.31561,-0.06987
-7.2518,-1.8395,214.971,-0.39153,2.31391,-0.07047
-7.3119,-1.9277,215.024,-0.396,2.31755,-0.0687
-7.3291,-1.9658,215.104,-0.39882,2.31953,-0.0698
-7.32,-1.8313,215.104,-0.39193,2.3216,-0.07375
-7.2086,-1.987,215.095,-0.39556,2.31645,-0.07448
-7.2447,-1.9913,215.057,-0.39763,2.32177,-0.07431
-7.2334,-2.0798,215.114,-0.40898,2.32011,-0.07149
-7.2638,-1.9568,214.976,-0.40284,2.33026,-0.06933
-7.2508,-1.8704,215.002,-0.39319,2.32744,-0.06688
-7.2074,-2.1504,215.185,-0.40604,2.31791,-0.06528
-7.3218,-2.1028,215.181,-0.40428,2.31852,-0.06575
-7.4063,-2.107,215.246,-0.40135,2.31796,-0.06724
-7.4786,-2.0456,215.268,-0.39388,2.3247,-0.06863
-7.5819,-1.9702,215.186,-0.39106,2.32731,-0.06703
-7.5911,-2.1313,215.456,-0.39545,2.32233,-0.06658
-7.6701,-2.0858,215.132,-0.4023,2.33177,-0.06285
-7.5216,-2.2123,215.285,-0.39419,2.32059,-0.06737
-7.5967,-2.0009,215.145,-0.3878,2.32802,-0.06747
-7.5893,-2.0651,215.218,-0.39258,2.32951,-0.0671
-7.5472,-2.0633,215.296,-0.39062,2.32583,-0.06732
-7.5121,-2.1834,215.359,-0.39753,2.32244,-0.06779
-7.5653,-2.1219,215.273,-0.3936,2.32593,-0.06772
-7.643,-2.1376,215.152,-0.39665,2.32783,-0.06757
-7.7634,-2.0534,215.223,-0.40078,2.32923,-0.06813
-7.7566,-2.0904,215.277,-0.39472,2.32723,-0.07002
-7.8656,-1.9586,215.216,-0.39079,2.33068,-0.06939
-7.9041,-2.0453,215.179,-0.3935,2.32975,-0.06628
-7.9306,-2.1023,215.022,-0.39942,2.33359,-0.06446
-7.8651,-2.1575,215.153,-0.39863,2.32648,-0.06593
-7.7612,-2.2772,215.228,-0.39831,2.32484,-0.06705
-7.7727,-2.2544,215.114,-0.40096,2.3318,-0.06487
-7.7541,-2.244,215.051,-0.40379,2.33343,-0.06501
-7.6456,-2.308,215.102,-0.39847,2.32133,-0.06906
-7.6823,-2.3764,215.197,-0.40813,2.32003,-0.06937
-7.7138,-2.3471,215.112,-0.4053,2.32459,-0.07047
-7.7311,-2.2929,215.103,-0.40092,2.32404,-0.07202
-7.7279,-2.3312,214.958,-0.40737,2.32666,-0.07221
-7.6369,-2.4959,215.317,-0.41271,2.31762,-0.0754
-7.7396,-2.3251,214.998,-0.4109,2.33134,-0.06925
-7.7422,-2.5208,215.057,-0.41,2.31953,-0.07113
-7.8185,-2.6981,215.042,-0.42545,2.32816,-0.06941
-7.8885,-2.5875,214.868,-0.41479,2.33297,-0.07185
-7.862,-2.1929,213.996,-0.39887,2.33844,-0.07862
-7.6411,-2.3507,209.7,-0.43908,2.3662,-0.07578
-6.2064,-2.103,204.404,-0.44728,2.34565,-0.07077
-5.2499,-1.7594,202.748,-0.43178,2.32047,-0.06637
-6.4826,-3.3073,205.618,-0.49117,2.34076,-0.08112
-6.8693,-4.067,206.977,-0.52122,2.34491,-0.08103
-7.003,-4.6578,206.918,-0.54735,2.35312,-0.07443
-6.782,-5.3542,203.366,-0.5803,2.37298,-0.07999
-6.0672,-5.4795,198.003,-0.59306,2.37783,-0.09381
-5.4813,-4.8033,193.008,-0.5534,2.37967,-0.10132
-5.4399,-4.3199,186.057,-0.54351,2.40949,-0.09024
-5.7362,-3.5,176.602,-0.54142,2.47662,-0.06279
-6.1625,-3.063,169.644,-0.55706,2.53703,-0.04666
-5.9573,-3.6759,160.594,-0.60735,2.59266,-0.04555
-4.2123,-5.3987,146.726,-0.71257,2.63343,-0.04935
-0.8438,-8.4219,120.118,-0.89698,2.77039,-0.03918
3.8137,-12.1284,78.0775,-1.09771,3.00894,-0.03983
7.3084,-12.1745,41.7891,-1.11292,3.19903,-0.01905
5.1237,-6.5997,26.8582,-0.91102,3.31434,0.05957
-5.1818,1.0232,19.4672,-0.80036,3.53626,0.17952
-11.4527,4.6288,28.1167,-0.83678,3.5825,0.24404
-13.4352,4.171,62.6838,-0.81613,3.34458,0.23365
-15.1409,-0.7446,117.311,-0.69508,3.02236,0.13955
-16.0908,-5.1231,170.642,-0.55185,2.74148,0.0102
-16.3852,-5.3959,200.604,-0.43446,2.59664,-0.1297
-16.5733,-4.4631,209.121,-0.36597,2.57299,-0.14226
-16.2964,-4.2868,211.943,-0.3674,2.57385,-0.09306
-14.4333,-5.6385,213.643,-0.46667,2.52457,-0.01934
-13.8161,-6.219,213.227,-0.50122,2.50405,-0.00443
-13.4254,-6.4585,213.017,-0.52645,2.4906,0.00824
-13.0501,-6.8838,212.653,-0.56154,2.47699,0.02937
-12.6807,-6.8166,212.264,-0.56211,2.46911,0.04026
-12.3449,-6.6057,212.162,-0.55589,2.46799,0.03981
-11.6972,-6.9185,212.55,-0.55606,2.4491,0.03677
-11.127,-6.6848,212.43,-0.54805,2.44512,0.03489
-10.6946,-5.9803,213.001,-0.52041,2.43469,0.0295
-10.7722,-5.9252,213.645,-0.53196,2.43303,0.03485
-10.7885,-5.8444,213.467,-0.53314,2.43844,0.04022
-10.7859,-5.7628,213.709,-0.53558,2.44173,0.04042
-11.0356,-5.4082,213.784,-0.52716,2.45251,0.03776
-10.8803,-5.0383,213.797,-0.51185,2.44514,0.03249
-10.7147,-4.6267,213.645,-0.49459,2.4377,0.03141
-10.3837,-4.624,213.612,-0.49536,2.42378,0.03428
-10.4186,-4.1798,213.605,-0.49249,2.4244,0.02919
-10.3984,-4.1678,213.476,-0.49404,2.42355,0.02971
-10.374,-4.4796,213.696,-0.50735,2.41889,0.0315
-10.4065,-4.6055,213.676,-0.51651,2.41592,0.03377
-10.5164,-4.5867,213.83,-0.51538,2.42007,0.03356
-10.6398,-4.4869,213.803,-0.51503,2.42376,0.02928
-10.8341,-4.1761,213.799,-0.51175,2.43045,0.02496
-10.978,-3.7634,213.538,-0.49988,2.4332,0.02215
-10.9037,-3.7476,213.631,-0.49825,2.4332,0.0202
-10.9285,-3.8524,213.732,-0.50524,2.4328,0.02161
-10.934,-3.8777,213.721,-0.50036,2.43147,0.0221
-10.9929,-3.7882,213.768,-0.4991,2.43392,0.01902
-11.0904,-3.5588,213.601,-0.48314,2.42967,0.01466
-11.0963,-3.3448,213.499,-0.47273,2.42725,0.01115
-11.1083,-3.2608,213.511,-0.47203,2.43303,0.01062
-11.1141,-3.1617,213.482,-0.46845,2.43983,0.00996
-11.1073,-3.0993,213.681,-0.46165,2.44132,0.00871
-11.2053,-2.9931,213.488,-0.46644,2.4494,0.00944
-11.1507,-2.958,213.659,-0.4712,2.44496,-0.00145
-11.1344,-2.8515,213.634,-0.46572,2.4459,-0.00299
-11.1797,-2.9012,213.737,-0.47574,2.45289,-0.00284
-11.1183,-2.8762,213.832,-0.47771,2.44659,-0.00415
-11.2196,-2.8676,213.759,-0.48267,2.45291,-0.00213
