-0.0166826 -2.90755e-18 -0.00844704 -0.0151718
-0.0184149 -2.35464e-18 -0.00794606 -0.015125
-0.0201173 -4.25454e-18 -0.00741062 -0.0149919
-0.0218055 -3.85131e-18 -0.00689529 -0.0148373
-0.0232621 -4.75513e-18 -0.00641178 -0.0145993
-0.0245144 -8.34547e-18 -0.0059612 -0.0142954
-0.0251657 -6.07633e-18 -0.00554214 -0.0137913
-0.026304 -8.27756e-19 -0.0051523 -0.0134233
-0.0279875 -4.28952e-18 -0.00478986 -0.0131326
-0.0300956 -1.47613e-18 -0.00445295 -0.0127564
-0.0334756 -3.7157e-18 -0.00413974 -0.012318
-0.0398667 -2.15098e-19 -0.00384865 -0.0118378
-0.0537955 8.4337e-19 -0.00357813 -0.0113095
-0.077263 7.34453e-19 -0.00332675 -0.0107332
-0.00872437 1.07568e-18 -0.00309313 -0.0101303
-0.00970111 -0.00115075 -0.00287579 -0.00955836
-0.00911344 -0.00124221 -0.0026784 -0.00901558
-0.00848224 -0.00132112 -0.00250186 -0.00846877
-0.00772826 -0.001368 -0.00234212 -0.00785425
-0.00669034 -0.00133878 -0.00219848 -0.00704768
-0.0055295 -0.00124416 -0.00206904 -0.00615043
-0.00426958 -0.00107424 -0.00195188 -0.00516705
-0.00298206 -0.000834116 -0.00184454 -0.00413884
-0.00176038 -0.000543996 -0.00174427 -0.00312923
-0.000681261 -0.000231016 -0.00164835 -0.00219654
0.000207693 7.67081e-05 -0.00155433 -0.0013835
0.000876155 0.00034968 -0.00146034 -0.000724708
0.00130286 0.00055705 -0.00136522 -0.000251247
0.00148494 0.000673973 -0.00126875 1.99031e-05
0.00141748 0.000676509 -0.00117187 7.13968e-05
0.00113832 0.000565831 -0.00107673 -7.27069e-05
0.000717822 0.00036483 -0.000986276 -0.000354427
0.000184791 9.10257e-05 -0.000903467 -0.000743824
-0.000456685 -0.00024797 -0.000830956 -0.00122807
-0.00122908 -0.000656643 -0.000771586 -0.00181299
-0.00211309 -0.00111531 -0.000728868 -0.00246483
-0.00315389 -0.00163606 -0.000706763 -0.00319944
-0.00436822 -0.00224505 -0.000709842 -0.00402149
-0.00568881 -0.00291902 -0.000744048 -0.00487244
-0.00707296 -0.00355725 -0.000816492 -0.00566195
-0.00839911 -0.00413511 -0.000932907 -0.00632472
-0.00962197 -0.0046385 -0.00109553 -0.0068423
-0.0107136 -0.00506666 -0.0013041 -0.0072165
-0.0116704 -0.00543496 -0.00155648 -0.00747106
-0.0122426 -0.00565075 -0.00184822 -0.00752322
-0.0143218 -2.65825e-15 -0.00955906 -0.0153306
-0.0159656 -2.66025e-15 -0.00892662 -0.0151497
-0.0172832 -2.65774e-15 -0.00819676 -0.0147092
-0.018305 -2.65696e-15 -0.00747825 -0.0141448
-0.0191362 -2.65368e-15 -0.00679773 -0.0135326
-0.0196992 -2.65085e-15 -0.00616103 -0.0128573
-0.0196617 -2.64963e-15 -0.00556878 -0.0120115
-0.0200638 -2.64951e-15 -0.00502207 -0.0113275
-0.0205524 -2.64846e-15 -0.00452231 -0.0106448
-0.0210328 -2.64836e-15 -0.00406942 -0.00986785
-0.0219808 -2.64697e-15 -0.00366347 -0.00902913
-0.0242313 -2.64429e-15 -0.003305 -0.00815728
-0.0296099 -2.64449e-15 -0.0029948 -0.00724742
-0.0454619 -2.64655e-15 -0.0027332 -0.0062439
-0.00291432 -2.64251e-15 -0.0025178 -0.00502961
-0.00211748 -0.000251196 -0.00233479 -0.00379328
-0.00130429 -0.000177792 -0.00217018 -0.00307706
-0.000876387 -0.000136507 -0.00201932 -0.00263575
-0.000442053 -7.82559e-05 -0.00187915 -0.00219437
0.00014335 2.86861e-05 -0.00174825 -0.00164439
0.000911391 0.000205048 -0.00162548 -0.000953321
0.0017501 0.000440115 -0.0015094 -0.00019319
0.00259852 0.000725942 -0.00139836 0.000597215
0.00343828 0.00105999 -0.00129063 0.00140781
0.00424553 0.00143404 -0.00118444 0.00222112
0.00481571 0.0017685 -0.00107802 0.00286759
0.00524659 0.00207756 -0.00096999 0.00341382
0.00544991 0.00230679 -0.000859762 0.00377262
0.00541525 0.00242797 -0.000747284 0.0039192
0.00517236 0.00243382 -0.000633598 0.00386579
0.00475736 0.00232759 -0.000520654 0.00363584
0.00421128 0.00211887 -0.000411048 0.00326181
0.00354769 0.00181632 -0.000307819 0.00276003
0.00275248 0.00142191 -0.000214282 0.00212977
0.00180749 0.000934962 -0.000134166 0.00137111
0.000715402 0.000368195 -7.17768e-05 0.000506747
-0.00057591 -0.000291766 -3.19107e-05 -0.000480055
-0.00210921 -0.00105156 -2.01221e-05 -0.00158998
-0.00382644 -0.00188931 -4.33817e-05 -0.00275889
-0.00555506 -0.00276902 -0.000109546 -0.00388424
-0.00733517 -0.00358897 -0.000225732 -0.00490681
-0.00902663 -0.00433447 -0.000396669 -0.00576704
-0.0105717 -0.00498886 -0.000623945 -0.00644541
-0.0118504 -0.005514 -0.000906782 -0.00690727
-0.0100991 -0.00466052 -0.00123995 -0.00592046
-0.0108455 2.31249e-16 -0.00298906 -0.00736156
-0.0111744 2.32186e-16 -0.00283841 -0.00719548
-0.0111901 2.32388e-16 -0.00262661 -0.00684449
-0.0115552 2.32003e-16 -0.00241052 -0.00661971
-0.0118866 2.29549e-16 -0.00220417 -0.00638802
-0.0117046 2.28438e-16 -0.00201086 -0.00598992
-0.0111182 2.30152e-16 -0.0018312 -0.00547528
-0.0105254 2.30064e-16 -0.00166517 -0.00497427
-0.0100275 2.32062e-16 -0.00151267 -0.00450115
-0.00971045 2.31695e-16 -0.00137357 -0.00405185
-0.00969719 2.34889e-16 -0.00124785 -0.00361618
-0.0102292 2.34824e-16 -0.00113554 -0.00318495
-0.0119991 2.35322e-16 -0.00103669 -0.00276073
-0.0178631 2.36056e-16 -0.000951207 -0.00233096
-0.0011205 2.37569e-16 -0.000878428 -0.00187872
-0.000907995 -0.000107721 -0.000815031 -0.00144041
-0.000657064 -8.95702e-05 -0.000757773 -0.00121461
-0.000447122 -6.96449e-05 -0.000705494 -0.00101999
-0.000145244 -2.57115e-05 -0.00065737 -0.000760951
0.000324865 6.50087e-05 -0.000613163 -0.000377732
0.000991429 0.000223071 -0.000572216 0.000159456
0.00178043 0.000447932 -0.000533374 0.00080714
0.00262932 0.00073538 -0.000495295 0.00152733
0.00334625 0.00103388 -0.000455665 0.00217649
0.00400303 0.0013571 -0.000413508 0.00280703
0.00450315 0.00166283 -0.000367334 0.00333604
0.00480934 0.00191888 -0.000316091 0.00372117
0.00489775 0.00209339 -0.000259402 0.00392745
0.00476251 0.00216083 -0.000197726 0.00393443
0.00438898 0.00209396 -0.000132495 0.00371624
0.00382331 0.00189983 -6.62871e-05 0.0033052
0.00312406 0.00160167 -2.53246e-06 0.00275203
0.00231888 0.0012137 5.51468e-05 0.00208598
0.00140459 0.000743352 0.000103162 0.00131636
0.000356898 0.000191005 0.00013765 0.000440198
-0.000826643 -0.00043118 0.000154207 -0.000522334
-0.00226465 -0.00117022 0.000147918 -0.00163938
-0.0038448 -0.00195067 0.000111977 -0.00278748
-0.00558347 -0.00276687 3.93711e-05 -0.00394929
-0.00730636 -0.00360664 -7.63932e-05 -0.00503426
-0.00894716 -0.00440338 -0.000241935 -0.00598371
-0.0105197 -0.00506969 -0.000462175 -0.00674318
-0.0118848 -0.00561887 -0.000737502 -0.00729427
-0.0125735 -0.00585396 -0.00106419 -0.00743472
-0.00995489 -0.00459463 -0.00142866 -0.006043
-0.0100864 5.49641e-16 -0.00245027 -0.00651667
-0.0098544 5.50067e-16 -0.00234869 -0.00619091
-0.00945941 5.49802e-16 -0.00218435 -0.0057498
-0.00973125 5.52364e-16 -0.00201335 -0.00555833
-0.00975309 5.52463e-16 -0.00184941 -0.00528273
-0.00937519 5.51449e-16 -0.00169567 -0.00488318
-0.0086405 5.5137e-16 -0.00155254 -0.00438431
-0.00798214 5.53174e-16 -0.00141993 -0.00392872
-0.00744454 5.55306e-16 -0.00129784 -0.00351574
-0.00708252 5.5498e-16 -0.00118609 -0.00313882
-0.00686742 5.56897e-16 -0.00108449 -0.0027611
-0.00710762 5.58203e-16 -0.000992919 -0.00241646
-0.00824328 5.58628e-16 -0.000911281 -0.00209537
-0.0121475 5.59443e-16 -0.000839388 -0.0017775
-0.000781991 5.58236e-16 -0.000776715 -0.0014747
-0.000704498 -8.35797e-05 -0.000721107 -0.00120633
-0.000560985 -7.64733e-05 -0.000670498 -0.00106053
-0.000412562 -6.42626e-05 -0.000624075 -0.000914252
-0.000167155 -2.95914e-05 -0.000581027 -0.000700221
0.000244012 4.88315e-05 -0.000540801 -0.000364022
0.000852395 0.000191776 -0.000502755 0.000125889
0.00159756 0.000401757 -0.000465936 0.000735555
0.00236693 0.000661247 -0.00042907 0.00138866
0.00309218 0.000953306 -0.00039079 0.00203605
0.0037192 0.0012563 -0.000349792 0.00263364
0.00419481 0.00154055 -0.000304962 0.00313202
0.00448168 0.00177476 -0.000255565 0.00348925
0.00455556 0.00192837 -0.000201458 0.00367089
0.00440896 0.00197696 -0.000143275 0.00365624
0.00403289 0.00189786 -8.25491e-05 0.00342584
0.00345628 0.00169124 -2.17972e-05 0.00299817
0.0027418 0.00138237 3.55719e-05 0.0024281
0.00191922 0.000986548 8.57722e-05 0.0017472
0.000985884 0.000512564 0.000124967 0.000966084
-7.30928e-05 -3.56382e-05 0.0001492 8.93444e-05
-0.00127237 -0.000653539 0.000154193 -0.00087419
-0.00265706 -0.00135107 0.000135227 -0.00193532
-0.00423735 -0.00211935 8.67926e-05 -0.00307137
-0.00597249 -0.00292507 2.49249e-06 -0.00422095
-0.0076541 -0.0037715 -0.000124095 -0.0052951
-0.00930412 -0.00455302 -0.00029932 -0.00623779
-0.0108575 -0.00521447 -0.000527718 -0.00698838
-0.0121968 -0.00575663 -0.000809415 -0.0075268
-0.0129523 -0.00602746 -0.00114113 -0.0077004
-0.0101465 -0.00468284 -0.00151169 -0.00621462
-0.0102635 1.08609e-15 -0.00237164 -0.00651012
-0.00994694 1.08577e-15 -0.00227813 -0.00615713
-0.00945974 1.08567e-15 -0.00212171 -0.00568772
-0.00968282 1.08446e-15 -0.00195824 -0.00548563
-0.00967876 1.08496e-15 -0.00180133 -0.00520828
-0.00919247 1.08415e-15 -0.00165412 -0.00477931
-0.00841325 1.08553e-15 -0.00151712 -0.00427473
-0.00771539 1.08763e-15 -0.00139025 -0.00381596
-0.00712636 1.08954e-15 -0.00127328 -0.00339719
-0.00672154 1.08932e-15 -0.00116598 -0.00301991
-0.00652003 1.08923e-15 -0.00106818 -0.00266058
-0.00671465 1.08992e-15 -0.000979718 -0.002325
-0.00776009 1.0907e-15 -0.000900499 -0.00201549
-0.0114087 1.0908e-15 -0.000830329 -0.00171154
-0.000735437 1.09027e-15 -0.000768725 -0.00142515
-0.000653245 -7.74984e-05 -0.000713769 -0.00116369
-0.000526554 -7.17793e-05 -0.000663671 -0.00102977
-0.00038489 -5.99515e-05 -0.000617734 -0.000888455
-0.000143335 -2.53735e-05 -0.000575348 -0.000677568
0.000265619 5.31529e-05 -0.00053623 -0.000343736
0.000871131 0.000196004 -0.000499795 0.000143097
0.001612 0.000405559 -0.00046504 0.000748664
0.00237676 0.000664728 -0.000430602 0.00139768
0.0030965 0.00095672 -0.000394985 0.00204071
0.00371755 0.00126032 -0.000356762 0.0026341
0.00418771 0.00154635 -0.000314704 0.00312926
0.00446773 0.00178258 -0.000267959 0.00348253
0.00453287 0.00193744 -0.000216265 0.00365868
0.00437906 0.00198685 -0.000160155 0.00363931
0.00399847 0.00190766 -0.000101081 0.00340522
0.00342067 0.00169976 -4.1539e-05 0.00297491
0.00270766 0.0013882 1.50949e-05 0.00240252
0.00188946 0.000989109 6.51519e-05 0.00171998
0.0009637 0.000510399 0.000104988 0.000937535
-8.62172e-05 -4.3557e-05 0.000130738 5.88351e-05
-0.00127416 -0.000666714 0.000138095 -0.000905759
-0.00264911 -0.00136982 0.000122136 -0.00196914
-0.00422313 -0.00214346 7.70137e-05 -0.0031084
-0.00595588 -0.00295235 -4.05777e-06 -0.0042596
-0.0076696 -0.00379114 -0.000127995 -0.00533622
-0.0093116 -0.00458331 -0.000301579 -0.00627794
-0.0108839 -0.00524574 -0.000529814 -0.00702893
-0.0122429 -0.00578865 -0.000813062 -0.00756796
-0.0130098 -0.0060574 -0.00114755 -0.00773948
-0.0102393 -0.00472601 -0.00152073 -0.00626702
-0.0103728 2.01063e-16 -0.00233829 -0.00652029
-0.010068 2.00184e-16 -0.00224772 -0.00617333
-0.00957647 2.00045e-16 -0.0020941 -0.00570373
-0.00975739 2.00622e-16 -0.00193329 -0.00548784
-0.00973988 1.99083e-16 -0.00177895 -0.00520767
-0.00924418 1.97765e-16 -0.00163418 -0.00477721
-0.00846009 1.96652e-16 -0.00149941 -0.00427211
-0.00776102 1.98625e-16 -0.00137448 -0.00381382
-0.00717362 1.9905e-16 -0.00125928 -0.00339651
-0.00676035 1.99549e-16 -0.00115363 -0.00301757
-0.00654997 2.00979e-16 -0.00105733 -0.00265647
-0.0067219 2.01458e-16 -0.000970193 -0.0023165
-0.00774424 2.0327e-16 -0.000892101 -0.00200453
-0.0113108 2.03417e-16 -0.000822845 -0.00169635
-0.000722112 2.03011e-16 -0.000761933 -0.00140645
-0.00063812 -7.57047e-05 -0.000707524 -0.00114703
-0.00051579 -7.03122e-05 -0.000657873 -0.00101649
-0.000373426 -5.81666e-05 -0.000612272 -0.000874923
-0.000129156 -2.28645e-05 -0.000569977 -0.000662075
0.000282801 5.65941e-05 -0.000530447 -0.000325567
0.000890182 0.000200277 -0.000493039 0.000163473
0.00163198 0.000410412 -0.000456796 0.00077058
0.0023977 0.000669842 -0.000420449 0.00142091
0.00311782 0.00096121 -0.000382638 0.00206432
0.00373945 0.00126314 -0.000342069 0.0026576
0.00420935 0.00154588 -0.000297639 0.00315125
0.00449022 0.00177814 -0.000248624 0.00350332
0.00455764 0.00192925 -0.000194897 0.00367921
0.00440451 0.00197496 -0.000137109 0.00365857
0.00402157 0.00189253 -7.68107e-05 0.00342173
0.00343892 0.00168275 -1.654e-05 0.00298826
0.00271902 0.00137089 4.02784e-05 0.00241294
0.00189174 0.000972439 8.9851e-05 0.0017275
0.000954313 0.000496212 0.000128339 0.000942548
-0.000107719 -5.35996e-05 0.000151786 6.30671e-05
-0.00131033 -0.000673128 0.000155924 -0.000903184
-0.00269876 -0.00137235 0.000136036 -0.00196705
-0.00428071 -0.00214114 8.6603e-05 -0.00310395
-0.00609586 -0.00298725 1.23708e-06 -0.00431059
-0.00778358 -0.00382882 -0.000127309 -0.00538133
-0.00941566 -0.00460763 -0.000305513 -0.00631521
-0.010952 -0.00525991 -0.000536997 -0.00705396
-0.0122721 -0.00579224 -0.000821531 -0.00758046
-0.0128505 -0.00598007 -0.00115555 -0.00766324
-0.0100872 -0.00465544 -0.00152551 -0.00620092
-0.0101486 -3.45256e-15 -0.00239085 -0.00648296
-0.00981775 -3.45253e-15 -0.00229635 -0.00612498
-0.00935872 -3.4513e-15 -0.0021387 -0.00566663
-0.0096012 -3.45063e-15 -0.00197399 -0.00547163
-0.00957198 -3.45111e-15 -0.0018159 -0.00518525
-0.00906603 -3.45087e-15 -0.00166758 -0.00474979
-0.00828871 -3.45183e-15 -0.00152956 -0.00424635
-0.00733234 -3.45157e-15 -0.00140173 -0.00370707
-0.0066892 -3.45138e-15 -0.00128388 -0.00327749
-0.00625244 -3.45089e-15 -0.00117577 -0.0029003
-0.00603552 -3.44978e-15 -0.00107722 -0.00255131
-0.00624831 -3.44908e-15 -0.000988082 -0.00223996
-0.00730801 -3.44876e-15 -0.000908227 -0.00195826
-0.0110832 -3.44864e-15 -0.000837476 -0.00169354
-0.000749762 -3.44857e-15 -0.000775354 -0.00144457
-0.000689564 -8.18074e-05 -0.000719929 -0.00119487
-0.000565696 -7.71152e-05 -0.000669416 -0.00106273
-0.000427658 -6.66132e-05 -0.000623122 -0.000923925
-0.000188595 -3.33856e-05 -0.000580434 -0.000714932
0.000219476 4.39193e-05 -0.000541065 -0.000382009
0.000824631 0.000185542 -0.000504425 0.000104159
0.00156537 0.000393829 -0.000469505 0.000709109
0.00232882 0.000651329 -0.000434944 0.0013565
0.00300573 0.000928668 -0.000399123 0.00196516
0.00362772 0.00122985 -0.000360952 0.00255762
0.00412693 0.00152396 -0.000319241 0.00307482
0.00440058 0.00175585 -0.000272726 0.00342147
0.00445791 0.00190546 -0.000221249 0.00358967
0.00429618 0.00194929 -0.000165458 0.00356214
0.00391278 0.0018668 -0.000106858 0.00332433
0.00333087 0.00165515 -4.79488e-05 0.00288932
0.00261365 0.00133999 7.90713e-06 0.00231243
0.00179026 0.00093792 5.70301e-05 0.00162528
0.000857322 0.000454383 9.57726e-05 0.000836558
-0.000208694 -0.000108069 0.000127228 -4.80232e-05
-0.00142731 -0.000748075 0.000141481 -0.00102842
-0.00282074 -0.00146045 0.000124597 -0.00210315
-0.00440416 -0.00223795 7.60878e-05 -0.00324725
-0.00614079 -0.0030475 -9.29014e-06 -0.00439893
-0.0078691 -0.00387529 -0.000137936 -0.00547138
-0.00948859 -0.00466986 -0.000316177 -0.00640544
-0.0110491 -0.00532486 -0.000548935 -0.00714608
-0.0123953 -0.00586029 -0.000836611 -0.00767509
-0.0129322 -0.00602105 -0.00117515 -0.00772751
-0.0101273 -0.00467435 -0.00154877 -0.00624317
-0.0102351 2.56265e-15 -0.00245253 -0.00657904
-0.00994676 2.56397e-15 -0.00235445 -0.00623282
-0.00951318 2.56398e-15 -0.00219225 -0.00577809
-0.00976295 2.56582e-15 -0.00202301 -0.00557963
-0.00972716 2.56568e-15 -0.0018607 -0.00528495
-0.00920656 2.56747e-15 -0.00170847 -0.00483869
-0.00842132 2.5696e-15 -0.00156676 -0.00432669
-0.00772996 2.56979e-15 -0.00143541 -0.00386496
-0.00715193 2.56932e-15 -0.00131435 -0.00344511
-0.00674247 2.56999e-15 -0.00120337 -0.00306238
-0.00653306 2.57074e-15 -0.00110227 -0.00269727
-0.00671787 2.57149e-15 -0.00101088 -0.00235637
-0.00775248 2.57042e-15 -0.000929084 -0.00204269
-0.0113198 2.57057e-15 -0.000856672 -0.00173087
-0.000720871 2.57099e-15 -0.000793124 -0.00143651
-0.000633203 -7.51214e-05 -0.000736452 -0.00117257
-0.000505001 -6.88414e-05 -0.00068475 -0.00103586
-0.000357847 -5.57398e-05 -0.00063725 -0.000888944
-0.000112496 -1.99153e-05 -0.000593179 -0.000673398
0.000300855 6.02071e-05 -0.000551983 -0.000334024
0.000909391 0.000204599 -0.000513013 0.000157665
0.00165057 0.000415086 -0.000475303 0.00076605
0.00241181 0.000673785 -0.00043758 0.00141462
0.00312924 0.000964731 -0.000398486 0.00205744
0.00374654 0.00126553 -0.000356726 0.00264863
0.00421048 0.0015463 -0.000311199 0.00313862
0.00448436 0.00177582 -0.000261191 0.00348586
0.00454408 0.00192351 -0.000206586 0.003656
0.00438313 0.00196538 -0.000148055 0.00362921
0.00399136 0.00187832 -8.71631e-05 0.0033851
0.00340344 0.00166539 -2.64702e-05 0.00294734
0.00268043 0.00135143 3.05976e-05 0.00236958
0.00185069 0.000951362 8.02713e-05 0.00168239
0.000909785 0.000473081 0.000118734 0.000894963
-0.000154433 -7.79499e-05 0.000142032 1.43155e-05
-0.00136147 -0.000699673 0.000145899 -0.000954689
-0.00275427 -0.00140087 0.000125611 -0.0020209
-0.00434127 -0.00217174 7.56297e-05 -0.00316025
-0.00607825 -0.00297735 -1.0444e-05 -0.004309
-0.00775481 -0.00382196 -0.000138961 -0.00537862
-0.00939628 -0.00459817 -0.000316171 -0.00631352
-0.0109371 -0.00525278 -0.000546465 -0.00705459
-0.0122631 -0.00578796 -0.000829792 -0.00758373
-0.0128971 -0.0060018 -0.00116277 -0.00769411
-0.0101839 -0.00470008 -0.00153264 -0.00625288
-0.0102586 1.81901e-15 -0.00238142 -0.00651789
-0.00993251 1.8196e-15 -0.00228762 -0.00616099
-0.00946249 1.81955e-15 -0.00213082 -0.00569785
-0.00968911 1.82058e-15 -0.00196695 -0.00549662
-0.00966251 1.82032e-15 -0.00180967 -0.00521089
-0.00915897 1.82056e-15 -0.00166211 -0.00477591
-0.00837949 1.82348e-15 -0.0015248 -0.00427134
-0.00768854 1.82324e-15 -0.00139762 -0.00381488
-0.00710699 1.82414e-15 -0.00128035 -0.00339848
-0.00670858 1.82504e-15 -0.00117276 -0.00302311
-0.00651038 1.82542e-15 -0.00107465 -0.0026647
-0.00670798 1.82553e-15 -0.000985894 -0.00232984
-0.00776432 1.82589e-15 -0.000906359 -0.00202195
-0.0114328 1.82572e-15 -0.000835856 -0.00171894
-0.000737816 1.82676e-15 -0.0007739 -0.00143245
-0.000650944 -7.72253e-05 -0.000718591 -0.00116693
-0.000517568 -7.05542e-05 -0.000668157 -0.00102801
-0.000370402 -5.76947e-05 -0.000621902 -0.000882433
-0.000123692 -2.18963e-05 -0.000579221 -0.000667433
0.000293402 5.87126e-05 -0.000539822 -0.00032719
0.00090644 0.000203949 -0.000503106 0.000165857
0.00165212 0.000415655 -0.000468054 0.000775886
0.00241673 0.000675919 -0.000433298 0.00142578
0.00313458 0.000968514 -0.000397342 0.00206839
0.0037507 0.00127161 -0.000358766 0.00265886
0.00421361 0.00155599 -0.000316356 0.00314902
0.0044842 0.00178924 -0.000269276 0.00349515
0.00453849 0.00193993 -0.000217293 0.00366255
0.00437326 0.0019843 -0.00016097 0.00363354
0.00397966 0.00189874 -0.000101796 0.00338807
0.00339233 0.00168571 -4.23087e-05 0.00294918
0.00267274 0.00137031 1.41012e-05 0.00237074
0.00184894 0.000967918 6.37803e-05 0.00168313
0.000916855 0.000485628 0.000103104 0.000895192
-0.000137797 -7.08734e-05 0.0001282 1.27066e-05
-0.00133318 -0.000697743 0.000134755 -0.000957491
-0.00271468 -0.00140379 0.000117825 -0.00202517
-0.00429376 -0.00217931 7.15334e-05 -0.00316701
-0.0060284 -0.00298821 -1.08909e-05 -0.00431797
-0.00773614 -0.00382429 -0.000136317 -0.00538964
-0.00937046 -0.0046118 -0.000311411 -0.00632495
-0.0109298 -0.00526742 -0.000541021 -0.007067
-0.0122742 -0.00580309 -0.000825341 -0.00759708
-0.012926 -0.00601816 -0.00116046 -0.00770968
-0.0102561 -0.00473372 -0.0015323 -0.00628633
-0.0103423 -6.25024e-16 -0.00234265 -0.00651231
-0.0100267 -6.24702e-16 -0.00225193 -0.00616139
-0.00954241 -6.2467e-16 -0.00209817 -0.00569496
-0.0097267 -6.23673e-16 -0.00193724 -0.0054806
-0.00968912 -6.25229e-16 -0.00178279 -0.00519362
-0.00917827 -6.23125e-16 -0.00163792 -0.0047585
-0.00839551 -6.22724e-16 -0.00150305 -0.00425453
-0.00770449 -6.22545e-16 -0.00137802 -0.00379956
-0.00712371 -6.21735e-16 -0.00126274 -0.00338508
-0.00671864 -6.21716e-16 -0.00115699 -0.00300942
-0.00651427 -6.20485e-16 -0.00106057 -0.00265098
-0.00669556 -6.19467e-16 -0.000973312 -0.00231433
-0.00772873 -6.19865e-16 -0.000895083 -0.00200527
-0.0113073 -6.19379e-16 -0.000825672 -0.0016989
-0.000723022 -6.19149e-16 -0.000764588 -0.00140992
-0.000651103 -7.72452e-05 -0.000709998 -0.00115844
-0.000519757 -7.08531e-05 -0.000660182 -0.00102155
-0.00037652 -5.86486e-05 -0.000614431 -0.000879258
-0.00013417 -2.37522e-05 -0.000571993 -0.000667667
0.00027423 5.48788e-05 -0.000532331 -0.000333661
0.000917584 0.000206442 -0.000494803 0.000181918
0.00162342 0.000408259 -0.000458417 0.000762521
0.00238987 0.000667657 -0.000421928 0.00141342
0.00311156 0.000959282 -0.000384035 0.00205802
0.00373438 0.00126142 -0.000343402 0.0026522
0.00420528 0.00154439 -0.000298914 0.00314665
0.00448694 0.00177684 -0.000249845 0.00349936
0.00455507 0.00192817 -0.000196065 0.00367587
0.00439477 0.0019706 -0.000138225 0.00364907
0.00399826 0.00188157 -7.79119e-05 0.00340036
0.00340544 0.00166637 -1.77489e-05 0.0029578
0.00267786 0.00135014 3.87851e-05 0.00237553
0.00184413 0.000948037 8.78991e-05 0.00168436
0.000899725 0.00046791 0.000125767 0.00089344
-0.000167006 -8.44336e-05 0.000148433 1.02538e-05
-0.00137693 -0.000707607 0.000151634 -0.000961444
-0.00277227 -0.00141 0.000130647 -0.00202989
-0.00436076 -0.00218146 7.9928e-05 -0.00317046
-0.00609818 -0.00298709 -6.90981e-06 -0.00431955
-0.00777475 -0.00383134 -0.000136195 -0.00538901
-0.00941471 -0.00460719 -0.000314157 -0.00632327
-0.0109537 -0.00526072 -0.000545176 -0.00706315
-0.0122767 -0.00579438 -0.000829181 -0.00759061
-0.0129044 -0.00600516 -0.00116275 -0.00769775
-0.0101802 -0.00469841 -0.00153305 -0.00625162
-0.0102756 -1.54779e-15 -0.00236447 -0.00650783
-0.00996111 -1.54562e-15 -0.00227202 -0.00615653
-0.00947387 -1.54591e-15 -0.00211659 -0.00568792
-0.00967398 -1.54592e-15 -0.00195405 -0.00547822
-0.00966365 -1.54568e-15 -0.00179803 -0.00519966
-0.00917576 -1.54318e-15 -0.00165164 -0.00477115
-0.00839731 -1.5423e-15 -0.00151541 -0.0042678
-0.00770511 -1.54208e-15 -0.00138923 -0.0038117
-0.00712182 -1.54178e-15 -0.00127287 -0.00339543
-0.00672311 -1.54113e-15 -0.0011661 -0.00302046
-0.00652804 -1.54069e-15 -0.00106873 -0.00266309
-0.00671767 -1.5419e-15 -0.000980605 -0.0023265
-0.00776235 -1.5418e-15 -0.000901613 -0.00201692
-0.0114002 -1.54161e-15 -0.000831559 -0.00171212
-0.00073171 -1.54146e-15 -0.000769958 -0.00142306
-0.000647692 -7.68395e-05 -0.00071494 -0.00116104
-0.000523172 -7.13183e-05 -0.000664761 -0.00102851
-0.000382855 -5.96344e-05 -0.000618742 -0.000888031
-0.000141553 -2.50582e-05 -0.000576275 -0.000677225
0.00026772 5.35735e-05 -0.000537077 -0.000343059
0.000873172 0.000196463 -0.00050056 0.000143839
0.0016139 0.000406035 -0.000465721 0.000749411
0.00237847 0.000665207 -0.0004312 0.0013984
0.00309759 0.000957057 -0.000395503 0.00204105
0.00371821 0.00126055 -0.000357207 0.00263419
0.00418816 0.00154652 -0.000315086 0.00312926
0.00446794 0.00178267 -0.000268287 0.00348238
0.00453264 0.00193735 -0.000216549 0.0036582
0.004378 0.00198638 -0.000160406 0.00363814
0.00399617 0.00190657 -0.000101312 0.00340298
0.00341696 0.00169792 -4.17681e-05 0.00297141
0.00270305 0.00138584 1.48464e-05 0.00239821
0.00188444 0.000986397 6.48607e-05 0.00171526
0.00095841 0.000507569 0.000104632 0.000932598
-9.14693e-05 -4.63122e-05 0.000130302 5.39731e-05
-0.00128099 -0.000670212 0.000137571 -0.000911842
-0.00265656 -0.00137355 0.00012151 -0.00197563
-0.00423128 -0.00214732 7.62591e-05 -0.00311515
-0.00596453 -0.00295625 -4.95816e-06 -0.00426643
-0.00767646 -0.00379626 -0.000129053 -0.00534313
-0.00932093 -0.00458791 -0.000302829 -0.00628518
-0.0108941 -0.00525065 -0.000531285 -0.00703649
-0.0122535 -0.00579367 -0.000814761 -0.00757551
-0.013023 -0.00606357 -0.0011495 -0.00774814
-0.0102547 -0.00473316 -0.00152297 -0.00627644
-0.0103869 -8.33963e-16 -0.00233127 -0.00651895
-0.0100812 -8.33837e-16 -0.00224129 -0.00617203
-0.00958156 -8.33813e-16 -0.00208828 -0.00569983
-0.00975657 -8.35594e-16 -0.00192805 -0.0054823
-0.00973544 -8.35317e-16 -0.00177426 -0.00520141
-0.00923901 -8.35399e-16 -0.00163 -0.00477128
-0.00845203 -8.34171e-16 -0.00149571 -0.00426575
-0.00775082 -8.35228e-16 -0.00137122 -0.00380736
-0.00715756 -8.32288e-16 -0.00125642 -0.00338886
-0.00674555 -8.32074e-16 -0.00115113 -0.00301099
-0.00653608 -8.32155e-16 -0.00105514 -0.0026509
-0.00670492 -8.31903e-16 -0.000968275 -0.00231118
-0.00772493 -8.31348e-16 -0.000890409 -0.00200006
-0.0112867 -8.30045e-16 -0.000821329 -0.00169297
-0.000723638 -8.28693e-16 -0.00076055 -0.00140643
-0.000642042 -7.61701e-05 -0.000706246 -0.00114845
-0.000519614 -7.08336e-05 -0.000656688 -0.00101796
-0.000376731 -5.86813e-05 -0.000611176 -0.000876151
-0.000131996 -2.33673e-05 -0.000568965 -0.000663088
0.000280717 5.6177e-05 -0.000529512 -0.000326143
0.000888401 0.000199876 -0.000492176 0.000163022
0.00163045 0.000410028 -0.000456 0.000770228
0.00239636 0.000669468 -0.000419716 0.00142061
0.00311676 0.000960885 -0.000381964 0.00206417
0.00373849 0.00126281 -0.000341449 0.00265745
0.00420854 0.00154559 -0.00029707 0.00315116
0.00448941 0.00177782 -0.000248102 0.00350317
0.00455666 0.00192884 -0.000194419 0.00367886
0.00440301 0.00197429 -0.000136673 0.00365772
0.00401913 0.00189139 -7.64185e-05 0.00342
0.00343576 0.0016812 -1.61987e-05 0.00298584
0.00269776 0.00136018 4.05467e-05 0.00239466
0.00175514 0.0009026 8.99286e-05 0.0016095
0.000735324 0.000382823 0.000127254 0.000754844
-0.000380249 -0.000194784 0.000155575 -0.000160242
-0.00163594 -0.000842556 0.000164613 -0.00115881
-0.00304926 -0.00155391 0.000140142 -0.00223797
-0.00463286 -0.00232234 8.30283e-05 -0.00337306
-0.00635445 -0.0031196 -1.10372e-05 -0.00450944
-0.00804809 -0.00393678 -0.000147538 -0.00556478
-0.00963176 -0.00471342 -0.000331956 -0.00647965
-0.0111397 -0.00535014 -0.00056869 -0.00719746
-0.0124279 -0.00586588 -0.000857888 -0.00770275
-0.0129129 -0.0060092 -0.00119566 -0.00773507
-0.00978085 -0.00451412 -0.00156745 -0.00610094
-0.00980043 -5.96753e-16 -0.00239329 -0.00634511
-0.00940524 -5.95206e-16 -0.00229976 -0.00596765
-0.0089949 -5.94463e-16 -0.00214273 -0.00553356
-0.00930584 -5.92772e-16 -0.00197852 -0.00536861
-0.00925347 -5.91545e-16 -0.0018209 -0.00507817
-0.00872905 -5.93914e-16 -0.00167302 -0.00464068
-0.00793971 -5.92113e-16 -0.00153539 -0.0041378
-0.00723929 -5.90872e-16 -0.00140791 -0.00368394
-0.00665379 -5.89956e-16 -0.00129034 -0.0032734
-0.00625462 -5.89404e-16 -0.00118244 -0.00290757
-0.00603188 -5.87549e-16 -0.001084 -0.00255718
-0.00620901 -5.87439e-16 -0.000994872 -0.00223885
-0.00717548 -5.87044e-16 -0.000914929 -0.00194591
-0.010561 -5.85994e-16 -0.00084397 -0.0016597
-0.000688871 -5.85054e-16 -0.000781512 -0.00139634
-0.000626379 -7.43111e-05 -0.000725686 -0.00115711
-0.000516794 -7.04488e-05 -0.000674744 -0.00103406
-0.000385504 -6.0047e-05 -0.000628006 -0.000899159
-0.000157417 -2.78663e-05 -0.000584882 -0.000697145
0.000233249 4.66754e-05 -0.000545095 -0.000376059
0.000818847 0.00018424 -0.000508074 9.62325e-05
0.00154315 0.000388236 -0.000472837 0.000689027
0.00229495 0.000641847 -0.000438042 0.00132731
0.00300497 0.00092844 -0.000402201 0.0019615
0.00362051 0.00122742 -0.000363893 0.0025489
0.00408937 0.00151004 -0.00032189 0.0030412
0.00437133 0.00174412 -0.000275327 0.00339424
0.00444048 0.00189795 -0.000223928 0.00357203
0.0042921 0.00194739 -0.0001682 0.00355581
0.00392 0.00187022 -0.000109576 0.00332791
0.00334918 0.00166424 -5.05139e-05 0.00290289
0.00264267 0.00135488 5.64066e-06 0.00233576
0.00183034 0.000958239 5.52281e-05 0.00165831
0.000909853 0.000481918 9.46149e-05 0.000880661
-0.000136168 -7.01207e-05 0.000119944 5.77509e-06
-0.00132205 -0.000692149 0.000126908 -0.000956367
-0.00269367 -0.0013934 0.000110565 -0.00201623
-0.00426461 -0.00216518 6.50651e-05 -0.00315204
-0.00599628 -0.00297325 -1.63615e-05 -0.00430132
-0.00770825 -0.00380849 -0.000140642 -0.00537389
-0.0093494 -0.00460191 -0.000314518 -0.00631513
-0.0109222 -0.00526421 -0.000543027 -0.00706503
-0.0122802 -0.00580627 -0.000826624 -0.00760208
-0.0130049 -0.00605512 -0.0011615 -0.00775095
-0.0101969 -0.00470647 -0.00153447 -0.00626114
-0.0103287 1.33766e-15 -0.00237698 -0.00654123
-0.0100418 1.3382e-15 -0.00228381 -0.00619924
-0.00957432 1.33794e-15 -0.00212734 -0.00573618
-0.00977862 1.33909e-15 -0.00196374 -0.00552604
-0.00975921 1.34112e-15 -0.00180678 -0.0052423
-0.00925979 1.3416e-15 -0.00165955 -0.00480789
-0.00847055 1.34298e-15 -0.00152249 -0.00429861
-0.00777188 1.34312e-15 -0.00139545 -0.00383818
-0.00718324 1.34239e-15 -0.00127831 -0.00341841
-0.00677025 1.344e-15 -0.0011709 -0.00303757
-0.0065641 1.34473e-15 -0.001073 -0.00267559
-0.00674025 1.34679e-15 -0.000984446 -0.00233443
-0.00777215 1.3464e-15 -0.000905105 -0.00202154
-0.0113645 1.34681e-15 -0.000834771 -0.00171242
-0.000724639 1.34766e-15 -0.000772945 -0.00141971
-0.000639565 -7.58762e-05 -0.000717742 -0.00115824
-0.000517037 -7.04823e-05 -0.000667369 -0.00102685
-0.000374941 -5.84026e-05 -0.000621102 -0.000884818
-0.000132039 -2.33749e-05 -0.000578189 -0.000672343
0.000277226 5.54784e-05 -0.000538086 -0.000337245
0.000882073 0.000198453 -0.000500149 0.000150383
0.00162163 0.000407808 -0.000463423 0.000756166
0.00238581 0.000666521 -0.000426641 0.00140559
0.00310561 0.000957447 -0.000388439 0.00204894
0.00372734 0.00125904 -0.000347522 0.00264243
0.00419792 0.00154169 -0.000302782 0.00313675
0.00447988 0.00177405 -0.000253491 0.00348981
0.00454866 0.00192545 -0.000199515 0.00366697
0.00439689 0.00197155 -0.0001415 0.00364761
0.00401511 0.0018895 -8.09903e-05 0.00341194
0.003434 0.00168034 -2.05209e-05 0.00297998
0.00271502 0.00136887 3.64899e-05 0.00240565
0.00188853 0.000970802 8.62508e-05 0.00172113
0.000951877 0.000494935 0.000124922 0.000937049
-0.000109865 -5.47441e-05 0.000148549 5.8026e-05
-0.00131127 -0.000673654 0.00015286 -0.000907028
-0.00276964 -0.00140907 0.000133141 -0.00202557
-0.00428276 -0.00214218 8.32115e-05 -0.00310887
-0.00601863 -0.0029477 -2.81147e-06 -0.0042589
-0.00769767 -0.00379397 -0.000130471 -0.00533161
-0.00935021 -0.00457559 -0.000306623 -0.00627453
-0.0109027 -0.0052362 -0.000535943 -0.00702354
-0.0122433 -0.00577862 -0.000818577 -0.00756162
-0.0129515 -0.00602711 -0.00115125 -0.00771015
-0.0101034 -0.00466295 -0.00152216 -0.00620512
-0.0101704 3.27329e-15 -0.00238447 -0.00648538
-0.00983527 3.27334e-15 -0.0022903 -0.00612577
-0.00937504 3.27302e-15 -0.00213307 -0.00566715
-0.00961815 3.27264e-15 -0.00196877 -0.0054726
-0.00958618 3.27352e-15 -0.00181108 -0.00518543
-0.00907551 3.27521e-15 -0.00166313 -0.00474857
-0.00829419 3.27511e-15 -0.00152546 -0.00424405
-0.00760358 3.27499e-15 -0.00139796 -0.00378851
-0.00705379 3.27521e-15 -0.0012804 -0.00338268
-0.00668834 3.27507e-15 -0.00117256 -0.00301733
-0.00642006 3.27698e-15 -0.00107425 -0.00264224
-0.00661472 3.27726e-15 -0.000985339 -0.0023106
-0.00764506 3.27724e-15 -0.0009057 -0.00200415
-0.0112409 3.27753e-15 -0.00083515 -0.00170341
-0.000725764 3.2783e-15 -0.000773201 -0.00142099
-0.000642576 -7.62327e-05 -0.00071793 -0.00116051
-0.000513168 -6.99544e-05 -0.000667535 -0.00102433
-0.00036866 -5.74234e-05 -0.000621316 -0.000880621
-0.000124621 -2.20607e-05 -0.00057867 -0.000667544
0.000289529 5.79375e-05 -0.000539309 -0.000329484
0.000899462 0.000202379 -0.000502635 0.000161179
0.00164246 0.000413224 -0.000467632 0.000769031
0.00240495 0.000672625 -0.000432934 0.00141709
0.00312109 0.000964344 -0.000397049 0.00205806
0.00373621 0.0012667 -0.000358558 0.00264741
0.00419865 0.00155046 -0.000316245 0.00313682
0.00446936 0.00178332 -0.000269278 0.00348268
0.0045242 0.00193382 -0.000217418 0.00365021
0.00435982 0.0019782 -0.000161227 0.00362162
0.00396765 0.001893 -0.00010219 0.00337714
0.00338146 0.00168031 -4.2839e-05 0.00293906
0.00266289 0.00136525 1.34401e-05 0.00236139
0.00183999 0.00096326 6.29949e-05 0.00167451
0.000908507 0.000481222 0.000102202 0.000887084
-0.000145779 -7.51191e-05 0.000127187 4.93915e-06
-0.00134127 -0.000702051 0.000133635 -0.000965275
-0.002723 -0.00140826 0.000116595 -0.0020331
-0.00430279 -0.00218404 7.01824e-05 -0.00317526
-0.00603729 -0.00299281 -1.23796e-05 -0.00432593
-0.00774555 -0.00382841 -0.000137958 -0.0053973
-0.00937919 -0.00461609 -0.000313202 -0.00633233
-0.0109388 -0.00527176 -0.000542959 -0.00707432
-0.0122843 -0.00580788 -0.000827441 -0.00760476
-0.0129337 -0.00602175 -0.00116274 -0.00771587
-0.0102536 -0.00473256 -0.00153476 -0.00628763
-0.0103476 -1.67515e-15 -0.00235803 -0.00652983
-0.0100382 -1.67555e-15 -0.00226625 -0.00618021
-0.00956494 -1.6754e-15 -0.0021113 -0.00571659
-0.0097596 -1.67521e-15 -0.00194921 -0.00550456
-0.00971885 -1.67405e-15 -0.00179366 -0.00521496
-0.00920829 -1.67412e-15 -0.00164776 -0.00477857
-0.00842669 -1.67618e-15 -0.00151194 -0.00427362
-0.00773695 -1.67656e-15 -0.00138603 -0.00381776
-0.00715647 -1.67627e-15 -0.00126994 -0.00340204
-0.00675159 -1.67695e-15 -0.00116346 -0.00302498
-0.00654731 -1.67712e-15 -0.00106639 -0.00266487
-0.00673083 -1.67653e-15 -0.000978556 -0.00232664
-0.00776849 -1.67666e-15 -0.00089983 -0.00201573
-0.0113623 -1.67672e-15 -0.000829999 -0.00170747
-0.000726921 -1.67684e-15 -0.000768571 -0.00141738
-0.000639411 -7.58579e-05 -0.000713691 -0.00115408
-0.000509191 -6.94127e-05 -0.000663608 -0.00101763
-0.000360499 -5.61531e-05 -0.000617604 -0.000871162
-0.000111613 -1.97589e-05 -0.000574919 -0.000654508
0.000307256 6.1488e-05 -0.000535011 -0.000312415
0.000921525 0.000207329 -0.00049723 0.000182397
0.00166784 0.00041943 -0.00046061 0.000793733
0.00243313 0.000679741 -0.000423876 0.00144469
0.0031519 0.000971716 -0.000385671 0.00208804
0.00376896 0.0012731 -0.000344706 0.00267863
0.00423172 0.0015541 -0.00029989 0.00316733
0.00450343 0.00178337 -0.00025052 0.00351246
0.00456027 0.00193037 -0.000196493 0.00367986
0.00439596 0.00197113 -0.000138493 0.00364982
0.00400051 0.00188263 -7.81018e-05 0.00340212
0.00340899 0.00166811 -1.78934e-05 0.00296076
0.00268274 0.0013526 3.86917e-05 0.00237969
0.0018502 0.000951112 8.78756e-05 0.00168957
0.000906624 0.000471475 0.000125836 0.000899385
-0.000159818 -8.06839e-05 0.000148617 1.64399e-05
-0.00136918 -0.000703559 0.00015195 -0.00095483
-0.00276383 -0.00140561 0.000131109 -0.00202279
-0.00435186 -0.00217689 8.05528e-05 -0.00316313
-0.0060889 -0.00298239 -6.10509e-06 -0.00431209
-0.00776459 -0.00382688 -0.000135196 -0.00538153
-0.00940544 -0.00460265 -0.000312959 -0.00631615
-0.0109448 -0.00525644 -0.000543776 -0.00705645
-0.0122683 -0.00579042 -0.000827578 -0.00758439
-0.0128977 -0.00600206 -0.00116095 -0.00769258
-0.0101791 -0.00469788 -0.00153109 -0.00624913
-0.0102431 -1.40238e-15 -0.00236444 -0.00649467
-0.00990725 -1.40116e-15 -0.00227193 -0.00613543
-0.00944921 -1.39808e-15 -0.00211646 -0.00567849
-0.00964434 -1.39982e-15 -0.0019539 -0.00546726
-0.00961211 -1.39949e-15 -0.00179784 -0.00518133
-0.00910485 -1.39851e-15 -0.00165143 -0.00474684
-0.00832651 -1.39754e-15 -0.00151518 -0.00424435
-0.00763802 -1.39743e-15 -0.00138898 -0.00379035
-0.00705697 -1.39713e-15 -0.0012726 -0.00337583
-0.00668998 -1.39589e-15 -0.00116582 -0.00301104
-0.00652965 -1.39574e-15 -0.00106844 -0.00266318
-0.00672944 -1.39507e-15 -0.000980312 -0.00232855
-0.00779268 -1.39492e-15 -0.000901322 -0.00202099
-0.0114599 -1.39479e-15 -0.000831276 -0.00171645
-0.000730742 -1.39481e-15 -0.000769689 -0.00142192
-0.000643241 -7.63116e-05 -0.000714688 -0.00115772
-0.000519081 -7.07606e-05 -0.000664525 -0.00102543
-0.000366537 -5.70927e-05 -0.000618525 -0.000876338
-0.000118409 -2.0961e-05 -0.000576075 -0.000660519
0.000300674 6.01677e-05 -0.000536881 -0.000318979
0.000914316 0.000205721 -0.000500343 0.000174435
0.00165911 0.000417415 -0.000465442 0.000783767
0.00242191 0.00067737 -0.000430816 0.00143226
0.00313782 0.000969517 -0.000394977 0.00207331
0.00375201 0.00127206 -0.000356514 0.00266218
0.00421305 0.00155579 -0.000314216 0.0031507
0.00448189 0.00178833 -0.000267255 0.00349524
0.0045347 0.00193832 -0.0002154 0.00366121
0.00436812 0.00198197 -0.000159218 0.00363084
0.00397293 0.00189554 -0.000100199 0.00338377
0.0033846 0.00168188 -4.08846e-05 0.0029438
0.00266437 0.00136602 1.53339e-05 0.00236461
0.00184027 0.000963315 6.48061e-05 0.00167654
0.000932402 0.000493782 0.000103895 0.000909383
-9.24422e-05 -4.68039e-05 0.000128908 5.17674e-05
-0.0013421 -0.000702295 0.000135957 -0.000963542
-0.00272476 -0.00140892 0.00011937 -0.00203158
-0.00430478 -0.00218472 7.29013e-05 -0.00317385
-0.00603918 -0.0029933 -9.84459e-06 -0.00432447
-0.00774473 -0.00382943 -0.000135628 -0.0053954
-0.00937859 -0.0046158 -0.000311081 -0.00632984
-0.0109368 -0.00527078 -0.00054102 -0.00707117
-0.0122412 -0.00578786 -0.000825549 -0.00757952
-0.0130112 -0.00605807 -0.00116037 -0.00775303
-0.0102664 -0.00473855 -0.00153296 -0.00629184
-0.0103944 -3.80882e-15 -0.00233772 -0.00652843
-0.0101049 -3.80831e-15 -0.00224731 -0.00618726
-0.00961293 -3.80879e-15 -0.00209393 -0.00571728
-0.00977043 -3.80852e-15 -0.00193337 -0.00549266
-0.00975823 -3.80657e-15 -0.00177928 -0.00521444
-0.00926716 -3.80827e-15 -0.00163475 -0.00478558
-0.00848484 -3.80857e-15 -0.00150019 -0.00428099
-0.00778816 -3.80785e-15 -0.00137546 -0.00382331
-0.00720366 -3.80801e-15 -0.00126043 -0.0034066
-0.00679561 -3.80701e-15 -0.00115492 -0.00302857
-0.00658983 -3.80686e-15 -0.00105871 -0.00266758
-0.00639609 -3.80601e-15 -0.000971679 -0.0022528
-0.00721203 -3.80659e-15 -0.000893617 -0.00192965
-0.0106675 -3.80688e-15 -0.000824326 -0.00164818
-0.000708926 -3.8061e-15 -0.000763338 -0.0013961
-0.000639887 -7.59143e-05 -0.000708834 -0.00114955
-0.00053267 -7.26133e-05 -0.000659094 -0.00102944
-0.000396564 -6.17707e-05 -0.000613419 -0.000892345
-0.000168843 -2.98903e-05 -0.00057107 -0.000691468
0.000243167 4.86626e-05 -0.000531522 -0.000355356
0.000849504 0.000191125 -0.000494132 0.000132379
0.00158782 0.000399307 -0.000457934 0.000736232
0.00235593 0.000658173 -0.000421663 0.00138762
0.0030726 0.000947271 -0.000383955 0.00202752
0.00369095 0.00124676 -0.000343523 0.00261725
0.00415813 0.00152708 -0.00029928 0.00310765
0.0044365 0.00175687 -0.000250512 0.00345655
0.00450112 0.00190534 -0.000197098 0.00362899
0.00434458 0.00194811 -0.000139695 0.00360436
0.00395804 0.00186266 -7.98686e-05 0.00336343
0.00337329 0.00165066 -2.01689e-05 0.00292731
0.00265186 0.00133704 3.59773e-05 0.00235005
0.00182363 0.000937785 8.47845e-05 0.00166364
0.000886 0.000460895 0.00012243 0.000878455
-0.000178465 -9.05998e-05 0.000144967 -2.87083e-06
-0.0013806 -0.000710237 0.000148114 -0.000968328
-0.00276524 -0.00140791 0.000127154 -0.00202875
-0.00434416 -0.00217567 7.66201e-05 -0.00316293
-0.00607462 -0.00297936 -9.83955e-06 -0.0043083
-0.00777194 -0.00381363 -0.000138592 -0.00537821
-0.00940039 -0.00460019 -0.00031572 -0.00631572
-0.0109481 -0.00525811 -0.000545862 -0.0070606
-0.0123195 -0.00581471 -0.000829364 -0.00761452
-0.012829 -0.00597016 -0.00116332 -0.00766024
-0.00995332 -0.0045937 -0.00153322 -0.00614663
-0.0100126 -1.91327e-15 -0.00243658 -0.00647393
-0.00964574 -1.91281e-15 -0.00233892 -0.00610056
