14
1
0
0
0
0
0
0
0
0
0
0
0
0
0
0
0
0
0
0
0
0
0
0
0
0
0
0
0
0
0
0
0
0
0
0
0
0
0
0
0
0
0
0
0
0
0
0
0
0
0
0
0
0
0
0
0
0
0
0
0
0
0
0
1
0
0
0
0
0
0
0
0
1
0
0
0
0
0
0
0
0
0
0
0
0
0
0
0
0
0
0
0
0
0
0
0
0
0
0
0
0
0
0
0
0
0
0
0
0
0
0
0
0
0
0
0
0
0
0
0
0
0
0
0
0
0
0
0
0
0
0
0
0
0
0
0
0
0
0
0
0
0
0
13
0
0
1
0
0
0
0
0
0
0
0
0
0
0
0
0
0
0
0
0
0
0
0
0
0
0
0
0
0
0
0
0
0
0
0
0
0
0
0
0
0
0
0
0
5
5 231
4 144
4 132
4 129
4 128
4 129
4 126
4 125
4 140
4 141
4 148
5 176
7 235
6 232
10 569
2 214
2 84
2 108
2 78
2 80
2 137
2 129
2 127
2 125
2 123
2 123
2 127
2 123
2 122
3 179
3 170
3 178
4 220
4 216
5 266
5 263
5 287
4 233
3 193
2 145
2 138
3 193
3 194
2 137
2 137
4 332
4 222
4 245
4 226
4 222
4 220
4 220
4 219
4 219
4 219
4 255
6 338
6 327
6 325
10 866
2 210
2 109
2 78
2 72
2 73
2 70
2 71
2 69
2 69
2 134
2 75
2 72
2 73
2 77
3 100
3 98
3 106
4 131
4 127
4 127
5 154
5 153
5 156
4 133
3 106
3 99
2 86
2 81
2 85
3 121
3 203
4 132
5 158
5 155
5 153
6 180
6 185
6 181
5 167
5 167
6 188
6 195
6 192
5 164
10 514
2 207
2 107
2 74
2 70
2 71
2 70
2 71
2 133
2 79
2 74
2 73
2 70
2 72
2 70
2 71
3 105
3 98
3 107
4 128
4 130
4 127
5 287
5 270
5 266
4 229
3 191
2 142
2 122
2 130
2 145
2 261
4 231
4 221
5 268
5 267
6 194
6 186
5 164
5 171
5 170
6 346
6 340
6 332
5 280
10 790
2 211
2 113
2 71
2 84
2 75
2 74
2 72
2 72
2 71
2 71
2 73
2 74
2 75
2 72
2 69
3 115
3 100
3 108
4 128
4 125
4 126
5 153
5 153
5 152
4 131
3 105
2 85
2 71
2 77
2 89
2 166
4 133
4 127
5 155
5 154
5 152
6 181
6 196
5 166
5 169
6 195
6 207
6 195
5 168
10 517
2 212
2 111
2 73
2 76
2 70
2 72
2 80
2 75
2 71
2 76
2 73
2 73
2 72
2 72
2 72
3 105
3 102
3 110
4 130
4 132
4 140
5 163
5 160
5 158
4 140
3 119
2 90
2 77
2 81
2 91
2 175
4 139
4 132
5 160
5 160
5 162
6 188
6 188
5 167
5 174
6 201
6 198
6 201
5 173
10 516
2 207
2 106
2 72
2 72
2 69
2 72
2 70
2 70
2 68
2 68
2 69
2 69
2 68
2 69
2 69
3 104
3 100
3 106
4 134
4 128
4 138
5 156
5 167
5 286
4 232
3 180
2 145
2 123
2 130
2 145
2 262
4 232
4 221
5 268
5 268
5 269
6 314
6 317
6 315
6 314
6 315
6 329
6 328
5 280
10 1016
2 321
2 171
2 124
2 121
2 120
2 120
2 120
2 122
2 83
2 72
2 134
2 126
2 123
2 122
2 121
3 178
3 170
3 179
4 218
4 218
4 219
5 264
5 264
5 266
4 229
3 191
2 143
2 124
2 132
2 149
2 264
4 233
4 224
5 269
5 310
6 328
7 370
5 285
5 295
5 288
6 327
6 334
6 331
5 282
10 844
2 323
2 173
2 122
2 121
2 122
2 121
2 121
2 138
2 132
2 129
2 127
2 126
2 124
2 125
2 128
3 181
3 170
3 180
4 218
4 218
4 219
5 264
5 264
5 263
4 226
3 178
2 143
2 123
2 132
2 146
2 261
4 230
4 242
5 276
5 271
5 270
6 316
6 318
5 279
5 287
6 324
6 331
6 330
5 281
10 841
2 335
2 177
2 125
2 126
2 122
2 121
2 121
2 123
2 121
2 120
2 121
2 119
2 141
2 131
2 128
3 186
3 175
3 182
4 223
4 221
4 220
6 337
5 289
5 272
4 233
3 200
2 146
2 126
2 134
2 146
2 265
4 236
4 227
5 271
5 271
6 318
6 317
6 324
5 288
5 283
6 323
6 328
6 328
5 281
10 840
2 221
2 109
2 74
2 71
2 70
2 133
2 76
2 72
2 72
2 73
2 71
2 71
2 72
2 135
2 125
3 181
3 172
3 180
4 219
4 217
4 218
5 264
5 263
5 263
4 227
3 178
2 141
2 121
2 128
2 98
2 174
4 139
4 130
5 155
5 154
6 185
6 183
6 179
5 162
5 170
6 189
6 191
6 192
5 167
10 511
2 208
2 109
2 71
2 69
2 69
2 71
2 70
2 69
2 67
2 69
2 81
2 78
2 80
2 85
2 72
3 106
3 96
3 107
4 130
4 128
4 128
5 154
5 156
5 160
4 132
3 114
2 86
2 73
2 78
2 98
2 172
4 137
4 130
5 153
5 156
6 182
7 208
6 182
5 162
5 167
6 191
6 192
6 193
5 163
10 513
2 210
2 117
2 73
2 71
2 70
2 70
2 71
2 71
2 70
2 69
2 70
2 70
2 71
2 71
2 68
3 104
3 97
3 105
4 141
4 130
4 126
5 168
5 157
5 156
4 133
3 103
2 71
2 87
2 71
2 87
2 171
3 110
4 129
5 155
5 155
5 155
6 180
6 183
5 161
5 168
6 188
6 191
6 189
5 163
10 515
2 207
2 108
2 80
2 70
2 68
2 70
2 70
2 69
2 69
2 69
2 70
2 69
2 68
2 69
2 68
3 103
3 97
3 101
4 128
4 126
4 125
5 150
5 149
5 152
4 132
3 115
2 84
2 70
2 76
2 86
2 169
4 134
4 131
5 156
5 155
6 181
6 183
6 181
5 164
5 167
6 188
6 188
6 187
5 161
10 511
2 210
2 115
2 73
2 70
2 71
2 70
2 70
2 68
2 68
2 70
2 68
2 69
2 81
2 72
2 70
3 104
3 96
3 102
4 130
4 139
4 139
5 284
5 157
5 158
4 133
3 113
2 87
2 71
2 77
2 87
3 326
4 234
4 221
5 269
5 290
5 269
6 316
6 317
5 175
5 179
6 345
6 332
6 330
5 279
10 838
2 318
2 170
2 120
2 119
2 119
2 120
2 118
2 119
2 119
2 119
2 118
2 119
2 119
2 118
2 118
3 175
3 168
3 181
4 217
4 216
4 216
5 262
5 260
5 260
4 227
3 190
2 139
2 120
2 128
2 142
2 261
4 228
4 219
5 265
5 265
6 311
6 312
6 316
5 276
5 282
6 321
6 329
6 359
5 290
10 848
2 321
2 171
2 121
2 120
2 121
2 121
2 120
2 120
2 119
2 119
2 119
2 118
2 119
2 118
2 118
3 173
3 166
3 198
4 222
4 218
4 217
5 263
5 287
5 268
4 229
3 178
2 142
2 123
2 129
2 154
2 261
4 250
4 141
5 273
5 268
5 266
6 326
6 315
5 277
5 180
6 193
6 200
6 194
5 171
10 517
2 210
2 109
2 132
2 124
2 121
2 124
2 120
2 119
2 118
2 119
2 118
2 118
2 118
2 117
2 118
3 174
3 166
3 175
4 141
4 131
4 236
5 267
5 262
5 261
4 225
3 190
2 141
2 83
2 80
2 87
3 197
4 143
5 160
5 154
5 154
6 180
6 181
5 163
5 167
5 167
6 187
5 156
6 194
5 166
10 516
2 337
2 176
2 128
2 85
2 74
2 71
2 72
2 70
2 68
2 67
2 68
2 68
2 68
2 68
2 68
3 101
3 97
3 103
4 125
4 123
4 124
5 150
5 151
5 152
4 132
3 117
2 89
2 139
2 131
2 149
2 181
4 243
