-0.245 0 -0.226255
-0.245 0 -0.226255
-0.245 0 -0.226255
-0.245 0 -0.226255
-0.245 0 -0.226255
-0.245 0 -0.226255
-0.245 0 -0.226255
-0.245 0 -0.226255
-0.245 0 -0.226255
-0.245 0 -0.226255
-0.245 0 -0.226255
-0.245 0 -0.226255
-0.245 0 -0.226255
-0.245 0 -0.226255
-0.245 0 -0.226255
-0.245 0 -0.226261
-0.245 0 -0.226305
-0.245 0 -0.226415
-0.245 0 -0.226615
-0.245 0 -0.22692
-0.245 0 -0.22734
-0.245 0 -0.22788
-0.245 0 -0.228539
-0.245 0 -0.229312
-0.245 0 -0.230189
-0.245 0 -0.231158
-0.245 0 -0.232205
-0.245 0 -0.233368
-0.245 0 -0.234488
-0.245 0 -0.235627
-0.245 0 -0.236795
-0.245 0 -0.237943
-0.245 0 -0.239049
-0.245 0 -0.240096
-0.245 0 -0.241066
-0.245 0 -0.241943
-0.245 0 -0.242716
-0.245 0 -0.243374
-0.245 0 -0.243914
-0.245 0 -0.244335
-0.245 0 -0.24464
-0.245 0 -0.24484
-0.245 0 -0.24495
-0.245 0 -0.244993
0.245 0.235039 0
0.245 0.235039 0
0.245 0.235039 0
0.245 0.235039 0
0.245 0.235039 0
0.245 0.235039 0
0.245 0.235039 0
0.245 0.235039 0
0.245 0.235039 0
0.245 0.235039 0
0.245 0.235039 0
0.245 0.235039 0
0.245 0.235039 0
0.245 0.235039 0
0.245 0.235039 0
0.245 0.235039 0
0.245 0.235043 0
0.244071 0.235063 0
0.242787 0.235105 0
0.241459 0.235162 0
0.240201 0.235222 0
0.239047 0.235271 0
0.23797 0.235293 0
0.236942 0.235271 0
0.235935 0.235185 0
0.235 0.235031 0
0.235 0.235029 0
0.235 0.235027 0
0.235 0.235024 0
0.235 0.235022 0
0.235 0.23502 0
0.235 0.235017 0
0.235 0.235015 0
0.235 0.235012 0
0.235 0.23501 0
0.235 0.235008 0
0.235 0.235006 0
0.235 0.235005 0
0.235 0.235003 0
0.235 0.235002 0
0.235 0.235001 0
0.235 0.235001 0
0.235 0.235 0
0.235 0.235 0
0.235 0.235 0
-0.245 0 -0.225835
-0.245 0 -0.225835
-0.245 0 -0.225835
-0.245 0 -0.225835
-0.245 0 -0.225835
-0.245 0 -0.225835
-0.245 0 -0.225835
-0.245 0 -0.225835
-0.245 0 -0.225835
-0.245 0 -0.225835
-0.245 0 -0.225835
-0.245 0 -0.225835
-0.245 0 -0.225835
-0.245 0 -0.225835
-0.245 0 -0.225835
-0.245 0 -0.225835
-0.245 0 -0.225842
-0.243172 0 -0.225882
-0.24209 0 -0.225974
-0.240913 0 -0.226125
-0.239727 0 -0.226328
-0.238608 0 -0.226575
-0.237555 0 -0.226852
-0.236549 0 -0.227141
-0.235563 0 -0.227422
-0.235 0 -0.227759
-0.235 0 -0.228233
-0.235 0 -0.228745
-0.235 0 -0.229286
-0.235 0 -0.229847
-0.235 0 -0.230418
-0.235 0 -0.230989
-0.235 0 -0.23155
-0.235 0 -0.232091
-0.235 0 -0.232603
-0.235 0 -0.233077
-0.235 0 -0.233505
-0.235 0 -0.233883
-0.235 0 -0.234205
-0.235 0 -0.234469
-0.235 0 -0.234675
-0.235 0 -0.234824
-0.235 0 -0.234922
-0.235 0 -0.234975
-0.235 0 -0.234997
0.245 0.22493 0
0.245 0.22493 0
0.245 0.22493 0
0.245 0.22493 0
0.245 0.22493 0
0.245 0.22493 0
0.245 0.22493 0
0.245 0.22493 0
0.245 0.22493 0
0.245 0.22493 0
0.245 0.22493 0
0.245 0.224937 0
0.266963 0.22512 0
0.267172 0.225535 0
0.265056 0.226205 0
0.2626 0.227112 0
0.260278 0.228226 0
0.258154 0.229503 0
0.25623 0.230894 0
0.254381 0.232319 0
0.252604 0.233715 0
0.250786 0.234977 0
0.248852 0.235995 0
0.247692 0.237164 0
0.242588 0.235727 0
0.235 0.231803 0
0.235 0.232474 0
0.235 0.233081 0
0.235 0.233614 0
0.235 0.234015 0
0.235 0.234275 0
0.235 0.234486 0
0.235 0.234624 0
0.235 0.234726 0
0.235 0.234779 0
0.235 0.234806 0
0.235 0.234865 0
0.235 0.234914 0
0.235 0.234973 0
0.235 0.234996 0
-0.245 0 -0.227662
-0.245 0 -0.227662
-0.245 0 -0.227662
-0.245 0 -0.227662
-0.245 0 -0.227662
-0.245 0 -0.227662
-0.245 0 -0.227662
-0.245 0 -0.227662
-0.245 0 -0.227662
-0.245 0 -0.227662
-0.245 0 -0.227662
-0.245 0 -0.227662
-0.245 0 -0.227662
-0.245 0 -0.227662
-0.245 0 -0.227662
-0.245 0 -0.227662
-0.245 0 -0.227668
-0.243595 0 -0.227704
-0.242495 0 -0.227789
-0.241306 0 -0.227924
-0.240091 0 -0.228103
-0.23893 0 -0.228314
-0.237811 0 -0.228542
-0.236721 0 -0.228766
-0.23567 0 -0.228968
-0.235 0 -0.229202
-0.235 0 -0.229581
-0.235 0 -0.229991
-0.235 0 -0.230413
-0.235 0 -0.230874
-0.235 0 -0.231331
-0.235 0 -0.231788
-0.235 0 -0.232237
-0.235 0 -0.232671
-0.235 0 -0.23308
-0.235 0 -0.23346
-0.235 0 -0.233803
-0.235 0 -0.234106
-0.235 0 -0.234364
-0.235 0 -0.234575
-0.235 0 -0.234747
-0.235 0 -0.234864
-0.235 0 -0.234937
-0.235 0 -0.23498
-0.235 0 -0.234997
0.245 0.230505 0
0.245 0.230505 0
0.245 0.230505 0
0.245 0.230505 0
0.245 0.230505 0
0.245 0.230505 0
0.245 0.230505 0
0.245 0.230505 0
0.245 0.230505 0
0.245 0.230505 0
0.245 0.230505 0
0.245 0.230505 0
0.245 0.230505 0
0.245 0.230505 0
0.245 0.230505 0
0.245 0.230505 0
0.245 0.23051 0
0.24374 0.23054 0
0.242643 0.230609 0
0.241455 0.230715 0
0.240271 0.230851 0
0.239136 0.231005 0
0.238059 0.23116 0
0.237042 0.231301 0
0.236052 0.231409 0
0.235059 0.231461 0
0.235 0.231681 0
0.235 0.231932 0
0.235 0.232197 0
0.235 0.232472 0
0.235 0.232752 0
0.235 0.233046 0
0.235 0.233321 0
0.235 0.233573 0
0.235 0.233824 0
0.235 0.234057 0
