-0.0692114 -9.53214e-18 -0.08107 -0.127015
-0.0683196 1.49812e-17 -0.072816 -0.116758
-0.0674203 1.64969e-17 -0.0650237 -0.107027
-0.0662529 1.49038e-17 -0.0576791 -0.0971216
-0.0651284 5.60576e-18 -0.0508131 -0.0879201
-0.0640483 1.91025e-17 -0.0444703 -0.0793254
-0.0628405 2.96922e-18 -0.0386992 -0.071079
-0.0620652 7.85205e-18 -0.0335468 -0.0639576
-0.0619886 1.09133e-17 -0.0290765 -0.0581352
-0.0617611 2.73983e-17 -0.0253475 -0.0526021
-0.060932 2.57264e-17 -0.0224225 -0.047083
-0.0587296 2.16728e-17 -0.0203681 -0.0411743
-0.0548886 2.98544e-17 -0.0192498 -0.0350564
-0.049084 2.56004e-17 -0.0191147 -0.0288911
-0.0424878 2.61079e-17 -0.0199386 -0.0238611
0.00260614 0.000309153 -0.0213767 -0.0195816
0.0103004 0.00140403 -0.0230333 -0.015871
0.0165464 0.00257716 -0.0247957 -0.0131565
0.0211292 0.00374018 -0.026647 -0.0115772
0.0243429 0.00487122 -0.0285923 -0.0109491
0.0265791 0.00598037 -0.0306316 -0.0110144
0.028116 0.00707392 -0.0327681 -0.0115969
0.0291213 0.00814528 -0.0350004 -0.0125967
0.0298733 0.00923087 -0.0373306 -0.0138299
0.0307993 0.01 -0.0397647 -0.0153494
0.0329628 0.01 -0.0423105 -0.0170033
0.0353161 0.01 -0.0449908 -0.0187463
0.0375896 0.01 -0.0478325 -0.0207466
0.040329 0.01 -0.0508567 -0.0227608
0.0435302 0.01 -0.054088 -0.0248317
0.047013 0.01 -0.0575501 -0.0270857
0.0507439 0.01 -0.0612656 -0.0295036
0.0533042 0.01 -0.0652598 -0.0320993
0.0566744 0.01 -0.0695618 -0.0349049
0.0602348 0.01 -0.0742029 -0.0378605
0.0644449 0.01 -0.0792196 -0.0412637
0.0698167 0.01 -0.0846445 -0.0449102
0.07 0.01 -0.0905124 -0.0488777
0.07 0.01 -0.0968588 -0.0532056
0.07 0.01 -0.103716 -0.0577754
0.07 0.01 -0.111112 -0.0623541
0.07 0.01 -0.119062 -0.067146
0.07 0.01 -0.127584 -0.0725268
0.07 0.01 -0.136687 -0.0787762
0.0699735 0.01 -0.146294 -0.0856744
0.0694127 -1.88549e-15 0.0890847 0.136614
0.0686301 -1.90458e-15 0.0803585 0.125558
0.0676901 -1.90461e-15 0.0720638 0.114823
0.0665565 -1.90437e-15 0.0642366 0.104345
0.0652269 -1.90145e-15 0.056917 0.0941981
0.0637338 -1.91201e-15 0.0501396 0.0844879
0.0623045 -1.90483e-15 0.0439399 0.0755566
0.0616022 -1.89787e-15 0.0383888 0.0681995
0.0615277 -1.90828e-15 0.0335677 0.0620852
0.061261 -1.90443e-15 0.0295245 0.0562508
0.060129 -1.91685e-15 0.0263117 0.0502207
0.0576157 -1.93276e-15 0.0239909 0.0438628
0.0533018 -1.93256e-15 0.0226268 0.0372406
0.0467828 -1.93705e-15 0.0222659 0.030492
0.0322971 -1.939e-15 0.0228779 0.0241909
-0.00782735 -0.000928544 0.0241152 0.0187237
-0.0162367 -0.00221325 0.0255771 0.0142874
-0.0227317 -0.00354067 0.0271492 0.0111599
-0.0271093 -0.00479907 0.0288065 0.00947481
-0.0297475 -0.0059531 0.0305488 0.00899741
-0.0312481 -0.00703038 0.0323844 0.00933877
-0.032044 -0.00805845 0.0343235 0.0102242
-0.0324488 -0.00906508 0.0363772 0.0114581
-0.0328066 -0.01 0.0385568 0.0129045
-0.0347149 -0.01 0.0408733 0.0144703
-0.0368722 -0.01 0.0433457 0.0161117
-0.0393193 -0.01 0.0459955 0.0178377
-0.0420658 -0.01 0.0488388 0.0196686
-0.045108 -0.01 0.0518908 0.0216314
-0.0484248 -0.01 0.0551678 0.0237635
-0.0517776 -0.01 0.058687 0.0261125
-0.053791 -0.01 0.0624671 0.028735
-0.0562904 -0.01 0.0665283 0.0316756
-0.0591158 -0.01 0.070892 0.0349497
-0.0622452 -0.01 0.0755811 0.0384488
-0.065736 -0.01 0.0806206 0.0425182
-0.07 -0.01 0.0860378 0.0469118
-0.07 -0.01 0.0918614 0.0517676
-0.07 -0.01 0.0981214 0.0569688
-0.07 -0.01 0.104845 0.0626983
-0.07 -0.01 0.112076 0.068196
-0.07 -0.01 0.119853 0.0739129
-0.07 -0.01 0.128211 0.0800012
-0.07 -0.01 0.137165 0.0872224
-0.0699203 -0.01 0.146661 0.0963037
-0.0681269 -1.45907e-16 -0.0799635 -0.117298
-0.0660604 -1.56008e-16 -0.0719299 -0.106598
-0.0638422 -1.52612e-16 -0.0643645 -0.096148
-0.0614968 -1.42269e-16 -0.0572382 -0.086078
-0.0591662 -1.34871e-16 -0.0505711 -0.0766684
-0.056986 -1.33728e-16 -0.0444133 -0.0680809
-0.054943 -1.33696e-16 -0.0388144 -0.0602225
-0.0534361 -1.23091e-16 -0.0338244 -0.0535713
-0.0523376 -1.30235e-16 -0.0294975 -0.0478478
-0.0509063 -1.28065e-16 -0.0258891 -0.0422677
-0.0488011 -1.21585e-16 -0.0230575 -0.0367098
-0.0454769 -1.24977e-16 -0.0210668 -0.0309746
-0.0394805 -1.2669e-16 -0.0199817 -0.0253433
-0.00133931 -1.26629e-16 -0.0198518 -0.0199552
0.0519273 -1.32868e-16 -0.0206518 -0.0151284
0.0154106 0.0018283 -0.0220493 -0.0114355
0.0213446 0.0029097 -0.0236564 -0.00881626
0.0262401 0.00408725 -0.0253613 -0.00690511
0.0297886 0.00527324 -0.0271551 -0.00591151
0.0319407 0.00639172 -0.0290432 -0.00589591
0.0330885 0.00744494 -0.0310285 -0.00660939
0.0335897 0.0084507 -0.0331126 -0.00782281
0.0337423 0.00943698 -0.0352963 -0.00934081
0.034249 0.01 -0.037582 -0.0111216
0.0355058 0.01 -0.0399774 -0.0130986
0.0370514 0.01 -0.0424988 -0.0150861
0.0385449 0.01 -0.0451654 -0.0172858
0.0404519 0.01 -0.0479958 -0.0194858
0.0424919 0.01 -0.051011 -0.0218588
0.0447968 0.01 -0.0542342 -0.0243722
0.0473835 0.01 -0.0576886 -0.0270538
0.0502388 0.01 -0.0613974 -0.0299494
0.0521021 0.01 -0.0653855 -0.0331649
0.0546764 0.01 -0.0696816 -0.0364593
0.0575505 0.01 -0.0743178 -0.0401526
0.0606932 0.01 -0.079329 -0.0441954
0.0644702 0.01 -0.0847497 -0.0487261
0.0695893 0.01 -0.0906135 -0.0534247
0.07 0.01 -0.096956 -0.0586915
0.07 0.01 -0.103814 -0.0642807
0.07 0.01 -0.111212 -0.0699536
0.07 0.01 -0.119151 -0.0756525
0.07 0.01 -0.127672 -0.0818665
0.07 0.01 -0.136766 -0.0888714
0.0699183 0.01 -0.146378 -0.0963971
0.0678533 1.77855e-15 0.0792526 0.114444
0.0652316 1.78682e-15 0.0712411 0.103165
0.062547 1.77826e-15 0.0637134 0.0927988
0.0596941 1.76625e-15 0.0566291 0.082855
0.056763 1.77462e-15 0.0500117 0.073466
0.07 1.77048e-15 0.0438913 0.0646651
0.07 1.75529e-15 0.0382831 0.0564929
0.07 1.75361e-15 0.0332861 0.0491592
0.07 1.75866e-15 0.0289721 0.0419489
0.0697459 1.75423e-15 0.0253936 0.0351398
-0.00717922 0.0219632 0.0239711 0.0282934
-0.0206962 0.0221722 0.0249227 0.0212422
-0.0331341 0.0200563 0.0266269 0.0154786
-0.0429857 0.0175996 0.0285756 0.0114815
-0.0492565 0.0152781 0.0306329 0.00983219
-0.0529198 0.013154 0.0327716 0.00994694
-0.054818 0.0112299 0.0349963 0.0113591
-0.0560431 0.00938054 0.0373224 0.0134029
-0.0568815 0.0076044 0.0397649 0.015972
-0.0579478 0.00578626 0.042337 0.0186981
-0.0595463 0.00385238 0.0450502 0.0214298
-0.0653456 0.00269201 0.0479142 0.0243
-0.07 -0.00241203 0.050946 0.027023
-0.07 -0.01 0.054128 0.0299174
-0.07 -0.01 0.057399 0.0326915
-0.07 -0.01 0.0608051 0.035268
-0.07 -0.01 0.0644523 0.0379088
-0.07 -0.01 0.0683813 0.040747
-0.07 -0.01 0.0726176 0.0437534
-0.07 -0.01 0.0771824 0.0464614
-0.07 -0.01 0.0821 0.0484453
-0.07 -0.01 0.0873997 0.0500625
-0.07 -0.01 0.0931095 0.0515256
-0.07 -0.01 0.0992605 0.0538227
-0.07 -0.01 0.105895 0.0617735
-0.07 -0.01 0.11306 0.0724537
-0.07 -0.01 0.120776 0.0813746
-0.07 -0.01 0.129093 0.0890846
-0.07 -0.01 0.138018 0.0961251
-0.0699012 -0.01 0.147482 0.102503
-0.0680285 6.83321e-15 -0.0818674 -0.118416
-0.0667951 6.83827e-15 -0.073652 -0.111298
-0.0658912 6.8376e-15 -0.0658823 -0.103459
-0.0647324 6.83647e-15 -0.0585644 -0.0945495
-0.0631908 6.83878e-15 -0.0517315 -0.0851902
-0.0615503 6.83091e-15 -0.0454273 -0.0762559
-0.0602095 6.84183e-15 -0.0397081 -0.0683692
-0.0593924 6.83125e-15 -0.0346155 -0.0616689
-0.0582485 6.83468e-15 -0.0301714 -0.0550265
-0.0568035 6.81746e-15 -0.0264547 -0.0486877
-0.0547913 6.82614e-15 -0.0235363 -0.0425722
-0.0513537 6.8353e-15 -0.0214806 -0.0361747
-0.0463207 6.83426e-15 -0.0203467 -0.029743
-0.0399939 6.83423e-15 -0.0201822 -0.0238401
0.0449707 6.83319e-15 -0.020961 -0.0184046
0.0118408 0.00140518 -0.0223408 -0.014188
0.0183697 0.00250469 -0.0239312 -0.0111628
0.0237113 0.00369387 -0.0256252 -0.00895158
0.027728 0.00490881 -0.0274121 -0.00764156
0.0303322 0.00606995 -0.0292949 -0.0073163
0.0319515 0.00718906 -0.0312761 -0.00769811
0.0329068 0.00827887 -0.0333566 -0.00858119
0.0333587 0.00933004 -0.0355363 -0.00987445
0.033978 0.01 -0.0378161 -0.0114964
0.0355596 0.01 -0.0402023 -0.0132891
0.0371235 0.01 -0.0427105 -0.0152513
0.0387309 0.01 -0.0453603 -0.0173739
0.0405588 0.01 -0.0481705 -0.0195909
0.0424413 0.01 -0.0511627 -0.0220153
0.0444037 0.01 -0.0543607 -0.0246643
0.0467619 0.01 -0.0577886 -0.0274202
0.0494085 0.01 -0.0614703 -0.0303762
0.0516701 0.01 -0.0654322 -0.0334699
0.0539057 0.01 -0.0697038 -0.036951
0.0568126 0.01 -0.0743185 -0.0406428
0.0599274 0.01 -0.0793127 -0.0446504
0.0638864 0.01 -0.0847222 -0.0490038
0.0691094 0.01 -0.0905821 -0.0536054
0.07 0.01 -0.0969328 -0.0588908
0.07 0.01 -0.103807 -0.064486
0.07 0.01 -0.111215 -0.0698822
0.07 0.01 -0.119166 -0.0753145
0.07 0.01 -0.127699 -0.0812545
0.07 0.01 -0.136802 -0.0890298
0.0699022 0.01 -0.146356 -0.0994628
0.0680697 2.39716e-16 0.0846768 0.121592
0.0664009 2.64154e-16 0.0763046 0.112403
0.0648196 2.70992e-16 0.0683751 0.102982
0.0631628 2.5515e-16 0.0608966 0.0934836
0.0614233 2.70821e-16 0.0539011 0.0842011
0.0598064 2.5648e-16 0.0474309 0.0756003
0.058026 2.46539e-16 0.041514 0.0672285
0.0571576 2.60392e-16 0.0362227 0.0605809
0.0565516 2.7772e-16 0.031638 0.0546731
0.0558378 2.87369e-16 0.0278082 0.0491381
0.0542574 2.9103e-16 0.0247844 0.0434008
0.0513746 2.98356e-16 0.0226241 0.0373974
0.0470851 3.02461e-16 0.0213916 0.0314111
0.0413221 2.98243e-16 0.0211361 0.0257267
-0.0426305 2.98795e-16 0.021832 0.020174
-0.0106218 -0.00125986 0.0231439 0.0158265
-0.0172949 -0.00235724 0.0246718 0.0126447
-0.0227609 -0.00354502 0.0262991 0.0102877
-0.0267115 -0.0047285 0.0280111 0.00896179
-0.0293017 -0.00586383 0.0298076 0.00857793
-0.0308494 -0.0069407 0.0316955 0.00894278
-0.0316454 -0.00795836 0.0336841 0.00988336
-0.0320293 -0.00894818 0.0357839 0.0111857
-0.0322432 -0.00994062 0.0380064 0.0127006
-0.033747 -0.01 0.0403628 0.0144619
-0.0355761 -0.01 0.0428714 0.0162985
-0.0377168 -0.01 0.0455543 0.0181995
-0.0398928 -0.01 0.0484281 0.0203279
-0.0424295 -0.01 0.0515084 0.0225446
-0.0452383 -0.01 0.0548116 0.0249211
-0.0481749 -0.01 0.0583552 0.0275552
-0.0514171 -0.01 0.0621581 0.0303605
-0.0536825 -0.01 0.0662404 0.0333547
-0.0564946 -0.01 0.0706237 0.0366957
-0.0595014 -0.01 0.075331 0.0403612
