0.3 0.3 0.019
0.3 0.3 0.039
0.3 0.3 0.059
0.3 0.3 0.079
0.3 0.3 0.099
0.3 0.3 0.119
0.3 0.3 0.139
0.3 0.3 0.159
0.3 0.3 0.179
0.3 0.3 0.199
0.3 0.3 0.219
0.3 0.3 0.239
0.3 0.3 0.259
0.3 0.3 0.279
0.3 0.3 0.299
0.6 0.6 0.019
0.6 0.6 0.039
0.6 0.6 0.059
0.6 0.6 0.079
0.6 0.6 0.099
0.6 0.6 0.119
0.6 0.6 0.139
0.6 0.6 0.159
0.6 0.6 0.179
0.6 0.6 0.199
0.6 0.6 0.219
0.6 0.6 0.239
0.6 0.6 0.259
0.6 0.6 0.279
0.6 0.6 0.299
0.6 0.6 0.319
0.6 0.6 0.339
0.6 0.6 0.359
0.6 0.6 0.379
0.6 0.6 0.399
0.6 0.6 0.419
0.6 0.6 0.439
0.6 0.6 0.459
0.6 0.6 0.479
0.6 0.6 0.499
0.6 0.6 0.519
0.6 0.6 0.539
0.6 0.6 0.559
0.6 0.6 0.579
0.6 0.6 0.599
0.3 0.3 0.019
0.3 0.3 0.039
0.3 0.3 0.059
0.3 0.3 0.079
0.3 0.3 0.099
0.3 0.3 0.119
0.3 0.3 0.139
0.3 0.3 0.159
0.3 0.3 0.179
0.3 0.3 0.199
0.3 0.3 0.219
0.3 0.3 0.239
0.3 0.3 0.259
0.3 0.3 0.279
0.3 0.3 0.299
0.6 0.6 0.019
0.6 0.6 0.039
0.6 0.6 0.059
0.6 0.6 0.079
0.6 0.6 0.099
0.6 0.6 0.119
0.6 0.6 0.139
0.6 0.6 0.159
0.6 0.6 0.179
0.6 0.6 0.199
0.6 0.6 0.219
0.6 0.6 0.239
0.6 0.6 0.259
0.6 0.6 0.279
0.6 0.6 0.299
0.6 0.6 0.319
0.6 0.6 0.339
0.6 0.6 0.359
0.6 0.6 0.379
0.6 0.6 0.399
0.6 0.6 0.419
0.6 0.6 0.439
0.6 0.6 0.459
0.6 0.6 0.479
0.6 0.6 0.499
0.6 0.6 0.519
0.6 0.6 0.539
0.6 0.6 0.559
0.6 0.579 0.579
0.3 0.2 0.009
0.3 0.2 0.029
0.3 0.2 0.049
0.3 0.2 0.069
0.3 0.2 0.089
0.3 0.2 0.109
0.3 0.2 0.129
0.3 0.2 0.149
0.3 0.2 0.169
0.3 0.2 0.189
0.6 0.5 0.009
0.6 0.5 0.029
0.6 0.5 0.049
0.6 0.5 0.069
0.6 0.5 0.089
0.6 0.5 0.109
0.6 0.5 0.129
0.6 0.5 0.149
0.6 0.5 0.169
0.6 0.5 0.189
0.6 0.5 0.209
0.6 0.5 0.229
0.6 0.5 0.249
0.6 0.5 0.269
0.6 0.5 0.289
0.6 0.5 0.309
0.6 0.5 0.329
0.6 0.5 0.349
0.6 0.5 0.369
0.6 0.5 0.389
0.6 0.5 0.409
0.6 0.5 0.429
0.6 0.5 0.449
0.6 0.5 0.469
0.6 0.5 0.489
0.3 0.2 0.009
0.3 0.2 0.029
0.3 0.2 0.049
0.3 0.2 0.069
0.3 0.2 0.089
0.3 0.2 0.109
0.3 0.2 0.129
0.3 0.2 0.149
0.3 0.2 0.169
0.3 0.2 0.189
0.6 0.5 0.009
0.6 0.5 0.029
0.6 0.5 0.049
0.6 0.5 0.069
0.6 0.5 0.089
0.6 0.5 0.109
0.6 0.5 0.129
0.6 0.5 0.149
0.6 0.5 0.169
0.6 0.5 0.189
0.6 0.5 0.209
0.6 0.5 0.229
0.6 0.5 0.249
0.6 0.5 0.269
0.6 0.5 0.289
0.6 0.5 0.309
0.6 0.5 0.329
0.6 0.5 0.349
0.6 0.5 0.369
0.6 0.5 0.389
0.6 0.5 0.409
0.6 0.5 0.429
0.6 0.5 0.449
0.6 0.5 0.469
0.6 0.5 0.489
0.3 0.2 0.009
0.3 0.2 0.029
0.3 0.2 0.049
0.3 0.2 0.069
0.3 0.2 0.089
0.3 0.2 0.109
0.3 0.2 0.129
0.3 0.2 0.149
0.3 0.2 0.169
0.3 0.2 0.189
0.6 0.5 0.009
0.6 0.5 0.029
0.6 0.5 0.049
0.6 0.5 0.069
0.6 0.5 0.089
0.6 0.5 0.109
0.6 0.5 0.129
0.6 0.5 0.149
0.6 0.5 0.169
0.6 0.5 0.189
0.6 0.5 0.209
0.6 0.5 0.229
0.6 0.5 0.249
0.6 0.5 0.269
0.6 0.5 0.289
0.6 0.5 0.309
0.6 0.5 0.329
0.6 0.5 0.349
0.6 0.5 0.369
0.6 0.5 0.389
0.6 0.5 0.409
0.6 0.5 0.429
0.6 0.5 0.449
0.6 0.5 0.469
0.6 0.5 0.489
0.3 0.2 0.009
0.3 0.2 0.029
0.3 0.2 0.049
0.3 0.2 0.069
0.3 0.2 0.089
0.3 0.253775 0.109
0.3 0.293352 0.129
0.3 0.3 0.149
0.3 0.3 0.169
0.3 0.3 0.189
0.3 0.3 0.209
0.3 0.3 0.229
0.3 0.3 0.249
0.3 0.3 0.269
0.3 0.3 0.289
0.6 0.599997 0.009
0.6 0.599995 0.029
0.6 0.599994 0.049
0.6 0.599993 0.069
0.6 0.599992 0.089
0.6 0.599992 0.109
0.6 0.599991 0.129
0.6 0.599989 0.149
0.6 0.599987 0.169
