-0.102515,-0.0830676,2.06111e-05,0,-0.0150024,-0.102512,-0.10251
-0.102515,-0.0822823,2.13443e-05,-2.88556e-07,-0.0150044,-0.102507,-0.102491
-0.102515,-0.0822107,2.131e-05,-7.12143e-07,-0.0150045,-0.102501,-0.10247
-0.102515,-0.0822498,2.11477e-05,-1.1385e-06,-0.0150039,-0.102494,-0.102481
-0.102515,-0.0824216,2.08355e-05,-1.56243e-06,-0.0150006,-0.102488,-0.102544
-0.102515,-0.0827538,2.03452e-05,-1.98054e-06,-0.0149987,-0.102481,-0.102668
-0.102515,-0.083255,1.96688e-05,-2.38965e-06,-0.0149977,-0.102475,-0.102857
-0.102515,-0.0839303,1.88025e-05,-2.78607e-06,-0.014998,-0.102468,-0.103113
-0.102515,-0.0847297,1.78006e-05,-3.16775e-06,-0.014999,-0.10246,-0.103415
-0.102515,-0.0856144,1.67053e-05,-3.52928e-06,-0.0149999,-0.102453,-0.103748
-0.102515,-0.0866299,1.54699e-05,-3.86831e-06,-0.015001,-0.102445,-0.104132
-0.102515,-0.0876873,1.41895e-05,-4.18574e-06,-0.015002,-0.102437,-0.104531
-0.102515,-0.0887791,1.28733e-05,-4.47849e-06,-0.0150028,-0.102428,-0.104941
-0.102515,-0.0898796,1.1549e-05,-4.74517e-06,-0.0150036,-0.102419,-0.105356
-0.102515,-0.090966,1.02419e-05,-4.98476e-06,-0.0150028,-0.10241,-0.105765
-0.102515,-0.0920164,8.97572e-06,-5.19809e-06,-0.0150019,-0.1024,-0.106159
-0.102515,-0.0930269,7.75517e-06,-5.38584e-06,-0.015002,-0.102391,-0.106538
-0.102515,-0.0940084,6.56944e-06,-5.54888e-06,-0.0150023,-0.102381,-0.106905
-0.102515,-0.0949754,5.40361e-06,-5.68797e-06,-0.0150025,-0.10237,-0.107267
-0.102515,-0.0959663,4.21793e-06,-5.80362e-06,-0.0150017,-0.10236,-0.107637
-0.102515,-0.0969904,3.00328e-06,-5.89569e-06,-0.0150005,-0.102348,-0.108019
-0.102515,-0.0980346,1.77418e-06,-5.96365e-06,-0.0149992,-0.102336,-0.108408
-0.102515,-0.0990811,5.50153e-07,-6.00651e-06,-0.014998,-0.102324,-0.108797
-0.102515,-0.100113,-6.50163e-07,-6.02547e-06,-0.0149971,-0.10231,-0.109179
-0.102515,-0.101111,-1.80655e-06,-6.02026e-06,-0.0149966,-0.102295,-0.109546
-0.102515,-0.102049,-2.89038e-06,-5.99223e-06,-0.0149965,-0.10228,-0.109889
-0.102515,-0.102894,-3.8669e-06,-5.94146e-06,-0.0149969,-0.102263,-0.110194
-0.102515,-0.103609,-4.6983e-06,-5.86999e-06,-0.0149979,-0.102245,-0.110448
-0.102515,-0.104164,-5.35232e-06,-5.78142e-06,-0.0149992,-0.102225,-0.110637
-0.102515,-0.104534,-5.80506e-06,-5.67863e-06,-0.015001,-0.102203,-0.110752
-0.102515,-0.104705,-6.0419e-06,-5.56479e-06,-0.0150029,-0.102179,-0.110788
-0.102515,-0.104681,-6.07008e-06,-5.44526e-06,-0.015005,-0.102152,-0.110747
-0.102515,-0.104472,-5.90181e-06,-5.32398e-06,-0.015007,-0.102123,-0.110633
-0.102515,-0.104104,-5.56773e-06,-5.2051e-06,-0.0150087,-0.102091,-0.110456
-0.102515,-0.103613,-5.10758e-06,-5.09225e-06,-0.0150101,-0.102057,-0.11023
-0.102515,-0.103039,-4.56638e-06,-4.98802e-06,-0.0150109,-0.102019,-0.10997
-0.102515,-0.102425,-3.99033e-06,-4.89426e-06,-0.0150113,-0.101979,-0.109693
-0.102515,-0.101797,-3.40984e-06,-4.81186e-06,-0.0150109,-0.101935,-0.109407
-0.102515,-0.101239,-2.91551e-06,-4.74105e-06,-0.0150102,-0.101887,-0.109147
-0.102515,-0.100782,-2.53957e-06,-4.68052e-06,-0.0150094,-0.101836,-0.108922
-0.102515,-0.100414,-2.27067e-06,-4.62803e-06,-0.0150092,-0.101781,-0.108726
-0.102515,-0.100159,-2.13555e-06,-4.58141e-06,-0.0150092,-0.101721,-0.108571
-0.102515,-0.100013,-2.13056e-06,-4.53809e-06,-0.0150092,-0.101658,-0.108453
-0.102515,-0.0999886,-2.26936e-06,-4.49545e-06,-0.0150091,-0.101589,-0.108376
-0.102515,-0.100075,-2.54033e-06,-4.45089e-06,-0.0150089,-0.101515,-0.108337
-0.102515,-0.100256,-2.92683e-06,-4.4013e-06,-0.0150088,-0.101435,-0.108328
-0.102515,-0.100516,-3.41231e-06,-4.34451e-06,-0.0150086,-0.10135,-0.108344
-0.102515,-0.100832,-3.97299e-06,-4.27845e-06,-0.0150085,-0.101258,-0.108373
-0.102515,-0.10118,-4.58338e-06,-4.20151e-06,-0.0150084,-0.101159,-0.108408
-0.102515,-0.10153,-5.21205e-06,-4.11381e-06,-0.0150083,-0.101052,-0.108435
-0.102515,-0.101862,-5.83791e-06,-4.01271e-06,-0.0150082,-0.100937,-0.108447
-0.102515,-0.102158,-6.44353e-06,-3.89877e-06,-0.0150081,-0.100814,-0.108437
-0.102515,-0.102407,-7.01515e-06,-3.77262e-06,-0.015008,-0.100681,-0.108398
-0.102515,-0.102598,-7.54367e-06,-3.63489e-06,-0.015008,-0.100538,-0.108328
-0.102515,-0.102747,-8.0447e-06,-3.48772e-06,-0.015008,-0.100384,-0.108231
-0.102515,-0.10286,-8.52669e-06,-3.32983e-06,-0.0150082,-0.100218,-0.108109
-0.102515,-0.10295,-9.00294e-06,-3.16243e-06,-0.0150084,-0.10004,-0.107966
-0.102515,-0.103043,-9.50014e-06,-2.98571e-06,-0.0150075,-0.0998478,-0.107812
-0.102515,-0.103109,-9.98829e-06,-2.79794e-06,-0.0150065,-0.0996408,-0.107631
-0.102515,-0.10315,-1.04682e-05,-2.60159e-06,-0.0150064,-0.0994176,-0.107425
-0.102515,-0.103176,-1.09514e-05,-2.39511e-06,-0.0150065,-0.0991767,-0.107196
-0.102515,-0.103184,-1.14353e-05,-2.17825e-06,-0.0150067,-0.0989167,-0.106941
-0.102515,-0.103205,-1.19536e-05,-1.95172e-06,-0.0150071,-0.0986363,-0.106674
-0.102515,-0.103228,-1.24929e-05,-1.71499e-06,-0.0150076,-0.098334,-0.106385
-0.102515,-0.103303,-1.31069e-05,-1.46836e-06,-0.015008,-0.0980081,-0.106095
-0.102515,-0.103377,-1.37379e-05,-1.20899e-06,-0.0150083,-0.0976569,-0.105778
-0.102515,-0.103444,-1.43792e-05,-9.37071e-07,-0.0150085,-0.0972785,-0.105431
-0.102515,-0.103553,-1.50814e-05,-6.52373e-07,-0.0150085,-0.096871,-0.10507
-0.102515,-0.103696,-1.58353e-05,-3.54957e-07,-0.0150085,-0.096432,-0.10469
-0.102515,-0.103907,-1.66744e-05,-4.27748e-08,-0.0150085,-0.0959591,-0.104299
-0.102515,-0.104113,-1.75201e-05,2.86938e-07,-0.0150086,-0.0954499,-0.103865
-0.102515,-0.104419,-1.84822e-05,6.32266e-07,-0.0150086,-0.0949014,-0.103426
-0.102515,-0.104752,-1.94796e-05,9.9758e-07,-0.0150088,-0.0943108,-0.102947
-0.102515,-0.105137,-2.05373e-05,1.38268e-06,-0.0150089,-0.0936747,-0.102434
-0.102515,-0.105581,-2.16594e-05,1.78867e-06,-0.015009,-0.0929899,-0.101885
-0.102515,-0.106089,-2.28503e-05,2.21681e-06,-0.0150092,-0.092253,-0.101295
-0.102515,-0.106626,-2.40679e-05,2.66846e-06,-0.0150094,-0.0914597,-0.100641
-0.102515,-0.107272,-2.53938e-05,3.14251e-06,-0.0150096,-0.0906057,-0.099951
-0.102515,-0.108046,-2.68465e-05,3.6411e-06,-0.0150099,-0.0896862,-0.0992236
-0.102515,-0.108857,-2.83243e-05,4.1715e-06,-0.0150101,-0.088696,-0.0984146
-0.102515,-0.109739,-2.98616e-05,4.73133e-06,-0.0150103,-0.0876294,-0.0975329
-0.102515,-0.110694,-3.14571e-05,5.32165e-06,-0.0150105,-0.0864806,-0.0965725
-0.102515,-0.111725,-3.311e-05,5.94361e-06,-0.0150108,-0.085243,-0.095529
-0.102515,-0.112749,-3.47297e-05,6.59837e-06,-0.0150111,-0.0839097,-0.0943654
-0.102515,-0.11389,-3.64451e-05,7.28325e-06,-0.0150113,-0.0824733,-0.0931305
-0.102515,-0.115072,-3.81725e-05,8.00014e-06,-0.0150115,-0.0809258,-0.0917923
-0.102515,-0.116356,-3.99736e-05,8.75323e-06,-0.0150115,-0.0792585,-0.0903798
-0.102515,-0.117509,-4.15977e-05,9.54459e-06,-0.0150112,-0.077462,-0.0888056
-0.102515,-0.118444,-4.29525e-05,1.03692e-05,-0.0150106,-0.0755264,-0.0870505
-0.102515,-0.119323,-4.4206e-05,1.12195e-05,-0.0150099,-0.0734409,-0.0851959
-0.102515,-0.120004,-4.52057e-05,1.20955e-05,-0.0150095,-0.0711938,-0.0832045
-0.102515,-0.120528,-4.59922e-05,1.29936e-05,-0.0150092,-0.0687726,-0.081122
-0.102515,-0.120507,-4.61535e-05,1.39099e-05,-0.0150089,-0.0661639,-0.0788262
-0.102515,-0.119927,-4.56731e-05,1.48322e-05,-0.0150086,-0.063353,-0.0763561
-0.102515,-0.118509,-4.42512e-05,1.57478e-05,-0.0150086,-0.0603245,-0.0736443
-0.102515,-0.116475,-4.21194e-05,1.66393e-05,-0.015009,-0.0570618,-0.0708308
-0.102515,-0.11377,-3.92191e-05,1.74912e-05,-0.0150096,-0.0535485,-0.0679385
-0.102515,-0.109907,-3.50395e-05,1.82887e-05,-0.0150097,-0.049771,-0.0648215
-0.102515,-0.10494,-2.9639e-05,1.90083e-05,-0.0150088,-0.0457315,-0.0615499
-0.102515,-0.0986113,-2.27506e-05,1.96254e-05,-0.0150066,-0.0414965,-0.0580529
-0.0891876,-0.0913805,-7.02687e-06,2.01114e-05,-0.0150029,-0.0373818,-0.0545393
-0.075519,-0.0833968,2.83922e-05,2.03227e-05,-0.0149974,-0.0337384,-0.0510626
-0.0618504,-0.074385,8.26435e-05,1.99142e-05,-0.014989,-0.0306974,-0.0474874
-0.0481818,-0.0645402,9.07733e-05,1.85055e-05,-0.0149774,-0.0283285,-0.0438624
-0.0345132,-0.0546059,9.90759e-05,1.67469e-05,-0.0149641,-0.0266859,-0.0404436
-0.0208446,-0.0446891,0.000107349,1.48194e-05,-0.0149517,-0.0258125,-0.0372204
-0.00717602,-0.0350697,0.000115291,1.2722e-05,-0.0149993,-0.0257133,-0.034264
0,-0.0266439,0.000122012,1.04599e-05,-0.0152425,-0.0262409,-0.0318926
0,-0.0214473,0.000125379,8.04987e-06,-0.0151101,-0.0271034,-0.0308786
0,-0.0193157,0.000125579,5.55744e-06,-0.0145366,-0.0281046,-0.0311169
0,-0.0191669,0.000123766,3.04675e-06,-0.0137289,-0.0291973,-0.0321823
0,-0.0197829,0.000121232,5.63275e-07,-0.0129198,-0.0303736,-0.0336134
0,-0.0206197,0.000118554,-1.87277e-06,-0.0122437,-0.0316365,-0.0352211
0,-0.021105,0.000116337,-4.25591e-06,-0.0117673,-0.032992,-0.0367958
0,-0.0214979,0.000114304,-6.59263e-06,-0.0115114,-0.0344474,-0.0384605
0,-0.0217681,0.000112485,-8.88785e-06,-0.0114221,-0.0360106,-0.0402108
0,-0.0220017,0.000110786,-1.11457e-05,-0.0113935,-0.0376904,-0.0420938
0,-0.0224062,0.000108988,-1.33691e-05,-0.0113159,-0.0394959,-0.0442036
0,-0.0226155,0.000107474,-1.5557e-05,-0.0111126,-0.0414372,-0.046403
0,-0.0230119,0.000105837,-1.77132e-05,-0.0107457,-0.0435247,-0.0488622
0,-0.0235483,0.000104125,-1.98373e-05,-0.0102196,-0.0457699,-0.05157
0,-0.0237497,0.000102838,-2.19318e-05,-0.00955201,-0.0481851,-0.0543491
0,-0.0236942,0.000101887,-2.3997e-05,-0.00877376,-0.0507838,-0.0572476
0,-0.0233025,0.000101351,-2.60409e-05,-0.0079326,-0.0535806,-0.0602398
0,-0.0225119,0.000101292,-2.80714e-05,-0.00706629,-0.0565911,-0.0633059
0,-0.0211513,0.000101882,-3.00975e-05,-0.00616856,-0.0598322,-0.0663784
0,-0.0196379,0.000102675,-3.21325e-05,-0.00533948,-0.0633218,-0.0696211
0,-0.0178718,0.00010377,-3.41825e-05,-0.00465669,-0.0670796,-0.0729765
0,-0.0159613,0.000105046,-3.62529e-05,-0.0041733,-0.0711264,-0.0764714
0,-0.0140937,0.000106297,-3.83481e-05,-0.00388934,-0.0754848,-0.0801529
0,-0.0125005,0.000107274,-4.04684e-05,-0.00377494,-0.0801791,-0.0840764
0,-0.0117168,0.000107405,-4.26095e-05,-0.00378651,-0.0852355,-0.0884092
0,-0.0111865,0.000107274,-4.4757e-05,-0.00388397,-0.0906817,-0.0928709
0,-0.0119489,0.000105777,-4.6903e-05,-0.00402708,-0.0965473,-0.0978265
0,-0.0140049,0.000102913,-4.90253e-05,-0.00417199,-0.102861,-0.103197
0,-0.0175453,9.84774e-05,-5.10965e-05,-0.00428328,-0.109644,-0.108994
0,-0.0216783,9.34115e-05,-5.3086e-05,-0.00462715,-0.116881,-0.114792
-0.00680833,-0.0228787,9.14305e-05,-5.4977e-05,-0.00512195,-0.124405,-0.119139
-0.0211417,-0.0201456,9.3569e-05,-5.68145e-05,-0.00547966,-0.13191,-0.121638
-0.035475,-0.013529,9.97471e-05,-5.86763e-05,-0.00557901,-0.139179,-0.122287
-0.0498083,-0.00559157,0.000107245,-6.06434e-05,-0.00624971,-0.146138,-0.122085
-0.0641417,-0.00173696,0.000418558,-6.27546e-05,-0.00656137,-0.152749,-0.122486
-0.078475,-0.008475,0.00470019,-6.97248e-05,-0.00665506,-0.158982,-0.124215
-0.0928083,-0.0228083,0.0126336,-0.000142321,-0.00677735,-0.164803,-0.12765
-0.107142,-0.0371417,0.0225594,-0.000359292,-0.00752173,-0.170167,-0.13269
0.093525,0.130853,0.0223327,-0.000611965,0.00969627,0.0449418,0.0721937
0.0791917,0.109046,0.0213477,-0.000971326,0.011584,0.0404045,0.0638209
0.0648583,0.0894801,0.020347,-0.00140468,0.0123457,0.0366187,0.0560912
0.050525,0.0707981,0.0194294,-0.00181813,0.0125035,0.0336327,0.0489944
0.0361917,0.0516226,0.0186515,-0.00221222,0.0123403,0.0314988,0.0419573
0.0218583,0.0324737,0.0179286,-0.00259069,0.0120836,0.0302626,0.0351619
0.007525,0.014313,0.0172061,-0.00295396,0.0124146,0.0299279,0.0289381
0,-0.0172679,0.0168907,-0.00330278,0.0133189,0.0309745,0.0244663
0,-0.0125345,0.0165606,-0.00364265,0.0130591,0.0326243,0.0223215
0,-0.0124788,0.0158614,-0.00397601,0.0114692,0.033767,0.0225135
0,-0.0102362,0.0151772,-0.00429778,0.00893945,0.034766,0.0245103
0,-0.00678001,0.014507,-0.00460577,0.00622548,0.0358208,0.0271116
0,-0.00367476,0.0138492,-0.00490027,0.00368469,0.0369886,0.0296578
0,-0.0016674,0.0132031,-0.00518153,0.00154376,0.038282,0.0318736
0,-0.00120457,0.0125681,-0.00544979,-2.1684e-19,0.0397059,0.0336363
0,-0.0022882,0.0119442,-0.00570528,4.81482e-35,0.0412676,0.0349646
0,-0.00457672,0.011332,-0.00594635,-1.06911e-50,0.0429755,0.0360081
0,-0.00732852,0.0107321,-0.00617513,2.37389e-66,0.0448335,0.037006
0,-0.0102106,0.0101448,-0.00639187,3.28829e-05,0.0468504,0.0382103
0,-0.0128412,0.00957064,-0.00659712,0.000745874,0.0490485,0.0398048
0,-0.01409,0.00901061,-0.00679111,0.00119737,0.0514431,0.0421091
0,-0.014421,0.00846417,-0.00697496,0.00110737,0.0540489,0.0450877
0,-0.0133285,0.0079318,-0.0071478,0.000283201,0.0568811,0.0487929
0,-0.0115721,0.00741265,-0.00730936,3.29349e-20,0.0599567,0.053102
0,-0.00953148,0.00690622,-0.00746099,-6.01853e-36,0.0633025,0.0577968
0,-0.00740078,0.00641229,-0.00760089,1.33638e-51,0.0669313,0.0626847
0,-0.00591872,0.00593,-0.00773086,-2.96736e-67,0.0708522,0.0675603
0,-0.00545785,0.00545888,-0.00785115,6.58887e-83,0.0750842,0.0722712
0,-0.00615136,0.00499869,-0.00796198,-1.46302e-98,0.0796501,0.0767467
0,-0.00786007,0.00454949,-0.00806356,3.24857e-114,0.0845752,0.0810121
0,-0.00991165,0.00411189,-0.00815612,-7.21326e-130,0.0898724,0.0851684
0,-0.0126624,0.00368543,-0.00823989,1.60167e-145,0.0955826,0.089364
0,-0.0149364,0.00327124,-0.00831509,-3.55641e-161,0.101755,0.0936802
0,-0.0154089,0.00287062,-0.00838155,7.89683e-177,0.108413,0.0986637
0,-0.0142877,0.00248322,-0.00844037,-1.75345e-192,0.115584,0.104138
0,-0.0108964,0.00210962,-0.00849139,3.89344e-208,0.123291,0.110301
0,-0.00545459,0.00174946,-0.00853489,-8.64516e-224,0.131506,0.116981
0.008225,0.00293124,0.00140358,-0.0085706,1.91961e-239,0.140013,0.124472
0.0238917,0.0137915,0.00107304,-0.00859953,-4.26239e-255,0.148437,0.132517
0.0395583,0.0232238,0.000755134,-0.00862182,9.46442e-271,0.156525,0.139535
0.055225,0.0300783,0.000448441,-0.00863772,-2.10152e-286,0.164189,0.14511
0.0708917,0.0363439,0.000156117,-0.00864746,4.66632e-302,0.17138,0.150044
0.0865583,0.0451227,-0.000120243,-0.00865116,-1.03613e-317,0.178059,0.15554
0.102225,0.0568178,-0.000383008,-0.00864945,-2.14919e-321,0.184185,0.161715
-0.118035,-0.117472,-0.000316713,-0.00864244,0.00312097,-0.0470792,-0.0666277
-0.102245,-0.0988058,-0.000565573,-0.00863581,0.00501857,-0.0420466,-0.0592749
-0.0864539,-0.0810482,-0.000805855,-0.00862562,0.00663628,-0.037693,-0.0520023
-0.0706633,-0.0645478,-0.00103833,-0.00861058,0.00839086,-0.0340883,-0.0455738
-0.0548726,-0.0486139,-0.00126217,-0.00859086,0.00233702,-0.0312926,-0.0396679
-0.0390819,-0.0323916,-0.00147641,-0.00856663,2.53686e-12,-0.0293638,-0.0339083
-0.0232912,-0.0171528,-0.00168598,-0.00853806,-4.03897e-28,-0.0283501,-0.0287662
-0.00750057,-0.00426865,-0.00189704,-0.00850476,8.96831e-44,-0.0282531,-0.0247232
0,0.00554984,-0.00210487,-0.00846724,-1.99136e-59,-0.0288834,-0.0220008
0,0.0107607,-0.00230944,-0.00842567,4.42172e-75,-0.0298946,-0.021174
0,0.0121047,-0.00250951,-0.00837999,-9.81819e-91,-0.0310681,-0.021915
0,0.0120567,-0.00270245,-0.0083306,2.18008e-106,-0.0323516,-0.0232535
0,0.0100848,-0.00288895,-0.00827732,-4.84074e-122,-0.0337369,-0.0254486
0,0.00854449,-0.00306669,-0.00822001,1.07486e-137,-0.0352274,-0.0275641
0,0.00758619,-0.00323564,-0.00815903,-2.38667e-153,-0.0368306,-0.0295883
0,0.00744315,-0.00339574,-0.00809466,5.29947e-169,-0.0385549,-0.0314436
0,0.00800426,-0.00354726,-0.00802714,-1.17672e-184,-0.0404098,-0.0331919
0,0.00901561,-0.00369065,-0.00795658,2.61284e-200,-0.0424056,-0.0349472
0,0.0101627,-0.00382639,-0.00788305,-5.80167e-216,-0.0445535,-0.0368461
0,0.0111365,-0.00395497,-0.00780679,1.28823e-231,-0.046865,-0.0390209
0,0.0115499,-0.00407697,-0.00772795,-2.86044e-247,-0.049353,-0.0416358
0,0.0118227,-0.0041921,-0.00764672,6.35146e-263,-0.0520309,-0.0445325
0,0.0112789,-0.00430123,-0.0075631,-1.41031e-278,-0.0549136,-0.0479997
0,0.0106445,-0.00440377,-0.00747752,3.13151e-294,-0.0580173,-0.0517483
0,0.0100649,-0.00449971,-0.0073898,-6.95336e-310,-0.0613591,-0.0557387
0,0.00988287,-0.00458886,-0.00730014,-1.66006e-321,-0.0649579,-0.0598397
0,0.0102525,-0.00467121,-0.00720872,-1.66006e-321,-0.0688337,-0.0639931
0,0.0112888,-0.00474679,-0.00711559,-1.66006e-321,-0.0730081,-0.0681473
0,0.0129607,-0.00481581,-0.00702091,-1.66006e-321,-0.0775045,-0.0723007
0,0.0150896,-0.00487861,-0.00692477,-1.66006e-321,-0.0823478,-0.0764998
0,0.0176628,-0.00493536,-0.00682736,-1.66006e-321,-0.0875651,-0.0807135
0,0.0197482,-0.0049872,-0.00672879,-1.66006e-321,-0.0931855,-0.0852697
0,0.0222371,-0.0050333,-0.00662915,-1.66006e-321,-0.0992873,-0.0901952
0,0.0225759,-0.00507657,-0.00652858,-1.66006e-321,-0.105918,-0.0956227
0,0.0211961,-0.00511669,-0.00642715,-1.66006e-321,-0.113067,-0.101651
0,0.0178168,-0.00515408,-0.0063249,-1.66006e-321,-0.120759,-0.108322
0,0.0123132,-0.00518902,-0.00622189,-1.66006e-321,-0.129012,-0.1156
0,0.00465336,-0.00522167,-0.00611818,-1.66006e-321,-0.137796,-0.123421
-0.00944417,-0.00507285,-0.00525203,-0.00601383,-1.66006e-321,-0.146865,-0.131678
-0.0258688,-0.0162457,-0.00527943,-0.00590886,-1.66006e-321,-0.155821,-0.140068
-0.0422935,-0.0247999,-0.00529945,-0.00580334,-1.66006e-321,-0.164415,-0.146947
-0.0587181,-0.0305853,-0.00531132,-0.00569741,-1.66006e-321,-0.172555,-0.1523
-0.0751428,-0.0369327,-0.0053184,-0.00559121,-1.66006e-321,-0.180193,-0.157449
-0.0915674,-0.0459838,-0.00532463,-0.00548486,-1.66006e-321,-0.187286,-0.163194
-0.107992,-0.0582894,-0.00533127,-0.00537838,0.00149131,-0.193793,-0.169727
0.121953,0.123211,-0.00540005,-0.00527177,-0.00329903,0.0466998,0.068338
0.105528,0.103218,-0.00541036,-0.00516407,-0.00517131,0.0415014,0.0604869
0.0891037,0.0840028,-0.00541703,-0.00505591,-0.00677552,0.0370321,0.0526615
0.0726791,0.0648863,-0.00542098,-0.0049476,-0.00854765,0.0333471,0.0452301
0.0562544,0.0464749,-0.00542141,-0.0048392,-0.0017278,0.0305047,0.0384017
0.0398298,0.0294617,-0.00541756,-0.00473078,3.50195e-11,0.0285644,0.0323942
0.0234051,0.0140767,-0.00540891,-0.00462241,-6.46235e-27,0.0275756,0.0272378
0.00698047,0.00133219,-0.00539407,-0.00451421,1.43493e-42,0.0275362,0.0232847
0,-0.00847664,-0.00537334,-0.0044063,-3.18618e-58,0.0282327,0.0205949
0,-0.0137455,-0.00534526,-0.00429878,7.07475e-74,0.029301,0.0197737
0,-0.0153434,-0.00531092,-0.00419182,-1.57091e-89,0.0305269,0.0204417
0,-0.014976,-0.00527224,-0.00408551,3.48812e-105,0.0318592,0.0219377
0,-0.0139195,-0.0052307,-0.00397999,-7.74518e-121,0.0332904,0.0237882
0,-0.0128769,-0.00518713,-0.00387529,1.71978e-136,0.0348243,0.0257436
0,-0.0125382,-0.00514236,-0.0037714,-3.81867e-152,0.0364684,0.0275522
0,-0.0128985,-0.00509647,-0.00366839,8.47915e-168,0.0382315,0.0292395
0,-0.0139398,-0.00504955,-0.00356635,-1.88275e-183,0.0401234,0.0308268
0,-0.0151975,-0.00500119,-0.00346526,4.18054e-199,0.0421545,0.0325137
0,-0.0164242,-0.00495121,-0.00336514,-9.28267e-215,0.0443361,0.0344069
0,-0.0172995,-0.00489937,-0.003266,2.06117e-230,0.0466802,0.0366441
0,-0.0176054,-0.00484552,-0.00316788,-4.57671e-246,0.0491995,0.0393223
0,-0.0172591,-0.00478965,-0.00307083,1.01623e-261,0.0519079,0.0424859
0,-0.0163265,-0.00473193,-0.00297493,-2.25649e-277,0.0548204,0.0461204
0,-0.0150112,-0.00467264,-0.00288017,5.01042e-293,0.0579532,0.0501559
0,-0.0136738,-0.00461226,-0.0027866,-1.11254e-308,0.0613238,0.0544591
0,-0.0127477,-0.0045513,-0.00269424,-1.2154e-321,0.0649511,0.0588657
0,-0.0124379,-0.00449006,-0.00260306,-1.2154e-321,0.0688554,0.0632985
0,-0.0128737,-0.00442874,-0.00251314,-1.2154e-321,0.0730584,0.0677005
0,-0.0140627,-0.00436741,-0.00242444,-1.2154e-321,0.0775835,0.0720546
0,-0.0156097,-0.00430571,-0.00233694,-1.2154e-321,0.082456,0.0764939
0,-0.0180225,-0.00424424,-0.00225067,-1.2154e-321,0.0877031,0.0807758
0,-0.0201085,-0.0041818,-0.00216566,-1.2154e-321,0.093354,0.0853398
0,-0.0221672,-0.00411879,-0.00208187,-1.2154e-321,0.0994621,0.0902292
0,-0.0225528,-0.00405349,-0.00199937,-1.2154e-321,0.106067,0.0956107
0,-0.0211954,-0.0039859,-0.00191817,-1.2154e-321,0.113184,0.101611
0,-0.0177586,-0.00391572,-0.00183831,-1.2154e-321,0.120842,0.108284
0,-0.0120719,-0.00384282,-0.00175986,-1.2154e-321,0.129061,0.115616
0,-0.00411544,-0.00376725,-0.00168286,-1.2154e-321,0.137811,0.123535
0.00942999,0.00602156,-0.00368916,-0.00160736,-1.2154e-321,0.146847,0.131935
0.02583,0.0175349,-0.00360974,-0.00153338,-1.2154e-321,0.155771,0.140439
0.0422299,0.0261722,-0.0035338,-0.00146099,-1.2154e-321,0.164335,0.147332
0.0586299,0.031829,-0.00346117,-0.00139016,-1.2154e-321,0.172448,0.152621
0.0750299,0.0379894,-0.00338806,-0.00132079,-1.2154e-321,0.180059,0.157686
0.0914299,0.0468761,-0.00331233,-0.00125285,-1.2154e-321,0.187128,0.163358
0.10783,0.0590638,-0.00323349,-0.00118645,-0.00103548,0.193612,0.169837
-0.12177,-0.120449,-0.003163,-0.00112158,0.00331821,-0.0465322,-0.0671909
-0.10537,-0.100488,-0.003075,-0.001058,0.00518964,-0.041353,-0.0593842
-0.0889699,-0.081436,-0.00298838,-0.000996109,0.00679308,-0.0369011,-0.0516295
-0.0725699,-0.0631205,-0.00290298,-0.000935995,0.00856403,-0.0332315,-0.0445201
-0.0561699,-0.0451211,-0.00281839,-0.000877551,0.00174336,-0.0304026,-0.037848
-0.0397699,-0.028036,-0.00273524,-0.000820803,-3.41622e-11,-0.0284738,-0.0318093
-0.02337,-0.0129449,-0.00265362,-0.000765724,6.46235e-27,-0.0274946,-0.0267743
-0.00696999,-0.000462238,-0.00257307,-0.000712488,-1.43493e-42,-0.0274627,-0.022924
0,0.00915253,-0.00249541,-0.000660825,3.18618e-58,-0.0281652,-0.0203099
0,0.0143341,-0.00242277,-0.000610723,-7.07475e-74,-0.0292386,-0.0195228
0,0.0158436,-0.00235449,-0.000562086,1.57091e-89,-0.0304691,-0.020227
0,0.0153671,-0.00228885,-0.00051486,-3.48812e-105,-0.0318057,-0.021767
0,0.014184,-0.00222453,-0.000468919,7.74518e-121,-0.0332407,-0.0236681
0,0.013136,-0.00216064,-0.000424267,-1.71978e-136,-0.0347783,-0.0256255
0,0.0126816,-0.00209674,-0.000380895,3.81867e-152,-0.0364257,-0.0274816
0,0.0129403,-0.00203272,-0.000338832,-8.47915e-168,-0.0381919,-0.0292091
0,0.0137952,-0.00196873,-0.00029805,1.88275e-183,-0.0400867,-0.0308705
0,0.014984,-0.00190508,-0.000258547,-4.18054e-199,-0.0421205,-0.0325832
0,0.0162172,-0.00184208,-0.000220286,9.28267e-215,-0.0443046,-0.0344739
0,0.0169744,-0.0017803,-0.000183319,-2.06117e-230,-0.046651,-0.0367593
0,0.017263,-0.00171976,-0.000147466,4.57671e-246,-0.0491724,-0.0394435
0,0.0169272,-0.00166063,-0.000112919,-1.01623e-261,-0.0518828,-0.0426036
0,0.0163614,-0.00160251,-7.95585e-05,2.25649e-277,-0.0547971,-0.0460929
0,0.0154373,-0.00154556,-4.7363e-05,-5.01042e-293,-0.0579316,-0.0499789
0,0.0145757,-0.00148933,-1.61955e-05,1.11254e-308,-0.0613038,-0.0540991
0,0.0146776,-0.00143289,1.38722e-05,1.2154e-321,-0.0649326,-0.0581039
0,0.0145902,-0.00137747,4.28121e-05,1.2154e-321,-0.0688382,-0.0624644
0,0.0145771,-0.0013228,7.08048e-05,1.2154e-321,-0.0730424,-0.0670493
0,0.0140505,-0.00126952,9.75615e-05,1.2154e-321,-0.0775687,-0.0720808
0,0.0137272,-0.00121689,0.000123218,1.2154e-321,-0.0824423,-0.0772397
0,0.0149873,-0.00116345,0.000147951,1.2154e-321,-0.0876904,-0.0819529
0,0.0241921,-0.00110257,0.000171968,1.2154e-321,-0.0936132,-0.0860387
0,0.0291171,-0.001047,0.000194963,1.2154e-321,-0.100321,-0.0899197
0,0.0331624,-0.000993295,0.000216264,1.2154e-321,-0.107592,-0.094056
0,0.0334004,-0.000944542,0.000236909,1.2154e-321,-0.115396,-0.0995863
0,0.0292071,-0.000901415,0.000256019,1.2154e-321,-0.123747,-0.106634
0,0.0205888,-0.000863905,0.00027422,1.2154e-321,-0.132638,-0.11511
-0.00371735,0.00862241,-0.00083087,0.000291648,1.2154e-321,-0.141933,-0.124511
-0.0202389,-0.00260441,-0.00079808,0.000308398,1.2154e-321,-0.151246,-0.133162
-0.0367605,-0.00781237,-0.00076038,0.00032449,1.2154e-321,-0.160226,-0.138979
-0.0532821,-0.0158338,-0.000727098,0.000340056,1.2154e-321,-0.168758,-0.145542
-0.0698036,-0.0323546,-0.000704027,0.000355081,1.2154e-321,-0.176786,-0.154973
-0.0863252,-0.0506653,-0.000683882,0.000369277,1.2154e-321,-0.184271,-0.164505
-0.102847,-0.0668686,-0.000662503,0.000383045,1.2154e-321,-0.191169,-0.172691
-0.119368,-0.0783472,-0.000637076,0.000396445,0.00179377,-0.19744,-0.178557
0.111934,0.114964,-0.000707042,0.000409695,-0.00448527,0.044787,0.065232
0.0954121,0.0947396,-0.000690747,0.000423256,-0.00615593,0.0399137,0.0575153
0.0788905,0.0744145,-0.000675417,0.000437177,-0.00778771,0.0358174,0.0494433
0.0623689,0.0586358,-0.000656099,0.000450785,-0.00631037,0.032555,0.0435292
0.0458474,0.0466357,-0.000633622,0.000464033,1.70449e-11,0.0301861,0.0393489
0.0293258,0.0350268,-0.000611417,0.000476851,-3.23117e-27,0.0287659,0.0355117
0.0128042,0.022793,-0.000589462,0.00048918,7.17465e-43,0.028319,0.0316148
0,0.0120688,-0.000566189,0.000501068,-1.59309e-58,0.0287394,0.0284798
0,0.00462051,-0.000540165,0.000512485,3.53737e-74,0.0296717,0.0267415
0,0.000508342,-0.00051144,0.000523405,-7.85455e-90,0.0307994,0.0263801
0,-0.00174948,-0.000481615,0.000533763,1.74406e-105,0.0320448,0.0268068
0,-0.00304355,-0.000451641,0.00054353,-3.87259e-121,0.0333926,0.0276973
0,-0.00389741,-0.000422071,0.000552682,8.59888e-137,0.0348445,0.0288674
0,-0.00445034,-0.000393046,0.000561257,-1.90934e-152,0.0364069,0.0302811
0,-0.00491426,-0.000364782,0.000569248,4.23958e-168,0.0380882,0.031869
0,-0.0053287,-0.000337312,0.000576671,-9.41375e-184,0.0398976,0.0336322
0,-0.00565715,-0.000310587,0.000583541,2.09027e-199,0.0418451,0.0356004
0,-0.00587271,-0.00028457,0.000589873,-4.64134e-215,0.0439414,0.0377987
0,-0.00579331,-0.000259058,0.000595629,1.03058e-230,0.0461982,0.0403138
0,-0.00570394,-0.000234342,0.000600874,-2.28836e-246,0.0486277,0.043043
0,-0.00559415,-0.0002104,0.00060566,5.08117e-262,0.0512432,0.0460105
0,-0.00506981,-0.000186803,0.000609916,-1.12825e-277,0.0540591,0.0493868
0,-0.00499022,-0.000164449,0.000613711,2.50521e-293,0.0570912,0.0528344
0,-0.00561357,-0.000143593,0.000617078,-5.56268e-309,0.0603563,0.0562722
0,-0.00676381,-0.000124034,0.000619992,1.89227e-321,0.0638727,0.0597787
0,-0.00860799,-0.00010593,0.000622521,1.89227e-321,0.0676601,0.0632845
0,-0.0110562,-8.91693e-05,0.000624676,1.89227e-321,0.0717396,0.0668218
0,-0.0139789,-7.35957e-05,0.000626493,1.89227e-321,0.0761339,0.0704273
0,-0.0171222,-5.89223e-05,0.000627996,1.89227e-321,0.0808676,0.074179
0,-0.0201101,-4.47341e-05,0.000629204,1.89227e-321,0.085967,0.0781921
0,-0.0224978,-3.0544e-05,0.000630134,1.89227e-321,0.0914605,0.0825979
0,-0.0256439,-1.78321e-05,0.000630773,1.89227e-321,0.0974512,0.0875206
0,-0.025842,-2.59623e-06,0.000631156,1.89227e-321,0.103993,0.0930625
0,-0.0241072,1.40918e-05,0.000631246,1.89227e-321,0.111052,0.0993006
0,-0.0202361,3.2456e-05,0.000630997,1.89227e-321,0.118647,0.106254
0,-0.0137593,5.29997e-05,0.000630385,1.89227e-321,0.1268,0.114027
0,-0.00627392,7.4042e-05,0.000629376,1.89227e-321,0.135505,0.121898
0.00453882,0.00349077,9.69309e-05,0.000627948,1.89227e-321,0.144609,0.130325
0.0210436,0.014756,0.00012082,0.000626066,1.89227e-321,0.153723,0.138916
0.0375484,0.0251575,0.000143129,0.00062371,1.89227e-321,0.16251,0.146698
0.0540532,0.0326445,0.000161684,0.000620903,1.89227e-321,0.170859,0.15287
0.070558,0.0405618,0.00017998,0.000617706,1.89227e-321,0.178714,0.158786
0.0870629,0.0511894,0.000200542,0.000614152,1.89227e-321,0.186033,0.1653
0.103568,0.0648452,0.000223856,0.000610193,1.89227e-321,0.192775,0.172505
0.120072,0.0812504,0.000249661,0.000605774,-0.000128323,0.198895,0.180297
-0.110995,-0.0978571,0.000322256,0.000600897,0.00466668,-0.0432243,-0.0579836
-0.09449,-0.0764033,0.000352841,0.000594779,0.00632312,-0.0384895,-0.0498808
-0.0779852,-0.05751,0.000380244,0.000587859,0.00796908,-0.0345267,-0.0424585
