0.00921176,-0.0091747,-1.95131e-05,0,0,0.00920834,0.00253758
0.00921176,-0.00997016,-2.02631e-05,-1.95131e-07,0,0.0092005,0.00249471
0.00921176,-0.0116208,-2.19061e-05,-5.96643e-07,0,0.00919145,0.00184057
0.00921176,-0.0123093,-2.25085e-05,-1.02655e-06,0,0.00918199,0.00158342
0.00921176,-0.0127032,-2.27829e-05,-1.47371e-06,0,0.0091723,0.00142888
0.00921176,-0.0127215,-2.26451e-05,-1.92799e-06,0,0.00916237,0.0014194
0.00921176,-0.0121538,-2.18735e-05,-2.38158e-06,0,0.00915218,0.00163776
0.00921176,-0.0112854,-2.07745e-05,-2.82291e-06,0,0.00914165,0.00196676
0.00921176,-0.00983809,-1.90547e-05,-3.2439e-06,0,0.00913075,0.00252182
0.00921176,-0.00809544,-1.70189e-05,-3.63359e-06,0,0.0091194,0.0031854
0.00921176,-0.00672243,-1.53756e-05,-3.98414e-06,0,0.00910754,0.00369628
0.00921176,-0.00520373,-1.35774e-05,-4.29987e-06,0,0.00909511,0.00427035
0.00921176,-0.0031049,-1.11646e-05,-4.58041e-06,0,0.00908204,0.0050731
0.00921176,-0.00162823,-9.41756e-06,-4.81577e-06,0,0.00906825,0.00561779
0.00921176,0.00103708,-6.41217e-06,-5.01285e-06,0,0.00905367,0.00664573
0.00921176,0.00438415,-2.69326e-06,-5.15612e-06,0,0.00903822,0.00792675
0.00921176,0.00672057,-6.25739e-08,-5.22858e-06,0,0.00902181,0.00879279
0.00921176,0.00929884,2.81272e-06,-5.24299e-06,0,0.00900435,0.00976977
0.00921176,0.0113924,5.15877e-06,-5.20111e-06,0,0.00898574,0.0105483
0.00921176,0.0145914,8.66489e-06,-5.10967e-06,0,0.00896588,0.0117743
0.00921176,0.016897,1.12026e-05,-4.9539e-06,0,0.00894466,0.0126252
0.00921176,0.0196327,1.41797e-05,-4.74254e-06,0,0.00892196,0.0136599
0.00921176,0.0215584,1.62765e-05,-4.47383e-06,0,0.00889766,0.0143629
0.00921176,0.0225405,1.7354e-05,-4.15878e-06,0,0.00887161,0.0146996
0.00921176,0.0243072,1.92508e-05,-3.81709e-06,0,0.00884368,0.015362
0.00921176,0.0245806,1.95446e-05,-3.44156e-06,0,0.00881371,0.0154138
0.00921176,0.0244001,1.93455e-05,-3.05214e-06,0,0.00878154,0.0153048
0.00921176,0.0250604,2.00308e-05,-2.66423e-06,0,0.00874698,0.0155357
0.00921176,0.0243928,1.92941e-05,-2.26704e-06,0,0.00870984,0.0152205
0.00921176,0.0236541,1.84766e-05,-1.87748e-06,0,0.00866992,0.014894
0.00921176,0.02304,1.77872e-05,-1.50386e-06,0,0.00862699,0.0146149
0.00921176,0.0218694,1.65027e-05,-1.14466e-06,0,0.00858082,0.0141078
0.00921176,0.0207448,1.52665e-05,-8.08188e-07,0,0.00853115,0.0136236
0.00921176,0.019779,1.41988e-05,-4.96677e-07,0,0.0084777,0.0131976
0.00921176,0.0187146,1.30268e-05,-2.07363e-07,0,0.00842018,0.0127253
0.00921176,0.0172607,1.14429e-05,5.90337e-08,0,0.00835826,0.0120941
0.00921176,0.0172296,1.13737e-05,2.95811e-07,0,0.00829161,0.0120318
0.00921176,0.0169773,1.10681e-05,5.23631e-07,0,0.00821985,0.0118542
0.00921176,0.0164807,1.05028e-05,7.46521e-07,0,0.00814258,0.011577
0.00921176,0.0147224,8.59902e-06,9.59404e-07,0,0.00805938,0.0107945
0.00921176,0.0131599,6.91079e-06,1.1409e-06,0,0.00796978,0.010104
0.00921176,0.0115584,5.18898e-06,1.28756e-06,0,0.00787328,0.00938982
0.00921176,0.010666,4.22886e-06,1.39995e-06,0,0.00776934,0.00895433
0.00921176,0.00942931,2.90955e-06,1.48933e-06,0,0.0076574,0.0083659
0.00921176,0.008921,2.37201e-06,1.55411e-06,0,0.00753682,0.00806943
0.00921176,0.00836239,1.78661e-06,1.60424e-06,0,0.00740695,0.00773818
0.00921176,0.00815511,1.58013e-06,1.6429e-06,0,0.00726708,0.00754508
0.00921176,0.0077212,1.13743e-06,1.67554e-06,0,0.00711653,0.00725395
0.00921176,0.0075284,9.56155e-07,1.7005e-06,0,0.00695484,0.00706113
0.00921176,0.00660614,4.73364e-09,1.72053e-06,0,0.0067825,0.00657261
0.00903213,0.00606723,-5.319e-07,1.72538e-06,0,0.0066039,0.0062482
0.0088479,0.00556997,-1.0181e-06,1.71742e-06,0,0.00642391,0.00593482
0.00866366,0.00566631,-8.67981e-07,1.69949e-06,0,0.00624393,0.0058582
0.00847943,0.00586028,-6.10974e-07,1.68138e-06,0,0.00606435,0.00581191
0.00829519,0.00601612,-3.91966e-07,1.66788e-06,0,0.00588527,0.0057494
0.00811096,0.00555329,-8.27471e-07,1.65894e-06,0,0.00570675,0.00544098
0.00792672,0.00526799,-1.06948e-06,1.64457e-06,0,0.00552883,0.00521347
0.00774249,0.0050411,-1.24531e-06,1.62439e-06,0,0.00535155,0.00500715
0.00755825,0.00469167,-1.5474e-06,1.60037e-06,0,0.00517494,0.00475163
0.00737402,0.00450231,-1.67523e-06,1.57093e-06,0,0.00499904,0.00456258
0.00718978,0.0044347,-1.6703e-06,1.53806e-06,0,0.00482391,0.00442039
0.00700555,0.00456307,-1.45452e-06,1.50463e-06,0,0.00464958,0.00435537
0.00682131,0.00479762,-1.12439e-06,1.47446e-06,0,0.00447613,0.00433055
0.00663708,0.00426919,-1.60349e-06,1.45032e-06,0,0.0043036,0.00400037
0.00645284,0.0038408,-1.97223e-06,1.42065e-06,0,0.00413205,0.00372277
0.0062686,0.00392461,-1.79341e-06,1.38305e-06,0,0.00396157,0.00364917
0.00608437,0.00381036,-1.82358e-06,1.34629e-06,0,0.00379223,0.00348976
0.00590013,0.00380301,-1.7383e-06,1.30997e-06,0,0.0036241,0.00337726
0.0057159,0.00411601,-1.31159e-06,1.27477e-06,0,0.00345728,0.00339235
0.00553166,0.00390369,-1.4431e-06,1.24641e-06,0,0.00329187,0.00319419
0.00534743,0.00363962,-1.62786e-06,1.2182e-06,0,0.00312796,0.00298497
0.00516319,0.00303052,-2.17708e-06,1.18657e-06,0,0.00296568,0.00264046
0.00497896,0.00265953,-2.46999e-06,1.14578e-06,0,0.00280514,0.00239814
0.00479472,0.00264461,-2.38243e-06,1.09784e-06,0,0.00264647,0.00229634
0.00461049,0.00246011,-2.47417e-06,1.04975e-06,0,0.00248982,0.00212356
0.00442625,0.00173775,-3.13562e-06,1.00073e-06,0,0.00233534,0.00174101
0.00424202,0.00126408,-3.52917e-06,9.41324e-07,0,0.00218319,0.0014686
0.00405778,0.00104181,-3.65299e-06,8.72708e-07,0,0.00203355,0.00129559
0.00387355,0.00116923,-3.40389e-06,8.00267e-07,0,0.00188662,0.00126143
0.00368931,0.00126304,-3.19062e-06,7.30944e-07,0,0.0017426,0.00121185
0.00350508,0.00197215,-2.32436e-06,6.66065e-07,0,0.00160172,0.00141207
0.00332084,0.00248321,-1.6719e-06,6.15247e-07,0,0.00146421,0.0015277
0.00313661,0.000319033,-3.86288e-06,5.78547e-07,0,0.00133034,0.000582432
0.00295237,-0.000307574,-4.41207e-06,5.12244e-07,0,0.00120038,0.000296523
0.00276813,-0.000672435,-4.68042e-06,4.26748e-07,0,0.00107464,9.63167e-05
0.0025839,-0.00126773,-5.19162e-06,3.34482e-07,0,0.000953435,-0.0001949
0.00239966,-0.00201252,-5.85863e-06,2.33205e-07,0,0.000837125,-0.000537053
0.00221543,-0.00380728,-7.63663e-06,1.19368e-07,0,0.000726084,-0.00129073
0.00203119,-0.00527283,-9.05605e-06,-2.44747e-08,0,0.000620718,-0.00189136
0.00184696,-0.00585999,-9.53466e-06,-1.98499e-07,0,0.000521467,-0.00214074
0.00166272,-0.00615906,-9.70288e-06,-3.86799e-07,0,0.000428801,-0.00228302
0.00147849,-0.00635862,-9.76225e-06,-5.80015e-07,0,0.000343231,-0.00238457
0.00129425,-0.00659126,-9.85414e-06,-7.74964e-07,0,0.000265306,-0.00249567
0.00111002,-0.00674799,-9.86279e-06,-9.71587e-07,0,0.000195614,-0.00257114
0.000925782,-0.00750059,-1.05019e-05,-1.1688e-06,0,0.000134793,-0.00288131
0.000741547,-0.00816004,-1.10372e-05,-1.37564e-06,0,8.35215e-05,-0.00314138
0.000557312,-0.00899522,-1.17544e-05,-1.59371e-06,0,4.25142e-05,-0.00346988
0.000373076,-0.0098235,-1.24586e-05,-1.82521e-06,0,1.2472e-05,-0.00379049
0.000188841,-0.0106203,-1.31234e-05,-2.07086e-06,0,-6.11352e-06,-0.00409692
4.60588e-06,-0.0119375,-1.43346e-05,-2.33001e-06,0,-1.37195e-05,-0.0046105
0,-0.0130646,-1.53352e-05,-2.61064e-06,0,-1.47041e-05,-0.00503972
0,-0.0134858,-1.55781e-05,-2.91234e-06,0,-1.39296e-05,-0.00518995
0,-0.0134064,-1.52841e-05,-3.22269e-06,0,-1.27561e-05,-0.00515109
0,-0.01327,-1.49267e-05,-3.52984e-06,0,-1.15338e-05,-0.00509717
0,-0.0138079,-1.52828e-05,-3.83016e-06,0,-1.03491e-05,-0.00531337
0,-0.0148216,-1.61388e-05,-4.13404e-06,0,-9.21931e-06,-0.00570922
0,-0.0158726,-1.70269e-05,-4.45254e-06,0,-8.1441e-06,-0.00611275
0,-0.0192937,-2.04231e-05,-4.78863e-06,0,-7.11879e-06,-0.00746197
0,-0.0197458,-2.0647e-05,-5.18011e-06,0,-6.13776e-06,-0.00758945
0,-0.0192713,-1.98801e-05,-5.59193e-06,0,-5.19533e-06,-0.0073925
0,-0.0179551,-1.82171e-05,-5.99337e-06,0,-4.28597e-06,-0.00687371
0,-0.014206,-1.39731e-05,-6.36603e-06,0,-3.40434e-06,-0.00539639
0,-0.0105561,-9.84953e-06,-6.66671e-06,0,-2.54529e-06,-0.003996
0,-0.0065869,-5.40372e-06,-6.88432e-06,0,-1.70377e-06,-0.00246655
0,-0.00173496,-4.13803e-08,-7.01462e-06,0,-8.74875e-07,-0.000589548
0,0.00198184,4.08856e-06,-7.04226e-06,0,-5.37833e-08,0.000820724
0,0.00517387,7.63696e-06,-6.98114e-06,0,7.64275e-07,0.00203889
0,0.00609953,8.75538e-06,-6.84614e-06,0,1.58404e-06,0.00236023
0,0.00553935,8.28193e-06,-6.67663e-06,0,2.41021e-06,0.00212308
0,0.0026274,5.30421e-06,-6.50862e-06,0,3.24748e-06,0.00096975
0,-3.12236e-05,2.60005e-06,-6.38765e-06,0,4.1006e-06,-4.63722e-05
0,-0.00153488,1.12734e-06,-6.32213e-06,0,4.97447e-06,-0.000605193
0,-0.00331211,-6.34563e-07,-6.29222e-06,0,5.87407e-06,-0.0012909
0,-0.00519107,-2.50091e-06,-6.2961e-06,0,6.80455e-06,-0.00201298
0,-0.00988795,-7.35394e-06,-6.33679e-06,0,7.77122e-06,-0.00385855
0,-0.0157659,-1.3441e-05,-6.4596e-06,0,8.77957e-06,-0.00613245
0,-0.0215765,-1.94284e-05,-6.69798e-06,0,9.83534e-06,-0.00836135
0,-0.0272716,-2.5262e-05,-7.05661e-06,0,1.09445e-05,-0.0105451
0,-0.0317662,-2.97877e-05,-7.53269e-06,0,1.21133e-05,-0.0122513
0,-0.035338,-3.33031e-05,-8.10581e-06,0,1.33484e-05,-0.0136073
0,-0.0394875,-3.7404e-05,-8.7543e-06,0,1.46566e-05,-0.0152082
0,-0.0414073,-3.91055e-05,-9.48187e-06,0,1.60454e-05,-0.01591
0,-0.0438951,-4.13869e-05,-1.02555e-05,0,1.75225e-05,-0.0168726
0,-0.0462068,-4.34553e-05,-1.10718e-05,0,1.90959e-05,-0.0177563
0,-0.0475893,-4.45112e-05,-1.19306e-05,0,2.07734e-05,-0.0182717
0,-0.0491394,-4.57232e-05,-1.28155e-05,0,2.25607e-05,-0.0188683
0,-0.0479937,-4.40504e-05,-1.37239e-05,0,2.44536e-05,-0.0183861
1.434e-06,-0.0419409,-3.71581e-05,-1.46133e-05,0,2.64078e-05,-0.015986
4.45295e-06,-0.0372574,-3.17351e-05,-1.53909e-05,0,2.83418e-05,-0.0142078
7.4719e-06,-0.0346883,-2.85703e-05,-1.60527e-05,0,3.01978e-05,-0.0132531
1.04908e-05,-0.0339706,-2.73771e-05,-1.664e-05,0,3.19556e-05,-0.0130052
1.35098e-05,-0.0291677,-2.18456e-05,-1.71935e-05,0,3.36049e-05,-0.0110979
1.65287e-05,-0.0233393,-1.52451e-05,-1.7658e-05,0,3.51371e-05,-0.00884396
1.95477e-05,-0.0162657,-7.35036e-06,-1.79959e-05,0,3.65438e-05,-0.00610862
2.25666e-05,-0.015995,-6.71549e-06,-1.81824e-05,0,3.78159e-05,-0.00610862
0,-0.0341024,-2.53158e-05,-1.83294e-05,0,1.93625e-06,-0.0133657
0,-0.0350714,-2.59329e-05,-1.87459e-05,0,1.84507e-06,-0.0134795
0,-0.0379906,-2.86128e-05,-1.92615e-05,0,1.72463e-06,-0.0146302
0,-0.0413818,-3.17766e-05,-1.98203e-05,0,1.60351e-06,-0.0159395
0,-0.0410221,-3.09373e-05,-2.04401e-05,0,1.48868e-06,-0.015744
0,-0.0395138,-2.88746e-05,-2.1063e-05,0,1.38149e-06,-0.0151474
0,-0.0383947,-2.72273e-05,-2.16508e-05,0,1.28188e-06,-0.0147237
0,-0.0399566,-2.84281e-05,-2.22036e-05,0,1.18941e-06,-0.0153645
0,-0.0342984,-2.19532e-05,-2.27661e-05,0,1.1036e-06,-0.0130815
0,-0.0281104,-1.49401e-05,-2.32376e-05,0,1.02399e-06,-0.0106976
0,-0.0246763,-1.08814e-05,-2.35715e-05,0,9.5012e-07,-0.00942129
0,-0.0204785,-6.03255e-06,-2.38094e-05,0,8.81584e-07,-0.00779789
0,-0.0186055,-3.67853e-06,-2.39543e-05,0,8.17994e-07,-0.00711442
0,-0.0164053,-9.94628e-07,-2.40396e-05,0,7.58994e-07,-0.00626465
0,-0.01553,2.62358e-07,-2.40729e-05,0,7.04251e-07,-0.00594891
0,-0.0145497,1.61598e-06,-2.4074e-05,0,6.5346e-07,-0.00557095
0,-0.0168096,-4.86177e-07,-2.40484e-05,0,6.06333e-07,-0.00648828
0,-0.0188541,-2.36004e-06,-2.40476e-05,0,5.62608e-07,-0.00726999
0,-0.023158,-6.63265e-06,-2.40855e-05,0,5.22037e-07,-0.0089571
0,-0.0257885,-9.11622e-06,-2.41967e-05,0,4.84394e-07,-0.00994142
0,-0.0279033,-1.10457e-05,-2.43666e-05,0,4.49467e-07,-0.0107455
0,-0.0268768,-9.63456e-06,-2.45779e-05,0,4.17059e-07,-0.0103033
0,-0.026249,-8.65526e-06,-2.47777e-05,0,3.8699e-07,-0.0100684
0,-0.0251982,-7.23417e-06,-2.49557e-05,0,3.5909e-07,-0.00965845
0,-0.0249898,-6.71717e-06,-2.51075e-05,0,3.33203e-07,-0.00959134
0,-0.0244294,-5.83286e-06,-2.52444e-05,0,3.09183e-07,-0.00937082
0,-0.0244619,-5.58609e-06,-2.53655e-05,0,2.86895e-07,-0.00939239
0,-0.0241015,-4.92771e-06,-2.54784e-05,0,2.66215e-07,-0.00924798
0,-0.0239242,-4.47132e-06,-2.55803e-05,0,2.47027e-07,-0.00918275
0,-0.0232977,-3.54467e-06,-2.5672e-05,0,2.29222e-07,-0.00893532
0,-0.0212653,-1.13444e-06,-2.57475e-05,0,2.12702e-07,-0.00813346
0,-0.0215226,-1.1713e-06,-2.57822e-05,0,1.97373e-07,-0.00826732
0,-0.0209336,-3.15861e-07,-2.58055e-05,0,1.83149e-07,-0.00802825
0,-0.0212235,-4.03435e-07,-2.58161e-05,0,1.69951e-07,-0.00815301
0,-0.0241813,-3.32948e-06,-2.58237e-05,0,1.57705e-07,-0.00932951
0,-0.027139,-6.24822e-06,-2.58757e-05,0,1.46341e-07,-0.0104651
0,-0.031737,-1.08994e-05,-2.5986e-05,0,1.35797e-07,-0.0122556
0,-0.0333191,-1.233e-05,-2.61808e-05,0,1.26013e-07,-0.0128169
0,-0.0331788,-1.19255e-05,-2.64202e-05,0,1.16934e-07,-0.0127366
0,-0.0326907,-1.11528e-05,-2.66607e-05,0,1.0851e-07,-0.0125439
0,-0.0315845,-9.72694e-06,-2.68877e-05,0,1.00693e-07,-0.0121097
0,-0.0201282,2.68103e-06,-2.70851e-05,0,9.344e-08,-0.00755254
0,-0.0123271,1.11506e-05,-2.70935e-05,0,8.67093e-08,-0.00461337
0,-0.00400991,2.01221e-05,-2.69128e-05,0,8.04638e-08,-0.00141212
0,-0.00369077,2.05492e-05,-2.65552e-05,0,7.46684e-08,-0.00141212
0.00050616,-0.0260705,-4.02363e-06,-2.61528e-05,0,0.00112516,-0.00985172
0.00039562,-0.0322357,-1.03868e-05,-2.61467e-05,0,0.0010409,-0.0119955
0.000351016,-0.0344611,-1.25427e-05,-2.62344e-05,0,0.000951593,-0.0128302
0.000273443,-0.037051,-1.50739e-05,-2.64744e-05,0,0.000867484,-0.0138645
0.000195871,-0.0355012,-1.31958e-05,-2.67633e-05,0,0.000791568,-0.0132369
0.000118298,-0.0326853,-9.97809e-06,-2.70366e-05,0,0.000724549,-0.0121643
4.07256e-05,-0.030643,-7.59376e-06,-2.72522e-05,0,0.00066632,-0.0114173
0,-0.0318844,-8.70569e-06,-2.7416e-05,0,0.000615631,-0.0119675
0,-0.0286577,-5.06923e-06,-2.75846e-05,0,0.000570258,-0.0106815
0,-0.0236423,4.49699e-07,-2.77041e-05,0,0.000528614,-0.00874829
0,-0.0185728,5.99891e-06,-2.77227e-05,0,0.000490112,-0.00681941
0,-0.0111987,1.39646e-05,-2.76305e-05,0,0.000454443,-0.00396989
0,-0.00559317,2.00085e-05,-2.7391e-05,0,0.000421377,-0.00186052
0,-0.00207594,2.37958e-05,-2.70211e-05,0,0.00039072,-0.000556715
0,-0.00254258,2.33213e-05,-2.65641e-05,0,0.000362294,-0.000810473
0,-0.0041701,2.16e-05,-2.60953e-05,0,0.000335938,-0.00146571
0,-0.00757922,1.79795e-05,-2.56547e-05,0,0.0003115,-0.00281358
0,-0.0112652,1.40673e-05,-2.5277e-05,0,0.000288841,-0.00424385
0,-0.0152355,9.85918e-06,-2.49761e-05,0,0.00026783,-0.0057826
0,-0.0176162,7.34854e-06,-2.47579e-05,0,0.000248349,-0.00668159
0,-0.0186141,6.31051e-06,-2.45984e-05,0,0.000230285,-0.00705217
0,-0.0176325,7.37345e-06,-2.4467e-05,0,0.000213535,-0.00665296
0,-0.0161499,8.95871e-06,-2.43248e-05,0,0.000198005,-0.00608348
0,-0.0153844,9.77026e-06,-2.41536e-05,0,0.000183604,-0.00580743
0,-0.0160978,9.00214e-06,-2.39622e-05,0,0.000170251,-0.00611035
0,-0.0169375,8.09726e-06,-2.37783e-05,0,0.00015787,-0.0064406
0,-0.0185722,6.347e-06,-2.36119e-05,0,0.000146389,-0.00708587
0,-0.0204176,4.37609e-06,-2.34762e-05,0,0.000135744,-0.0078027
0,-0.0211516,3.59029e-06,-2.33788e-05,0,0.000125873,-0.00807222
0,-0.0207942,3.9642e-06,-2.33031e-05,0,0.00011672,-0.00792265
0,-0.0211848,3.54017e-06,-2.32256e-05,0,0.000108234,-0.00808811
0,-0.0224819,2.15328e-06,-2.31527e-05,0,0.000100364,-0.00860377
0,-0.0244351,1.22834e-07,-2.31027e-05,0,4.07316e-05,-0.0099126
0,-0.0283962,-4.03056e-06,-2.30901e-05,0,-8.59341e-05,-0.0115573
0,-0.0310424,-6.76856e-06,-2.31499e-05,0,-0.000230526,-0.0126441
0,-0.0350538,-1.09408e-05,-2.32716e-05,0,-0.00038065,-0.0142922
0,-0.0366076,-1.2481e-05,-2.34696e-05,0,-0.000533075,-0.0149335
-6.33433e-05,-0.0342931,-9.90132e-06,-2.37115e-05,0,-0.000685229,-0.0140625
-0.000212386,-0.0252911,-2.27046e-07,-2.39224e-05,0,-0.000833178,-0.0105749
-0.000361429,-0.0176613,7.9507e-06,-2.39753e-05,0,-0.000974161,-0.00773156
-0.000510473,-0.0157249,1.00454e-05,-2.38572e-05,0,-0.00110742,-0.0071343
-0.000659516,-0.0123584,1.36433e-05,-2.36668e-05,0,-0.00123267,-0.00587277
-0.000808559,-0.0101668,1.5971e-05,-2.34119e-05,0,-0.00134976,-0.00509625
-0.000957602,-0.0103524,1.57557e-05,-2.31041e-05,0,-0.00145849,-0.00524512
-0.00110664,-0.0110818,1.49545e-05,-2.27879e-05,0,-0.00155864,-0.00556909
0.000979958,-0.0374691,-1.62184e-05,-2.24728e-05,0,0.000585701,-0.0146219
0.000786202,-0.0412796,-2.01372e-05,-2.27346e-05,0,0.000503991,-0.0157149
0.000681872,-0.0422642,-2.10342e-05,-2.2997e-05,0,0.000431898,-0.0160746
0.000532829,-0.0438753,-2.25827e-05,-2.34132e-05,0,0.000369286,-0.0167203
0.000383786,-0.0437378,-2.22579e-05,-2.38571e-05,0,0.000316924,-0.0166551
0.000234743,-0.0423994,-2.06493e-05,-2.43038e-05,0,0.000275262,-0.0161347
8.56998e-05,-0.0417254,-1.97439e-05,-2.47249e-05,0,0.000244253,-0.015896
0,-0.0435325,-2.14683e-05,-2.51243e-05,0,0.000222023,-0.0166365
0,-0.0407541,-1.83085e-05,-2.5545e-05,0,0.000204718,-0.0155072
0,-0.03468,-1.16559e-05,-2.5927e-05,0,0.000189538,-0.0131317
0,-0.0276714,-4.03497e-06,-2.61934e-05,0,0.000175689,-0.010433
0,-0.0213398,2.83487e-06,-2.63122e-05,0,0.000162905,-0.00801853
0,-0.0162374,8.36674e-06,-2.62898e-05,0,0.000151066,-0.00608397
0,-0.0130598,1.18245e-05,-2.61502e-05,0,0.000140092,-0.00489867
0,-0.00967638,1.5477e-05,-2.5931e-05,0,0.000129916,-0.00360133
0,-0.00874407,1.65007e-05,-2.56397e-05,0,0.00012048,-0.00328543
0,-0.00913774,1.61006e-05,-2.53148e-05,0,0.000111729,-0.00346107
0,-0.00994649,1.525e-05,-2.49908e-05,0,0.000103615,-0.00378182
0,-0.0137363,1.12273e-05,-2.46815e-05,0,9.60896e-05,-0.00528615
0,-0.0172471,7.50893e-06,-2.44369e-05,0,8.91114e-05,-0.00663318
0,-0.0200347,4.56769e-06,-2.42681e-05,0,8.26403e-05,-0.00769547
0,-0.0185591,6.16055e-06,-2.4162e-05,0,7.66392e-05,-0.00706648
0,-0.0161695,8.7127e-06,-2.40468e-05,0,7.10742e-05,-0.00613766
0,-0.0133021,1.1756e-05,-2.38853e-05,0,6.59134e-05,-0.00503185
0,-0.00958858,1.56778e-05,-2.36654e-05,0,6.11275e-05,-0.0035954
0,-0.00732782,1.8032e-05,-2.33714e-05,0,5.66893e-05,-0.00275177
0,-0.00639974,1.89513e-05,-2.30226e-05,0,5.25735e-05,-0.00241781
0,-0.00589538,1.94064e-05,-2.26481e-05,0,4.87567e-05,-0.00223248
0,-0.00743709,1.76767e-05,-2.22623e-05,0,4.52171e-05,-0.00285745
0,-0.00573572,1.93879e-05,-2.19001e-05,0,4.19345e-05,-0.0021561
0,-0.00502892,2.00262e-05,-2.15209e-05,0,3.88904e-05,-0.00190142
0,-0.00815266,1.65849e-05,-2.11236e-05,0,3.60674e-05,-0.0031608
0,-0.011936,1.24905e-05,-2.07747e-05,0,-1.06592e-05,-0.00508506
0,-0.0169939,7.05465e-06,-2.05044e-05,0,-0.00011414,-0.00712368
0,-0.021296,2.44131e-06,-2.03361e-05,0,-0.00023297,-0.00883928
0,-0.0255006,-2.04914e-06,-2.02642e-05,0,-0.000356696,-0.0105244
0,-0.0277044,-4.39416e-06,-2.02827e-05,0,-0.000482612,-0.0114083
-4.72824e-05,-0.0290085,-5.77034e-06,-2.03589e-05,0,-0.000608666,-0.0119593
-0.000173369,-0.0218437,1.85525e-06,-2.04674e-05,0,-0.000731531,-0.0091378
-0.000299455,-0.01352,1.06807e-05,-2.04685e-05,0,-0.000848733,-0.00597839
-0.000425541,-0.0130619,1.11152e-05,-2.0299e-05,0,-0.000959585,-0.00597208
-0.000551628,-0.0113251,1.29003e-05,-2.00788e-05,0,-0.00106384,-0.00532971
-0.000677714,-0.00933752,1.49386e-05,-1.98298e-05,0,-0.00116134,-0.00460181
-0.0008038,-0.0078496,1.64313e-05,-1.95412e-05,0,-0.00125192,-0.00407241
-0.000929887,-0.00759654,1.65991e-05,-1.922e-05,0,-0.00133538,-0.00402375
0.000835322,-0.0302109,-9.26687e-06,-1.88914e-05,0,0.000479812,-0.011798
0.000709235,-0.0338465,-1.31327e-05,-1.89482e-05,0,0.000411328,-0.0128991
0.000583149,-0.0349864,-1.43245e-05,-1.91916e-05,0,0.000350783,-0.0133161
0.000457063,-0.0375635,-1.7028e-05,-1.94721e-05,0,0.000298528,-0.0143419
0.000330977,-0.0386904,-1.81704e-05,-1.97991e-05,0,0.000254935,-0.0147641
0.00020489,-0.0398765,-1.93604e-05,-2.01568e-05,0,0.000220322,-0.01523
7.88039e-05,-0.0393065,-1.86701e-05,-2.05381e-05,0,0.00019467,-0.0149923
0,-0.0411614,-2.05467e-05,-2.09149e-05,0,0.00017653,-0.0157485
0,-0.0389951,-1.81354e-05,-2.13165e-05,0,0.000162659,-0.0148613
0,-0.0338183,-1.25283e-05,-2.16913e-05,0,0.000150569,-0.0128332
0,-0.0310509,-9.49571e-06,-2.19699e-05,0,0.00013956,-0.0118128
0,-0.0260226,-4.0709e-06,-2.21749e-05,0,0.000129404,-0.00985244
0,-0.0242634,-2.13766e-06,-2.22835e-05,0,0.00012,-0.00923155
0,-0.0235623,-1.3358e-06,-2.23359e-05,0,0.000111283,-0.00898274
0,-0.0225824,-2.41782e-07,-2.23666e-05,0,0.000103201,-0.00860609
0,-0.0234555,-1.12075e-06,-2.23769e-05,0,9.57055e-05,-0.00897329
0,-0.0236898,-1.31863e-06,-2.23949e-05,0,8.87551e-05,-0.00905679
0,-0.022345,1.60224e-07,-2.24203e-05,0,8.23097e-05,-0.00851934
0,-0.0237322,-1.2688e-06,-2.24245e-05,0,7.63326e-05,-0.00909666
0,-0.0248964,-2.45586e-06,-2.24427e-05,0,7.07897e-05,-0.00954288
0,-0.0262689,-3.85924e-06,-2.24859e-05,0,6.56496e-05,-0.0100755
0,-0.0266988,-4.25524e-06,-2.25561e-05,0,6.08828e-05,-0.0102284
0,-0.0262453,-3.71073e-06,-2.26392e-05,0,5.64623e-05,-0.0100429
0,-0.0266984,-4.13015e-06,-2.27162e-05,0,5.23629e-05,-0.0102327
0,-0.0274341,-4.84695e-06,-2.27967e-05,0,4.85613e-05,-0.0105213
0,-0.0280467,-5.42888e-06,-2.289e-05,0,4.50358e-05,-0.0107562
0,-0.0285998,-5.94377e-06,-2.29957e-05,0,4.17664e-05,-0.0109693
0,-0.0291583,-6.46043e-06,-2.3112e-05,0,3.87344e-05,-0.0111852
0,-0.03012,-7.40102e-06,-2.32386e-05,0,3.59227e-05,-0.011562
0,-0.0308613,-8.10135e-06,-2.33819e-05,0,3.33151e-05,-0.0118445
0,-0.0319092,-9.12154e-06,-2.35405e-05,0,3.0897e-05,-0.0122527
0,-0.0339685,-1.12081e-05,-2.37178e-05,0,2.86544e-05,-0.0130599
0,-0.0345297,-1.16243e-05,-2.39315e-05,0,-4.4976e-05,-0.0140011
0,-0.0373312,-1.4412e-05,-2.41619e-05,0,-0.000210828,-0.0152356
0,-0.0397101,-1.67331e-05,-2.44362e-05,0,-0.000401731,-0.0162643
0,-0.0414758,-1.83863e-05,-2.47593e-05,0,-0.00060073,-0.0170498
0,-0.0419646,-1.86691e-05,-2.51187e-05,0,-0.000803482,-0.0173286
-6.67231e-05,-0.0398116,-1.61382e-05,-2.54907e-05,0,-0.00100686,-0.0165651
-0.000272025,-0.0305948,-6.1119e-06,-2.58261e-05,0,-0.00120547,-0.013014
-0.000477326,-0.0212156,4.04648e-06,-2.59985e-05,0,-0.00139506,-0.00949825
-0.000682628,-0.0186356,6.9395e-06,-2.59684e-05,0,-0.00157447,-0.00869141
-0.00088793,-0.0152651,1.06527e-05,-2.5844e-05,0,-0.00174327,-0.00745663
-0.00109323,-0.011973,1.42582e-05,-2.56495e-05,0,-0.00190118,-0.00625717
-0.00129853,-0.0114223,1.49273e-05,-2.53824e-05,0,-0.00204795,-0.00614323
-0.00150383,-0.0112521,1.51783e-05,-2.50872e-05,0,-0.00218323,-0.00613166
0.00137039,-0.0364238,-1.45828e-05,-2.47887e-05,0,0.000772871,-0.0141383
0.00114456,-0.0398979,-1.80928e-05,-2.49619e-05,0,0.000661957,-0.0151276
0.000959785,-0.0412406,-1.93198e-05,-2.52701e-05,0,0.000563909,-0.0156405
0.000754484,-0.0428321,-2.07985e-05,-2.56503e-05,0,0.000479053,-0.0162785
0.000549182,-0.0417287,-1.94022e-05,-2.60589e-05,0,0.000408153,-0.0158325
0.00034388,-0.0387509,-1.60145e-05,-2.64539e-05,0,0.000351785,-0.0146759
0.000138579,-0.0360721,-1.2953e-05,-2.67911e-05,0,0.000309987,-0.0136648
0,-0.0381248,-1.49244e-05,-2.70655e-05,0,0.000280625,-0.0145364
0,-0.0364476,-1.29239e-05,-2.73541e-05,0,0.000258447,-0.0138451
0,-0.0315588,-7.51911e-06,-2.76226e-05,0,0.000239203,-0.0119278
0,-0.030353,-6.04661e-06,-2.78e-05,0,0.000221704,-0.0115296
0,-0.029357,-4.80416e-06,-2.79283e-05,0,0.000205568,-0.0111581
0,-0.0333063,-8.81908e-06,-2.80306e-05,0,0.000190628,-0.0127573
0,-0.0405293,-1.62932e-05,-2.81869e-05,0,0.00017678,-0.0155873
0,-0.0535881,-2.99285e-05,-2.84754e-05,0,0.00016394,-0.0206967
0,-0.0713044,-4.84421e-05,-2.90058e-05,0,0.000152033,-0.0275758
0,-0.09,-0.000133543,-2.98821e-05,0,0.000140992,-0.0357505
0,-0.09,-0.00100125,-3.21274e-05,0,0.000130753,-0.0447601
0,-0.09,-0.00380102,-4.30415e-05,0,0.000121258,-0.0549995
0,-0.09,-0.0103543,-8.96642e-05,0,0.000112452,-0.0639914
0,-0.09,-0.0230537,-0.00022794,0,0.000104287,-0.0711857
0,-0.09,-0.0470752,-0.00055567,0,9.67145e-05,-0.0776068
0,-0.09,-0.0911371,-0.00124495,0,8.96922e-05,-0.0829719
0,-0.09,-0.160456,-0.00260504,-0.0200246,8.318e-05,-0.0874713
0,-0.09,-0.241718,-0.00512097,-0.0527096,7.71409e-05,-0.0911981
0,-0.09,-0.339929,-0.00910207,-0.103717,7.15404e-05,-0.0976553
0,-0.09,-0.465567,-0.0148694,-0.122617,6.63467e-05,-0.105247
0,-0.09,-0.619074,-0.0222334,-0.133529,6.15303e-05,-0.112925
0,-0.09,-0.844379,-0.0328495,-0.129375,5.70637e-05,-0.12062
0,-0.09,-1.26199,-0.0469208,-0.112652,5.29214e-05,-0.126885
0,-0.09,-2.87562,-0.0658964,-0.096449,4.908e-05,-0.133094
0,-0.09,-7.01041,-0.100011,-0.0842046,4.55176e-05,-0.136881
0,-0.09,-6.98792,-0.196804,-0.0591618,-0.00241677,-0.139045
0,-0.09,-6.78389,-0.337001,-0.0535655,-0.00805329,-0.140132
0,-0.09,-6.5755,-0.474923,-0.0530246,-0.0145548,-0.142522
0,-0.09,-6.3621,-0.608726,-0.0434179,-0.0213368,-0.142633
0,-0.09,-6.14219,-0.738315,-0.0221378,-0.0282441,-0.138348
-0.00331394,-0.0933139,-5.91772,-0.863578,-0.00595605,-0.0351472,-0.133805
-0.0102907,-0.100291,-5.68964,-0.984177,2.92603e-09,-0.0418598,-0.124807
-0.0172674,-0.107267,-5.46196,-1.10036,-6.20385e-25,-0.0482582,-0.117345
-0.0242441,-0.114244,-5.2367,-1.21199,1.14794e-40,-0.0543074,-0.110034
-0.0312208,-0.117576,-5.01463,-1.31909,-1.27447e-56,-0.0599941,-0.103526
-0.0381975,-0.106556,-4.79657,-1.42161,0,-0.0653094,-0.101101
-0.0451742,-0.0964221,-4.5826,-1.51863,0,-0.0702437,-0.0989849
-0.0521509,-0.0922542,-4.37275,-1.61135,0,-0.0747858,-0.0989849
0.0455231,-0.0444769,-4.37062,-1.703,0,0.0299059,-0.0102724
0.0366277,-0.0533723,-4.16155,-1.81551,0,0.0258962,-0.0186033
0.0310464,-0.0589536,-3.95724,-1.88419,0,0.0223654,-0.0212403
0.0245929,-0.0654071,-3.75719,-1.95944,0,0.0192977,-0.0229251
0.0176162,-0.0723838,-3.56104,-2.03659,0,0.0167172,-0.0221776
0.0106395,-0.062516,-3.36903,-2.10977,0,0.0146479,-0.0185741
0.00366277,-0.052682,-3.18115,-2.17907,0,0.0130863,-0.0152486
0,-0.0443377,-2.99744,-2.24363,0,0.0119366,-0.0124531
0,-0.0369806,-2.81791,-2.3045,0,0.0110171,-0.00998575
0,-0.0302763,-2.64253,-2.36175,0,0.0102028,-0.00773253
0,-0.019868,-2.47128,-2.41548,0,0.0094578,-0.00396351
0,-0.0108596,-2.30414,-2.46576,0,0.00876957,-0.000785912
0,-0.00516056,-2.14108,-2.51268,0,0.00813208,0.00111403
0,-0.00113292,-1.98207,-2.55632,0,0.00754111,0.00241782
0,-0.00274361,-1.8271,-2.59676,0,0.00699315,0.00151487
0,-0.00411243,-1.67612,-2.63399,0,0.00648503,0.000812247
0,-0.00325422,-1.5291,-2.66827,0,0.00601385,0.0010111
0,-0.00455364,-1.38601,-2.69959,0,0.00557693,0.000329112
0,-0.0106606,-1.24681,-2.72802,0,0.00517176,-0.00222576
0,-0.0196964,-1.11148,-2.75366,0,0.00479604,-0.00586387
0,-0.0293818,-0.979952,-2.77656,0,0.00444763,-0.00970498
0,-0.030593,-0.852195,-2.79682,0,0.00412454,-0.0101422
0,-0.0290813,-0.728169,-2.8145,0,0.00382493,-0.00961234
0,-0.0287931,-0.607836,-2.82969,0,0.0035471,-0.00960386
0,-0.0304363,-0.491155,-2.84244,0,0.00328946,-0.0103396
0,-0.0331467,-0.378078,-2.85285,0,0.00305053,-0.0114644
0,-0.0316931,-0.268557,-2.86098,0,0.00282898,-0.0109035
0,-0.0265553,-0.162546,-2.8669,0,0.00262351,-0.00892919
0,-0.0217033,-0.0600006,-2.87068,0,0.00243298,-0.0071197
0,-0.01941,0.0391227,-2.87239,0,0.0022563,-0.00632221
0,-0.021372,0.134871,-2.8721,0,0.00209245,-0.00717978
0,-0.0267745,0.227294,-2.86988,0,0.0019405,-0.00934148
0,-0.0294966,0.316448,-2.8658,0,0.00173158,-0.0110852
0,-0.0315131,0.402381,-2.85992,0,0.00144509,-0.0119926
0,-0.0316219,0.485145,-2.8523,0,0.00114416,-0.0121435
0,-0.0347647,0.564785,-2.84301,0,0.000844247,-0.0135272
0,-0.0346385,0.64136,-2.83211,0,0.000548959,-0.0135507
-8.23192e-05,-0.0300784,0.714923,-2.81967,0,0.000261082,-0.011845
-0.000276011,-0.0196659,0.785527,-2.80574,0,-1.47837e-05,-0.00786099
-0.000469703,-0.0144904,0.853213,-2.79038,0,-0.000275524,-0.00604801
-0.000663396,-0.0172629,0.91803,-2.77365,0,-0.000520591,-0.00731877
-0.000857088,-0.0178067,0.980042,-2.75562,0,-0.000750045,-0.00756865
-0.00105078,-0.0203337,1.0393,-2.73633,0,-0.000964037,-0.00863561
-0.00124447,-0.0215189,1.09585,-2.71584,0,-0.00116268,-0.00912788
-0.00143816,-0.0194971,1.14976,-2.6942,0,-0.00134601,-0.00835216
0.00127353,-0.0388687,1.20108,-2.67229,0,0.0013914,-0.0141621
0.00107983,-0.0385868,1.24988,-2.64879,0,0.00123891,-0.0137744
0.000886141,-0.0375397,1.2962,-2.62404,0,0.00110211,-0.0133896
0.000692449,-0.039208,1.34007,-2.59834,0,0.000981309,-0.0140953
0.000498757,-0.0404886,1.38156,-2.57176,0,0.000876831,-0.0146002
0.000305065,-0.0399602,1.42071,-2.54434,0,0.000788938,-0.0143851
0.000111373,-0.0372478,1.45759,-2.51612,0,0.000717349,-0.0133231
0,-0.0361435,1.49223,-2.48715,0,0.000659443,-0.0129346
0,-0.0305562,1.5247,-2.45748,0,0.000610045,-0.0107304
0,-0.023666,1.55505,-2.42715,0,0.000565362,-0.00807376
0,-0.0169743,1.58332,-2.3962,0,0.000524218,-0.00551558
0,-0.0109357,1.60957,-2.36468,0,0.000486141,-0.00321457
0,-0.00505271,1.63384,-2.33262,0,0.000450848,-0.000965151
0,-0.00134673,1.65619,-2.30006,0,0.000418124,0.000417882
0,0.000513274,1.67667,-2.26705,0,0.000387777,0.0010976
0,0.00170364,1.69531,-2.23362,0,0.000359634,0.00153854
0,-0.000406809,1.71218,-2.1998,0,0.000333535,0.000672093
0,-0.00312269,1.72733,-2.16564,0,0.000309331,-0.00038532
0,-0.00769109,1.74079,-2.13117,0,0.000286884,-0.00217295
0,-0.012466,1.75262,-2.09643,0,0.000266067,-0.00401454
0,-0.0152697,1.76287,-2.06143,0,0.000246761,-0.00506584
0,-0.0188525,1.77158,-2.02623,0,0.000228856,-0.00645838
0,-0.0196358,1.7788,-1.99084,0,0.000212252,-0.00672125
0,-0.0198364,1.78457,-1.9553,0,0.000196852,-0.00679438
0,-0.0201478,1.78895,-1.91964,0,0.000182571,-0.00692067
0,-0.0186919,1.79197,-1.88388,0,0.000169326,-0.00633972
0,-0.0168435,1.79367,-1.84805,0,0.000157042,-0.0056292
0,-0.0138198,1.79411,-1.81219,0,0.00014565,-0.00445557
0,-0.012856,1.79332,-1.77631,0,0.000135085,-0.00412244
0,-0.0108662,1.79134,-1.74044,0,0.000125287,-0.00334828
0,-0.0132875,1.78822,-1.7046,0,0.000116199,-0.00435112
0,-0.0165148,1.78399,-1.66882,0,0.000107771,-0.00560837
0,-0.0175782,1.7787,-1.63312,0,6.68088e-05,-0.00633481
0,-0.0200736,1.77238,-1.59752,0,-1.63775e-05,-0.00737786
0,-0.0229254,1.76508,-1.56204,0,-0.000110703,-0.00854014
0,-0.0265419,1.75683,-1.5267,0,-0.000208333,-0.0100001
0,-0.0280225,1.74768,-1.49153,0,-0.000307236,-0.0105929
-4.01179e-05,-0.0280001,1.73765,-1.45653,0,-0.000405797,-0.0106152
-0.000134513,-0.0259425,1.72679,-1.42172,0,-0.000501536,-0.00984451
-0.000228908,-0.0203073,1.71513,-1.38713,0,-0.000592715,-0.007673
-0.000323303,-0.0192592,1.7027,-1.35277,0,-0.000678863,-0.00738416
-0.000417698,-0.017675,1.68954,-1.31866,0,-0.00075982,-0.0068074
-0.000512093,-0.0156312,1.67568,-1.2848,0,-0.000835483,-0.00605177
-0.000606488,-0.0140944,1.66116,-1.25122,0,-0.000905745,-0.00550219
-0.000700883,-0.0138923,1.646,-1.21792,0,-0.000970473,-0.00547446
0.000620648,-0.0373579,1.63021,-1.1847,0,0.00038642,-0.0139114
0.000526253,-0.0413762,1.61386,-1.15194,0,0.000333276,-0.0151611
0.000431857,-0.0429932,1.59698,-1.11958,0,0.000286245,-0.015766
0.000337462,-0.0437696,1.57959,-1.08756,0,0.00024558,-0.0160699
0.000243067,-0.0444557,1.56172,-1.05588,0,0.000211549,-0.0163488
0.000148672,-0.0441149,1.54339,-1.02455,0,0.000184375,-0.0162176
5.42772e-05,-0.0436839,1.52465,-0.993594,0,0.000164009,-0.0160651
0,-0.0459736,1.5055,-0.963008,0,0.000149257,-0.0169995
0,-0.043631,1.48598,-0.932802,0,0.000137674,-0.0160423
0,-0.0386389,1.46612,-0.902985,0,0.000127481,-0.0140979
0,-0.0350014,1.44594,-0.873563,0,0.000118173,-0.0127348
0,-0.027635,1.42547,-0.844543,0,0.000109578,-0.00986184
0,-0.0230569,1.40472,-0.815931,0,0.000101618,-0.00815914
0,-0.0207545,1.38371,-0.787733,0,9.42389e-05,-0.00732212
0,-0.0192801,1.36249,-0.759954,0,8.73964e-05,-0.00678066
0,-0.0198566,1.34105,-0.732598,0,8.1051e-05,-0.00704524
0,-0.0215961,1.31943,-0.70567,0,7.51666e-05,-0.0077426
0,-0.0226053,1.29765,-0.679173,0,6.97097e-05,-0.00813042
0,-0.0246773,1.27572,-0.653112,0,6.46491e-05,-0.00895364
0,-0.0256161,1.25367,-0.627488,0,5.9956e-05,-0.00930799
0,-0.0263362,1.23152,-0.602304,0,5.56038e-05,-0.00959227
0,-0.0275125,1.20928,-0.577563,0,5.15676e-05,-0.0100619
0,-0.0284207,1.18698,-0.553266,0,4.78246e-05,-0.0104174
0,-0.0294634,1.16463,-0.529415,0,4.43534e-05,-0.0108306
0,-0.0311871,1.14224,-0.50601,0,4.11343e-05,-0.0115136
0,-0.0321686,1.11983,-0.483054,0,3.81489e-05,-0.0118897
0,-0.0329119,1.09743,-0.460545,0,3.53803e-05,-0.0121819
0,-0.0331265,1.07504,-0.438484,0,3.28127e-05,-0.0122666
0,-0.032562,1.05268,-0.416872,0,3.04315e-05,-0.0120482
0,-0.0308184,1.03036,-0.395706,0,2.82233e-05,-0.0113709
0,-0.0303244,1.0081,-0.374987,0,2.61753e-05,-0.0112104
0,-0.0297892,0.985908,-0.354714,0,2.4276e-05,-0.0110143
0,-0.0309595,0.963797,-0.334885,0,-4.15557e-05,-0.0121692
0,-0.0325862,0.941779,-0.315499,0,-0.000189975,-0.0129213
0,-0.0339386,0.919868,-0.296553,0,-0.000360833,-0.0135544
0,-0.0360658,0.898073,-0.278046,0,-0.000538948,-0.0144965
0,-0.0368046,0.876408,-0.259975,0,-0.000720428,-0.0148668
-5.97474e-05,-0.0364353,0.854883,-0.242339,0,-0.000902477,-0.0148096
-0.000243586,-0.0288626,0.833513,-0.225134,0,-0.00108025,-0.0118864
-0.000427424,-0.0202957,0.812303,-0.208357,0,-0.00124997,-0.00866919
-0.000611262,-0.0188997,0.791251,-0.192004,0,-0.00141057,-0.00832293
-0.0007951,-0.0169311,0.770376,-0.176074,0,-0.00156166,-0.00763077
-0.000978939,-0.0148141,0.749684,-0.160562,0,-0.00170302,-0.00688086
-0.00116278,-0.0140778,0.729182,-0.145465,0,-0.0018344,-0.00667738
-0.00134662,-0.0126356,0.708879,-0.130779,0,-0.0019555,-0.00616406
0.00122712,-0.0327387,0.688748,-0.116195,0,0.000691592,-0.0123689
0.000974343,-0.0348883,0.668672,-0.0970527,0,0.000592801,-0.0129314
0.000859444,-0.0363081,0.648992,-0.0885939,0,0.000505634,-0.0135044
0.000675606,-0.0389591,0.629535,-0.0755156,0,0.000429765,-0.0145699
0.000491767,-0.0407226,0.610311,-0.0628277,0,0.000366263,-0.0152582
0.000307929,-0.0410115,0.591323,-0.0505253,0,0.000315743,-0.0153681
0.000124091,-0.0397783,0.572579,-0.0386039,0,0.000278264,-0.0148905
0,-0.0411404,0.554076,-0.0270586,0,0.000251922,-0.0154707
0,-0.0376694,0.535829,-0.0158846,0,0.000232017,-0.0140802
0,-0.0315707,0.517838,-0.00507676,0,0.000214742,-0.0117138
0,-0.025078,0.500104,0.00536995,0,0.000199033,-0.00922963
0,-0.0165805,0.482633,0.0154607,0,0.000184547,-0.00595041
0,-0.00814342,0.465425,0.0252007,0,0.000171135,-0.00272539
0,-0.00219603,0.448481,0.0345953,0,0.000158703,-0.000492926
0,0.00204889,0.431804,0.0436496,0,0.000147176,0.00109848
0,0.00423587,0.415395,0.0523691,0,0.000136487,0.00189482
0,0.00351619,0.399257,0.060759,0,0.000126574,0.00156263
0,0.000173551,0.383389,0.0688249,0,0.000117382,0.000228179
0,-0.00504162,0.367796,0.076572,0,0.000108858,-0.0018133
0,-0.00995008,0.352481,0.0840059,0,0.000100953,-0.00370321
0,-0.0161609,0.337442,0.0911321,0,9.36225e-05,-0.00611743
0,-0.0199745,0.322686,0.0979561,0,8.68244e-05,-0.00755421
0,-0.0219231,0.30821,0.104484,0,8.05202e-05,-0.00828273
0,-0.0239344,0.294015,0.11072,0,7.46739e-05,-0.00906451
0,-0.0251065,0.2801,0.116671,0,6.92523e-05,-0.00950994
0,-0.0258369,0.266466,0.122343,0,6.42246e-05,-0.0097916
0,-0.0256375,0.253113,0.127741,0,5.9562e-05,-0.00970846
0,-0.0250134,0.24004,0.13287,0,5.52381e-05,-0.00946976
0,-0.0217452,0.227248,0.137736,0,5.12282e-05,-0.00818158
0,-0.0177074,0.214735,0.142345,0,4.75095e-05,-0.00662639
0,-0.0140813,0.202499,0.146702,0,4.4061e-05,-0.00524714
0,-0.011603,0.190538,0.150813,0,4.08628e-05,-0.00431962
0,-0.0106735,0.17885,0.154684,0,2.28544e-05,-0.00414986
0,-0.0129342,0.167432,0.158319,0,-1.43586e-05,-0.00509871
0,-0.0153292,0.156285,0.161725,0,-5.66679e-05,-0.00605151
0,-0.0177315,0.145409,0.164906,0,-0.000100521,-0.00700397
0,-0.0181079,0.134804,0.167869,0,-0.000145017,-0.00714593
-1.40276e-05,-0.0172689,0.124467,0.170618,0,-0.00018951,-0.00683205
-5.71892e-05,-0.0145688,0.114396,0.173159,0,-0.000232872,-0.00579188
-0.000100351,-0.0070628,0.104593,0.175497,0,-0.000274224,-0.00285955
-0.000143513,-0.00346871,0.0950461,0.177638,0,-0.000313325,-0.00156084
-0.000186674,-0.00224185,0.0857546,0.179587,0,-0.000350096,-0.00114548
-0.000229836,-0.00112692,0.0767185,0.181348,0,-0.000384485,-0.000736709
-0.000272998,6.17529e-05,0.0679355,0.182928,0,-0.000416444,-0.000294982
-0.000316159,0.00030624,0.059402,0.18433,0,-0.000445909,-0.000229638
0.000288104,-0.023228,0.0510862,0.185689,0,0.00017462,-0.00920029
0.000244943,-0.0281131,0.0430344,0.186795,0,0.000150379,-0.0107949
0.000201781,-0.0300039,0.0352282,0.187696,0,0.000128899,-0.0114845
0.000158619,-0.0315317,0.0276619,0.18844,0,0.000110294,-0.0120739
0.000115458,-0.0312337,0.020334,0.189031,0,9.46902e-05,-0.0119388
7.22958e-05,-0.0286374,0.0132421,0.189474,0,8.21945e-05,-0.0109132
2.91341e-05,-0.0276936,0.00637877,0.189774,0,7.28094e-05,-0.010582
0,-0.0295289,-0.000260205,0.189936,0,6.60823e-05,-0.0113345
0,-0.0287279,-0.00667229,0.189964,0,6.09058e-05,-0.0109915
0,-0.023984,-0.0128593,0.189863,0,5.63836e-05,-0.00911432
0,-0.0217139,-0.0188314,0.189637,0,5.22628e-05,-0.00828503
0,-0.0162502,-0.0245858,0.18929,0,4.84605e-05,-0.0061425
0,-0.0126689,-0.0301313,0.188827,0,4.49395e-05,-0.00480026
0,-0.0103036,-0.0354705,0.188252,0,4.16755e-05,-0.00391448
0,-0.00917821,-0.0406068,0.187569,0,3.86491e-05,-0.00350494
0,-0.00943073,-0.0455438,0.186783,0,3.58426e-05,-0.00362637
0,-0.00981543,-0.0502836,0.185897,0,3.32401e-05,-0.00377927
0,-0.0116755,-0.0548311,0.184915,0,3.08266e-05,-0.00451904
0,-0.0131382,-0.0591878,0.183841,0,2.85884e-05,-0.00507743
0,-0.0140447,-0.0633569,0.182679,0,2.65128e-05,-0.00541961
0,-0.0142976,-0.0673418,0.181433,0,2.4588e-05,-0.00550925
0,-0.013893,-0.0711461,0.180106,0,2.28029e-05,-0.00534623
0,-0.0135173,-0.074774,0.178702,0,2.11476e-05,-0.00520471
0,-0.0135278,-0.0782293,0.177224,0,1.96124e-05,-0.0052168
0,-0.0138022,-0.0815155,0.175677,0,1.81888e-05,-0.00532823
0,-0.0160056,-0.0846377,0.174063,0,1.68685e-05,-0.00620567
0,-0.0184856,-0.0875978,0.172386,0,1.56441e-05,-0.0071639
0,-0.021209,-0.0903991,0.170649,0,1.45087e-05,-0.00821492
0,-0.0233474,-0.0930443,0.168855,0,1.34556e-05,-0.0090286
0,-0.0261309,-0.095538,0.167007,0,1.24791e-05,-0.0101087
0,-0.0290484,-0.0978833,0.165109,0,1.15734e-05,-0.0112323
0,-0.0323541,-0.100084,0.163163,0,1.07336e-05,-0.0125087
0,-0.034305,-0.102141,0.161172,0,-6.81536e-05,-0.0140557
0,-0.0376545,-0.104061,0.15914,0,-0.000247824,-0.0154996
0,-0.0400273,-0.105846,0.157068,0,-0.000454947,-0.0165292
0,-0.0427422,-0.107498,0.15496,0,-0.000671023,-0.017705
0,-0.0437696,-0.109021,0.152818,0,-0.000891365,-0.018195
-6.18655e-05,-0.0432248,-0.110417,0.150646,0,-0.00111279,-0.0180756
-0.000286831,-0.0360922,-0.111685,0.148444,0,-0.00132939,-0.0153415
-0.000511797,-0.0277305,-0.112832,0.146217,0,-0.00153632,-0.0122087
-0.000736762,-0.0244567,-0.11387,0.143966,0,-0.0017322,-0.0111171
-0.000961728,-0.0204761,-0.114795,0.141694,0,-0.00191657,-0.00965646
-0.00118669,-0.0161883,-0.11561,0.139403,0,-0.00208911,-0.00807513
-0.00141166,-0.0133277,-0.116321,0.137094,0,-0.00224953,-0.00705972
-0.00163662,-0.0108996,-0.11693,0.134772,0,-0.00239747,-0.00618681
0.00151289,-0.0262822,-0.11746,0.132445,0,0.000841983,-0.0100895
0.00151289,-0.0266988,-0.117955,0.132445,0,0.000718582,-0.0100645
0.00106296,-0.0270475,-0.118275,0.127748,0,0.000608766,-0.0102096
0.000837997,-0.0283827,-0.118505,0.125384,0,0.000515377,-0.0107626
0.000613031,-0.0284239,-0.118646,0.123015,0,0.000437717,-0.0107791
0.000388066,-0.0266697,-0.1187,0.120643,0,0.00037603,-0.0100947
0.0001631,-0.025047,-0.118672,0.118269,0,0.000330315,-0.00948743
0,-0.0267918,-0.118568,0.115896,0,0.000298454,-0.0102206
0,-0.0258115,-0.118385,0.113524,0,0.000274713,-0.00981282
0,-0.0210354,-0.118124,0.111155,0,0.000254218,-0.00793034
0,-0.0183761,-0.117793,0.108792,0,0.000235611,-0.00695044
0,-0.013796,-0.117393,0.106434,0,0.00021846,-0.00517049
0,-0.009818,-0.116927,0.104084,0,0.000202582,-0.00365977
0,-0.00737284,-0.116399,0.101743,0,0.000187866,-0.00275126
0,-0.00487562,-0.11581,0.0994128,0,0.000174221,-0.00179794
0,-0.00522625,-0.115165,0.0970936,0,0.000161568,-0.00198196
0,-0.00634789,-0.114466,0.0947871,0,0.000149834,-0.00242973
0,-0.0103003,-0.113715,0.0924943,0,0.000138953,-0.00399549
0,-0.0143782,-0.112914,0.0902162,0,0.000128863,-0.00556759
0,-0.0179097,-0.112062,0.087954,0,0.000119505,-0.00691926
0,-0.0213651,-0.111164,0.0857085,0,0.000110828,-0.00824853
0,-0.0218798,-0.110217,0.0834807,0,0.00010278,-0.00840456
0,-0.0194088,-0.109225,0.0812716,0,9.53178e-05,-0.00741325
0,-0.018569,-0.108195,0.0790821,0,8.83973e-05,-0.00711867
0,-0.0179318,-0.107126,0.0769131,0,8.19795e-05,-0.00687977
0,-0.0173584,-0.106021,0.0747652,0,7.60278e-05,-0.00666297
0,-0.0179933,-0.104882,0.0726393,0,7.05085e-05,-0.00692741
0,-0.0185121,-0.103711,0.0705359,0,6.539e-05,-0.00712678
0,-0.0185518,-0.102509,0.0684559,0,6.06432e-05,-0.00713648
0,-0.0157488,-0.101276,0.0663997,0,5.62412e-05,-0.00601833
0,-0.0152701,-0.100017,0.064368,0,5.21589e-05,-0.00587154
0,-0.0159446,-0.0987351,0.0623614,0,4.83731e-05,-0.00614947
0,-0.0165585,-0.0974293,0.0603802,0,5.74137e-06,-0.00679479
0,-0.0197044,-0.0961045,0.0584251,0,-8.71413e-05,-0.00811026
0,-0.0219175,-0.0947584,0.0564964,0,-0.000193564,-0.00901291
0,-0.0245323,-0.0933942,0.0545945,0,-0.000304275,-0.0100875
0,-0.026018,-0.0920118,0.0527198,0,-0.000416943,-0.0107017
-3.09856e-05,-0.025445,-0.0906117,0.0508727,0,-0.000529984,-0.0105073
-0.00014366,-0.0214622,-0.089194,0.0490534,0,-0.000640457,-0.00897877
-0.000256335,-0.0142296,-0.0877601,0.0472625,0,-0.000745936,-0.00620045
-0.00036901,-0.0124206,-0.0863209,0.0455001,0,-0.000845754,-0.00563278
-0.000481685,-0.0102458,-0.0848714,0.0437665,0,-0.000939678,-0.00483146
-0.000594359,-0.0075723,-0.0834129,0.0420618,0,-0.00102757,-0.00383217
-0.000707034,-0.00588359,-0.0819481,0.0403862,0,-0.00110928,-0.00322936
-0.000819709,-0.00459357,-0.0804777,0.03874,0,-0.00118463,-0.00276647
0.000757738,-0.0278445,-0.0790283,0.037101,0,0.000436687,-0.0109281
0.000645063,-0.030259,-0.0775523,0.0355058,0,0.00037468,-0.0115485
0.000532388,-0.0310764,-0.076072,0.0339474,0,0.000319744,-0.0118533
0.000419714,-0.0334881,-0.074592,0.0324186,0,0.000272191,-0.0128162
0.000307039,-0.0343463,-0.0731099,0.0309193,0,0.000232353,-0.013132
0.000194364,-0.032388,-0.0716254,0.0294497,0,0.000200524,-0.0123452
8.16892e-05,-0.031465,-0.0701436,0.0280098,0,0.000176749,-0.0120134
0,-0.032225,-0.0686662,0.0265995,0,0.000159972,-0.0123366
0,-0.0302185,-0.0671893,0.0252188,0,0.00014732,-0.0115288
0,-0.0227488,-0.0657109,0.0238676,0,0.000136349,-0.00858167
0,-0.0175996,-0.0642402,0.022546,0,0.000126375,-0.00664433
0,-0.0116183,-0.0627746,0.0212539,0,0.000117178,-0.0043389
0,-0.00713417,-0.0613175,0.019991,0,0.000108662,-0.00264363
0,-0.00562737,-0.059871,0.0187574,0,0.000100769,-0.00211389
0,-0.00498186,-0.0584338,0.0175527,0,9.34508e-05,-0.00188215
0,-0.00563422,-0.0570069,0.0163769,0,8.66642e-05,-0.00215516
0,-0.00654386,-0.0555899,0.0152296,0,8.03708e-05,-0.00251078
0,-0.0073701,-0.0541831,0.0141107,0,7.45346e-05,-0.00282894
0,-0.00786413,-0.0527868,0.01302,0,6.91225e-05,-0.00301555
0,-0.00863994,-0.0514022,0.0119573,0,6.41035e-05,-0.00331956
0,-0.00915558,-0.0500294,0.0109223,0,5.94491e-05,-0.00351521
0,-0.00874582,-0.048668,0.00991489,0,5.51328e-05,-0.00334521
0,-0.00949015,-0.0473209,0.00893473,0,5.113e-05,-0.00365003
0,-0.0103523,-0.0459874,0.00798157,0,4.7418e-05,-0.0039841
0,-0.0113264,-0.044668,0.00705515,0,4.39756e-05,-0.00436092
0,-0.0135475,-0.0433642,0.0061552,0,4.07833e-05,-0.00523376
0,-0.0150002,-0.0420744,0.00528139,0,3.78227e-05,-0.00578064
0,-0.0174379,-0.0408007,0.00443346,0,3.50772e-05,-0.00673249
0,-0.0200981,-0.0395428,0.00361107,0,3.25311e-05,-0.00775795
0,-0.0229307,-0.0383008,0.00281393,0,3.01699e-05,-0.00884876
0,-0.02664,-0.0370758,0.0020417,0,2.79802e-05,-0.0102869
0,-0.0302605,-0.0358671,0.00129406,0,2.59494e-05,-0.0116761
0,-0.0321415,-0.0346732,0.000570677,0,-5.44956e-05,-0.0131966
0,-0.03556,-0.0334977,-0.000128756,0,-0.000236231,-0.0146699
0,-0.0381822,-0.0323386,-0.000804588,0,-0.000445517,-0.015799
0,-0.0412221,-0.0311972,-0.00145716,0,-0.000663782,-0.0171017
0,-0.0428663,-0.0300719,-0.00208681,0,-0.000886442,-0.0178342
-3.98995e-05,-0.0426657,-0.0289622,-0.00269387,0,-0.00111077,-0.0178438
-0.000267897,-0.0379387,-0.0278656,-0.00327866,0,-0.00133086,-0.0160661
-0.000495894,-0.0292776,-0.0267829,-0.00384146,0,-0.00154132,-0.012778
-0.000723892,-0.0261442,-0.0257242,-0.00438253,0,-0.00174068,-0.0117482
-0.000951889,-0.0232189,-0.0246839,-0.00490231,0,-0.00192841,-0.0107077
-0.00117989,-0.019119,-0.0236607,-0.00540119,0,-0.00210422,-0.00918617
-0.00140788,-0.015059,-0.0226559,-0.00587951,0,-0.0022678,-0.00768983
-0.00163588,-0.0128154,-0.0216715,-0.00633766,0,-0.00241878,-0.00690973
0.00155608,-0.0262639,-0.0207259,-0.00677601,0,0.000863209,-0.0100444
0.00124259,-0.0270625,-0.0197764,-0.0073507,0,0.000739579,-0.0101349
0.00110009,-0.0274579,-0.0188501,-0.00760265,0,0.000630199,-0.0103192
0.00087209,-0.029037,-0.0179437,-0.00798428,0,0.000534663,-0.0109694
0.000644092,-0.0300244,-0.0170551,-0.00834769,0,0.0004543,-0.0113603
0.000416095,-0.0272136,-0.0161809,-0.00869323,0,0.000389915,-0.0102398
0.000188098,-0.0241752,-0.015325,-0.00902122,0,0.000341769,-0.00908371
0,-0.024634,-0.0144912,-0.009332,0,0.000308236,-0.00932526
0,-0.02408,-0.0136747,-0.009626,0,0.000283565,-0.00910746
0,-0.021471,-0.0128743,-0.00990357,0,0.000262369,-0.00808378
0,-0.0203179,-0.0120937,-0.0101651,0,0.000243154,-0.00767216
0,-0.0165397,-0.0113284,-0.0104108,0,0.000225452,-0.00618945
0,-0.0110517,-0.0105793,-0.0106412,0,0.000209066,-0.00406368
0,-0.00593908,-0.00984857,-0.0108566,0,0.000193878,-0.00211341
0,-0.000152721,-0.00913495,-0.0110572,0,0.000179796,0.000112129
0,0.00311292,-0.00844172,-0.0112435,0,0.000166738,0.00132139
0,0.00392838,-0.00776868,-0.0114158,0,0.000154629,0.00159144
0,-0.000422404,-0.00711855,-0.0115745,0,0.0001434,-0.000163267
0,-0.00781748,-0.00648891,-0.0117201,0,0.000132987,-0.00305392
0,-0.0147815,-0.0058759,-0.011853,0,0.00012333,-0.00572547
0,-0.0207475,-0.00527877,-0.0119736,0,0.000114375,-0.00800484
0,-0.0230801,-0.00469454,-0.0120822,0,0.00010607,-0.00884848
0,-0.0223684,-0.00412369,-0.012179,0,9.83685e-05,-0.00853202
0,-0.0214103,-0.00356902,-0.0122643,0,9.12266e-05,-0.00816358
0,-0.0201501,-0.00303031,-0.0123385,0,8.46034e-05,-0.00767806
0,-0.0177306,-0.00250645,-0.0124018,0,7.84613e-05,-0.00673405
0,-0.0166875,-0.00199996,-0.0124545,0,7.27653e-05,-0.00635717
0,-0.0168214,-0.00151042,-0.0124971,0,6.7483e-05,-0.00642892
0,-0.0166203,-0.00103602,-0.0125297,0,6.25843e-05,-0.00634874
0,-0.0154198,-0.000575855,-0.0125528,0,5.80415e-05,-0.00587447
0,-0.015424,-0.00013207,-0.0125666,0,5.38285e-05,-0.00589638
0,-0.0149936,0.000297294,-0.0125715,0,4.99215e-05,-0.00572617
0,-0.0151857,0.000711324,-0.0125677,0,4.62982e-05,-0.005811
0,-0.0163631,0.00110989,-0.0125555,0,3.51899e-06,-0.0066848
0,-0.0202455,0.00149135,-0.0125353,0,-8.99004e-05,-0.00828409
0,-0.0238029,0.00185915,-0.0125074,0,-0.00019694,-0.0097103
0,-0.0262816,0.00221433,-0.0124721,0,-0.000308177,-0.0107077
0,-0.0281615,0.00255658,-0.0124296,0,-0.000420876,-0.0114789
-0.000100095,-0.0281385,0.00288752,-0.0123801,0,-0.000531979,-0.0114953
-0.000208306,-0.0233475,0.00321041,-0.012324,0,-0.000638492,-0.00963284
-0.000316516,-0.0173005,0.00352172,-0.0122614,0,-0.000739459,-0.00733742
-0.000424727,-0.0126692,0.00381883,-0.0121926,0,-0.000834596,-0.00562206
-0.000532938,-0.00829658,0.00410322,-0.0121177,0,-0.000923771,-0.00398385
-0.000641149,-0.0045207,0.00437474,-0.012037,0,-0.00100687,-0.00257562
-0.000749359,-0.00350587,0.00463133,-0.0119509,0,-0.00108374,-0.00225649
0.000765591,-0.0237361,0.00485189,-0.0118596,0,0.000468937,-0.00927489
0.00065738,-0.0264555,0.00508135,-0.0117636,0,0.000405049,-0.0100464
0.00054917,-0.0290176,0.00529971,-0.0116631,0,0.000348001,-0.011045
0.000440959,-0.031012,0.00550765,-0.0115582,0,0.000298068,-0.0118162
0.000332748,-0.0308244,0.0057071,-0.0114491,0,0.000255558,-0.0117225
0.000224537,-0.0280145,0.00589875,-0.011336,0,0.000220779,-0.0106131
0.000116327,-0.0259919,0.00607921,-0.011219,0,0.00019393,-0.00985659
8.11581e-06,-0.0256629,0.00624773,-0.0110983,0,0.000174672,-0.00976303
0,-0.026651,0.00640496,-0.0109742,0,0.000160476,-0.0101686
0,-0.0219422,0.00655857,-0.0108469,0,0.000148423,-0.00827898
0,-0.0176651,0.00670225,-0.0107164,0,0.000137538,-0.00664849
0,-0.0123708,0.00683777,-0.0105831,0,0.000127519,-0.00460493
0,-0.00797776,0.00696331,-0.010447,0,0.000118249,-0.00293641
0,-0.00692723,0.0070765,-0.0103084,0,0.000109658,-0.00258833
0,-0.0069063,0.00718002,-0.0101674,0,0.000101692,-0.00259983
0,-0.00738553,0.00727467,-0.0100244,0,9.43058e-05,-0.00279497
0,-0.00785775,0.0073612,-0.00987934,0,8.74562e-05,-0.00297941
0,-0.00913105,0.00743897,-0.00973255,0,8.11044e-05,-0.00348355
0,-0.0106043,0.00750883,-0.00958416,0,7.52142e-05,-0.00405504
0,-0.0127848,0.00757046,-0.00943433,0,6.97519e-05,-0.00490565
0,-0.015299,0.00762448,-0.00928323,0,6.46865e-05,-0.00587849
0,-0.0175729,0.00767169,-0.00913101,0,5.99891e-05,-0.00675007
0,-0.0193208,0.00771261,-0.00897781,0,5.5633e-05,-0.00741519
0,-0.021533,0.00774638,-0.00882376,0,5.15934e-05,-0.00827355
0,-0.0241168,0.00777332,-0.00866901,0,4.78472e-05,-0.00927307
0,-0.0274086,0.00779326,-0.00851367,0,4.43731e-05,-0.0105494
0,-0.0306261,0.00780723,-0.00835791,0,4.11515e-05,-0.0117852
0,-0.0335685,0.00781564,-0.00820183,0,3.81638e-05,-0.0129121
0,-0.0363005,0.00781862,-0.00804556,0,3.53931e-05,-0.0139591
0,-0.0387602,0.00781641,-0.00788921,0,3.28237e-05,-0.0149006
0,-0.0416985,0.00780841,-0.00773287,0,3.04409e-05,-0.0160372
0,-0.0453845,0.00779451,-0.00757666,0,2.82312e-05,-0.0174649
0,-0.0481346,0.00777669,-0.0074207,0,2.6182e-05,-0.0185075
0,-0.047301,0.00775808,-0.00726508,0,-0.000128042,-0.0197119
0,-0.0498289,0.0077313,-0.00710982,0,-0.000478766,-0.0209937
0,-0.0503303,0.00770229,-0.00695506,0,-0.000882929,-0.0214084
0,-0.05127,0.00766856,-0.00680087,0,-0.00130424,-0.0220182
0,-0.0504577,0.00763263,-0.00664733,0,-0.00173274,-0.0219083
-0.000267123,-0.0468632,0.00759574,-0.0064945,0,-0.00215912,-0.0206989
-0.000694521,-0.039106,0.00755949,-0.0063424,0,-0.0025718,-0.0178536
-0.00112192,-0.0332106,0.00751763,-0.00619103,0,-0.00296447,-0.0157983
-0.00154932,-0.0301932,0.00746923,-0.00604047,0,-0.00333532,-0.0148464
-0.00197671,-0.0265819,0.00741815,-0.00589084,0,-0.00368363,-0.0135961
-0.00240411,-0.0220606,0.00736485,-0.00574222,0,-0.00400886,-0.0119747
-0.00283151,-0.0186914,0.0073073,-0.00559466,0,-0.00431043,-0.0108111
0.00315206,-0.029636,0.00722486,-0.00544822,0,0.00182332,-0.01099
0.00257507,-0.027564,0.00715868,-0.00525274,0,0.00157234,-0.0099649
0.00229726,-0.0278138,0.00708919,-0.00515935,0,0.00134772,-0.0101777
0.00186986,-0.0293043,0.00701593,-0.00501722,0,0.00114921,-0.0108259
0.00144247,-0.0304106,0.00694076,-0.00487653,0,0.000978873,-0.0112913
0.00101507,-0.0289686,0.00686611,-0.00473734,0,0.000838171,-0.0107366
0.000587672,-0.0274561,0.00678945,-0.00459964,0,0.000728121,-0.0101861
0.000160274,-0.0273726,0.00670932,-0.00446347,0,0.000648106,-0.0102022
0,-0.0298042,0.00662469,-0.00432888,0,0.000590923,-0.0111972
0,-0.0251901,0.00654585,-0.00419597,0,0.000545347,-0.00933832
0,-0.021172,0.00646475,-0.00406466,0,0.000505036,-0.00782366
0,-0.0168321,0.00638249,-0.00393496,0,0.000468165,-0.00617003
0,-0.0125333,0.00629878,-0.00380689,0,0.000434108,-0.00453642
0,-0.00927872,0.00621266,-0.0036805,0,0.000402561,-0.00331792
0,-0.00472535,0.00612674,-0.00355582,0,0.000373316,-0.00156377
0,-0.00333494,0.00603636,-0.00343285,0,0.000346199,-0.00109137
0,-0.00153706,0.00594542,-0.00331167,0,0.000321053,-0.000406883
0,-0.00352301,0.00584957,-0.00319231,0,0.000297735,-0.00123852
0,-0.00628127,0.00575212,-0.00307484,0,0.00027611,-0.00231973
0,-0.0115367,0.00565133,-0.00295931,0,0.000256058,-0.00438538
0,-0.0167153,0.00555004,-0.00284578,0,0.000237462,-0.00638143
0,-0.018809,0.00545152,-0.00273427,0,0.000220217,-0.00714633
0,-0.0205928,0.0053529,-0.00262475,0,0.000204226,-0.00783411
0,-0.0192524,0.00525725,-0.0025172,0,0.000189396,-0.00727874
0,-0.0184622,0.00516074,-0.00241157,0,0.000175643,-0.0069904
0,-0.0175918,0.0050641,-0.00230788,0,0.00016289,-0.00666109
0,-0.0179261,0.00496605,-0.00220611,0,0.000151063,-0.00681358
0,-0.0189845,0.00486717,-0.0021063,0,0.000140095,-0.00723633
0,-0.0181232,0.00477034,-0.00200846,0,0.000129924,-0.00688113
0,-0.0200363,0.00467063,-0.00191257,0,0.000120491,-0.00766268
0,-0.0182103,0.00457504,-0.00181866,0,0.000111744,-0.00690854
0,-0.0179526,0.00447797,-0.00172668,0,0.000103632,-0.00683755
0,-0.0186784,0.00438012,-0.00163664,0,9.61094e-05,-0.00713492
0,-0.0187122,0.00428336,-0.00154855,0,4.93037e-05,-0.00755511
0,-0.021054,0.00418451,-0.0014624,0,-4.84137e-05,-0.00856096
0,-0.0259316,0.00408341,-0.00137821,0,-0.000159676,-0.0105421
0,-0.0304847,0.00398314,-0.00129604,0,-0.000275049,-0.0123519
0,-0.0340432,0.00388449,-0.00121587,0,-0.000392049,-0.0137658
-5.36773e-05,-0.0340227,0.00379022,-0.00113769,0,-0.00050861,-0.0137619
-0.000166682,-0.0291357,0.00370174,-0.00106141,0,-0.000621741,-0.0118653
-0.000279687,-0.0180127,0.00362051,-0.000986937,0,-0.000729463,-0.00754886
-0.000392692,-0.016041,0.00353022,-0.000914121,0,-0.000831232,-0.00697706
-0.000505697,-0.015754,0.00343887,-0.000843065,0,-0.000926856,-0.00693305
-0.000618702,-0.0165235,0.00334715,-0.000773831,0,-0.00101621,-0.00728053
-0.000731707,-0.0175454,0.00325598,-0.000706429,0,-0.00109915,-0.00770818
-0.000844712,-0.0175164,0.00316677,-0.000640854,0,-0.00117552,-0.00770818
0.000737357,-0.0399418,0.00305277,-0.000575734,0,0.000520213,-0.0155044
0.000737357,-0.041348,0.00296596,-0.000575734,0,0.00045142,-0.0157294
0.000511347,-0.040746,0.00288004,-0.000453215,0,0.000390198,-0.0154765
0.000398342,-0.03918,0.00279611,-0.000395184,0,0.000337925,-0.014876
0.000285337,-0.0368577,0.00271398,-0.000338843,0,0.000294143,-0.0139857
0.000172332,-0.0337674,0.00263367,-0.000284152,0,0.000258894,-0.0127983
5.93276e-05,-0.0323312,0.00255264,-0.000231077,0,0.000232021,-0.0122815
0,-0.0350757,0.00246822,-0.000179619,0,0.000211942,-0.0134075
0,-0.0311831,0.00239194,-0.000129833,0,0.000195699,-0.0118187
0,-0.0243415,0.00231987,-8.16127e-05,0,0.000181259,-0.00915355
0,-0.0183668,0.00224796,-3.4855e-05,0,0.000168032,-0.00687918
0,-0.0104114,0.00217925,1.04637e-05,0,0.000155809,-0.00380024
0,-0.00583258,0.00210805,5.43922e-05,0,0.000144485,-0.0020994
0,-0.00139356,0.00203782,9.69092e-05,0,0.000133988,-0.000402243
0,0.00112977,0.0019667,0.000138017,0,0.000124254,0.000532553
0,0.00140947,0.00189434,0.000177706,0,0.000115228,0.00060123
0,-0.00109026,0.0018202,0.000215955,0,0.000106858,-0.000405135
0,-0.00400919,0.0017468,0.000252729,0,9.90959e-05,-0.001536
0,-0.00832815,0.00167313,0.000288033,0,9.18981e-05,-0.00321916
0,-0.0118469,0.00160152,0.000321863,0,8.52234e-05,-0.00456112
0,-0.0129176,0.00153373,0.000354252,0,7.90337e-05,-0.00493767
0,-0.0133806,0.0014678,0.000385265,0,7.32937e-05,-0.00510892
0,-0.0156045,0.00140122,0.000414951,0,6.79708e-05,-0.00599231
0,-0.01842,0.00133524,0.000443308,0,6.30347e-05,-0.00708476
0,-0.0211794,0.00127056,0.000470343,0,5.84572e-05,-0.00814554
0,-0.0241432,0.00120689,0.000496078,0,5.42123e-05,-0.00928868
0,-0.0276188,0.00114392,0.000520534,0,5.02758e-05,-0.0106329
0,-0.0301389,0.00108321,0.000543727,0,4.66252e-05,-0.0115876
0,-0.0317862,0.00102466,0.000565695,0,4.32398e-05,-0.0122083
0,-0.0319912,0.000968865,0.000586481,0,4.01004e-05,-0.0122665
0,-0.0323212,0.000914162,0.000606137,0,3.7189e-05,-0.0123965
0,-0.0327797,0.000860541,0.000624694,0,3.44891e-05,-0.0125758
0,-0.0340774,0.00080731,0.000642173,0,-4.22157e-05,-0.0138624
0,-0.0370447,0.000753519,0.000658585,0,-0.000214532,-0.0151563
0,-0.0385411,0.000702504,0.000673925,0,-0.000412799,-0.0158344
0,-0.0415232,0.000651113,0.00068823,0,-0.000619419,-0.017123
0,-0.043412,0.000602084,0.000701509,0,-0.000829834,-0.0179459
-7.95401e-05,-0.0419999,0.00055775,0.000713796,0,-0.00104058,-0.0174602
-0.000291647,-0.0364787,0.000518944,0.000725172,0,-0.00124606,-0.0153765
-0.000503754,-0.0299649,0.000482326,0.000735745,0,-0.0014421,-0.0129509
-0.000715861,-0.0283555,0.00044162,0.000745575,0,-0.00162754,-0.0124903
-0.000927968,-0.0253703,0.000403501,0.000754611,0,-0.00180196,-0.0113967
-0.00114007,-0.0213469,0.000367593,0.000762871,0,-0.00196508,-0.00990131
-0.00135218,-0.018734,0.00033128,0.000770403,0,-0.00211662,-0.00897689
-0.00156429,-0.0164295,0.000295724,0.00077721,0,-0.00225625,-0.00814625
0.00140521,-0.0357286,0.000237283,0.000783836,0,0.000798034,-0.0137403
0.00111356,-0.0355097,0.000201602,0.000790831,0,0.000684265,-0.0133716
0.000980994,-0.0351127,0.000167236,0.000793529,0,0.000583968,-0.0132522
0.000768887,-0.0350602,0.000133564,0.000797046,0,0.000496769,-0.0132612
0.000556781,-0.0351664,0.000100771,0.000799885,0,0.000423896,-0.013324
0.000344674,-0.0329336,7.14968e-05,0.000802065,0,0.000366047,-0.0124469
0.000132567,-0.0308955,4.30262e-05,0.000803641,0,0.000323231,-0.0116806
0,-0.0332245,1.09154e-05,0.000804644,0,0.000293023,-0.0126532
0,-0.032163,-1.65933e-05,0.000805023,0,0.000269975,-0.0122039
0,-0.0279695,-3.98036e-05,0.000804829,0,0.000249901,-0.0105553
0,-0.0240955,-6.24101e-05,0.000804149,0,0.000231627,-0.00908143
0,-0.0170158,-8.06854e-05,0.000803013,0,0.000214771,-0.00632217
0,-0.0121277,-0.000100392,0.000801491,0,0.000199162,-0.00448644
0,-0.00625526,-0.000118166,0.000799582,0,0.000184694,-0.00222358
0,0.000981516,-0.000133625,0.000797307,0,0.000171279,0.00056944
0,0.00570137,-0.000150916,0.000794712,0,0.000158839,0.0023371
0,0.00627984,-0.000171768,0.00079178,0,0.000147303,0.00249024
0,0.0038266,-0.000195001,0.000788449,0,0.000136606,0.00149677
0,-0.00181899,-0.000220785,0.000784665,0,0.000126685,-0.000724483
0,-0.00871839,-0.00024706,0.000780379,0,0.000117486,-0.00339708
0,-0.014735,-0.000271563,0.000775569,0,0.000108954,-0.00569767
0,-0.0175144,-0.000291809,0.00077026,0,0.000101043,-0.00671901
0,-0.0201376,-0.000311097,0.000764525,0,9.37061e-05,-0.00772731
0,-0.0215891,-0.000328363,0.0007584,0,8.69024e-05,-0.00826992
0,-0.0235153,-0.000345374,0.000751919,0,8.05929e-05,-0.00901975
0,-0.0256854,-0.000361898,0.000745096,0,7.47417e-05,-0.00985948
0,-0.0274502,-0.000377258,0.000737941,0,6.93155e-05,-0.0105335
0,-0.0278408,-0.000390441,0.000730472,0,6.42834e-05,-0.0106648
0,-0.0288832,-0.000403621,0.00072273,0,5.96168e-05,-0.0110772
0,-0.0248111,-0.000410685,0.000714723,0,5.52892e-05,-0.00943748
0,-0.0239076,-0.000420469,0.000706545,0,5.12758e-05,-0.00914103
0,-0.0205745,-0.00042703,0.000698184,0,4.75539e-05,-0.00782587
0,-0.0177104,-0.000433456,0.000689676,0,2.52003e-05,-0.0069323
0,-0.0184242,-0.000443079,0.000681039,0,-2.13051e-05,-0.00729527
0,-0.0222956,-0.000455453,0.000672226,0,-7.42316e-05,-0.00886333
0,-0.0268357,-0.000467933,0.000663179,0,-0.000129111,-0.0106486
0,-0.0298592,-0.000478208,0.000653883,0,-0.000184793,-0.0118163
-2.02621e-05,-0.029808,-0.000484644,0.00064437,0,-0.00024041,-0.0117778
-7.42943e-05,-0.0243946,-0.000484841,0.000634709,0,-0.000294543,-0.00964329
-0.000128327,-0.0152814,-0.000480603,0.000625013,0,-0.000346143,-0.00611148
-0.000182359,-0.0115431,-0.0004816,0.00061538,0,-0.000394922,-0.0047802
-0.000236391,-0.00822673,-0.000482567,0.000605753,0,-0.000440781,-0.0035328
-0.000290423,-0.00663675,-0.000484903,0.000596106,0,-0.000483659,-0.00296605
-0.000344456,-0.00690629,-0.000488756,0.00058642,0,-0.000523491,-0.00311318
-0.000398488,-0.00725297,-0.000492239,0.000576664,0,-0.000560199,-0.00326059
0.000357964,-0.03163,-0.000522014,0.000566889,0,0.000216796,-0.0124561
0.000303931,-0.0346417,-0.000527329,0.000556615,0,0.000186637,-0.0132769
0.000249899,-0.0356668,-0.000530095,0.000546095,0,0.00015994,-0.0136479
0.000195867,-0.0361031,-0.000531816,0.000535507,0,0.000136849,-0.0138129
0.000141835,-0.034509,-0.000530977,0.000524879,0,0.000117521,-0.0131751
8.78024e-05,-0.0318446,-0.000528621,0.000514256,0,0.000102088,-0.0121401
3.37702e-05,-0.0310296,-0.000527866,0.000503671,0,9.05389e-05,-0.0118592
0,-0.0331989,-0.000529923,0.00049311,0,8.2249e-05,-0.012741
0,-0.0315558,-0.000527572,0.000482522,0,7.58261e-05,-0.0120546
0,-0.0265119,-0.000521282,0.000471959,0,7.02013e-05,-0.0100686
0,-0.02203,-0.000515288,0.000461502,0,6.50719e-05,-0.00835878
0,-0.0149161,-0.000506212,0.000451166,0,6.03379e-05,-0.00558939
0,-0.0117995,-0.000501118,0.000440996,0,5.59538e-05,-0.0044561
0,-0.00950454,-0.000496631,0.000430949,0,5.18899e-05,-0.00358949
0,-0.00849027,-0.000493246,0.000420994,0,4.81216e-05,-0.00322148
0,-0.00936238,-0.000491613,0.000411112,0,4.46272e-05,-0.00358689
0,-0.0114088,-0.000490977,0.000401271,0,4.13867e-05,-0.00439212
0,-0.0128761,-0.000489481,0.000391449,0,3.83816e-05,-0.00494805
0,-0.0154895,-0.000488967,0.000381651,0,3.55948e-05,-0.00597036
0,-0.0179086,-0.000488017,0.00037187,0,3.30105e-05,-0.00689743
0,-0.0188025,-0.000485226,0.000362104,0,3.06138e-05,-0.0072184
0,-0.018784,-0.00048126,0.000352386,0,2.83913e-05,-0.00719836
0,-0.0187567,-0.000477094,0.000342741,0,2.63302e-05,-0.00718874
0,-0.0193663,-0.00047342,0.000333178,0,2.44188e-05,-0.00743345
0,-0.0210747,-0.000470737,0.000323691,0,2.26462e-05,-0.00810709
0,-0.0228717,-0.000467973,0.000314263,0,2.10023e-05,-0.00879914
0,-0.0256015,-0.000466034,0.00030489,0,1.94778e-05,-0.00986226
0,-0.0276106,-0.000463167,0.00029556,0,1.80641e-05,-0.0106233
0,-0.0287091,-0.00045918,0.000286282,0,1.6753e-05,-0.0110317
0,-0.0284466,-0.000453607,0.000277078,0,1.55371e-05,-0.0109107
0,-0.029943,-0.000449775,0.000267978,0,1.44095e-05,-0.0115127
0,-0.0309285,-0.000445273,0.000258964,0,1.33638e-05,-0.0118837
0,-0.0323,-0.000440994,0.000250036,0,-5.98377e-05,-0.0131726
0,-0.0346862,-0.00043768,0.000241195,0,-0.000226222,-0.0142299
0,-0.036088,-0.00043321,0.000232424,0,-0.000417976,-0.014876
0,-0.0381463,-0.000429336,0.000223738,0,-0.000617995,-0.0157943
0,-0.0388379,-0.000423914,0.000215132,0,-0.000821944,-0.0161507
-5.7211e-05,-0.0368746,-0.000415589,0.000206626,0,-0.00102688,-0.015461
-0.000265251,-0.0304541,-0.000402468,0.000198273,0,-0.00122735,-0.0130247
-0.000473291,-0.0218866,-0.000387033,0.000190158,0,-0.00141885,-0.00979115
-0.000681331,-0.0193526,-0.00037799,0.00018234,0,-0.00160013,-0.00899123
-0.000889371,-0.0165935,-0.000368675,0.000174735,0,-0.00177076,-0.00800072
-0.00109741,-0.0135361,-0.00035902,0.000167315,0,-0.00193044,-0.00688646
-0.00130545,-0.0115489,-0.000350487,0.000160086,0,-0.0020789,-0.0061961
-0.00151349,-0.0108719,-0.000343331,0.000153034,0,-0.0022158,-0.00600483
0.00139907,-0.0264552,-0.000356038,0.000146024,0,0.000779833,-0.0101559
0.00111301,-0.0272564,-0.000350267,0.000136261,0,0.000668024,-0.010227
0.000982989,-0.0273804,-0.000343847,0.000131854,0,0.000569295,-0.0102994
0.000774949,-0.0288685,-0.000338864,0.000124945,0,0.000483278,-0.0109151
0.000566909,-0.0313346,-0.000334904,0.000118143,0,0.000411187,-0.0118961
0.000358869,-0.0301079,-0.000327009,0.000111425,0,0.00035373,-0.0113841
0.000150829,-0.028631,-0.000318855,0.000104845,0,0.000311033,-0.0108261
0,-0.0305999,-0.000314371,9.84271e-05,0,0.000281167,-0.0116459
0,-0.0303976,-0.000307583,9.21173e-05,0,0.000258838,-0.0115447
0,-0.027792,-0.000298258,8.59317e-05,0,0.000239536,-0.0105165
0,-0.0248741,-0.000288632,7.99199e-05,0,0.000222005,-0.00939974
0,-0.0199689,-0.000276932,7.40991e-05,0,0.000205845,-0.00749364
0,-0.0175039,-0.000267876,6.8502e-05,0,0.000190884,-0.00659174
0,-0.0131449,-0.000256854,6.30992e-05,0,0.000177017,-0.00489574
0,-0.00987013,-0.000247044,5.7907e-05,0,0.00016416,-0.00366114
0,-0.00784812,-0.000238624,5.2917e-05,0,0.000152237,-0.00290968
0,-0.0102525,-0.000234962,4.81024e-05,0,0.000141181,-0.00390592
0,-0.0147331,-0.000233545,4.33849e-05,0,0.000130928,-0.00566291
0,-0.0228357,-0.000236006,3.87069e-05,0,0.00012142,-0.00883389
0,-0.0289132,-0.00023633,3.39991e-05,0,0.000112602,-0.0111405
0,-0.0341277,-0.00023576,2.92741e-05,0,0.000104426,-0.0131333
0,-0.0360697,-0.00023174,2.45561e-05,0,9.68432e-05,-0.0138324
0,-0.0362277,-0.000225867,1.99012e-05,0,8.98115e-05,-0.013869
0,-0.0346567,-0.000218208,1.53545e-05,0,8.32906e-05,-0.0132425
0,-0.0349318,-0.00021257,1.0952e-05,0,7.72433e-05,-0.0133793
0,-0.0345776,-0.00020632,6.67242e-06,0,7.16353e-05,-0.0132363
0,-0.034952,-0.000200903,2.51477e-06,0,6.64347e-05,-0.0133937
0,-0.032926,-0.000192996,-1.53037e-06,0,6.16118e-05,-0.0125814
0,-0.0320467,-0.000186379,-5.42983e-06,0,5.71392e-05,-0.0122635
0,-0.0297832,-0.000178362,-9.19049e-06,0,5.29914e-05,-0.0113752
0,-0.0268017,-0.00016966,-1.27978e-05,0,4.91448e-05,-0.0102213
0,-0.0244018,-0.00016166,-1.62345e-05,0,4.55776e-05,-0.00931049
0,-0.0227755,-0.00015453,-1.95077e-05,0,3.96678e-06,-0.00910034
0,-0.0217311,-0.000148101,-2.2634e-05,0,-8.68537e-05,-0.00877609
0,-0.0241793,-0.000145463,-2.56282e-05,0,-0.000190939,-0.00983591
0,-0.0270747,-0.000143365,-2.85506e-05,0,-0.000299233,-0.0110181
0,-0.0290234,-0.000140327,-3.14284e-05,0,-0.000409448,-0.0118121
-3.03376e-05,-0.0268246,-0.000132954,-3.42501e-05,0,-0.000520038,-0.0109608
-0.000140656,-0.0200896,-0.000120853,-3.69461e-05,0,-0.000628118,-0.00835769
-0.000250975,-0.00469806,-9.96728e-05,-3.94236e-05,0,-0.000731315,-0.00236347
-0.000361294,0.00217912,-8.76915e-05,-4.1523e-05,0,-0.000828974,0.000103104
-0.000471612,0.00609707,-7.89782e-05,-4.33367e-05,0,-0.000920869,0.00152303
-0.000581931,0.00797102,-7.25508e-05,-4.49598e-05,0,-0.00100686,0.00217656
-0.00069225,0.00673641,-6.95315e-05,-4.6443e-05,0,-0.0010868,0.00162452
-0.000802568,0.00670616,-6.53271e-05,-4.78487e-05,0,-0.00116053,0.00160505
0.000741893,-0.0189625,-9.02269e-05,-4.92394e-05,0,0.000426933,-0.00754598
0.000631574,-0.021634,-8.88861e-05,-5.09404e-05,0,0.000366268,-0.00821244
0.000521256,-0.0210987,-8.421e-05,-5.27248e-05,0,0.000312523,-0.00797342
0.000410937,-0.0205305,-7.95827e-05,-5.44324e-05,0,0.000266003,-0.0077676
0.000300618,-0.0190895,-7.41127e-05,-5.60472e-05,0,0.000227034,-0.00721143
0.0001903,-0.0158132,-6.67829e-05,-5.75568e-05,0,0.000195904,-0.00593397
7.9981e-05,-0.0157363,-6.2948e-05,-5.89291e-05,0,0.000172657,-0.00596062
0,-0.0182178,-6.19136e-05,-6.02073e-05,0,0.000156259,-0.00695869
0,-0.018982,-5.91275e-05,-6.14507e-05,0,0.000143899,-0.00723124
0,-0.0151598,-5.15501e-05,-6.26472e-05,0,0.000133182,-0.00569845
0,-0.0139496,-4.68454e-05,-6.37161e-05,0,0.000123439,-0.00527841
0,-0.00950814,-3.87988e-05,-6.46765e-05,0,0.000114455,-0.00352793
0,-0.00700897,-3.29187e-05,-6.54927e-05,0,0.000106138,-0.00260211
0,-0.00691522,-2.96893e-05,-6.61805e-05,0,9.84283e-05,-0.00260664
0,-0.00745102,-2.72142e-05,-6.67904e-05,0,9.12797e-05,-0.00282542
0,-0.0088875,-2.57772e-05,-6.73471e-05,0,8.46508e-05,-0.00339391
0,-0.00949963,-2.35416e-05,-6.78698e-05,0,7.85035e-05,-0.00361924
0,-0.0123446,-2.37554e-05,-6.83518e-05,0,7.28029e-05,-0.00474848
0,-0.0143753,-2.31714e-05,-6.88259e-05,0,6.75165e-05,-0.00551819
0,-0.0165174,-2.27741e-05,-6.92922e-05,0,6.2614e-05,-0.00634471
0,-0.0186982,-2.24836e-05,-6.97497e-05,0,5.80678e-05,-0.00718477
0,-0.0193411,-2.0624e-05,-7.02008e-05,0,5.38517e-05,-0.00741006
0,-0.0198964,-1.87406e-05,-7.06226e-05,0,4.9942e-05,-0.0076238
0,-0.0211099,-1.76242e-05,-7.10068e-05,0,4.63162e-05,-0.0081015
0,-0.0214811,-1.56779e-05,-7.13649e-05,0,4.29538e-05,-0.00823274
0,-0.0237685,-1.58327e-05,-7.16882e-05,0,3.98356e-05,-0.00914183
0,-0.0261142,-1.6106e-05,-7.2004e-05,0,3.69438e-05,-0.0100447
0,-0.0287368,-1.67273e-05,-7.23248e-05,0,3.42621e-05,-0.0110572
0,-0.0308543,-1.68632e-05,-7.26562e-05,0,3.17751e-05,-0.0118636
0,-0.0326084,-1.66642e-05,-7.29928e-05,0,2.94688e-05,-0.0125326
0,-0.0345655,-1.67319e-05,-7.33271e-05,0,2.73299e-05,-0.0132882
0,-0.0351955,-1.5439e-05,-7.36614e-05,0,2.53464e-05,-0.0135107
0,-0.0357025,-1.39968e-05,-7.39766e-05,0,-5.25137e-05,-0.0145011
0,-0.0366275,-1.30505e-05,-7.42638e-05,0,-0.000228386,-0.0149955
0,-0.0377056,-1.23163e-05,-7.45295e-05,0,-0.00043091,-0.0155419
0,-0.0392502,-1.2125e-05,-7.47795e-05,0,-0.000642101,-0.0162671
0,-0.0398499,-1.09751e-05,-7.5023e-05,0,-0.000857462,-0.0166014
-4.94515e-05,-0.0390576,-8.39527e-06,-7.52482e-05,0,-0.00107413,-0.016387
-0.000269236,-0.0318618,9.29029e-07,-7.5429e-05,0,-0.00128636,-0.013629
-0.00048902,-0.022595,1.23668e-05,-7.54571e-05,0,-0.00148921,-0.0101336
-0.000708805,-0.0195179,1.71341e-05,-7.52669e-05,0,-0.00168129,-0.00913257
-0.000928589,-0.0164781,2.17884e-05,-7.49481e-05,0,-0.00186211,-0.00804284
-0.00114837,-0.0134808,2.63235e-05,-7.45356e-05,0,-0.0020314,-0.00696091
-0.00136816,-0.0124632,2.86823e-05,-7.40318e-05,0,-0.00218884,-0.00666031
-0.00158794,-0.0124435,2.99157e-05,-7.347e-05,0,-0.0023341,-0.0067198
0.00148904,-0.0291671,9.81244e-06,-7.28778e-05,0,0.000829999,-0.0112099
0.00126926,-0.0297661,1.03669e-05,-7.2581e-05,0,0.000710401,-0.0111794
0.00104947,-0.0311052,1.00915e-05,-7.23765e-05,0,0.00060442,-0.0117355
0.000829686,-0.0322692,9.96279e-06,-7.21734e-05,0,0.00051267,-0.0122047
0.000609902,-0.0330302,1.0223e-05,-7.19735e-05,0,0.000435807,-0.0125111
0.000390117,-0.0329778,1.13074e-05,-7.17703e-05,0,0.000374432,-0.0124951
0.000170333,-0.0330317,1.22367e-05,-7.15496e-05,0,0.000328694,-0.0125311
0,-0.0354222,1.06442e-05,-7.13095e-05,0,0.000296779,-0.0134964
0,-0.0327778,1.43682e-05,-7.10887e-05,0,0.000273115,-0.0124143
0,-0.025643,2.28084e-05,-7.08199e-05,0,0.000252724,-0.00961562
0,-0.0198236,2.97781e-05,-7.0406e-05,0,0.000234222,-0.00741018
0,-0.013042,3.76986e-05,-6.98453e-05,0,0.000217171,-0.00479982
0,-0.00872403,4.29258e-05,-6.91309e-05,0,0.000201388,-0.00318722
0,-0.00620725,4.61723e-05,-6.82985e-05,0,0.000186758,-0.0022555
0,-0.00377784,4.92652e-05,-6.73913e-05,0,0.000173193,-0.00133055
0,-0.00437973,4.90792e-05,-6.64215e-05,0,0.000160615,-0.00161409
0,-0.00595708,4.78118e-05,-6.54389e-05,0,0.000148951,-0.00224021
0,-0.00913517,4.48054e-05,-6.44764e-05,0,0.000138134,-0.00349011
0,-0.0129172,4.11284e-05,-6.35652e-05,0,0.000128103,-0.00495625
0,-0.0165429,3.7594e-05,-6.27243e-05,0,0.000118801,-0.00635035
0,-0.0205883,3.35931e-05,-6.19547e-05,0,0.000110174,-0.00791411
0,-0.0224105,3.19367e-05,-6.12629e-05,0,0.000102175,-0.0085835
0,-0.0211212,3.35605e-05,-6.06158e-05,0,9.4756e-05,-0.00804435
0,-0.0197924,3.51896e-05,-5.99528e-05,0,8.78763e-05,-0.00753684
0,-0.0178688,3.74137e-05,-5.92571e-05,0,8.14963e-05,-0.00679222
0,-0.0150876,4.05089e-05,-5.852e-05,0,7.55798e-05,-0.00571411
0,-0.0135396,4.22513e-05,-5.77253e-05,0,7.0093e-05,-0.00514124
0,-0.0118855,4.40681e-05,-5.68889e-05,0,6.50047e-05,-0.00450696
0,-0.0115642,4.44311e-05,-5.60167e-05,0,6.02859e-05,-0.00440628
0,-0.00803919,4.81635e-05,-5.51299e-05,0,5.59099e-05,-0.00300588
0,-0.00858987,4.7522e-05,-5.41852e-05,0,5.18516e-05,-0.00328169
0,-0.00925339,4.67328e-05,-5.32316e-05,0,4.80881e-05,-0.00353997
0,-0.0104413,4.53893e-05,-5.2293e-05,0,1.43574e-05,-0.00432271
0,-0.0133074,4.22426e-05,-5.13785e-05,0,-5.81615e-05,-0.00550293
0,-0.0177381,3.74227e-05,-5.05179e-05,0,-0.000141096,-0.00728093
0,-0.0209809,3.38621e-05,-4.97454e-05,0,-0.000227307,-0.00855857
0,-0.023513,3.10517e-05,-4.90503e-05,0,-0.000315017,-0.00956798
-1.96715e-05,-0.0239239,3.04879e-05,-4.84152e-05,0,-0.000403097,-0.00973835
-0.0001071,-0.0207375,3.37296e-05,-4.78026e-05,0,-0.000489278,-0.00850163
-0.000194529,-0.0137527,4.09736e-05,-4.71443e-05,0,-0.000571596,-0.00579995
-0.000281958,-0.00852064,4.63067e-05,-4.6361e-05,0,-0.000649512,-0.00385271
-0.000369386,-0.00478079,5.00107e-05,-4.54615e-05,0,-0.000722844,-0.0024709
-0.000456815,-0.0016351,5.30441e-05,-4.44799e-05,0,-0.000791482,-0.00129999
-0.000544244,7.13173e-05,5.45113e-05,-4.34341e-05,0,-0.000855315,-0.000691231
-0.000631673,0.000467685,5.45559e-05,-4.23512e-05,0,-0.000914215,-0.000580227
0.00059233,-0.0211377,2.98234e-05,-4.12604e-05,0,0.000343406,-0.00834299
0.000504901,-0.0257569,2.46061e-05,-4.05402e-05,0,0.00029487,-0.00985137
0.000417472,-0.0287021,2.11794e-05,-4.0022e-05,0,0.000251821,-0.0109691
0.000330043,-0.0306921,1.87751e-05,-3.95813e-05,0,0.000214498,-0.0117289
0.000242615,-0.02976,1.94786e-05,-3.91938e-05,0,0.000183156,-0.0113347
0.000155186,-0.0276126,2.14653e-05,-3.88077e-05,0,0.000158031,-0.0104985
6.77573e-05,-0.0267915,2.20304e-05,-3.83883e-05,0,0.000139178,-0.0102094
0,-0.0286299,1.97642e-05,-3.79506e-05,0,0.000125871,-0.0109609
0,-0.0287477,1.93296e-05,-3.75439e-05,0,0.000115891,-0.0109841
0,-0.0244029,2.36311e-05,-3.71552e-05,0,0.000107254,-0.00925161
0,-0.0235374,2.42151e-05,-3.67041e-05,0,9.94068e-05,-0.00897632
0,-0.0186735,2.90356e-05,-3.62227e-05,0,9.2172e-05,-0.00705107
0,-0.0163127,3.11705e-05,-3.56661e-05,0,8.5474e-05,-0.00618619
0,-0.0152561,3.19026e-05,-3.50533e-05,0,7.92656e-05,-0.00580346
0,-0.0143255,3.24881e-05,-3.44189e-05,0,7.3509e-05,-0.00545082
0,-0.0144976,3.18907e-05,-3.37721e-05,0,6.81708e-05,-0.00553633
0,-0.014863,3.10813e-05,-3.31313e-05,0,6.32206e-05,-0.00568197
0,-0.0151739,3.03245e-05,-3.25056e-05,0,5.863e-05,-0.00580271
0,-0.0158111,2.92165e-05,-3.18954e-05,0,5.43729e-05,-0.00605439
0,-0.0172858,2.72169e-05,-3.13055e-05,0,5.0425e-05,-0.0066353
0,-0.0185967,2.53935e-05,-3.07512e-05,0,4.67639e-05,-0.00713787
0,-0.0194395,2.40701e-05,-3.02342e-05,0,4.33688e-05,-0.00745587
0,-0.0197869,2.32742e-05,-2.97462e-05,0,4.02202e-05,-0.0075832
0,-0.0206166,2.19665e-05,-2.92767e-05,0,3.73004e-05,-0.00791054
0,-0.0226973,1.93336e-05,-2.88308e-05,0,3.45926e-05,-0.00872988
0,-0.0255432,1.58982e-05,-2.8431e-05,0,3.20815e-05,-0.00983546
0,-0.0290996,1.17235e-05,-2.80958e-05,0,2.97527e-05,-0.0112129
0,-0.03265,7.57547e-06,-2.78405e-05,0,2.75931e-05,-0.012577
0,-0.0357028,3.978e-06,-2.76682e-05,0,2.55903e-05,-0.0137425
0,-0.0367295,2.55369e-06,-2.75707e-05,0,2.3733e-05,-0.0141065
0,-0.0395098,-7.18574e-07,-2.75125e-05,0,2.20105e-05,-0.0152017
0,-0.0416299,-3.26698e-06,-2.75105e-05,0,2.04131e-05,-0.0160063
0,-0.0422844,-4.1571e-06,-2.75631e-05,0,-6.7348e-05,-0.0171401
0,-0.0442033,-6.37383e-06,-2.76418e-05,0,-0.000266392,-0.0180468
0,-0.0466796,-9.16067e-06,-2.77582e-05,0,-0.000495725,-0.0191536
0,-0.04845,-1.11731e-05,-2.79275e-05,0,-0.000734934,-0.0199641
0,-0.0497051,-1.26161e-05,-2.81409e-05,0,-0.00097891,-0.0205724
-5.61251e-05,-0.0489551,-1.19101e-05,-2.8386e-05,0,-0.0012244,-0.0203796
-0.00030557,-0.0415547,-4.13294e-06,-2.86277e-05,0,-0.00146489,-0.017553
-0.000555015,-0.0336971,4.10665e-06,-2.87493e-05,0,-0.00169475,-0.014636
-0.000804459,-0.0310394,6.79577e-06,-2.87083e-05,0,-0.00191242,-0.0137922
-0.0010539,-0.0274176,1.04991e-05,-2.85859e-05,0,-0.00211734,-0.0124739
-0.00130335,-0.0228381,1.52035e-05,-2.83944e-05,0,-0.00230918,-0.0107782
-0.00155279,-0.0200061,1.80301e-05,-2.81138e-05,0,-0.00248761,-0.00978537
-0.00180224,-0.0175527,2.0438e-05,-2.77674e-05,0,-0.00265223,-0.00890779
0.00168999,-0.0348621,-2.1251e-06,-2.73707e-05,0,0.000939099,-0.0133738
0.00144054,-0.0359571,-3.40416e-06,-2.73003e-05,0,0.000803572,-0.0135304
0.0011911,-0.0365393,-4.12722e-06,-2.7362e-05,0,0.000683485,-0.0137807
0.000941654,-0.0371623,-4.8843e-06,-2.7441e-05,0,0.000579534,-0.0140489
0.000692209,-0.0373253,-5.14342e-06,-2.75349e-05,0,0.000492467,-0.0141274
0.000442764,-0.0368445,-4.71149e-06,-2.76364e-05,0,0.000422966,-0.0139517
0.00019332,-0.0362019,-4.10362e-06,-2.77328e-05,0,0.0003712,-0.013718
0,-0.0366757,-4.67807e-06,-2.78179e-05,0,0.000335112,-0.0139302
0,-0.0332045,-1.05627e-06,-2.79086e-05,0,0.000308379,-0.0125487
0,-0.0248625,7.7256e-06,-2.79479e-05,0,0.000285352,-0.00928188
0,-0.0177157,1.52015e-05,-2.78373e-05,0,0.000264461,-0.00656612
0,-0.00978554,2.34733e-05,-2.75706e-05,0,0.000245208,-0.00351854
0,-0.00619943,2.70894e-05,-2.71425e-05,0,0.000227386,-0.00221672
0,-0.00267843,3.06099e-05,-2.66188e-05,0,0.000210868,-0.000873736
0,-0.000435325,3.2746e-05,-2.60242e-05,0,0.000195552,-3.93944e-05
0,-0.00136053,3.14953e-05,-2.538e-05,0,0.00018135,-0.000449943
0,-0.00305443,2.94202e-05,-2.47438e-05,0,0.000168179,-0.00111837
0,-0.00674647,2.52203e-05,-2.4145e-05,0,0.000155966,-0.00257235
0,-0.0125581,1.87778e-05,-2.36196e-05,0,0.00014464,-0.0048416
0,-0.015887,1.49921e-05,-2.32118e-05,0,0.000134137,-0.00608666
0,-0.0199709,1.04169e-05,-2.28931e-05,0,0.000124397,-0.00767089
0,-0.0226707,7.32927e-06,-2.26619e-05,0,0.000115364,-0.00869057
0,-0.0234923,6.24951e-06,-2.24998e-05,0,0.000106988,-0.00898125
0,-0.0248177,4.64121e-06,-2.23694e-05,0,9.92202e-05,-0.00950153
0,-0.0234237,5.92922e-06,-2.22686e-05,0,9.20166e-05,-0.00892811
0,-0.0214632,7.81551e-06,-2.21564e-05,0,8.53362e-05,-0.00816989
0,-0.0192914,9.91931e-06,-2.20096e-05,0,7.91411e-05,-0.00733578
0,-0.0176316,1.14709e-05,-2.18217e-05,0,7.33959e-05,-0.00670906
0,-0.0187106,1.01071e-05,-2.16e-05,0,6.8068e-05,-0.00716784
0,-0.0174894,1.11904e-05,-2.13911e-05,0,6.3127e-05,-0.00666611
0,-0.0177898,1.06531e-05,-2.11727e-05,0,5.85449e-05,-0.00680693
0,-0.0190662,9.08082e-06,-2.09569e-05,0,5.42955e-05,-0.00731399
0,-0.0201191,7.7524e-06,-2.07675e-05,0,5.03547e-05,-0.00771671
0,-0.0220928,5.45272e-06,-2.06058e-05,0,4.67001e-05,-0.00849034
0,-0.025308,1.84626e-06,-2.04852e-05,0,4.33108e-05,-0.00974546
0,-0.0272461,-3.85579e-07,-2.04303e-05,0,4.01676e-05,-0.0104715
0,-0.0263509,4.0476e-07,-2.04268e-05,0,3.72527e-05,-0.0100858
0,-0.0239041,2.84399e-06,-2.04227e-05,0,3.45494e-05,-0.00912386
0,-0.0171962,9.80041e-06,-2.0378e-05,0,3.20423e-05,-0.00648433
0,-0.00780452,1.95775e-05,-2.02167e-05,0,2.97173e-05,-0.00283842
0,-0.00347016,2.39397e-05,-1.98741e-05,0,2.7561e-05,-0.00125277
0,-0.00215658,2.50687e-05,-1.94171e-05,0,2.55613e-05,-0.000795665
0,-0.00261292,2.43051e-05,-1.89214e-05,0,2.37068e-05,-0.000998876
0,-0.00468383,2.18223e-05,-1.84315e-05,0,2.19868e-05,-0.00181955
0,-0.00754351,1.85055e-05,-1.79826e-05,0,2.03918e-05,-0.00293035
0,-0.0101864,1.54276e-05,-1.75959e-05,0,1.89124e-05,-0.00394246
0,-0.0127687,1.24239e-05,-1.7272e-05,0,1.75405e-05,-0.00493364
0,-0.014363,1.04801e-05,-1.70085e-05,0,1.62681e-05,-0.00553125
0,-0.0139134,1.07144e-05,-1.67891e-05,0,1.50881e-05,-0.00532787
0,-0.0135557,1.08503e-05,-1.6576e-05,0,1.39937e-05,-0.00519246
0,-0.01347,1.06968e-05,-1.63597e-05,0,1.29787e-05,-0.0051642
0,-0.0137321,1.01747e-05,-1.6145e-05,0,1.20374e-05,-0.00527063
0,-0.0150221,8.56364e-06,-1.59389e-05,0,1.11644e-05,-0.0057821
0,-0.0161904,7.08965e-06,-1.57596e-05,0,1.03547e-05,-0.00622916
0,-0.0175339,5.43754e-06,-1.56104e-05,0,9.6038e-06,-0.00674803
0,-0.0180962,4.62432e-06,-1.54934e-05,0,8.90736e-06,-0.00695229
0,-0.018046,4.46783e-06,-1.53968e-05,0,8.26146e-06,-0.00692397
0,-0.0181278,4.1752e-06,-1.53067e-05,0,7.66241e-06,-0.00695765
0,-0.0180555,4.05055e-06,-1.52217e-05,0,7.10682e-06,-0.0069278
0,-0.0186147,3.25922e-06,-1.51401e-05,0,6.59154e-06,-0.00715242
0,-0.019422,2.21124e-06,-1.5071e-05,0,6.11364e-06,-0.00746642
0,-0.0203574,1.0356e-06,-1.50215e-05,0,5.6704e-06,-0.00782773
0,-0.0211817,-1.27695e-08,-1.49949e-05,0,5.25931e-06,-0.00814271
0,-0.0217092,-7.36788e-07,-1.49899e-05,0,4.87805e-06,-0.00834088
0,-0.0221527,-1.36334e-06,-1.5001e-05,0,4.52443e-06,-0.00851003
0,-0.0227004,-2.09263e-06,-1.50252e-05,0,4.19646e-06,-0.00872211
0,-0.0230179,-2.56867e-06,-1.50634e-05,0,3.89228e-06,-0.00884059
0,-0.0226975,-2.35979e-06,-1.51124e-05,0,3.61016e-06,-0.00870794
0,-0.0224188,-2.19055e-06,-1.51606e-05,0,3.3485e-06,-0.00860172
0,-0.022408,-2.3011e-06,-1.52053e-05,0,3.10581e-06,-0.0086018
0,-0.0220853,-2.07477e-06,-1.52507e-05,0,2.88072e-06,-0.0084732
0,-0.0222086,-2.31813e-06,-1.52934e-05,0,2.67195e-06,-0.0085275
0,-0.0219576,-2.15813e-06,-1.53385e-05,0,2.47832e-06,-0.00842548
0,-0.0218324,-2.12764e-06,-1.53825e-05,0,2.29873e-06,-0.00837941
0,-0.0217294,-2.11643e-06,-1.54252e-05,0,2.13216e-06,-0.0083403
0,-0.02134,-1.79676e-06,-1.54676e-05,0,1.97766e-06,-0.00818646
0,-0.0205446,-1.04334e-06,-1.55051e-05,0,1.83437e-06,-0.00787493
0,-0.0198472,-3.93487e-07,-1.55297e-05,0,1.70146e-06,-0.00760875
0,-0.0193941,-2.49884e-09,-1.55408e-05,0,1.57819e-06,-0.00743857
0,-0.0189912,3.36292e-07,-1.55428e-05,0,1.46386e-06,-0.00728471
0,-0.018364,9.14393e-07,-1.55378e-05,0,1.35781e-06,-0.0070405
0,-0.0176663,1.56706e-06,-1.55224e-05,0,1.25945e-06,-0.00677159
0,-0.0170937,2.08588e-06,-1.54943e-05,0,1.16821e-06,-0.00655372
0,-0.0165615,2.56115e-06,-1.54552e-05,0,1.08359e-06,-0.00635002
0,-0.0157932,3.28604e-06,-1.54064e-05,0,1.00511e-06,-0.00605148
0,-0.0150207,4.01321e-06,-1.53443e-05,0,9.32306e-07,-0.00575482
0,-0.0144052,4.57075e-06,-1.52676e-05,0,8.64782e-07,-0.00552097
0,-0.0136847,5.23744e-06,-1.5179e-05,0,8.02152e-07,-0.00524276
0,-0.012655,6.22921e-06,-1.50776e-05,0,7.44059e-07,-0.0048427
0,-0.012208,6.59727e-06,-1.4958e-05,0,6.90176e-07,-0.00468004
0,-0.0122636,6.42904e-06,-1.48279e-05,0,6.40197e-07,-0.00470909
0,-0.0113213,7.31984e-06,-1.46984e-05,0,5.93839e-07,-0.00433203
0,-0.0107553,7.80596e-06,-1.45565e-05,0,5.5084e-07,-0.00412049
0,-0.0107053,7.74044e-06,-1.44028e-05,0,5.10956e-07,-0.00410924
0,-0.0113862,6.89753e-06,-1.42477e-05,0,4.73961e-07,-0.00438188
0,-0.0117853,6.35608e-06,-1.41055e-05,0,4.39646e-07,-0.00453079
0,-0.0119463,6.0686e-06,-1.39757e-05,0,4.07817e-07,-0.004589
0,-0.0120501,5.84245e-06,-1.38529e-05,0,3.78294e-07,-0.00462799
