4.52842e-05,0,5.23315e-05,0,0,0.9
4.52842e-05,0,5.23315e-05,0,0,0.9
4.52842e-05,0,5.23315e-05,0,0,0.9
4.52842e-05,0,5.23315e-05,0,0,0.9
4.52842e-05,0,5.23315e-05,0,0,0.9
4.52842e-05,0,5.23315e-05,0,0,0.9
4.52842e-05,0,5.23315e-05,0,0,0.9
4.52842e-05,0,5.23315e-05,0,0,0.9
4.52842e-05,0,5.23315e-05,0,0,0.9
4.52842e-05,0,5.23315e-05,0,0,0.9
4.52842e-05,0,5.23315e-05,0,0,0.9
4.52842e-05,0,5.23315e-05,0,0,0.9
4.52842e-05,0,5.23315e-05,0,0,0.9
4.52842e-05,0,5.23315e-05,0,0,0.9
4.52842e-05,0,5.23315e-05,0,0,0.9
4.52842e-05,0,5.23315e-05,0,0,0.9
4.52842e-05,0,5.23315e-05,0,0,0.9
4.52842e-05,0,5.23315e-05,0,0,0.9
4.52842e-05,0,5.23315e-05,0,0,0.9
4.52842e-05,0,5.23315e-05,0,0,0.9
4.52842e-05,0,5.23315e-05,0,0,0.9
4.52842e-05,0,5.23315e-05,0,0,0.9
4.52842e-05,0,5.23315e-05,0,0,0.9
4.52842e-05,0,5.23315e-05,0,0,0.9
4.52842e-05,0,5.23315e-05,0,0,0.9
4.52842e-05,0,5.23315e-05,0,0,0.9
4.52842e-05,0,5.23315e-05,0,0,0.9
4.52842e-05,0,5.23315e-05,0,0,0.9
4.52842e-05,0,5.23315e-05,0,0,0.9
4.52842e-05,0,5.23315e-05,0,0,0.9
4.52842e-05,0,5.23315e-05,0,0,0.9
4.52842e-05,0,5.23315e-05,0,0,0.9
4.52842e-05,0,5.23315e-05,0,0,0.9
4.52842e-05,0,5.23315e-05,0,0,0.9
4.52842e-05,0,5.23315e-05,0,0,0.9
4.52842e-05,0,5.23315e-05,0,0,0.9
4.52842e-05,0,5.23315e-05,0,0,0.9
4.52842e-05,0,5.23315e-05,0,0,0.9
4.52842e-05,0,5.23315e-05,0,0,0.9
4.52842e-05,0,5.23315e-05,0,0,0.9
4.52842e-05,0,5.23315e-05,0,0,0.9
4.52842e-05,0,5.23315e-05,0,0,0.9
4.52842e-05,0,5.23315e-05,0,0,0.9
4.52842e-05,0,5.23315e-05,0,0,0.9
4.52842e-05,0,5.23315e-05,0,0,0.9
4.52842e-05,0,5.23315e-05,0,0,0.9
4.52842e-05,0,5.23315e-05,0,0,0.9
4.52842e-05,0,5.23315e-05,0,0,0.9
4.52842e-05,0,5.23315e-05,0,0,0.9
4.52842e-05,0,5.23315e-05,0,0,0.9
4.52842e-05,0,5.23315e-05,0,0,0.9
4.52842e-05,0,5.23315e-05,0,0,0.9
4.52842e-05,0,5.23315e-05,0,0,0.9
4.52842e-05,0,5.23315e-05,0,0,0.9
4.52842e-05,0,5.23315e-05,0,0,0.9
4.52842e-05,0,5.23315e-05,0,0,0.9
4.52842e-05,0,5.23315e-05,0,0,0.9
4.52842e-05,0,5.23315e-05,0,0,0.9
4.52842e-05,0,5.23315e-05,0,0,0.9
4.52842e-05,0,5.23315e-05,0,0,0.9
4.52842e-05,0,5.23315e-05,0,0,0.9
4.52842e-05,0,5.23315e-05,0,0,0.9
4.52842e-05,0,5.23315e-05,0,0,0.9
4.52842e-05,0,5.23315e-05,0,0,0.9
4.52842e-05,0,5.23315e-05,0,0,0.9
4.52842e-05,0,5.23315e-05,0,0,0.9
4.52842e-05,0,5.23315e-05,0,0,0.9
4.52842e-05,0,5.23315e-05,0,0,0.9
4.52842e-05,0,5.23315e-05,0,0,0.9
4.52842e-05,0,5.23315e-05,0,0,0.9
4.52842e-05,0,5.23315e-05,0,0,0.9
4.52842e-05,0,5.23315e-05,0,0,0.9
4.52842e-05,0,5.23315e-05,0,0,0.9
4.52842e-05,0,5.23315e-05,0,0,0.9
4.52842e-05,0,5.23315e-05,0,0,0.9
4.52842e-05,0,5.23315e-05,0,0,0.9
4.52842e-05,0,5.23315e-05,0,0,0.9
4.52842e-05,0,5.23315e-05,0,0,0.9
4.52842e-05,0,5.23315e-05,0,0,0.9
4.52842e-05,0,5.23315e-05,0,0,0.9
4.52842e-05,0,5.23315e-05,0,0,0.9
4.52842e-05,0,5.23315e-05,0,0,0.9
4.52842e-05,0,5.23315e-05,0,0,0.9
4.52842e-05,0,5.23315e-05,0,0,0.9
4.52842e-05,0,5.23315e-05,0,0,0.9
4.52842e-05,0,5.23315e-05,0,0,0.9
4.52842e-05,0,5.23315e-05,0,0,0.9
4.52842e-05,0,5.23315e-05,0,0,0.9
4.52842e-05,0,5.23315e-05,0,0,0.9
4.52842e-05,0,5.23315e-05,0,0,0.9
4.52842e-05,0,5.23315e-05,0,0,0.9
4.52842e-05,0,5.23315e-05,0,0,0.9
4.52842e-05,0,5.23315e-05,0,0,0.9
4.52842e-05,0,5.23315e-05,0,0,0.9
4.52842e-05,0,5.23315e-05,0,0,0.9
4.52842e-05,0,5.23315e-05,0,0,0.9
4.52842e-05,0,5.23315e-05,0,0,0.9
4.52842e-05,0,5.23315e-05,0,0,0.9
4.52842e-05,0,5.23315e-05,0,0,0.9
4.52842e-05,0,5.23315e-05,0,0,0.9
4.52842e-05,0,5.23315e-05,0,0,0.9
4.52842e-05,0,5.23315e-05,0,0,0.9
4.52842e-05,0,5.23315e-05,0,0,0.9
4.52842e-05,0,5.23315e-05,0,0,0.9
4.52842e-05,0,5.23315e-05,0,0,0.9
4.52842e-05,0,5.23315e-05,0,0,0.9
4.52842e-05,0,5.23315e-05,0,0,0.9
4.52842e-05,0,5.23096e-05,0,0,0.9
4.52842e-05,0,5.22439e-05,0,0,0.9
4.52842e-05,0,5.21373e-05,0,0,0.9
4.52842e-05,0,5.19931e-05,0,0,0.9
4.52842e-05,0,5.18143e-05,0,0,0.9
4.52842e-05,0,5.16042e-05,0,0,0.9
4.52842e-05,0,5.13658e-05,0,0,0.9
4.52842e-05,0,5.11022e-05,0,0,0.9
4.52842e-05,0,5.08167e-05,0,0,0.9
4.52842e-05,0,5.05122e-05,0,0,0.9
4.52842e-05,0,5.01921e-05,0,0,0.9
4.52842e-05,0,4.98593e-05,0,0,0.9
4.52842e-05,0,4.95171e-05,0,0,0.9
4.52842e-05,0,4.91685e-05,0,0,0.9
4.52842e-05,0,4.88167e-05,0,0,0.9
4.52842e-05,0,4.84648e-05,0,0,0.9
4.52842e-05,0,4.8116e-05,0,0,0.9
4.52842e-05,0,4.77733e-05,0,0,0.9
4.52842e-05,0,4.744e-05,0,0,0.9
4.52842e-05,0,4.71191e-05,0,0,0.9
4.52842e-05,0,4.68138e-05,0,0,0.9
4.52842e-05,0,4.65273e-05,0,0,0.9
4.52842e-05,0,4.62625e-05,0,0,0.9
4.52842e-05,0,4.60228e-05,0,0,0.9
4.52842e-05,0,4.58111e-05,0,0,0.9
4.52842e-05,0,4.56307e-05,0,0,0.9
4.52842e-05,0,4.54847e-05,0,0,0.9
4.52842e-05,0,4.53762e-05,0,0,0.9
4.52842e-05,0,4.53083e-05,0,0,0.9
4.52842e-05,0,4.52842e-05,0,0,0.9
4.52842e-05,0,4.52842e-05,0,0,0.9
4.52842e-05,0,4.52842e-05,0,0,0.9
4.52842e-05,0,4.52842e-05,0,0,0.9
4.52842e-05,0,4.52842e-05,0,0,0.9
4.52842e-05,0,4.52842e-05,0,0,0.9
4.52842e-05,0,4.52842e-05,0,0,0.9
4.52842e-05,0,4.52842e-05,0,0,0.9
0,-0.00989796,0,0,0,0.9
0,-0.00989796,0,0,0,0.9
0,-0.00989796,0,0,0,0.9
0,-0.00989796,0,0,0,0.9
0,-0.00989796,0,0,0,0.9
0,-0.00989796,0,0,0,0.9
0,-0.00989796,0,0,0,0.9
0,-0.00989796,0,0,0,0.9
-0.05,-0.0100935,0,0,0,0.777
0.0198127,-0.00950859,0,-0.0179226,0,0.884
0.0104663,-0.00934404,0,-0.0139533,0,0.904
0.00559839,-0.00915858,0,-0.0114104,0,0.902
0.00550523,-0.00877118,0,-0.0101668,0,0.901
3.68382e-05,-0.00886314,0,-0.00852295,0,0.897
0.00119265,-0.00836429,0,-0.00788579,0,0.897
-0.000988342,-0.00833456,0,-0.00705172,0,0.898
-0.00208361,-0.00820841,0,-0.00681094,0,0.898
-0.0056442,-0.00879355,0,-0.00649843,0,0.898
-0.00707503,-0.00903616,0,-0.00772579,0,0.898
-0.00816169,-0.00928554,0,-0.00885452,0,0.898
-0.00745539,-0.00891728,0,-0.0111836,0,0.898
-0.00483059,-0.00768078,0,-0.0127554,0,0.899
-0.00184252,-0.00597109,0,-0.0142041,0,0.899
-0.00212447,-0.00570926,0,-0.01407,0,0.898
-0.0017236,-0.00509759,0,-0.0142422,0,0.899
-0.00243419,-0.00514965,0,-0.0141922,0,0.899
-0.00236955,-0.00476041,0,-0.0146789,0,0.9
-0.00230341,-0.00436582,0,-0.0149776,0,0.9
-0.00202755,-0.00381924,0,-0.0157133,0,0.9
-0.00233337,-0.00374249,0,-0.0162307,0,0.9
-0.00167295,-0.00288941,0,-0.0169316,0,0.9
-0.00129427,-0.00227732,0,-0.0173306,0,0.901
-0.00181175,-0.00248352,0,-0.0166103,0,0.901
-0.00173666,-0.00164784,0,-0.0177262,0,0.9
-0.00223755,-0.00145591,0,-0.0180787,0,0.9
-0.00335268,-0.00130948,0,-0.0191952,0,0.9
-0.00322632,-0.00121244,0,-0.0228105,0,0.9
-0.00390671,-0.00116865,0,-0.0264742,0,0.9
-0.00217243,-0.00116646,0,-0.031737,0,0.9
-0.00217243,-0.00116646,0,0,0,0.9
-0.00217243,-0.00116646,0,0,0,0.9
-0.00217243,-0.00116646,0,0,0,0.9
-0.00217243,-0.00116646,0,0,0,0.9
-0.00217243,-0.00116646,0,0,0,0.9
-0.00217243,-0.00116646,0,0,0,0.9
0,0,-0.00857359,0,0,0.899
0,0,-0.00857359,0,0,0.899
0,0,-0.00857359,0,0,0.899
0,0,-0.00857359,0,0,0.899
0,0,-0.00857359,0,0,0.899
0,0,-0.00857359,0,0,0.899
0,0,-0.00857359,0,0,0.899
0,0,-0.00857359,0,0,0.899
-0.0379995,0,-0.00866368,0,0,0.749
0.0131547,0,-0.00836291,-0.0142924,0,0.895
0.00786606,0,-0.008201,-0.0112824,0,0.908
0.0102627,0,-0.00778207,-0.00934166,0,0.903
0.0130281,0,-0.00714827,-0.0073704,0,0.903
0.00892966,0,-0.00689944,-0.0043515,0,0.899
0.00448241,0,-0.00690459,-0.00207609,0,0.901
-0.00180079,0,-0.00746427,-0.000642151,0,0.902
-0.00353976,0,-0.00754992,-0.000945357,0,0.902
-0.00627746,0,-0.00800942,-0.00172919,0,0.902
-0.00648767,0,-0.00796784,-0.00337185,0,0.902
-0.00646116,0,-0.00785975,-0.00519282,0,0.901
-0.00470946,0,-0.0070777,-0.00724665,0,0.9
-0.00273962,0,-0.00602763,-0.00860249,0,0.9
-0.000848482,0,-0.00481725,-0.00935505,0,0.9
-0.000350538,0,-0.00416421,-0.00912187,0,0.9
-0.00104532,0,-0.00416301,-0.0086465,0,0.9
-0.00224706,0,-0.00455782,-0.00857811,0,0.9
-0.0025977,0,-0.00449552,-0.009399,0,0.9
-0.00288356,0,-0.00442877,-0.0103449,0,0.9
-0.00307967,0,-0.00433036,-0.0119078,0,0.9
-0.0022567,0,-0.00344254,-0.0137482,0,0.901
-0.00188664,0,-0.00288493,-0.0149466,0,0.901
-0.00196997,0,-0.00273314,-0.0154372,0,0.902
-0.00276078,0,-0.00325066,-0.0165711,0,0.902
-0.00368651,0,-0.00254907,-0.0185151,0,0.901
-0.00389089,0,-0.00240761,-0.0210255,0,0.901
-0.00390059,0,-0.00229917,-0.0256616,0,0.901
-0.00427566,0,-0.00222659,-0.0292301,0,0.901
-0.00346029,0,-0.00219268,-0.0341828,0,0.901
-0.00208103,0,-0.00219045,-0.0366076,0,0.901
-0.00208103,0,-0.00219045,0,0,0.901
-0.00208103,0,-0.00219045,0,0,0.901
-0.00208103,0,-0.00219045,0,0,0.901
-0.00208103,0,-0.00219045,0,0,0.901
-0.00208103,0,-0.00219045,0,0,0.901
-0.00208103,0,-0.00219045,0,0,0.901
0,-0.00796881,0,0,0,0.9
0,-0.00796881,0,0,0,0.9
0,-0.00796881,0,0,0,0.9
0,-0.00796881,0,0,0,0.9
0,-0.00796881,0,0,0,0.9
0,-0.00796881,0,0,0,0.9
0,-0.00796881,0,0,0,0.9
0,-0.00796881,0,0,0,0.9
-0.05,-0.00808404,0,0,0,0.742
0.0134063,-0.00777121,0,-0.0198246,0,0.892
0.00918353,-0.00759495,0,-0.0163693,0,0.909
0.011174,-0.00719476,0,-0.0138619,0,0.907
0.00989376,-0.00682434,0,-0.0112626,0,0.906
0.00626964,-0.00664535,0,-0.00876857,0,0.903
0.00526112,-0.00619022,0,-0.00674849,0,0.902
0.00365141,-0.0059823,0,-0.00551966,0,0.903
0.000201508,-0.00624484,0,-0.00412927,0,0.903
-0.00220996,-0.00650751,0,-0.00383933,0,0.903
-0.00414352,-0.00681961,0,-0.00412891,0,0.901
-0.00664479,-0.00750878,0,-0.0046147,0,0.901
-0.00637771,-0.00733896,0,-0.00660967,0,0.901
-0.003966,-0.0061868,0,-0.00852118,0,0.901
4.95005e-05,-0.00399968,0,-0.0101838,0,0.901
0.000675818,-0.00324719,0,-0.00966333,0,0.9
0.00174754,-0.00218057,0,-0.00869787,0,0.9
0.00200076,-0.00166473,0,-0.00741221,0,0.9
0.000940304,-0.00190996,0,-0.00552549,0,0.9
-7.99371e-05,-0.00225172,0,-0.00442187,0,0.901
-0.000491792,-0.00222095,0,-0.00406862,0,0.901
-0.00134048,-0.00260765,0,-0.0039424,0,0.902
0.000617176,-0.000613835,0,-0.00528426,0,0.902
-0.000999022,-0.00175867,0,-0.00421912,0,0.902
-0.00296937,-0.00336189,0,-0.00391285,0,0.902
-0.00369946,-0.00215161,0,-0.00676841,0,0.901
-0.00381273,-0.00202184,0,-0.0102855,0,0.901
-0.00377763,-0.00192434,0,-0.0153857,0,0.901
-0.00331669,-0.00187402,0,-0.0200789,0,0.901
-0.00287084,-0.00183952,0,-0.0248752,0,0.901
-0.00204933,-0.00183668,0,-0.0277044,0,0.901
-0.00204933,-0.00183668,0,0,0,0.901
-0.00204933,-0.00183668,0,0,0,0.901
-0.00204933,-0.00183668,0,0,0,0.901
-0.00204933,-0.00183668,0,0,0,0.901
-0.00204933,-0.00183668,0,0,0,0.901
-0.00204933,-0.00183668,0,0,0,0.901
0,0,-0.00666569,0,0,0.9
0,0,-0.00666569,0,0,0.9
0,0,-0.00666569,0,0,0.9
0,0,-0.00666569,0,0,0.9
0,0,-0.00666569,0,0,0.9
0,0,-0.00666569,0,0,0.9
0,0,-0.00666569,0,0,0.9
0,0,-0.00666569,0,0,0.9
-0.05,0,-0.00674046,0,0,0.817
0.00473846,0,-0.00656957,-0.0172181,0,0.902
0.00541559,0,-0.0064102,-0.0156869,0,0.907
0.00391566,0,-0.00619227,-0.0135463,0,0.907
0.00660598,0,-0.00574273,-0.0127509,0,0.905
-0.00124224,0,-0.00612651,-0.0107722,0,0.902
-0.00110012,0,-0.0059295,-0.0102365,0,0.903
-0.00278727,0,-0.00601013,-0.0101159,0,0.903
-0.00461647,0,-0.00623629,-0.00985809,0,0.902
-0.00280268,0,-0.00568556,-0.0104728,0,0.9
-0.00237288,0,-0.00537876,-0.0107902,0,0.899
-0.00500399,0,-0.00608915,-0.010383,0,0.899
-0.00426668,0,-0.00571938,-0.0113656,0,0.9
-0.0043674,0,-0.0056767,-0.0122527,0,0.901
-0.00310569,0,-0.00495676,-0.0133279,0,0.901
-0.00243336,0,-0.00441734,-0.0139775,0,0.9
-0.00309962,0,-0.00459405,-0.0142174,0,0.9
-0.00327705,0,-0.00453115,-0.015047,0,0.9
-0.00305329,0,-0.00421749,-0.0161144,0,0.9
-0.00304549,0,-0.0040503,-0.0172045,0,0.901
-0.00307252,0,-0.0039112,-0.0183664,0,0.901
-0.00327695,0,-0.00393162,-0.0196444,0,0.902
-0.00341446,0,-0.003891,-0.0213312,0,0.903
-0.00381537,0,-0.00413438,-0.0229821,0,0.903
-0.00448272,0,-0.0046598,-0.025005,0,0.903
-0.00465213,0,-0.0032222,-0.0280042,0,0.901
-0.00499993,0,-0.00314437,-0.0296927,0,0.901
-0.00448185,0,-0.00308559,-0.033705,0,0.901
-0.00430012,0,-0.00304746,-0.0373825,0,0.901
-0.0037865,0,-0.00303159,-0.0404253,0,0.901
-0.0023659,0,-0.00303122,-0.0419646,0,0.901
-0.0023659,0,-0.00303122,0,0,0.901
-0.0023659,0,-0.00303122,0,0,0.901
-0.0023659,0,-0.00303122,0,0,0.901
-0.0023659,0,-0.00303122,0,0,0.901
-0.0023659,0,-0.00303122,0,0,0.901
-0.0023659,0,-0.00303122,0,0,0.901
0,-0.00708181,0,0,0,0.9
0,-0.00708181,0,0,0,0.9
0,-0.00708181,0,0,0,0.9
0,-0.00708181,0,0,0,0.9
0,-0.00708181,0,0,0,0.9
0,-0.00708181,0,0,0,0.9
0,-0.00708181,0,0,0,0.9
0,-0.00708181,0,0,0,0.9
-0.05,-0.00715514,0,0,0,0.778
0.00699069,-0.00696803,0,-0.0166563,0,0.896
0.00550632,-0.00682616,0,-0.014616,0,0.908
-0.00318661,-0.0069324,0,-0.0125922,0,0.907
-0.00455485,-0.00692734,0,-0.0123024,0,0.908
-0.0144581,-0.00773906,0,-0.0120459,0,0.906
-0.0217811,-0.00886326,0,-0.0139493,0,0.905
-0.0315701,-0.0109656,0,-0.0175533,0,0.901
-0.043952,-0.0148215,0,-0.0237043,0,0.898
-0.05,-0.0180013,0,-0.0321764,0,0.896
-0.05,-0.0206997,0,-0.0425807,0,0.891
-0.05,-0.0226909,0,-0.0545157,0,0.893
-0.05,-0.0250995,0,-0.06,0,0.887
-0.05,-0.0271519,0,-0.06,0,0.879
-0.05,-0.0297201,0,-0.06,0,0.873
-0.05,-0.0319547,0,-0.06,0,0.873
-0.0700246,-0.0462423,0,-0.06,0,0.878
-0.10271,-0.0710269,0,-0.06,0,0.881
-0.153717,-0.112178,0,-0.06,0,0.881
-0.172617,-0.13491,0,-0.06,0,0.882
-0.178257,-0.144885,0,-0.06,0,0.883
-0.167846,-0.143035,0,-0.06,0,0.884
-0.145367,-0.129294,0,-0.06,0,0.886
-0.123365,-0.112488,0,-0.06,0,0.893
-0.104651,-0.0975984,0,-0.06,0,0.897
-0.075146,-0.101092,0,-0.06,0,0.897
-0.0676523,-0.102192,0,-0.06,0,0.897
-0.0640794,-0.103685,0,-0.06,0,0.897
-0.0478566,-0.104607,0,-0.06,0,0.897
-0.042876,-0.104914,0,-0.06,0,0.897
-0.042876,-0.104914,0,-0.06,0,0.897
-0.042876,-0.104914,0,0,0,0.897
-0.042876,-0.104914,0,0,0,0.897
-0.042876,-0.104914,0,0,0,0.897
-0.042876,-0.104914,0,0,0,0.897
-0.042876,-0.104914,0,0,0,0.897
-0.042876,-0.104914,0,0,0,0.897
0,0,0.0984264,0,0,0.9
0,0,0.0984264,0,0,0.9
0,0,0.0984264,0,0,0.9
0,0,0.0984264,0,0,0.9
0,0,0.0984264,0,0,0.9
0,0,0.0984264,0,0,0.9
0,0,0.0984264,0,0,0.9
0,0,0.0984264,0,0,0.9
0.05,0,0.0982401,0,0,0.7
0.0224816,0,0.0976702,-0.016155,0,0.887
0.0125743,0,0.0964556,-0.0108687,0,0.904
0.0205306,0,0.0951738,-0.00844948,0,0.905
0.0164287,0,0.0930995,-0.00449945,0,0.908
0.0095665,0,0.0901337,-0.00110489,0,0.907
0.00612858,0,0.0867696,0.000962154,0,0.905
-0.00405365,0,0.081691,0.00241878,0,0.903
-0.0017259,0,0.0770858,0.00139738,0,0.903
-8.06451e-06,0,0.0732322,0.000572481,0,0.903
-0.00478404,0,0.0672683,0.000786509,0,0.902
-0.0123535,0,0.0596706,-6.39521e-05,0,0.901
-0.0159333,0,0.0527551,-0.00329602,0,0.9
-0.012103,0,0.0488175,-0.00809778,0,0.9
-0.00381482,0,0.0474336,-0.0134651,0,0.9
-0.00164643,0,0.0448958,-0.0145564,0,0.901
-0.00298616,0,0.0391511,-0.0143795,0,0.901
-0.00464593,0,0.0330011,-0.0149726,0,0.9
-0.00500811,0,0.0279918,-0.0167668,0,0.901
-0.00164538,0,0.0256786,-0.0193504,0,0.901
0.000798829,0,0.0233114,-0.0193706,0,0.902
0.00107719,0,0.0186671,-0.0169079,0,0.903
-0.00141748,0,0.0129919,-0.0144628,0,0.904
-0.00407301,0,0.00719658,-0.0136746,0,0.904
-0.00554212,0,0.00271745,-0.0161098,0,0.904
-0.00500795,0,0.00225912,-0.0215244,0,0.901
-0.00336237,0,0.000142057,-0.0247901,0,0.901
-0.0035793,0,-0.00143995,-0.0278412,0,0.901
-0.00399458,0,-0.00245935,-0.029133,0,0.901
-0.00269719,0,-0.00282135,-0.0332568,0,0.901
-0.00269719,0,-0.00282156,-0.0339545,0,0.901
-0.00269719,0,-0.00282156,0,0,0.901
-0.00269719,0,-0.00282156,0,0,0.901
-0.00269719,0,-0.00282156,0,0,0.901
-0.00269719,0,-0.00282156,0,0,0.901
-0.00269719,0,-0.00282156,0,0,0.901
-0.00269719,0,-0.00282156,0,0,0.901
0,-0.00620249,0,0,0,0.902
0,-0.00620249,0,0,0,0.902
0,-0.00620249,0,0,0,0.902
0,-0.00620249,0,0,0,0.902
0,-0.00620249,0,0,0,0.902
0,-0.00620249,0,0,0,0.902
0,-0.00620249,0,0,0,0.902
0,-0.00620249,0,0,0,0.902
-0.0359949,-0.00628796,0,0,0,0.732
0.0184332,-0.00597171,0,-0.0154471,0,0.888
0.012822,-0.00578115,0,-0.0114575,0,0.904
0.0138022,-0.00537808,0,-0.00862289,0,0.901
0.0108478,-0.0050998,0,-0.00596419,0,0.903
0.0104495,-0.00464512,0,-0.00352695,0,0.901
0.00689333,-0.00456104,0,-0.00108468,0,0.903
0.00408117,-0.00454259,0,0.000453743,0,0.903
0.00130828,-0.00469492,0,0.00123803,0,0.903
-0.00318169,-0.00546683,0,0.00177391,0,0.902
-0.00418437,-0.00562171,0,-0.000495112,0,0.901
-0.00621758,-0.00620755,0,-0.00274162,0,0.9
-0.00673105,-0.00640636,0,-0.00274162,0,0.899
-0.00452073,-0.00547083,0,-0.00518232,0,0.899
-0.00493681,-0.00558867,0,-0.00673131,0,0.899
-0.00253085,-0.00423805,0,-0.00885691,0,0.899
-0.00196912,-0.00372692,0,-0.00955009,0,0.899
-0.00182313,-0.00342703,0,-0.0100306,0,0.899
-0.000587218,-0.00238369,0,-0.0106434,0,0.9
-0.000140108,-0.0018001,0,-0.0101926,0,0.9
0.000723176,-0.000868262,0,-0.00948552,0,0.9
-0.00046751,-0.0015556,0,-0.00789887,0,0.901
-0.000102279,-0.00102423,0,-0.00767866,0,0.901
-0.00240107,-0.00284674,0,-0.00658457,0,0.902
-0.00252967,-0.00284459,0,-0.00893464,0,0.902
-0.00228681,-0.00161398,0,-0.0120735,0,0.9
-0.00251781,-0.00150589,0,-0.0134837,0,0.9
-0.00296219,-0.00142302,0,-0.0164277,0,0.9
-0.00301175,-0.00136755,0,-0.0198262,0,0.9
-0.00247826,-0.00134163,0,-0.0240607,0,0.9
-0.00158731,-0.00133993,0,-0.0261588,0,0.9
-0.00158731,-0.00133993,0,0,0,0.9
-0.00158731,-0.00133993,0,0,0,0.9
-0.00158731,-0.00133993,0,0,0,0.9
-0.00158731,-0.00133993,0,0,0,0.9
-0.00158731,-0.00133993,0,0,0,0.9
-0.00158731,-0.00133993,0,0,0,0.9
0,0,-0.00733025,0,0,0.9
0,0,-0.00733025,0,0,0.9
0,0,-0.00733025,0,0,0.9
0,0,-0.00733025,0,0,0.9
0,0,-0.00733025,0,0,0.9
0,0,-0.00733025,0,0,0.9
0,0,-0.00733025,0,0,0.9
0,0,-0.00733025,0,0,0.9
-0.05,0,-0.00742486,0,0,0.792
0.00648164,0,-0.0072067,-0.0191415,0,0.902
0.00502096,0,-0.00706104,-0.0169329,0,0.909
0.00773424,0,-0.00664602,-0.0148806,0,0.91
0.0127801,0,-0.00592217,-0.0135858,0,0.909
0.00578724,0,-0.00602565,-0.0106446,0,0.907
0.00217303,0,-0.00606416,-0.00904704,0,0.905
-0.000814505,0,-0.00621966,-0.00824581,0,0.904
-0.00433373,0,-0.00669981,-0.00776736,0,0.904
-0.00557645,0,-0.00688523,-0.00822288,0,0.903
-0.00484382,0,-0.00658536,-0.00922449,0,0.902
-0.00566341,0,-0.00675268,-0.00990825,0,0.902
-0.0037846,0,-0.0059304,-0.0111858,0,0.902
-0.00403332,0,-0.00586628,-0.01195,0,0.902
-0.00425648,0,-0.00581251,-0.0126879,0,0.902
-0.00414903,0,-0.00560108,-0.0137483,0,0.902
-0.00430819,0,-0.00553831,-0.0147446,0,0.902
-0.00452748,0,-0.00553219,-0.015923,0,0.902
-0.00397313,0,-0.00501773,-0.0176294,0,0.902
-0.00366342,0,-0.00463717,-0.0190127,0,0.902
-0.00306909,0,-0.00402173,-0.0203919,0,0.903
-0.00230006,0,-0.00322609,-0.0215406,0,0.904
-0.00166627,0,-0.00249395,-0.0222329,0,0.904
-0.00250274,0,-0.00304138,-0.0220785,0,0.904
-0.00303435,0,-0.00338175,-0.0228902,0,0.904
-0.00418856,0,-0.00295389,-0.0236459,0,0.902
-0.003836,0,-0.0028553,-0.0257477,0,0.902
-0.00366989,0,-0.00277931,-0.0284983,0,0.902
-0.00391602,0,-0.0027317,-0.0310158,0,0.902
-0.00213778,0,-0.00271233,-0.03587,0,0.902
-0.00225365,0,-0.00271199,-0.03587,0,0.902
-0.00225365,0,-0.00271199,0,0,0.902
-0.00225365,0,-0.00271199,0,0,0.902
-0.00225365,0,-0.00271199,0,0,0.902
-0.00225365,0,-0.00271199,0,0,0.902
-0.00225365,0,-0.00271199,0,0,0.902
-0.00225365,0,-0.00271199,0,0,0.902
0,-0.00591953,0,0,0,0.901
0,-0.00591953,0,0,0,0.901
0,-0.00591953,0,0,0,0.901
0,-0.00591953,0,0,0,0.901
0,-0.00591953,0,0,0,0.901
0,-0.00591953,0,0,0,0.901
0,-0.00591953,0,0,0,0.901
0,-0.00591953,0,0,0,0.901
-0.0398664,-0.0060021,0,0,0,0.7
0.0163608,-0.00573761,0,-0.0188633,0,0.893
0.00986125,-0.00559905,0,-0.0148637,0,0.908
0.0116145,-0.00524699,0,-0.0123659,0,0.907
0.0160114,-0.00457058,0,-0.00984855,0,0.906
0.0161591,-0.00393402,0,-0.00642535,0,0.903
0.00960777,-0.00402054,0,-0.00302624,0,0.902
0.00827831,-0.00367453,0,-0.000560935,0,0.902
0.0033768,-0.00408598,0,0.00125078,0,0.902
-0.00141168,-0.00484128,0,0.00220248,0,0.902
-0.00516048,-0.00570369,0,0.00185184,0,0.901
-0.00683735,-0.00622316,0,0.000268137,0,0.901
-0.00623433,-0.0060391,0,-0.00227468,0,0.9
-0.00796945,-0.00679658,0,-0.00476299,0,0.901
-0.00534562,-0.00564547,0,-0.00809849,0,0.901
-0.0042944,-0.00506237,0,-0.0103288,0,0.901
-0.00407471,-0.00485489,0,-0.011731,0,0.901
-0.00333384,-0.00426947,0,-0.0133344,0,0.901
-0.00270569,-0.003716,0,-0.014572,0,0.901
-0.00249151,-0.00341211,0,-0.015669,0,0.901
-0.00136643,-0.00239026,0,-0.0162663,0,0.901
0.000493041,-0.000685212,0,-0.0166464,0,0.901
0.000618017,-0.000334019,0,-0.01513,0,0.901
0.000888733,0.000124431,0,-0.0129075,0,0.902
-0.000289629,-0.000747747,0,-0.010769,0,0.902
-0.00116937,-0.000931563,0,-0.00932683,0,0.9
-0.00222665,-0.000818458,0,-0.00900318,0,0.9
-0.00244558,-0.000733027,0,-0.011546,0,0.9
-0.00212658,-0.000677609,0,-0.0142975,0,0.9
-0.00156737,-0.00065715,0,-0.017145,0,0.9
-0.00097105,-0.000654009,0,-0.0179641,0,0.9
-0.00097105,-0.000654009,0,0,0,0.9
-0.00097105,-0.000654009,0,0,0,0.9
-0.00097105,-0.000654009,0,0,0,0.9
-0.00097105,-0.000654009,0,0,0,0.9
-0.00097105,-0.000654009,0,0,0,0.9
-0.00097105,-0.000654009,0,0,0,0.9
0,0,-0.00811265,0,0,0.9
0,0,-0.00811265,0,0,0.9
0,0,-0.00811265,0,0,0.9
0,0,-0.00811265,0,0,0.9
0,0,-0.00811265,0,0,0.9
0,0,-0.00811265,0,0,0.9
0,0,-0.00811265,0,0,0.9
0,0,-0.00811265,0,0,0.9
-0.05,0,-0.00817414,0,0,0.816
0.00168699,0,-0.00803522,-0.0123905,0,0.903
0.00709729,0,-0.00780474,-0.0116011,0,0.909
0.00167395,0,-0.00773845,-0.00961987,0,0.908
0.00849214,0,-0.00710391,-0.00883821,0,0.91
0.00579798,0,-0.0067721,-0.00662954,0,0.907
0.00189464,0,-0.00682594,-0.0052478,0,0.908
-0.000815407,0,-0.0069111,-0.00434022,0,0.908
-0.00163793,0,-0.0067887,-0.00394684,0,0.907
-0.00310802,0,-0.0068753,-0.00415359,0,0.906
-0.00461024,0,-0.00709097,-0.00441041,0,0.906
-0.00407511,0,-0.00674781,-0.00538308,0,0.906
-0.00283105,0,-0.00605321,-0.00634243,0,0.902
-0.00182943,0,-0.00534661,-0.0069569,0,0.901
-0.000932988,0,-0.00459449,-0.00728617,0,0.901
-0.00116226,0,-0.00436017,-0.00730457,0,0.901
-0.00137296,0,-0.00413084,-0.00736663,0,0.9
-0.0023989,0,-0.00445825,-0.00766974,0,0.9
-0.00351482,0,-0.00495346,-0.00815905,0,0.9
-0.00397673,0,-0.00508744,-0.00991884,0,0.901
-0.00392161,0,-0.00487018,-0.0119839,0,0.902
-0.00381452,0,-0.00461046,-0.0144119,0,0.902
-0.0042923,0,-0.00485923,-0.0166418,0,0.903
-0.00447424,0,-0.00488743,-0.0195885,0,0.903
-0.00496546,0,-0.0052253,-0.022892,0,0.903
-0.00526258,0,-0.00358183,-0.0267923,0,0.901
-0.00501963,0,-0.00347809,-0.0296066,0,0.901
-0.00460508,0,-0.00339935,-0.0340993,0,0.901
-0.00467211,0,-0.00334678,-0.0377841,0,0.901
-0.004212,0,-0.00332512,-0.0417767,0,0.901
-0.00267408,0,-0.00332448,-0.0438858,0,0.901
-0.00267408,0,-0.00332448,0,0,0.901
-0.00267408,0,-0.00332448,0,0,0.901
-0.00267408,0,-0.00332448,0,0,0.901
-0.00267408,0,-0.00332448,0,0,0.901
-0.00267408,0,-0.00332448,0,0,0.901
-0.00267408,0,-0.00332448,0,0,0.901
0,-0.00432311,0,0,0,0.9
0,-0.00432311,0,0,0,0.9
0,-0.00432311,0,0,0,0.9
0,-0.00432311,0,0,0,0.9
0,-0.00432311,0,0,0,0.9
0,-0.00432311,0,0,0,0.9
0,-0.00432311,0,0,0,0.9
0,-0.00432311,0,0,0,0.9
-0.0251567,-0.00436063,0,0,0,0.725
0.00767663,-0.00423144,0,-0.0121904,0,0.894
0.00749981,-0.00409196,0,-0.0103608,0,0.908
0.0034198,-0.00403493,0,-0.00837362,0,0.908
0.00710776,-0.00363872,0,-0.00741829,0,0.908
0.00694489,-0.00333275,0,-0.00558465,0,0.905
0.00280746,-0.00347351,0,-0.00400566,0,0.906
0.0029994,-0.00319253,0,-0.00305577,0,0.906
-0.00149712,-0.00377787,0,-0.00203073,0,0.906
-0.00483973,-0.00444972,0,-0.00227697,0,0.906
-0.00830866,-0.00547989,0,-0.00284297,0,0.905
-0.00835652,-0.00568447,0,-0.00476725,0,0.904
-0.00700938,-0.00537239,0,-0.00696435,0,0.899
-0.00585778,-0.00499841,0,-0.00889189,0,0.899
-0.00228311,-0.00335154,0,-0.0109188,0,0.9
0.000146606,-0.00197674,0,-0.0114942,0,0.901
-0.00116978,-0.00250683,0,-0.0105072,0,0.9
-0.00123065,-0.00239015,0,-0.0104817,0,0.9
-0.00124306,-0.00225022,0,-0.0105532,0,0.9
-0.00206971,-0.00270204,0,-0.0106757,0,0.9
-0.00196927,-0.00252535,0,-0.0116156,0,0.9
-0.00141269,-0.0019825,0,-0.0125349,0,0.901
-8.37952e-05,-0.000748173,0,-0.0131902,0,0.901
-0.00137325,-0.00170927,0,-0.011725,0,0.902
-0.00216411,-0.00234291,0,-0.0120184,0,0.902
-0.0026444,-0.00183376,0,-0.0132179,0,0.9
-0.00320449,-0.00177658,0,-0.0143189,0,0.9
-0.00315157,-0.00173317,0,-0.0179036,0,0.9
-0.00271597,-0.00171035,0,-0.0207366,0,0.9
-0.00241294,-0.00169385,0,-0.0240183,0,0.9
-0.00148322,-0.00169189,0,-0.0261162,0,0.9
-0.00148322,-0.00169189,0,0,0,0.9
-0.00148322,-0.00169189,0,0,0,0.9
-0.00148322,-0.00169189,0,0,0,0.9
-0.00148322,-0.00169189,0,0,0,0.9
-0.00148322,-0.00169189,0,0,0,0.9
-0.00148322,-0.00169189,0,0,0,0.9
0,0,-0.00781595,0,0,0.899
0,0,-0.00781595,0,0,0.899
0,0,-0.00781595,0,0,0.899
0,0,-0.00781595,0,0,0.899
0,0,-0.00781595,0,0,0.899
0,0,-0.00781595,0,0,0.899
0,0,-0.00781595,0,0,0.899
0,0,-0.00781595,0,0,0.899
-0.05,0,-0.00786335,0,0,0.839
0.00469631,0,-0.00772435,-0.0133166,0,0.907
0.0146925,0,-0.0073773,-0.0121697,0,0.909
0.0113326,0,-0.00700601,-0.00905898,0,0.909
0.0128569,0,-0.00645451,-0.00708953,0,0.91
0.00752738,0,-0.00636521,-0.00468481,0,0.908
0.00156573,0,-0.00662575,-0.00289235,0,0.908
-0.000471359,0,-0.00662395,-0.00234642,0,0.909
-0.00196452,0,-0.00663479,-0.00212237,0,0.908
-0.00255912,0,-0.00653129,-0.00247167,0,0.907
-0.00207547,0,-0.00615444,-0.00293348,0,0.906
-0.00206202,0,-0.00588444,-0.00337366,0,0.906
-0.00229902,0,-0.00570082,-0.00367855,0,0.906
-0.00140833,0,-0.00503994,-0.00415116,0,0.905
-0.00118283,0,-0.00461449,-0.0045174,0,0.905
-0.00206749,0,-0.00475655,-0.00443008,0,0.905
-0.00185849,0,-0.00431917,-0.00517291,0,0.901
-0.00259734,0,-0.00449083,-0.00586443,0,0.9
-0.00299744,0,-0.00452346,-0.00668507,0,0.901
-0.00288086,0,-0.00422454,-0.00837363,0,0.902
-0.00349694,0,-0.00448367,-0.00968164,0,0.902
-0.00358127,0,-0.00437999,-0.0118211,0,0.903
-0.00410653,0,-0.0046638,-0.0143065,0,0.903
-0.00461804,0,-0.00499068,-0.0171561,0,0.904
-0.0047482,0,-0.00500593,-0.0209678,0,0.903
-0.00487619,0,-0.00361595,-0.0250151,0,0.902
-0.00482522,0,-0.00351765,-0.0276684,0,0.902
-0.00459797,0,-0.00344073,-0.0321349,0,0.902
-0.00466503,0,-0.00339095,-0.0359733,0,0.902
-0.00405325,0,-0.00336808,-0.0402169,0,0.902
-0.00257654,0,-0.00336677,-0.0428983,0,0.902
-0.00257654,0,-0.00336677,0,0,0.902
-0.00257654,0,-0.00336677,0,0,0.902
-0.00257654,0,-0.00336677,0,0,0.902
-0.00257654,0,-0.00336677,0,0,0.902
-0.00257654,0,-0.00336677,0,0,0.902
-0.00257654,0,-0.00336677,0,0,0.902
0,-0.00354114,0,0,0,0.9
0,-0.00354114,0,0,0,0.9
0,-0.00354114,0,0,0,0.9
0,-0.00354114,0,0,0,0.9
0,-0.00354114,0,0,0,0.9
0,-0.00354114,0,0,0,0.9
0,-0.00354114,0,0,0,0.9
0,-0.00354114,0,0,0,0.9
-0.0193827,-0.00356229,0,0,0,0.7
0.00765171,-0.00346631,0,-0.0113831,0,0.894
0.00254791,-0.00343108,0,-0.00961651,0,0.908
-0.000810769,-0.00344406,0,-0.00853575,0,0.905
0.00526037,-0.00303282,0,-0.0081883,0,0.906
0.00890394,-0.00248065,0,-0.00668444,0,0.904
0.00985527,-0.00198483,0,-0.00444725,0,0.905
0.0102465,-0.00145066,0,-0.00234883,0,0.904
0.00470978,-0.00197759,0,0.000119286,0,0.905
0.000254718,-0.0026653,0,0.00150499,0,0.905
-0.00695319,-0.00447755,0,0.00184748,0,0.905
-0.010784,-0.00585385,0,-0.000204486,0,0.906
-0.0105942,-0.00613341,0,-0.00373059,0,0.905
-0.00969239,-0.00618268,0,-0.00716076,0,0.904
-0.00465858,-0.00407493,0,-0.0102838,0,0.905
-0.00194512,-0.0027016,0,-0.011668,0,0.905
-0.00140307,-0.00230835,0,-0.011668,0,0.905
-0.00102171,-0.00196587,0,-0.0115667,0,0.905
-0.000417197,-0.00143935,0,-0.0113031,0,0.905
-0.00164017,-0.0021747,0,-0.0103319,0,0.905
-0.00170529,-0.00214066,0,-0.0101868,0,0.905
-0.00191464,-0.00223264,0,-0.0107819,0,0.905
-0.000852846,-0.00127789,0,-0.0111711,0,0.906
-0.00192298,-0.00212122,0,-0.0108687,0,0.906
-0.0015022,-0.00168692,0,-0.0114666,0,0.906
-0.0021354,-0.00173302,0,-0.0117198,0,0.905
-0.00330873,-0.0016885,0,-0.0124964,0,0.905
-0.00394809,-0.00165363,0,-0.0140745,0,0.905
-0.00397767,-0.00162925,0,-0.018314,0,0.905
-0.00346309,-0.00161618,0,-0.0224337,0,0.905
-0.00298001,-0.00161412,0,-0.0281587,0,0.905
-0.00298001,-0.00161412,0,-0.0281587,0,0.905
-0.00298001,-0.00161412,0,0,0,0.905
-0.00298001,-0.00161412,0,0,0,0.905
-0.00298001,-0.00161412,0,0,0,0.905
-0.00298001,-0.00161412,0,0,0,0.905
-0.00298001,-0.00161412,0,0,0,0.905
-0.00298001,-0.00161412,0,0,0,0.905
0,0,-0.00665901,0,0,0.904
0,0,-0.00665901,0,0,0.904
0,0,-0.00665901,0,0,0.904
0,0,-0.00665901,0,0,0.904
0,0,-0.00665901,0,0,0.904
0,0,-0.00665901,0,0,0.904
0,0,-0.00665901,0,0,0.904
-0.05,0,-0.00666387,0,0,0.871
-0.05,0,-0.00686048,0,0,0.889
0.009553,0,-0.00642493,-0.0107344,0,0.912
0.00951003,0,-0.00609312,-0.0087398,0,0.91
0.0125808,0,-0.00556499,-0.00709421,0,0.911
0.00625884,0,-0.00557502,-0.00497216,0,0.909
-0.000138088,0,-0.00591056,-0.00321263,0,0.909
-0.00120374,0,-0.00584168,-0.00287262,0,0.908
-0.00209755,0,-0.00579714,-0.00293058,0,0.906
-0.00263417,0,-0.00573299,-0.00320455,0,0.906
-0.00327318,0,-0.0057324,-0.00348052,0,0.906
-0.00427953,0,-0.00589713,-0.00415358,0,0.905
-0.00470208,0,-0.00593976,-0.0049451,0,0.905
-0.00517087,0,-0.00603986,-0.00613204,0,0.905
-0.00500875,0,-0.00589112,-0.00755006,0,0.905
-0.00427557,0,-0.00542882,-0.00893098,0,0.904
-0.00497481,0,-0.00570635,-0.0101345,0,0.904
-0.00556241,0,-0.00598507,-0.011712,0,0.904
-0.00611903,0,-0.00630129,-0.0136338,0,0.904
-0.00595386,0,-0.00616093,-0.018842,0,0.905
-0.00597229,0,-0.00614256,-0.018842,0,0.905
-0.00589744,0,-0.00605517,-0.0216082,0,0.906
-0.00564096,0,-0.00581151,-0.0245019,0,0.906
-0.006539,0,-0.00655489,-0.0274769,0,0.907
-0.00656858,0,-0.00657758,-0.0310941,0,0.907
-0.00671196,0,-0.00638092,-0.0356099,0,0.906
-0.00679436,0,-0.00637362,-0.039676,0,0.906
-0.00640003,0,-0.00636764,-0.0405345,0,0.906
-0.0057361,0,-0.00636341,-0.0448979,0,0.906
-0.00559815,0,-0.0063609,-0.0473085,0,0.906
-0.00446259,0,-0.00636021,-0.0499436,0,0.906
-0.00446259,0,-0.00636021,-0.0504496,0,0.906
-0.00446259,0,-0.00636021,0,0,0.906
-0.00446259,0,-0.00636021,0,0,0.906
-0.00446259,0,-0.00636021,0,0,0.906
-0.00446259,0,-0.00636021,0,0,0.906
-0.00446259,0,-0.00636021,0,0,0.906
-0.00446259,0,-0.00636021,0,0,0.906
0,-0.000699438,0,0,0,0.903
0,-0.000699438,0,0,0,0.903
0,-0.000699438,0,0,0,0.903
0,-0.000699438,0,0,0,0.903
0,-0.000699438,0,0,0,0.903
0,-0.000699438,0,0,0,0.903
0,-0.000699438,0,0,0,0.903
0,-0.000699438,0,0,0,0.903
-0.0258907,-0.000815296,0,0,0,0.741
0.0147178,-0.0005211,0,-0.0133735,0,0.891
0.00598898,-0.000529132,0,-0.00997137,0,0.904
0.00747626,-0.000329003,0,-0.00835499,0,0.903
0.00623015,-0.000213005,0,-0.00666918,0,0.902
0.00507473,-0.000125385,0,-0.00497033,0,0.902
0.00681325,0.000297313,0,-0.00369105,0,0.902
0.00225794,-0.000199556,0,-0.00177504,0,0.903
0.00146025,-0.000248205,0,-0.00126613,0,0.903
-0.00295484,-0.00126842,0,-0.000493115,0,0.902
-0.00546908,-0.00211736,0,-0.00149545,0,0.902
-0.00759148,-0.00307116,0,-0.00284833,0,0.902
-0.00737776,-0.00332677,0,-0.0055009,0,0.901
-0.00429357,-0.00229059,0,-0.00821573,0,0.901
-0.00324078,-0.00195108,0,-0.00947786,0,0.901
-0.000771535,-0.000738542,0,-0.010732,0,0.901
-0.00139169,-0.00110822,0,-0.0103354,0,0.902
-0.00112252,-0.000969841,0,-0.0103144,0,0.902
-0.00213294,-0.00168355,0,-0.0102422,0,0.902
-0.00240332,-0.00194704,0,-0.0109399,0,0.902
-0.00138401,-0.00123052,0,-0.0121588,0,0.902
-0.00285361,-0.00245897,0,-0.0121393,0,0.902
-0.00080064,-0.000786717,0,-0.0141823,0,0.903
-0.0019666,-0.00183501,0,-0.0134784,0,0.903
-0.00251192,-0.00237767,0,-0.0140232,0,0.903
-0.00264874,-0.00242364,0,-0.0153689,0,0.903
-0.00369358,-0.00246085,0,-0.016068,0,0.903
-0.00401668,-0.00248252,0,-0.0190098,0,0.903
-0.0042625,-0.00250247,0,-0.0244471,0,0.903
-0.00367762,-0.00251147,0,-0.0297313,0,0.903
-0.00205487,-0.00251192,0,-0.0340391,0,0.903
-0.00205487,-0.00251192,0,0,0,0.903
-0.00205487,-0.00251192,0,0,0,0.903
-0.00205487,-0.00251192,0,0,0,0.903
-0.00205487,-0.00251192,0,0,0,0.903
-0.00205487,-0.00251192,0,0,0,0.903
-0.00205487,-0.00251192,0,0,0,0.903
0,0,-0.00738527,0,0,0.901
0,0,-0.00738527,0,0,0.901
0,0,-0.00738527,0,0,0.901
0,0,-0.00738527,0,0,0.901
0,0,-0.00738527,0,0,0.901
0,0,-0.00738527,0,0,0.901
0,0,-0.00738527,0,0,0.901
0,0,-0.00738527,0,0,0.901
-0.044888,0,-0.00748972,0,0,0.771
0.0144393,0,-0.00717505,-0.015652,0,0.897
0.0119793,0,-0.00694917,-0.0124763,0,0.91
0.0112233,0,-0.00662037,-0.0096633,0,0.91
0.0157685,0,-0.00574319,-0.00734083,0,0.911
0.00967436,0,-0.00567248,-0.00410435,0,0.909
0.00886263,0,-0.00520524,-0.00229851,0,0.907
0.00422879,0,-0.00537738,-0.000457942,0,0.903
-0.000905003,0,-0.00600445,0.000603864,0,0.903
-0.00477083,0,-0.00671611,0.000694675,0,0.903
-0.00599523,0,-0.0069668,-0.000489889,0,0.903
-0.0077934,0,-0.00752767,-0.00187902,0,0.902
-0.00519012,0,-0.00651093,-0.00402838,0,0.901
-0.00246459,0,-0.00517672,-0.00586207,0,0.9
-0.00278045,0,-0.00509436,-0.0065382,0,0.901
-0.00458459,0,-0.00585599,-0.00698879,0,0.902
-0.00453446,0,-0.00568788,-0.00848848,0,0.902
-0.00500276,0,-0.0058511,-0.010422,0,0.902
-0.00508247,0,-0.00579366,-0.0124785,0,0.902
-0.00534307,0,-0.00588385,-0.0148571,0,0.903
-0.00473505,0,-0.00532196,-0.0177983,0,0.903
-0.00361767,0,-0.00430383,-0.0203462,0,0.904
-0.00311401,0,-0.00373043,-0.0225231,0,0.904
-0.00306803,0,-0.0035427,-0.0238084,0,0.904
-0.004139,0,-0.00439689,-0.0253097,0,0.904
-0.00505818,0,-0.00336435,-0.0269906,0,0.902
-0.00489855,0,-0.00327494,-0.029309,0,0.902
-0.00438623,0,-0.00320778,-0.0334444,0,0.902
-0.0049491,0,-0.00316396,-0.0362686,0,0.902
-0.00425924,0,-0.00314753,-0.0404783,0,0.902
-0.00253344,0,-0.00314739,-0.0434113,0,0.902
-0.00253344,0,-0.00314739,0,0,0.902
-0.00253344,0,-0.00314739,0,0,0.902
-0.00253344,0,-0.00314739,0,0,0.902
-0.00253344,0,-0.00314739,0,0,0.902
-0.00253344,0,-0.00314739,0,0,0.902
-0.00253344,0,-0.00314739,0,0,0.902
0,-0.00547906,0,0,0,0.901
0,-0.00547906,0,0,0,0.901
0,-0.00547906,0,0,0,0.901
0,-0.00547906,0,0,0,0.901
0,-0.00547906,0,0,0,0.901
0,-0.00547906,0,0,0,0.901
0,-0.00547906,0,0,0,0.901
0,-0.00547906,0,0,0,0.901
-0.0291563,-0.00554631,0,0,0,0.702
0.00967508,-0.00534706,0,-0.0154352,0,0.892
0.00453551,-0.00526862,0,-0.0128842,0,0.909
0.00564847,-0.0050435,0,-0.0111438,0,0.909
0.0116411,-0.00440752,0,-0.00969119,0,0.907
0.00883573,-0.0041621,0,-0.00691587,0,0.901
0.00924713,-0.00364736,0,-0.00497937,0,0.901
0.0114326,-0.00276503,0,-0.00251009,0,0.901
0.00811772,-0.00274568,0,0.000644068,0,0.899
0.000705032,-0.00397785,0,0.00271721,0,0.9
-0.00334794,-0.00486818,0,0.00295494,0,0.901
-0.00831073,-0.00642251,0,0.0018116,0,0.901
-0.00849654,-0.00663247,0,-0.000916952,0,0.9
-0.00700884,-0.00613735,0,-0.00437192,0,0.901
-0.00493577,-0.00521826,0,-0.00754587,0,0.901
-0.00456093,-0.00499251,0,-0.00919119,0,0.901
-0.00337765,-0.00426115,0,-0.0109476,0,0.901
-0.00405377,-0.00458328,0,-0.0121705,0,0.901
-0.00388445,-0.00440068,0,-0.013824,0,0.901
-0.00342384,-0.00399428,0,-0.015778,0,0.901
-0.00330889,-0.00379547,0,-0.0176446,0,0.902
-0.0023229,-0.0029011,0,-0.0187436,0,0.902
-0.000595117,-0.00130421,0,-0.0204498,0,0.902
-0.00118343,-0.00165862,0,-0.0183635,0,0.902
-0.000373339,-0.000781475,0,-0.018691,0,0.902
-0.00100703,-0.00106389,0,-0.0168621,0,0.9
-0.00275523,-0.000965072,0,-0.0152042,0,0.9
-0.00371607,-0.000890824,0,-0.016642,0,0.9
-0.00397247,-0.000843212,0,-0.0210309,0,0.9
-0.00323438,-0.000824307,0,-0.0261844,0,0.9
-0.00162431,-0.000824065,0,-0.0298597,0,0.9
-0.00162431,-0.000824065,0,0,0,0.9
-0.00162431,-0.000824065,0,0,0,0.9
-0.00162431,-0.000824065,0,0,0,0.9
-0.00162431,-0.000824065,0,0,0,0.9
-0.00162431,-0.000824065,0,0,0,0.9
-0.00162431,-0.000824065,0,0,0,0.9
0,0,-0.00872799,0,0,0.9
0,0,-0.00872799,0,0,0.9
0,0,-0.00872799,0,0,0.9
0,0,-0.00872799,0,0,0.9
0,0,-0.00872799,0,0,0.9
0,0,-0.00872799,0,0,0.9
0,0,-0.00872799,0,0,0.9
0,0,-0.00872799,0,0,0.9
-0.05,0,-0.00879786,0,0,0.822
0.00387995,0,-0.00862275,-0.0139283,0,0.905
0.00792709,0,-0.00837801,-0.0127234,0,0.909
0.0113791,0,-0.00783399,-0.0106272,0,0.909
0.0118254,0,-0.00732058,-0.00891706,0,0.91
0.00550364,0,-0.00733886,-0.00603288,0,0.908
0.00302812,0,-0.00719156,-0.00487196,0,0.907
-0.000571805,0,-0.00736959,-0.00398034,0,0.908
-0.00385491,0,-0.0077245,-0.00362814,0,0.908
-0.00516652,0,-0.00784223,-0.00410885,0,0.907
-0.004698,0,-0.00754653,-0.00512584,0,0.907
-0.00625379,0,-0.00787887,-0.00602967,0,0.903
-0.00480243,0,-0.00718773,-0.00745799,0,0.902
-0.00311523,0,-0.0062496,-0.00885366,0,0.902
-0.0021224,0,-0.0054828,-0.00954621,0,0.902
-0.00207351,0,-0.00512744,-0.00983451,0,0.902
-0.00294392,0,-0.00530452,-0.0101739,0,0.901
-0.00384653,0,-0.00560114,-0.0109272,0,0.901
-0.00434982,0,-0.00571592,-0.0124109,0,0.901
-0.0045329,0,-0.0056563,-0.014066,0,0.902
-0.00391749,0,-0.00500313,-0.016499,0,0.903
-0.00269078,0,-0.00380547,-0.0186428,0,0.903
-0.00286062,0,-0.00372871,-0.0203425,0,0.904
-0.00340628,0,-0.0040088,-0.0211676,0,0.904
-0.00381335,0,-0.00421786,-0.0234796,0,0.904
-0.00468855,0,-0.00336786,-0.025483,0,0.902
-0.00438098,0,-0.00324554,-0.0277816,0,0.902
-0.00403005,0,-0.00315077,-0.0313075,0,0.902
-0.00405881,0,-0.00309071,-0.03396,0,0.902
-0.00331338,0,-0.00306517,-0.0371822,0,0.902
-0.00202939,0,-0.00306443,-0.0388383,0,0.902
-0.00202939,0,-0.00306443,0,0,0.902
-0.00202939,0,-0.00306443,0,0,0.902
-0.00202939,0,-0.00306443,0,0,0.902
-0.00202939,0,-0.00306443,0,0,0.902
-0.00202939,0,-0.00306443,0,0,0.902
-0.00202939,0,-0.00306443,0,0,0.902
0,-0.00381903,0,0,0,0.9
0,-0.00381903,0,0,0,0.9
0,-0.00381903,0,0,0,0.9
0,-0.00381903,0,0,0,0.9
0,-0.00381903,0,0,0,0.9
0,-0.00381903,0,0,0,0.9
0,-0.00381903,0,0,0,0.9
0,-0.00381903,0,0,0,0.9
-0.0277653,-0.00386767,0,0,0,0.7
0.00599192,-0.00374309,0,-0.0142073,0,0.89
0.00149527,-0.00371514,0,-0.0121884,0,0.908
0.0023895,-0.0035865,0,-0.0111028,0,0.906
0.0063364,-0.0032053,0,-0.0100306,0,0.905
0.00157427,-0.0033406,0,-0.00809134,0,0.902
0.00776543,-0.00241337,0,-0.00731279,0,0.9
0.00278554,-0.00278398,0,-0.00551778,0,0.901
0.00136691,-0.00280372,0,-0.00419941,0,0.901
-0.00569388,-0.00426344,0,-0.00340282,0,0.902
-0.00830377,-0.00508057,0,-0.0046607,0,0.902
-0.0132273,-0.00690068,0,-0.00690804,0,0.902
-0.0111355,-0.00658009,0,-0.0110417,0,0.9
-0.00815011,-0.00566618,0,-0.014307,0,0.9
-0.00539833,-0.00456928,0,-0.0173746,0,0.901
-0.0034062,-0.00360231,0,-0.0189044,0,0.901
-0.0024801,-0.00304965,0,-0.019636,0,0.901
-0.00332046,-0.0035081,0,-0.0194789,0,0.901
-0.00339121,-0.0035267,0,-0.0204973,0,0.901
-0.00313248,-0.00331839,0,-0.0211792,0,0.901
-0.00162421,-0.00212242,0,-0.0224328,0,0.901
-0.00266969,-0.00288316,0,-0.0221156,0,0.901
-0.00104969,-0.00145804,0,-0.0226461,0,0.901
-0.00108449,-0.00139598,0,-0.0221062,0,0.902
-0.00157396,-0.00175989,0,-0.0209129,0,0.902
-0.00162767,-0.0017749,0,-0.0200327,0,0.9
-0.00218881,-0.00172795,0,-0.0195624,0,0.9
-0.0035113,-0.0016923,0,-0.0195792,0,0.9
-0.00337321,-0.00166892,0,-0.0227754,0,0.9
-0.00258183,-0.00166002,0,-0.0264017,0,0.9
-0.00128309,-0.00165841,0,-0.0290236,0,0.9
-0.00128309,-0.00165841,0,0,0,0.9
-0.00128309,-0.00165841,0,0,0,0.9
-0.00128309,-0.00165841,0,0,0,0.9
-0.00128309,-0.00165841,0,0,0,0.9
-0.00128309,-0.00165841,0,0,0,0.9
-0.00128309,-0.00165841,0,0,0,0.9
0,0,-0.00808895,0,0,0.899
0,0,-0.00808895,0,0,0.899
0,0,-0.00808895,0,0,0.899
0,0,-0.00808895,0,0,0.899
0,0,-0.00808895,0,0,0.899
0,0,-0.00808895,0,0,0.899
0,0,-0.00808895,0,0,0.899
0,0,-0.00808895,0,0,0.899
-0.0368371,0,-0.00811726,0,0,0.876
-0.00342407,0,-0.00805513,-0.00734669,0,0.91
0.00637171,0,-0.00780893,-0.00755992,0,0.911
0.00327769,0,-0.00760514,-0.00601614,0,0.907
0.00933078,0,-0.00693106,-0.00563264,0,0.907
0.00233788,0,-0.00709704,-0.00380966,0,0.906
-0.00156345,0,-0.00725861,-0.00284698,0,0.907
-0.00314636,0,-0.00728204,-0.00289259,0,0.907
-0.00337301,0,-0.00713146,-0.00318413,0,0.906
-0.00420858,0,-0.00713797,-0.00388986,0,0.906
-0.00588572,0,-0.00744948,-0.00422636,0,0.905
-0.0052363,0,-0.00712875,-0.00565921,0,0.905
-0.00539982,0,-0.00705797,-0.0067265,0,0.906
-0.00462809,0,-0.00658958,-0.00792813,0,0.905
-0.00334015,0,-0.00579695,-0.00922538,0,0.905
-0.00334386,0,-0.00555743,-0.00980297,0,0.904
-0.00328234,0,-0.00526105,-0.0107937,0,0.9
-0.00315455,0,-0.00494491,-0.0119135,0,0.9
-0.00435458,0,-0.00553179,-0.0126111,0,0.9
-0.00456209,0,-0.00551715,-0.014619,0,0.901
-0.00464269,0,-0.00542495,-0.0168124,0,0.901
-0.00426519,0,-0.0049809,-0.0194093,0,0.902
-0.00411406,0,-0.00470569,-0.0218788,0,0.902
-0.00413091,0,-0.00458177,-0.0243066,0,0.902
-0.0040526,0,-0.00438688,-0.0271061,0,0.902
-0.00436726,0,-0.00352332,-0.028986,0,0.901
-0.00392983,0,-0.00341746,-0.0306947,0,0.901
-0.003937,0,-0.00333669,-0.0330327,0,0.901
-0.004005,0,-0.00328317,-0.0354757,0,0.901
-0.00366507,0,-0.00325902,-0.0382531,0,0.901
-0.00239351,0,-0.00325782,-0.0398499,0,0.901
-0.00239351,0,-0.00325782,0,0,0.901
-0.00239351,0,-0.00325782,0,0,0.901
-0.00239351,0,-0.00325782,0,0,0.901
-0.00239351,0,-0.00325782,0,0,0.901
-0.00239351,0,-0.00325782,0,0,0.901
-0.00239351,0,-0.00325782,0,0,0.901
0,-0.00424681,0,0,0,0.9
0,-0.00424681,0,0,0,0.9
0,-0.00424681,0,0,0,0.9
0,-0.00424681,0,0,0,0.9
0,-0.00424681,0,0,0,0.9
0,-0.00424681,0,0,0,0.9
0,-0.00424681,0,0,0,0.9
0,-0.00424681,0,0,0,0.9
-0.0358657,-0.00429439,0,0,0,0.721
0.0142972,-0.00411102,0,-0.0164623,0,0.887
0.0136791,-0.00390754,0,-0.013247,0,0.906
0.00972408,-0.00373769,0,-0.0101521,0,0.906
0.0113497,-0.00333243,0,-0.00790854,0,0.908
0.00635742,-0.00333605,0,-0.00518454,0,0.907
0.00430259,-0.00324242,0,-0.00348911,0,0.906
0.00290868,-0.00315522,0,-0.00250622,0,0.906
-0.00152879,-0.00370049,0,-0.00150457,0,0.906
-0.00536764,-0.00451908,0,-0.00185575,0,0.906
-0.00695011,-0.00502529,0,-0.00262187,0,0.905
-0.0083939,-0.00563675,0,-0.00416541,0,0.904
-0.00691777,-0.00527254,0,-0.00604713,0,0.903
-0.0071249,-0.0055061,0,-0.00816183,0,0.899
-0.00338236,-0.00383622,0,-0.0104765,0,0.899
-0.000702678,-0.00238603,0,-0.0117378,0,0.899
-0.000837175,-0.0022867,0,-0.011399,0,0.899
3.52764e-05,-0.0015746,0,-0.0110965,0,0.899
0.000564436,-0.00101317,0,-0.010421,0,0.899
-7.7933e-05,-0.00125109,0,-0.00916376,0,0.899
-0.000147959,-0.00111909,0,-0.00863366,0,0.899
-0.000530138,-0.00125994,0,-0.00794604,0,0.9
0.000946092,0.000129826,0,-0.00815818,0,0.9
-0.000996231,-0.00139499,0,-0.00588881,0,0.901
-0.00121025,-0.00148502,0,-0.00672551,0,0.901
-0.00175795,-0.00151415,0,-0.00762179,0,0.9
-0.00246844,-0.00144656,0,-0.00897224,0,0.9
-0.0029334,-0.00139382,0,-0.0120335,0,0.9
-0.00272676,-0.00135723,0,-0.0167368,0,0.9
-0.00246072,-0.00133807,0,-0.0204655,0,0.9
-0.0015311,-0.00133542,0,-0.0235129,0,0.9
-0.0015311,-0.00133542,0,0,0,0.9
-0.0015311,-0.00133542,0,0,0,0.9
-0.0015311,-0.00133542,0,0,0,0.9
-0.0015311,-0.00133542,0,0,0,0.9
-0.0015311,-0.00133542,0,0,0,0.9
-0.0015311,-0.00133542,0,0,0,0.9
0,0,-0.00689323,0,0,0.9
0,0,-0.00689323,0,0,0.9
0,0,-0.00689323,0,0,0.9
0,0,-0.00689323,0,0,0.9
0,0,-0.00689323,0,0,0.9
0,0,-0.00689323,0,0,0.9
0,0,-0.00689323,0,0,0.9
0,0,-0.00689323,0,0,0.9
-0.05,0,-0.00693193,0,0,0.846
-0.00119897,0,-0.00685394,-0.0118313,0,0.905
0.00594436,0,-0.00665335,-0.0115943,0,0.91
-0.000204763,0,-0.00661658,-0.00976561,0,0.908
0.00781575,0,-0.00594358,-0.00957655,0,0.91
0.00198667,0,-0.00606454,-0.00761107,0,0.907
-0.000354448,0,-0.00607238,-0.00676381,0,0.907
-0.000886433,0,-0.005921,-0.00643535,0,0.906
-0.00229545,0,-0.00596908,-0.00613862,0,0.906
-0.0029935,0,-0.00594593,-0.00634188,0,0.906
-0.00281703,0,-0.0057194,-0.00663162,0,0.905
-0.00382689,0,-0.00586552,-0.00691344,0,0.904
-0.00452356,0,-0.00598563,-0.00737847,0,0.904
-0.00415169,0,-0.00570918,-0.00828977,0,0.904
-0.00346104,0,-0.00524105,-0.00916396,0,0.904
-0.00291977,0,-0.00477809,-0.00986196,0,0.903
-0.00329302,0,-0.00477902,-0.0107344,0,0.899
-0.00469279,0,-0.00549335,-0.0116311,0,0.899
-0.0051343,0,-0.0056929,-0.0133669,0,0.9
-0.00568393,0,-0.00601234,-0.0157237,0,0.9
-0.00565987,0,-0.00594246,-0.0187603,0,0.901
-0.00491687,0,-0.00528788,-0.0220695,0,0.901
-0.00433432,0,-0.00471634,-0.0253344,0,0.901
-0.00513085,0,-0.00533452,-0.0273602,0,0.902
-0.00504938,0,-0.00520477,-0.0309976,0,0.902
-0.00527318,0,-0.00383987,-0.0343154,0,0.9
-0.00520625,0,-0.00376884,-0.036364,0,0.9
-0.00493144,0,-0.00371464,-0.0398858,0,0.9
-0.00484189,0,-0.00367872,-0.0439382,0,0.9
-0.00444288,0,-0.00366252,-0.0472202,0,0.9
-0.00282653,0,-0.00366171,-0.0497051,0,0.9
-0.00282653,0,-0.00366171,0,0,0.9
-0.00282653,0,-0.00366171,0,0,0.9
-0.00282653,0,-0.00366171,0,0,0.9
-0.00282653,0,-0.00366171,0,0,0.9
-0.00282653,0,-0.00366171,0,0,0.9
-0.00282653,0,-0.00366171,0,0,0.9
0,-0.00469182,0,0,0,0.9
0,-0.00469182,0,0,0,0.9
0,-0.00469182,0,0,0,0.9
0,-0.00469182,0,0,0,0.9
0,-0.00469182,0,0,0,0.9
0,-0.00469182,0,0,0,0.9
0,-0.00469182,0,0,0,0.9
0,-0.00469182,0,0,0,0.9
0,-0.00468833,0,0,0,0.9
0,-0.00465891,0,-0.0145641,0,0.9
0,-0.00460129,0,-0.0132486,0,0.9
0,-0.00451755,0,-0.00990593,0,0.9
0,-0.00440978,0,-0.00385232,0,0.9
0,-0.00428006,0,-0.00385232,0,0.9
0,-0.00413048,0,-0.00246455,0,0.9
0,-0.00396312,0,-0.000991819,0,0.9
0,-0.00378007,0,-5.44161e-05,0,0.9
0,-0.00358341,0,-0.000535385,0,0.9
0,-0.00337524,0,-0.00134339,0,0.9
0,-0.00315762,0,-0.00314599,0,0.9
0,-0.00293266,0,-0.00605935,0,0.9
0,-0.00270243,0,-0.00782537,0,0.9
0,-0.00246902,0,-0.010157,0,0.9
0,-0.00223452,0,-0.0118859,0,0.9
0,-0.00200101,0,-0.0127253,0,0.9
0,-0.00177057,0,-0.0139832,0,0.9
0,-0.00154529,0,-0.013692,0,0.9
0,-0.00132726,0,-0.0130901,0,0.9
0,-0.00111856,0,-0.0123105,0,0.9
0,-0.000921281,0,-0.0118144,0,0.9
0,-0.000737501,0,-0.0132463,0,0.9
0,-0.000569308,0,-0.0129738,0,0.9
0,-0.000418788,0,-0.0139235,0,0.9
0,-0.000288026,0,-0.0157125,0,0.9
0,-0.000179107,0,-0.0173965,0,0.9
0,-9.41161e-05,0,-0.0200019,0,0.9
0,-3.51388e-05,0,-0.0238714,0,0.9
0,-4.26032e-06,0,-0.0265703,0,0.9
0,0,0,-0.0263509,0,0.9
0,0,0,0,0,0.9
0,0,0,0,0,0.9
0,0,0,0,0,0.9
0,0,0,0,0,0.9
0,0,0,0,0,0.9
0,0,0,0,0,0.9
0,0,0,0,0,0.9
0,0,0,0,0,0.9
0,0,0,0,0,0.9
0,0,0,0,0,0.9
0,0,0,0,0,0.9
0,0,0,0,0,0.9
0,0,0,0,0,0.9
0,0,0,0,0,0.9
0,0,0,0,0,0.9
0,0,0,0,0,0.9
0,0,0,0,0,0.9
0,0,0,0,0,0.9
0,0,0,0,0,0.9
0,0,0,0,0,0.9
0,0,0,0,0,0.9
0,0,0,0,0,0.9
0,0,0,0,0,0.9
0,0,0,0,0,0.9
0,0,0,0,0,0.9
0,0,0,0,0,0.9
0,0,0,0,0,0.9
0,0,0,0,0,0.9
0,0,0,0,0,0.9
0,0,0,0,0,0.9
0,0,0,0,0,0.9
0,0,0,0,0,0.9
0,0,0,0,0,0.9
0,0,0,0,0,0.9
0,0,0,0,0,0.9
0,0,0,0,0,0.9
0,0,0,0,0,0.9
0,0,0,0,0,0.9
0,0,0,0,0,0.9
0,0,0,0,0,0.9
0,0,0,0,0,0.9
0,0,0,0,0,0.9
0,0,0,0,0,0.9
0,0,0,0,0,0.9
0,0,0,0,0,0.9
0,0,0,0,0,0.9
0,0,0,0,0,0.9
0,0,0,0,0,0.9
0,0,0,0,0,0.9
0,0,0,0,0,0.9
0,0,0,0,0,0.9
0,0,0,0,0,0.9
0,0,0,0,0,0.9
0,0,0,0,0,0.9
0,0,0,0,0,0.9
0,0,0,0,0,0.9
0,0,0,0,0,0.9
0,0,0,0,0,0.9
0,0,0,0,0,0.9
0,0,0,0,0,0.9
