-0.104329,-0.077754,2.83396e-05,0,-0.0142962,-0.104327,-0.101635
-0.104329,-0.0766995,2.93329e-05,-2.40887e-07,-0.0142868,-0.104321,-0.101617
-0.104329,-0.0764827,2.94171e-05,-8.16618e-07,-0.0142826,-0.104315,-0.101542
-0.104329,-0.0765551,2.91783e-05,-1.40403e-06,-0.014273,-0.104309,-0.101569
-0.104329,-0.076702,2.88465e-05,-1.99023e-06,-0.014273,-0.104302,-0.101621
-0.104329,-0.0770425,2.82961e-05,-2.57081e-06,-0.0142741,-0.104295,-0.101749
-0.104329,-0.0776788,2.74203e-05,-3.14278e-06,-0.0142745,-0.104288,-0.101992
-0.104329,-0.0781001,2.67634e-05,-3.70082e-06,-0.0142747,-0.104281,-0.102145
-0.104329,-0.078374,2.62536e-05,-4.24331e-06,-0.0142595,-0.104274,-0.102241
-0.104329,-0.079032,2.53268e-05,-4.77399e-06,-0.0142141,-0.104266,-0.102493
-0.104329,-0.0799459,2.41214e-05,-5.29073e-06,-0.0141177,-0.104258,-0.10284
-0.104329,-0.0811016,2.26546e-05,-5.78641e-06,-0.0140619,-0.10425,-0.10328
-0.104329,-0.082181,2.12661e-05,-6.25564e-06,-0.0140363,-0.104241,-0.103685
-0.104329,-0.0828515,2.03098e-05,-6.69624e-06,-0.0140269,-0.104232,-0.103928
-0.104329,-0.0839937,1.88497e-05,-7.11295e-06,-0.0140166,-0.104222,-0.104367
-0.104329,-0.0853069,1.72082e-05,-7.50601e-06,-0.0140128,-0.104213,-0.104866
-0.104329,-0.0866377,1.55498e-05,-7.86822e-06,-0.0140081,-0.104203,-0.105369
-0.104329,-0.0880462,1.3812e-05,-8.19746e-06,-0.0139942,-0.104193,-0.105902
-0.104329,-0.0895532,1.19739e-05,-8.49282e-06,-0.0140003,-0.104182,-0.106473
-0.104329,-0.0914223,9.75729e-06,-8.75252e-06,-0.0139962,-0.104171,-0.107186
-0.104329,-0.0931209,7.73039e-06,-8.97205e-06,-0.0139972,-0.10416,-0.107824
-0.104329,-0.0951031,5.4114e-06,-9.14895e-06,-0.0139878,-0.104147,-0.108578
-0.104329,-0.0967797,3.42839e-06,-9.28269e-06,-0.013968,-0.104134,-0.109205
-0.104329,-0.098348,1.57154e-06,-9.37307e-06,-0.013943,-0.10412,-0.109791
-0.104329,-0.100575,-9.73329e-07,-9.42492e-06,-0.0139486,-0.104105,-0.110642
-0.104329,-0.10254,-3.22398e-06,-9.43345e-06,-0.0139033,-0.104089,-0.111376
-0.104329,-0.104329,-5.27223e-06,-9.39373e-06,-0.0138883,-0.104072,-0.112043
-0.104329,-0.106443,-7.65049e-06,-9.31081e-06,-0.0138676,-0.104053,-0.11284
-0.104329,-0.108607,-1.0065e-05,-9.18396e-06,-0.0138527,-0.104033,-0.11365
-0.104329,-0.11014,-1.17919e-05,-9.00922e-06,-0.013847,-0.104011,-0.114205
-0.104329,-0.11173,-1.35638e-05,-8.79238e-06,-0.0136992,-0.103986,-0.114789
-0.104329,-0.112138,-1.4067e-05,-8.5406e-06,-0.013944,-0.103959,-0.114898
-0.104329,-0.112869,-1.49041e-05,-8.26479e-06,-0.0139392,-0.103929,-0.115152
-0.104329,-0.112878,-1.49664e-05,-7.97592e-06,-0.0137196,-0.103897,-0.115111
-0.104329,-0.111666,-1.37294e-05,-7.67728e-06,-0.0139339,-0.103861,-0.11459
-0.104329,-0.111493,-1.35983e-05,-7.38908e-06,-0.0135239,-0.103823,-0.1145
-0.104329,-0.116524,-1.89942e-05,-7.11567e-06,-0.0139505,-0.103781,-0.11647
-0.104329,-0.122558,-2.54321e-05,-6.79514e-06,-0.0139631,-0.103736,-0.118756
-0.104329,-0.123101,-2.60139e-05,-6.35732e-06,-0.0139457,-0.103688,-0.118832
-0.104329,-0.122397,-2.52668e-05,-5.84344e-06,-0.013654,-0.103636,-0.11849
-0.104329,-0.118961,-2.16231e-05,-5.32988e-06,-0.0138116,-0.103579,-0.117072
-0.104329,-0.11605,-1.85541e-05,-4.85734e-06,-0.0136692,-0.103519,-0.115902
-0.104329,-0.113874,-1.62833e-05,-4.4525e-06,-0.0135992,-0.103454,-0.115012
-0.104329,-0.11161,-1.3937e-05,-4.10186e-06,-0.0138247,-0.103384,-0.114072
-0.104329,-0.109668,-1.19542e-05,-3.79731e-06,-0.0136688,-0.103308,-0.113256
-0.104329,-0.107243,-9.47881e-06,-3.53641e-06,-0.0137669,-0.103227,-0.112236
-0.104329,-0.104929,-7.14775e-06,-3.3196e-06,-0.0138799,-0.103139,-0.111262
-0.104329,-0.102422,-4.63833e-06,-3.15101e-06,-0.0138245,-0.103045,-0.110202
-0.104329,-0.100038,-2.28944e-06,-3.03064e-06,-0.0135814,-0.102944,-0.109188
-0.104329,-0.097074,6.43665e-07,-2.95901e-06,-0.0138056,-0.102836,-0.107932
-0.104329,-0.0944863,3.14128e-06,-2.93962e-06,-0.013898,-0.102718,-0.106827
-0.104329,-0.093175,4.24793e-06,-2.97497e-06,-0.0139393,-0.102592,-0.106217
-0.104329,-0.0923494,4.80738e-06,-3.04776e-06,-0.0139555,-0.102457,-0.105772
-0.104329,-0.092097,4.72816e-06,-3.13775e-06,-0.0139611,-0.102311,-0.105538
-0.104329,-0.092447,3.98146e-06,-3.23319e-06,-0.0140694,-0.102154,-0.105525
-0.104329,-0.0933203,2.65372e-06,-3.32103e-06,-0.0139126,-0.101984,-0.1057
-0.104329,-0.0937846,1.73753e-06,-3.38871e-06,-0.0138677,-0.101802,-0.105692
-0.104329,-0.0943261,7.15639e-07,-3.43354e-06,-0.0140518,-0.101606,-0.105707
-0.104329,-0.095637,-1.14552e-06,-3.45909e-06,-0.0139767,-0.101395,-0.106013
-0.104329,-0.0974659,-3.5759e-06,-3.45665e-06,-0.0138765,-0.101167,-0.106497
-0.104329,-0.0988198,-5.51916e-06,-3.41187e-06,-0.0139429,-0.100921,-0.106766
-0.104329,-0.100527,-7.85539e-06,-3.32286e-06,-0.0138927,-0.100656,-0.107165
-0.104329,-0.102061,-1.00226e-05,-3.19145e-06,-0.0138939,-0.10037,-0.107469
-0.104329,-0.103349,-1.19433e-05,-3.01484e-06,-0.0138946,-0.100061,-0.107657
-0.104329,-0.104702,-1.3948e-05,-2.7971e-06,-0.0139003,-0.0997283,-0.107851
-0.104329,-0.105617,-1.55006e-05,-2.54019e-06,-0.0139062,-0.0993698,-0.107844
-0.104329,-0.106169,-1.66813e-05,-2.24726e-06,-0.0139117,-0.0989836,-0.10767
-0.104329,-0.106644,-1.77931e-05,-1.92662e-06,-0.0138916,-0.0985676,-0.107441
-0.104329,-0.106934,-1.87222e-05,-1.58299e-06,-0.0137653,-0.0981195,-0.107105
-0.104329,-0.106527,-1.8923e-05,-1.21876e-06,-0.013888,-0.0976368,-0.106457
-0.104329,-0.106,-1.901e-05,-8.42514e-07,-0.0138276,-0.097117,-0.10573
-0.104329,-0.105798,-1.94545e-05,-4.63271e-07,-0.0138537,-0.0965572,-0.105089
-0.104329,-0.105856,-2.01847e-05,-7.90707e-08,-0.0138847,-0.0959542,-0.104497
-0.104329,-0.106423,-2.14619e-05,3.16592e-07,-0.013723,-0.0953049,-0.104049
-0.104329,-0.106468,-2.21868e-05,7.31781e-07,-0.0137346,-0.0946059,-0.103325
-0.104329,-0.105976,-2.23441e-05,1.16754e-06,-0.0138267,-0.0938536,-0.102327
-0.104329,-0.10624,-2.33048e-05,1.6127e-06,-0.0138125,-0.0930438,-0.101564
-0.104329,-0.106704,-2.44746e-05,2.06822e-06,-0.0137473,-0.092172,-0.100789
-0.104329,-0.106609,-2.50428e-05,2.54485e-06,-0.0138036,-0.0912333,-0.0996995
-0.104329,-0.105468,-2.44929e-05,3.03945e-06,-0.0154348,-0.0902224,-0.098105
-0.104329,-0.109283,-2.91981e-05,3.53536e-06,-0.0152857,-0.0891335,-0.0984024
-0.104329,-0.113998,-3.48293e-05,4.06756e-06,-0.0136818,-0.0879607,-0.0988745
-0.104329,-0.114215,-3.56452e-05,4.70221e-06,-0.0141363,-0.0866972,-0.0974225
-0.104329,-0.113204,-3.51348e-05,5.40614e-06,-0.0135802,-0.0853361,-0.0954308
-0.104329,-0.113103,-3.55717e-05,6.11445e-06,-0.0137799,-0.0838697,-0.0937009
-0.104329,-0.113419,-3.64249e-05,6.82107e-06,-0.0138465,-0.0822898,-0.0920027
-0.104329,-0.115518,-3.91414e-05,7.54019e-06,-0.0137615,-0.0805876,-0.0908928
-0.104329,-0.117747,-4.19564e-05,8.29313e-06,-0.0139051,-0.0787537,-0.0896975
-0.104329,-0.120344,-4.51173e-05,9.1013e-06,-0.0137598,-0.0767776,-0.088548
-0.104329,-0.123225,-4.85302e-05,9.96887e-06,-0.0138063,-0.0746485,-0.0874236
-0.104329,-0.125885,-5.1653e-05,1.09019e-05,-0.0138317,-0.0723545,-0.0861455
-0.104329,-0.127863,-5.39931e-05,1.19006e-05,-0.0135732,-0.0698827,-0.0845652
-0.104329,-0.128361,-5.47012e-05,1.29548e-05,-0.0135931,-0.0672194,-0.0824045
-0.104329,-0.127811,-5.42381e-05,1.4041e-05,-0.0135217,-0.0643499,-0.0798876
-0.104329,-0.126112,-5.24937e-05,1.51309e-05,-0.0134858,-0.0612581,-0.0770118
-0.104329,-0.123453,-4.96662e-05,1.61999e-05,-0.0134748,-0.0579273,-0.073902
-0.104329,-0.12004,-4.59771e-05,1.72243e-05,-0.0134427,-0.0543406,-0.0706873
-0.104329,-0.115715,-4.12605e-05,1.81845e-05,-0.0133798,-0.0504841,-0.0673492
-0.104329,-0.11062,-3.56704e-05,1.90616e-05,-0.0133318,-0.0463601,-0.0639897
-0.104329,-0.103805,-2.81976e-05,1.98365e-05,-0.0133476,-0.042036,-0.0602593
-0.0907662,-0.0954864,-1.21342e-05,2.04826e-05,-0.0132466,-0.037833,-0.0562827
-0.0768557,-0.0858769,2.52084e-05,2.0902e-05,-0.0132979,-0.0341078,-0.0521419
-0.0629452,-0.0745281,8.31435e-05,2.08086e-05,-0.013243,-0.0309939,-0.047631
-0.0490346,-0.0627065,9.34587e-05,1.9783e-05,-0.0129978,-0.0285624,-0.0432286
-0.0351241,-0.0501883,0.000104584,1.80273e-05,-0.0129315,-0.0268684,-0.0387881
-0.0212136,-0.0372153,0.00011617,1.6058e-05,-0.0131665,-0.0259557,-0.0343666
-0.00730303,-0.0257324,0.000126139,1.38621e-05,-0.0121648,-0.0258296,-0.0306974
0,-0.0195848,0.000130468,1.14489e-05,-0.00716789,-0.0263401,-0.0292504
0,-0.0116156,0.00013679,8.88719e-06,-0.00819714,-0.0271906,-0.0270834
0,-0.0056439,0.000141042,6.22093e-06,-0.00863175,-0.0281814,-0.0258219
0,-0.00130783,0.000143612,3.44686e-06,-0.00780138,-0.0292643,-0.0252665
0,0.00366509,0.000146917,6.0289e-07,-0.00844411,-0.0304314,-0.0245229
0,0.00615906,0.000147642,-2.29909e-06,-0.00872175,-0.0316855,-0.0248789
0,0.00842087,0.000148182,-5.24396e-06,-0.00965564,-0.0330324,-0.0253997
0,0.00867448,0.000146649,-8.20166e-06,-0.0109092,-0.0344794,-0.0268398
0,0.00739238,0.000143552,-1.11515e-05,-0.0116057,-0.0360344,-0.0289949
0,0.00613399,0.000140552,-1.40566e-05,-0.0124082,-0.0377061,-0.0312619
0,0.00387082,0.000136556,-1.69007e-05,-0.0123118,-0.0395037,-0.0340881
0,0.00178264,0.00013282,-1.96757e-05,-0.0120887,-0.041437,-0.0369984
0,5.56771e-05,0.000129541,-2.23732e-05,-0.0113708,-0.0435166,-0.039949
0,-0.00154845,0.000126461,-2.50001e-05,-0.0102049,-0.0457537,-0.043051
0,-0.00269969,0.00012393,-2.75632e-05,-0.00891086,-0.0481608,-0.0461806
0,-0.00287434,0.000122498,-3.00697e-05,-0.00770197,-0.0507514,-0.0491434
0,-0.00195274,0.000122286,-3.25354e-05,-0.00628753,-0.0535398,-0.0519068
0,0.0022769,0.000125633,-3.49834e-05,-0.00501295,-0.0565417,-0.0535937
0,0.00841347,0.000131033,-3.74593e-05,-0.00393708,-0.0597738,-0.0547972
0,0.0168342,0.000138869,-4.00206e-05,-0.00319032,-0.0632543,-0.0553404
0,0.0246225,0.000146028,-4.27117e-05,-0.00240366,-0.0670024,-0.0563824
0,0.0326928,0.000153474,-4.55535e-05,-0.0019583,-0.0710392,-0.0574956
0,0.0399495,0.000160034,-4.85411e-05,-0.0021268,-0.0753871,-0.059106
0,0.0458927,0.000165172,-5.16696e-05,-0.00271231,-0.0800704,-0.0613625
0,0.0496403,0.000167947,-5.49166e-05,-0.00341662,-0.0851151,-0.0645676
0,0.0515092,0.000168696,-5.8245e-05,-0.00457682,-0.090549,-0.0685308
0,0.0507953,0.000166675,-6.16107e-05,-0.00591179,-0.0964015,-0.0734805
0,0.047212,0.000161581,-6.49664e-05,-0.00722947,-0.102702,-0.0794574
0,0.0414662,0.000154173,-6.8254e-05,-0.00826477,-0.10947,-0.0861093
0,0.0302901,0.000140984,-7.1419e-05,-0.00640961,-0.116691,-0.0946868
-0.00680833,0.0184759,0.000127126,-7.43837e-05,-0.00475548,-0.1242,-0.103165
-0.0211417,0.0131667,0.000120184,-7.70787e-05,-0.0078321,-0.131691,-0.108712
-0.035475,0.0120228,0.000117666,-7.95587e-05,-0.0102646,-0.138947,-0.112335
-0.0498083,0.0103688,0.000168641,-8.19397e-05,-0.00851525,-0.145896,-0.115694
-0.0641417,0.00585833,0.00355217,-8.47263e-05,-0.0117755,-0.152499,-0.116545
-0.078475,-0.008475,0.013057,-0.000111784,-0.012128,-0.158726,-0.119179
-0.0928083,-0.0228083,0.030912,-0.000263618,-0.0131544,-0.164543,-0.122546
-0.107142,-0.0371417,0.102632,-0.000667598,-0.0140543,-0.169904,-0.122546
0.093525,0.128178,0.102319,-0.00128584,0.0153681,0.0452039,0.0713925
0.0791917,0.1053,0.0985561,-0.0020826,0.0185622,0.0406654,0.0626052
0.0648583,0.0860926,0.0948086,-0.00409511,0.0190227,0.0368757,0.0550087
0.050525,0.065358,0.0911359,-0.0060325,0.0205125,0.033883,0.0470613
0.0361917,0.0440046,0.0875826,-0.00789562,0.0213952,0.0317396,0.0391605
0.0218583,0.0236172,0.084213,-0.00968814,0.0201412,0.0304912,0.0318771
0.007525,0.00107607,0.0809604,-0.0114111,0.0186657,0.0301416,0.0238977
0,-0.0274137,0.0793701,-0.0130661,0.0122029,0.0310414,0.0191789
0,-0.0317583,0.0775168,-0.014671,0.0121203,0.0325222,0.0147617
0,-0.0393221,0.0743274,-0.0162418,0.0127575,0.0336392,0.012061
0,-0.0414812,0.0712002,-0.0177634,0.00978766,0.0346557,0.0124967
0,-0.0434123,0.0681297,-0.0192218,0.00999354,0.0357348,0.012933
0,-0.0404317,0.0651213,-0.0206182,0.00883129,0.0369286,0.0156381
0,-0.0361178,0.062171,-0.0219537,0.00807397,0.0382639,0.0188515
0,-0.03374,0.0592756,-0.0232295,0.00778591,0.039729,0.0212867
0,-0.0317168,0.0564369,-0.0244469,0.00643941,0.0413274,0.0238999
0,-0.0297127,0.0536551,-0.0256069,0.00483141,0.0430708,0.0265825
0,-0.0279868,0.0509299,-0.0267106,0.00289937,0.0449646,0.0293877
0,-0.0264835,0.0482615,-0.0277591,0.00106381,0.0470291,0.0323775
0,-0.024864,0.0456499,-0.0287537,0,0.049272,0.0354968
0,-0.0235069,0.0430947,-0.0296955,0,0.0516983,0.038799
0,-0.022831,0.0405957,-0.0305727,0,0.0543262,0.0420719
0,-0.0214867,0.0381542,-0.0313996,0,0.0571716,0.0458706
0,-0.021268,0.0357678,-0.0321773,0,0.0602505,0.0494651
0,-0.0226939,0.0334359,-0.032907,0,0.0635804,0.0526784
0,-0.0242637,0.0311597,-0.0335897,0,0.0671798,0.0561158
0,-0.0266243,0.0289381,-0.0342266,0,0.0710581,0.0593652
0,-0.0298545,0.0267707,-0.0348186,0,0.0752339,0.0626188
0,-0.0324766,0.0246588,-0.0353671,0,0.0797406,0.0663405
0,-0.0349953,0.0226013,-0.0358729,0,0.084606,0.0702748
0,-0.0384353,0.0205967,-0.0363373,0,0.0898579,0.0739795
0,-0.0399424,0.0186477,-0.0367612,0,0.0955256,0.0785595
0,-0.0385931,0.0167546,-0.0371459,0,0.10164,0.0842801
0,-0.0348424,0.0149166,-0.0374923,0,0.108235,0.0908784
0,-0.0281432,0.0131336,-0.0378017,0,0.115343,0.0985068
0,-0.0208518,0.0114026,-0.0380751,0,0.122985,0.106141
0,-0.0109854,0.00972523,-0.0383135,0,0.13114,0.114537
0.00744167,-0.00575697,0.00809319,-0.0385181,0,0.139607,0.120715
0.0231083,-0.00259825,0.00651439,-0.0386897,0,0.148012,0.125757
0.038775,-0.00230769,0.00500395,-0.0388295,0,0.156091,0.129268
0.0544417,-0.00289285,0.00357026,-0.0389386,0,0.163754,0.13204
0.0701083,0.0043217,0.00122271,-0.0390129,-0.00650559,0.170949,0.134172
0.085775,0.015775,-0.00451445,-0.039055,-0.00838388,0.177638,0.137446
0.101442,0.0314417,-0.0147448,-0.0390393,-0.00705034,0.183779,0.140801
0.117108,0.0471083,-0.0412804,-0.038862,-0.00656576,0.189332,0.140801
-0.102496,-0.12392,-0.0411948,-0.0385671,0.00463711,-0.0463832,-0.0700812
-0.0801118,-0.0825807,-0.0409743,-0.0381469,0.00239208,-0.0417773,-0.0548625
-0.0710796,-0.0699542,-0.0407658,-0.0376864,0.00217221,-0.0379704,-0.0495719
-0.0553714,-0.0465777,-0.0405784,-0.0368688,0.000700517,-0.0349131,-0.0404785
-0.0396632,-0.0245254,-0.0404032,-0.0360551,1.36289e-12,-0.0327127,-0.0323573
-0.023955,-0.00183471,-0.0402047,-0.0352451,-2.01948e-28,-0.0314303,-0.0241919
-0.00824681,0.0205888,-0.0399807,-0.0344398,4.48416e-44,-0.0310735,-0.0163278
0,0.0358761,-0.0397428,-0.0336388,-9.95682e-60,-0.0314696,-0.0114525
0,0.0529236,-0.0394832,-0.0328425,2.21086e-75,-0.0322761,-0.0058788
0,0.0621198,-0.0392132,-0.0320513,-4.90909e-91,-0.0332624,-0.00357009
0,0.0640498,-0.0389326,-0.0312654,1.09004e-106,-0.0343722,-0.0041495
0,0.0663309,-0.0386344,-0.0304851,-2.42037e-122,-0.0355956,-0.00459314
0,0.063719,-0.0383249,-0.0297106,5.3743e-138,-0.0369349,-0.00712185
0,0.0616533,-0.0379996,-0.0289423,-1.19333e-153,-0.0383966,-0.00949524
0,0.062918,-0.0376562,-0.0281803,2.64973e-169,-0.0399883,-0.0106977
0,0.0631141,-0.0372998,-0.0274251,-5.88359e-185,-0.0417188,-0.0125417
0,0.0641494,-0.0369291,-0.026677,1.30642e-200,-0.0435977,-0.0142123
0,0.0654069,-0.0365455,-0.0259362,-2.90084e-216,-0.0456354,-0.016
0,0.0648456,-0.0361518,-0.025203,6.44115e-232,-0.0478431,-0.0187239
0,0.0630513,-0.0357482,-0.0244776,-1.43022e-247,-0.0502326,-0.022133
0,0.0617733,-0.0353336,-0.0237602,3.17573e-263,-0.0528172,-0.025553
0,0.0611407,-0.0349085,-0.023051,-7.05154e-279,-0.0556111,-0.0289718
0,0.0605126,-0.034474,-0.0223503,1.56576e-294,-0.0586299,-0.0326578
0,0.0607542,-0.0340299,-0.0216582,-3.47668e-310,-0.0618905,-0.0362631
0,0.0607715,-0.0335778,-0.020975,1.66994e-321,-0.065411,-0.0402413
0,0.060365,-0.0331187,-0.0203007,1.66994e-321,-0.0692111,-0.0446536
0,0.0598019,-0.0326527,-0.0196356,1.66994e-321,-0.073312,-0.0493823
0,0.0594967,-0.0321801,-0.0189797,1.66994e-321,-0.0777366,-0.0542509
0,0.0604419,-0.0317002,-0.0183333,1.66994e-321,-0.0825096,-0.0588458
0,0.0611199,-0.0312153,-0.0176964,1.66994e-321,-0.0876575,-0.0637555
0,0.0641222,-0.0307229,-0.0170692,1.66994e-321,-0.093209,-0.0678791
0,0.0659889,-0.0302274,-0.0164518,1.66994e-321,-0.099195,-0.072585
0,0.0651063,-0.0297308,-0.0158443,1.66994e-321,-0.105608,-0.07805
0,0.0625587,-0.0292327,-0.0152467,1.66994e-321,-0.11247,-0.0844045
0,0.0580558,-0.0287338,-0.014659,1.66994e-321,-0.119854,-0.0914037
0,0.0517732,-0.0282345,-0.0140813,1.66994e-321,-0.127796,-0.0988955
0,0.0430557,-0.0277348,-0.0135137,1.66994e-321,-0.136277,-0.107068
-0.00691422,0.0317284,-0.0272347,-0.012956,1.66994e-321,-0.145105,-0.115911
-0.023183,0.0229728,-0.026731,-0.0124083,1.66994e-321,-0.153891,-0.123292
-0.0394517,0.0200307,-0.0261108,-0.0118706,1.66994e-321,-0.162347,-0.127646
-0.0557205,0.00871277,-0.024883,-0.0113444,0.000342431,-0.170373,-0.133835
-0.0719892,-0.00371971,-0.0227385,-0.0108326,0.0159357,-0.177915,-0.13684
-0.088258,-0.018258,-0.0185418,-0.0103532,0.0176577,-0.184933,-0.141919
-0.104527,-0.0345267,-0.0122733,-0.00992778,0.0163091,-0.191385,-0.147449
-0.120795,-0.0507955,-0.00550191,-0.00961336,0.0148667,-0.197227,-0.153783
0.106967,0.134814,-0.00558158,-0.00936789,-0.00487222,0.0416197,0.0717456
0.0858176,0.0962111,-0.00572722,-0.00904879,-0.00697189,0.0371946,0.0574795
0.0744295,0.0791482,-0.00584761,-0.00896686,-0.00834241,0.0335423,0.0506752
0.0581608,0.0565875,-0.00596625,-0.00885124,-0.00387798,0.0306544,0.0421109
0.041892,0.0321276,-0.00608012,-0.00873322,-1.6782e-11,0.028631,0.0331501
0.0256233,0.00773567,-0.0061878,-0.00861287,3.23117e-27,0.0275344,0.0244735
0.00935453,-0.016857,-0.00629189,-0.00848976,-7.17465e-43,0.0273771,0.0158964
0,-0.0330632,-0.00638139,-0.00836454,1.59309e-58,0.0279959,0.010809
0,-0.0478571,-0.00646304,-0.00823745,-3.53737e-74,0.0290372,0.00626324
0,-0.0592903,-0.0065347,-0.00810868,7.85455e-90,0.0302481,0.00313255
0,-0.0629298,-0.00659168,-0.00797842,-1.74406e-105,0.0315675,0.00316106
0,-0.0689608,-0.00664499,-0.00784692,3.87259e-121,0.032985,0.00222309
0,-0.07,-0.00670634,-0.00771434,-6.44916e-137,0.0345037,0.00314317
0,-0.07,-0.00676063,-0.00758059,9.54668e-153,0.0361309,0.00481503
0,-0.07,-0.00684143,-0.00744597,-2.11979e-168,0.0378752,0.00613477
0,-0.07,-0.00693359,-0.00731003,4.70687e-184,0.0397463,0.00782333
0,-0.07,-0.00706221,-0.00717237,-1.04514e-199,0.0417545,0.009304
0,-0.07,-0.00718425,-0.00703254,2.32067e-215,0.043911,0.0115927
0,-0.07,-0.00727991,-0.0068902,-5.15292e-231,0.0462275,0.0143799
0,-0.07,-0.00734719,-0.00674565,1.14418e-246,0.0487169,0.0174255
0,-0.07,-0.00738805,-0.00659945,-2.54059e-262,0.0513926,0.0206867
0,-0.07,-0.00739439,-0.00645214,5.64123e-278,0.0542695,0.0243256
0,-0.07,-0.00737655,-0.00630432,-1.25261e-293,0.0573637,0.0280834
0,-0.0690084,-0.00734018,-0.00615659,2.78134e-309,0.0606924,0.0324125
0,-0.067698,-0.00729986,-0.00600939,1.47726e-321,0.0642742,0.0369243
0,-0.0670154,-0.00725674,-0.00586315,1.47726e-321,0.0681292,0.0414465
0,-0.0669485,-0.00721093,-0.00571776,1.47726e-321,0.0722788,0.045991
0,-0.06739,-0.00716244,-0.00557326,1.47726e-321,0.0767463,0.050586
0,-0.07,-0.00712994,-0.00542972,1.47726e-321,0.0815564,0.0542944
0,-0.07,-0.00713691,-0.00528693,1.47726e-321,0.0867361,0.0588346
0,-0.07,-0.0072323,-0.00514427,1.47726e-321,0.0923142,0.0627744
0,-0.07,-0.00739073,-0.00500067,1.47726e-321,0.0983217,0.0671407
0,-0.07,-0.00751372,-0.0048546,1.47726e-321,0.104743,0.0725379
0,-0.07,-0.00754523,-0.00470568,1.47726e-321,0.1116,0.0791229
0,-0.0686687,-0.00744975,-0.00455512,1.47726e-321,0.118971,0.0866842
0,-0.0624194,-0.00734702,-0.00440508,1.47726e-321,0.126895,0.0942263
0,-0.0534413,-0.00723922,-0.00425752,1.47726e-321,0.13536,0.102522
0.00609241,-0.0415454,-0.00712645,-0.00411209,1.47726e-321,0.144188,0.111608
0.0223388,-0.0287183,-0.00701122,-0.00396888,1.47726e-321,0.152992,0.12063
0.0385852,-0.0201387,-0.00693292,-0.00382797,1.47726e-321,0.161472,0.127393
0.0548317,-0.00543792,-0.00700576,-0.0036888,1.47726e-321,0.169524,0.135989
0.0710781,0.00660025,-0.00763634,-0.00354948,-0.00427898,0.177095,0.141559
0.0873245,0.0222608,-0.00832197,-0.00340433,-0.0127391,0.184143,0.147959
0.103571,0.0388685,-0.00890758,-0.00324611,-0.0157713,0.190626,0.15527
0.119817,0.0498173,-0.00993585,-0.00307528,-0.0142154,0.196502,0.162473
-0.107633,-0.110118,-0.00983483,-0.00289713,0.0048088,-0.0419734,-0.0620612
-0.0913861,-0.0792504,-0.00957247,-0.00271202,0.00651798,-0.0374566,-0.0506586
-0.0751397,-0.0533086,-0.00931745,-0.00251769,0.00827716,-0.0336981,-0.0406133
-0.0588933,-0.0281851,-0.00906528,-0.00232853,0.00457683,-0.0307552,-0.0311468
-0.0426469,-0.00576838,-0.00881803,-0.00214446,-1.32147e-11,-0.0286868,-0.0230293
-0.0264004,0.0175211,-0.00857006,-0.00196538,3.23117e-27,-0.0275455,-0.0147523
-0.010154,0.0416377,-0.00831529,-0.00179249,-7.17465e-43,-0.0273449,-0.00634124
0,0.0537446,-0.00807241,-0.00162465,1.59309e-58,-0.0279362,-0.00287787
0,0.0664533,-0.00783029,-0.00146175,-3.53737e-74,-0.0289681,0.000902432
0,0.07,-0.00750699,-0.00130369,5.89091e-90,-0.030174,0.00230319
0,0.07,-0.00720596,-0.00115161,-8.7203e-106,-0.0314893,0.000754128
0,0.07,-0.00680151,-0.00100418,1.9363e-121,-0.0329026,0.000959512
0,0.07,-0.00643032,-0.000863698,-4.29944e-137,-0.0344167,-0.000930497
0,0.07,-0.00604452,-0.000731009,9.54668e-153,-0.0360388,-0.00225113
0,0.07,-0.00564732,-0.000605874,-2.11979e-168,-0.0377776,-0.0037516
0,0.07,-0.00525356,-0.000488559,4.70687e-184,-0.0396425,-0.00561999
0,0.07,-0.0049107,-0.000379156,-1.04514e-199,-0.041644,-0.00836338
0,0.07,-0.00465745,-0.000277171,2.32067e-215,-0.0437932,-0.0118913
0,0.07,-0.00448606,-0.000181236,-5.15292e-231,-0.0461018,-0.0155468
0,0.0681681,-0.00433239,-8.96295e-05,5.72089e-247,-0.0485825,-0.0192054
0,0.0671616,-0.00418001,-1.29136e-06,-1.27029e-262,-0.0512488,-0.0225408
0,0.0677928,-0.00402811,8.32231e-05,2.82062e-278,-0.0541156,-0.025479
0,0.0674861,-0.00387948,0.000164697,-6.26303e-294,-0.0571987,-0.0290715
0,0.0666654,-0.00373367,0.000243178,1.39067e-309,-0.0605154,-0.0331179
0,0.0660577,-0.00358994,0.000318726,-1.68476e-321,-0.0640843,-0.0373383
0,0.0656717,-0.0034483,0.000391387,-1.68476e-321,-0.0679253,-0.0417397
0,0.0665478,-0.00330767,0.000461203,-1.68476e-321,-0.0720597,-0.0458997
0,0.068332,-0.00316846,0.0005282,-1.68476e-321,-0.0765108,-0.0499614
0,0.07,-0.00300138,0.000592405,-1.68476e-321,-0.0813033,-0.0538538
0,0.07,-0.0027462,0.000653435,-1.68476e-321,-0.0864639,-0.0576649
0,0.07,-0.00235696,0.000711166,-1.68476e-321,-0.0920213,-0.0608951
0,0.07,-0.0019046,0.000762587,-1.68476e-321,-0.0980066,-0.0652071
0,0.07,-0.00148077,0.000805655,-1.68476e-321,-0.104407,-0.0704824
0,0.07,-0.00112063,0.000839932,-1.68476e-321,-0.111245,-0.0766034
0,0.07,-0.00086959,0.000866306,-1.68476e-321,-0.118598,-0.0833237
0,0.07,-0.000742959,0.000886459,-1.68476e-321,-0.126503,-0.0901403
0,0.0647116,-0.000685181,0.000902712,-1.68476e-321,-0.134953,-0.0979618
-0.00528304,0.0542184,-0.000598771,0.000917051,-1.68476e-321,-0.143783,-0.106417
-0.0215385,0.040594,-0.00027716,0.000929545,-1.68476e-321,-0.15261,-0.11513
-0.037794,0.0289687,0.00109523,0.000938625,0.000376092,-0.161119,-0.120587
-0.0540495,0.0142383,0.00282507,0.00093319,0.00777819,-0.169202,-0.128013
-0.070305,-0.000375486,0.00488156,0.000896581,0.0187627,-0.176806,-0.133788
-0.0865605,-0.0165605,0.00879854,0.000824656,0.0175244,-0.183889,-0.140515
-0.102816,-0.032816,0.0131946,0.000697648,0.0162251,-0.190408,-0.148256
-0.119071,-0.0490715,0.0175743,0.000484311,0.0142364,-0.196322,-0.155927
0.108505,0.125378,0.017483,0.00022042,-0.00471683,0.0422494,0.0681095
0.0906244,0.0911747,0.0168832,-6.98604e-05,-0.00656809,0.0377082,0.0553845
0.0759944,0.0714815,0.0163056,-0.000378211,-0.00816717,0.0339268,0.047719
0.0597389,0.0492095,0.0157355,-0.000710677,-0.00522801,0.0309404,0.0392778
0.0434834,0.0262119,0.0151735,-0.00103166,4.49402e-11,0.0288217,0.0308699
0.0272279,0.00334697,0.0146169,-0.00134131,0,0.0276276,0.0227591
0.0109725,-0.0199885,0.0140493,-0.00163699,0,0.0273764,0.0146436
0,-0.0360194,0.0134906,-0.00192138,0,0.0279348,0.00959384
0,-0.0493385,0.0129417,-0.00219454,0,0.0289528,0.00562351
0,-0.0596352,0.0124046,-0.00245667,0,0.0301498,0.00291315
0,-0.0619219,0.011885,-0.00270799,0,0.0314573,0.00345279
0,-0.0657835,0.0113731,-0.0029488,0,0.0328629,0.00334775
0,-0.0674342,0.0108729,-0.00317934,0,0.0343693,0.00426712
0,-0.069198,0.0103819,-0.0033998,0,0.0359835,0.00523694
0,-0.07,0.00985205,-0.00361038,0,0.037714,0.00600228
0,-0.07,0.0093162,-0.0038106,0,0.0395704,0.00769486
0,-0.07,0.0088038,-0.00400282,0,0.0415629,0.0099899
0,-0.07,0.00830629,-0.00418453,0,0.0437026,0.0123502
0,-0.07,0.00784124,-0.00435886,0,0.0460013,0.0151761
0,-0.0697844,0.00741645,-0.00452336,0,0.0484715,0.0184267
0,-0.0682283,0.00700211,-0.0046787,0,0.0511267,0.0219936
0,-0.0675219,0.00659592,-0.00482351,0,0.0539817,0.025444
0,-0.0669538,0.00619862,-0.0049601,0,0.0570523,0.0291067
0,-0.0643989,0.00581246,-0.00508864,0,0.0603557,0.0338276
0,-0.0611557,0.00543596,-0.00520914,0,0.0639104,0.0390598
0,-0.0596545,0.00506648,-0.00532218,0,0.0677362,0.0438523
0,-0.0595842,0.00470435,-0.00542776,0,0.0718544,0.04836
0,-0.0608571,0.0043496,-0.00552783,0,0.0762881,0.0525992
0,-0.0604497,0.00400545,-0.00561925,0,0.0810619,0.0577538
0,-0.0598309,0.00367024,-0.00570401,0,0.0862026,0.0631596
0,-0.0603767,0.00334241,-0.00578277,0,0.0917386,0.0682487
0,-0.0673284,0.00301638,-0.0058547,0,0.0977009,0.0708983
0,-0.0692013,0.00270464,-0.00591878,0,0.103982,0.0740328
0,-0.0681222,0.00240446,-0.00597911,0,0.110576,0.0796055
0,-0.0640182,0.00211587,-0.00603096,0,0.117648,0.0862303
0,-0.0584481,0.00183726,-0.00607659,0,0.125255,0.0932106
0,-0.0470944,0.00157387,-0.00611668,0,0.133384,0.102221
0.00749566,-0.0334671,0.00132156,-0.00615132,0,0.141834,0.111725
0.023276,-0.0226613,0.00107567,-0.00618053,0,0.150227,0.119687
0.0390563,-0.0111303,0.000842234,-0.00620487,0,0.1583,0.127565
0.0548367,0.00389375,0.000623216,-0.0062244,0,0.165957,0.136391
0.070617,0.0119286,0.000350067,-0.00623938,0,0.173149,0.141872
0.0863973,0.026468,-2.9899e-05,-0.00624952,-0.00241086,0.179835,0.148966
0.102178,0.0403979,-0.00025762,-0.00625329,-0.00602048,0.185975,0.156372
0.117958,0.047958,-0.00412928,-0.00625087,-0.00634782,0.191525,0.156372
-0.102967,-0.0869432,-0.00401262,-0.00624572,0.00470356,-0.0452933,-0.0548661
-0.0828467,-0.0579333,-0.00401801,-0.00623915,0.0042517,-0.0407127,-0.0448057
-0.0702225,-0.0485672,-0.00402661,-0.00617683,0.00468153,-0.0369469,-0.0409975
-0.0556257,-0.0378891,-0.00408042,-0.00610248,0.00299606,-0.0339603,-0.0368567
-0.0398453,-0.0248494,-0.0041264,-0.00602173,6.57174e-12,-0.03182,-0.0321723
-0.024065,-0.0106073,-0.00416706,-0.00593994,-8.07794e-28,-0.0305945,-0.0272727
-0.00828467,0.00451509,-0.0042042,-0.00585704,1.79366e-43,-0.0302936,-0.0222231
0,0.0143968,-0.00424295,-0.00577318,-3.98273e-59,-0.0307444,-0.0194214
0,0.0259294,-0.00427558,-0.00568855,8.84344e-75,-0.0316032,-0.0159921
0,0.0353317,-0.00430607,-0.00560324,-1.96364e-90,-0.0326384,-0.01354
0,0.0430066,-0.00433403,-0.0055173,4.36015e-106,-0.0337936,-0.0118507
0,0.0551083,-0.00435306,-0.00543079,-9.68148e-122,-0.035059,-0.00848151
0,0.0642545,-0.00437113,-0.00534384,2.14972e-137,-0.0364374,-0.00648485
0,0.0686677,-0.00439013,-0.00525652,-4.77334e-153,-0.0379353,-0.00646902
0,0.07,-0.00437899,-0.00516884,7.9492e-169,-0.0395606,-0.00732183
0,0.07,-0.00434288,-0.00508119,-1.17672e-184,-0.0413222,-0.00890929
0,0.07,-0.00428881,-0.00499394,2.61284e-200,-0.04323,-0.0107645
0,0.07,-0.00421549,-0.00490756,-5.80167e-216,-0.0452944,-0.0127832
0,0.07,-0.00413249,-0.00482245,1.28823e-231,-0.0475269,-0.0151393
0,0.07,-0.004084,-0.00473889,-2.86044e-247,-0.0499395,-0.0183673
0,0.07,-0.00409512,-0.00465667,6.35146e-263,-0.0525454,-0.0222197
0,0.0683962,-0.00410557,-0.00457489,-1.41031e-278,-0.0553591,-0.0260681
0,0.0677372,-0.00411186,-0.0044929,3.13151e-294,-0.0583962,-0.0297605
0,0.0681828,-0.00411391,-0.0044107,-6.95336e-310,-0.0616738,-0.0332922
0,0.0673095,-0.00411438,-0.00432843,-1.66006e-321,-0.06521,-0.0376368
0,0.0663474,-0.00411208,-0.00424614,-1.66006e-321,-0.0690248,-0.0422644
0,0.0679336,-0.00410432,-0.00416389,-1.66006e-321,-0.0731392,-0.0461331
0,0.07,-0.00403126,-0.00408176,-1.66006e-321,-0.0775764,-0.04917
0,0.07,-0.003799,-0.00400069,-1.66006e-321,-0.082361,-0.051791
0,0.07,-0.00340151,-0.00392216,-1.66006e-321,-0.0875197,-0.0546012
0,0.07,-0.00279331,-0.00384976,-1.66006e-321,-0.0930813,-0.057505
0,0.07,-0.00200361,-0.0037872,-1.66006e-321,-0.0990765,-0.0607067
0,0.07,-0.00124207,-0.00373844,-1.66006e-321,-0.105469,-0.0653765
0,0.07,-0.00052433,-0.00370522,-1.66006e-321,-0.112274,-0.0707268
0,0.07,7.88464e-05,-0.00368684,-1.66006e-321,-0.119591,-0.0767026
0,0.07,0.000828116,-0.00368178,-1.66006e-321,-0.127461,-0.0823266
0,0.07,0.00184537,-0.00368973,-1.66006e-321,-0.135869,-0.0903509
-0.0068798,0.0610521,0.00320829,-0.00371443,-1.66006e-321,-0.144623,-0.0994655
-0.0230676,0.0450177,0.00459549,-0.00376292,-1.66006e-321,-0.153336,-0.109923
-0.0392553,0.0307447,0.0067389,-0.00383957,0.00692596,-0.161723,-0.117185
-0.0554431,0.0134426,0.00825168,-0.0039497,0.00913113,-0.169683,-0.127784
-0.0716309,-0.00222936,0.00978576,-0.00409734,0.0180273,-0.177164,-0.134688
-0.0878186,-0.0178186,0.0121971,-0.00427388,0.0169402,-0.184125,-0.142418
-0.104006,-0.0340064,0.0149303,-0.00448888,0.0151926,-0.190523,-0.150583
-0.120194,-0.0501942,0.0175647,-0.00475605,0.0136395,-0.196315,-0.158595
0.106435,0.116628,0.0174664,-0.00505466,-0.00491945,0.0413616,0.0644173
0.0902468,0.086903,0.016701,-0.00536214,-0.00661712,0.0369243,0.0534659
0.074059,0.0685216,0.0159583,-0.00570458,-0.0081529,0.0332435,0.0464517
0.0578713,0.0491209,0.0152324,-0.00603192,-0.00392137,0.0303767,0.0391801
0.0416835,0.0274695,0.014519,-0.00634455,4.49097e-11,0.0283828,0.0313024
0.0254957,0.00673374,0.0138143,-0.00664278,-6.46235e-27,0.0273132,0.0240513
0.00930797,-0.0150671,0.0130984,-0.00692329,1.43493e-42,0.0271777,0.0165405
0,-0.0278947,0.0123978,-0.0071892,-3.18618e-58,0.0278133,0.012766
0,-0.0392659,0.011711,-0.00744136,7.07475e-74,0.0288685,0.00954126
0,-0.0481774,0.0110407,-0.0076797,-1.57091e-89,0.0300918,0.00737057
0,-0.050453,0.010392,-0.00790454,3.48812e-105,0.0314226,0.00791018
0,-0.0540863,0.00975655,-0.00811594,-7.74518e-121,0.0328506,0.00791342
0,-0.0547582,0.00913882,-0.00831489,1.71978e-136,0.0343791,0.00923809
0,-0.0579552,0.00853291,-0.00850137,-3.81867e-152,0.0360154,0.00963957
0,-0.0611866,0.00794144,-0.00867566,8.47915e-168,0.0377681,0.0102094
0,-0.0635217,0.00736533,-0.00883804,-1.88275e-183,0.039647,0.011295
0,-0.0646289,0.00680485,-0.0089888,4.18054e-199,0.0416624,0.0130292
0,-0.0649614,0.00625938,-0.00912798,-9.28267e-215,0.0438256,0.0152409
0,-0.0639464,0.00572939,-0.00925617,2.06117e-230,0.0461484,0.0181802
0,-0.0605261,0.00521581,-0.00937367,-4.57671e-246,0.0486435,0.022275
0,-0.0577652,0.0047152,-0.00948107,1.01623e-261,0.0513245,0.0263008
0,-0.0553588,0.00422779,-0.00957838,-2.25649e-277,0.0542064,0.0304394
0,-0.0524608,0.0037544,-0.00966586,5.01042e-293,0.0573051,0.035035
0,-0.0498222,0.0032941,-0.00974379,-1.11254e-308,0.0606381,0.0397826
0,-0.0483669,0.00284579,-0.00981243,-1.2154e-321,0.0642239,0.0443287
0,-0.0485316,0.00240889,-0.00987204,-1.2154e-321,0.0680825,0.0485119
0,-0.0488625,0.0019848,-0.00992284,-1.2154e-321,0.0722355,0.052912
0,-0.0496176,0.0015731,-0.00996508,-1.2154e-321,0.0767061,0.0573892
0,-0.0516541,0.00117272,-0.00999901,-1.2154e-321,0.0815192,0.0615822
0,-0.0547576,0.000783761,-0.0100249,-1.2154e-321,0.0867016,0.0655575
0,-0.0600821,0.000404852,-0.0100429,-1.2154e-321,0.0922822,0.0688089
0,-0.0650514,3.86586e-05,-0.0100532,-1.2154e-321,0.098292,0.0723307
0,-0.0649935,-0.000309977,-0.0100562,-1.2154e-321,0.104751,0.0777531
0,-0.0621531,-0.000643778,-0.0100521,-1.2154e-321,0.111692,0.084284
0,-0.0573828,-0.000963888,-0.0100412,-1.2154e-321,0.119159,0.0914301
0,-0.0527287,-0.00127266,-0.0100239,-1.2154e-321,0.127182,0.0983097
0,-0.0460912,-0.00156692,-0.0100003,-1.2154e-321,0.135742,0.105716
0.00692612,-0.0367146,-0.00184519,-0.00997071,-1.2154e-321,0.144644,0.113848
0.0232229,-0.0298405,-0.00211249,-0.00993547,-1.2154e-321,0.153501,0.120542
0.0395196,-0.0231878,-0.00275988,-0.00989483,-1.2154e-321,0.162023,0.125742
0.0558164,-0.00864844,-0.00372496,-0.00984384,-0.000508644,0.170111,0.133875
0.0721132,0.00517602,-0.00527255,-0.00978043,-0.0119792,0.177711,0.138829
0.0884099,0.0208571,-0.00690175,-0.00969278,-0.0185167,0.184783,0.145291
0.104707,0.0367979,-0.00881794,-0.00957593,-0.0182635,0.191285,0.153116
0.121003,0.0510034,-0.0108675,-0.00942256,-0.0169763,0.197172,0.160554
-0.107151,-0.122475,-0.0107766,-0.0092462,0.00487246,-0.0420518,-0.0670481
-0.0908544,-0.0937188,-0.0106887,-0.00905613,0.00657348,-0.0375354,-0.0563488
-0.0745577,-0.0683764,-0.0106007,-0.00884139,0.00835465,-0.0337839,-0.0465167
-0.0582609,-0.043729,-0.0105096,-0.00862841,0.00389227,-0.0308549,-0.0372367
-0.0419642,-0.0176151,-0.0104124,-0.00841722,1.47915e-11,-0.0288075,-0.0276401
-0.0256674,0.00800079,-0.0103108,-0.0082079,0,-0.0276934,-0.0184939
-0.00937064,0.0333465,-0.0102027,-0.00800107,0,-0.0275222,-0.00962923
0,0.0487532,-0.0101003,-0.00779637,0,-0.0281294,-0.00486747
0,0.0662196,-0.00999153,-0.00759375,0,-0.0291608,0.000762157
0,0.07,-0.00974476,-0.00739327,0,-0.0303627,0.00300866
0,0.07,-0.00942051,-0.00719689,0,-0.0316738,0.00287926
0,0.07,-0.00892589,-0.00700491,0,-0.0330835,0.00369111
0,0.07,-0.00840427,-0.00682096,0,-0.0345951,0.00254821
0,0.07,-0.00781345,-0.00664713,0,-0.0362156,0.00173017
0,0.07,-0.00720045,-0.00648436,0,-0.0379538,0.000302387
0,0.07,-0.00652887,-0.00633361,0,-0.0398192,-0.000890327
0,0.07,-0.00585064,-0.00619565,0,-0.0418221,-0.00278485
0,0.07,-0.00520062,-0.00607117,0,-0.0439736,-0.00520676
0,0.07,-0.00459119,-0.00596001,0,-0.0462857,-0.00797455
0,0.07,-0.00404218,-0.00586148,0,-0.0487708,-0.0111758
0,0.07,-0.00351407,-0.0057746,0,-0.0514426,-0.0142105
0,0.07,-0.00297793,-0.00569851,0,-0.0543159,-0.0171888
0,0.07,-0.00245028,-0.00563306,0,-0.0574067,-0.0205866
0,0.07,-0.00192606,-0.00557825,0,-0.0607323,-0.0241893
0,0.07,-0.00142653,-0.00553396,0,-0.0643112,-0.0282735
0,0.07,-0.000942823,-0.00549993,0,-0.0681635,-0.0325278
0,0.07,-0.00043288,-0.00547576,0,-0.0723106,-0.0365922
0,0.07,0.000144361,-0.00546149,0,-0.0767758,-0.0405385
0,0.07,0.000916064,-0.00545803,0,-0.0815838,-0.0437559
0,0.07,0.00184178,-0.00546786,0,-0.0867615,-0.0473722
0,0.07,0.00300501,-0.00549451,0,-0.0923378,-0.0504052
0,0.07,0.00437282,-0.00554182,0,-0.0983436,-0.0537604
0,0.07,0.00569994,-0.00561423,0,-0.104711,-0.057757
0,0.07,0.00692179,-0.00571363,0,-0.111445,-0.0631023
0,0.07,0.00825669,-0.00583862,0,-0.118676,-0.0693779
0,0.07,0.0103565,-0.0059884,0,-0.126455,-0.0756497
0,0.07,0.0133844,-0.00617139,0,-0.134778,-0.0832442
-0.00524777,0.0647522,0.0170687,-0.00640577,0.00623998,-0.143482,-0.0917811
-0.0213948,0.0486052,0.0205529,-0.00670662,0.0134895,-0.152188,-0.10148
-0.0375418,0.0324582,0.0288354,-0.00707586,0.0161487,-0.160581,-0.107734
-0.0536888,0.0163112,0.037504,-0.00754076,0.019135,-0.168555,-0.115798
-0.0698357,0.000164254,0.0510185,-0.00819115,0.0171981,-0.176056,-0.121659
-0.0859827,-0.0159827,0.0668621,-0.0090561,0.0158213,-0.183043,-0.128903
-0.10213,-0.0321297,0.0807143,-0.0102111,0.0145839,-0.189473,-0.137584
-0.118277,-0.0482767,0.0930738,-0.0116661,0.012591,-0.195305,-0.145944
0.107781,0.145914,0.0930054,-0.0132804,-0.00480737,0.0417143,0.0761472
0.0855791,0.106157,0.0895047,-0.0155001,-0.0069729,0.0372887,0.06136
0.0754872,0.0952853,0.0860346,-0.016653,-0.00687562,0.0336257,0.0569172
0.0593402,0.0738478,0.0826632,-0.0184118,-0.0052931,0.0307005,0.0486856
0.0431932,0.0517864,0.0793543,-0.0201022,1.22646e-10,0.0286225,0.0406472
0.0270462,0.0273116,0.0760827,-0.0217257,-2.58494e-26,0.0274581,0.0318858
0.0108992,0.00244882,0.0727553,-0.023267,5.73972e-42,0.027228,0.0231902
0,-0.0161413,0.069449,-0.024742,-1.27447e-57,0.0278009,0.0171463
0,-0.0337346,0.0661942,-0.0261508,2.8299e-73,0.0288296,0.0115122
0,-0.0463491,0.0630047,-0.0274943,-6.28364e-89,0.0300358,0.00794505
0,-0.0522391,0.0598856,-0.0287735,1.39525e-104,0.0313517,0.00708445
0,-0.0583775,0.0568302,-0.0299899,-3.09807e-120,0.032765,0.00612818
0,-0.0597559,0.0538442,-0.0311449,6.87911e-136,0.0342785,0.00719351
0,-0.0607261,0.0509229,-0.0322397,-1.52747e-151,0.0358993,0.00847816
0,-0.0628188,0.0480643,-0.0332756,3.39166e-167,0.0376359,0.00945065
0,-0.0637288,0.0452709,-0.0342541,-7.531e-183,0.0394979,0.0110686
0,-0.0654772,0.0425402,-0.0351763,1.67222e-198,0.0414957,0.0125044
0,-0.0665658,0.0398736,-0.0360434,-3.71307e-214,0.0436402,0.0144021
0,-0.0669809,0.0372707,-0.0368569,8.24467e-230,0.0459435,0.0167589
0,-0.0662865,0.0347313,-0.0376179,-1.83068e-245,0.0484179,0.0197626
0,-0.0656736,0.0322538,-0.0383278,4.06494e-261,0.051077,0.0229465
0,-0.0676601,0.029835,-0.0389878,-9.02597e-277,0.0539356,0.0253372
0,-0.0692719,0.0274782,-0.0395978,2.00417e-292,0.0570095,0.0281716
0,-0.07,0.025162,-0.0401615,-4.45015e-308,0.0603161,0.031298
0,-0.07,0.0228702,-0.0406786,-1.97626e-323,0.0638736,0.0347282
0,-0.07,0.0206,-0.0411612,-1.97626e-323,0.067702,0.0383793
0,-0.07,0.0183532,-0.0415982,-1.97626e-323,0.0718228,0.0423033
0,-0.07,0.016141,-0.04199,-1.97626e-323,0.0762587,0.0466286
0,-0.07,0.0139794,-0.042336,-1.97626e-323,0.0810347,0.0514132
0,-0.07,0.0118789,-0.0426383,-1.97626e-323,0.0861773,0.0565517
0,-0.07,0.00981276,-0.042899,-1.97626e-323,0.0917152,0.0614558
0,-0.07,0.00776572,-0.043118,-1.97626e-323,0.0976792,0.0662264
0,-0.07,0.00580518,-0.0432958,-1.97626e-323,0.104091,0.0719137
0,-0.07,0.00398421,-0.0434335,-1.97626e-323,0.110983,0.078483
0,-0.07,0.00235622,-0.0435332,-1.97626e-323,0.1184,0.0857949
0,-0.0650816,0.000804977,-0.0435982,-1.97626e-323,0.126371,0.0931079
0,-0.0569948,-0.000684011,-0.0436314,-1.97626e-323,0.134885,0.101122
0.00529816,-0.0468964,-0.0021147,-0.0436266,-1.97626e-323,0.14378,0.10956
0.0216002,-0.0365649,-0.00348461,-0.0435929,-1.97626e-323,0.152669,0.117667
0.0379023,-0.0258932,-0.00531076,-0.0435314,-1.97626e-323,0.161237,0.124123
0.0542043,-0.0109909,-0.00745667,-0.043438,-0.00141916,0.169375,0.132108
0.0705063,0.00341152,-0.00998177,-0.0433125,-0.0121478,0.177031,0.137795
0.0868084,0.0190261,-0.0125713,-0.0431419,-0.0187054,0.184161,0.144204
0.10311,0.0338882,-0.0158265,-0.0429228,-0.0175858,0.190726,0.151599
0.119412,0.0494125,-0.0195494,-0.0426454,-0.0157239,0.196681,0.158969
-0.108816,-0.122925,-0.0194558,-0.0423288,0.00470518,-0.0425511,-0.0672595
-0.0925141,-0.0946632,-0.0201396,-0.041996,0.00642416,-0.037958,-0.0567575
-0.0762121,-0.0700776,-0.0207951,-0.0416007,0.00816359,-0.0341245,-0.0471852
-0.05991,-0.0443053,-0.021416,-0.041192,0.0052287,-0.0311079,-0.0374141
-0.043608,-0.0195561,-0.0220017,-0.0407705,-1.56427e-11,-0.0289673,-0.0283545
-0.0273059,0.00394339,-0.0225574,-0.0403369,6.46235e-27,-0.0277562,-0.0200123
-0.0110039,0.0289507,-0.0230983,-0.0398891,-1.43493e-42,-0.0274918,-0.0112348
0,0.0435509,-0.0236248,-0.0394304,3.18618e-58,-0.0280402,-0.00677836
0,0.0563868,-0.0241215,-0.0389611,-7.07475e-74,-0.0290502,-0.00297576
0,0.0670371,-0.0245876,-0.0384816,1.57091e-89,-0.03024,-0.000113859
0,0.06989,-0.0250282,-0.0379927,-3.48812e-105,-0.0315409,-0.000430117
0,0.07,-0.0252614,-0.0374947,0,-0.0329405,0.000818583
0,0.07,-0.0254041,-0.0369909,0,-0.0344412,0.000262345
0,0.07,-0.0254711,-0.0364844,0,-0.0360502,-0.000590541
0,0.07,-0.02542,-0.0359757,0,-0.0377758,-0.00125983
0,0.07,-0.025314,-0.0354667,0,-0.0396277,-0.00280539
0,0.07,-0.0251548,-0.0349593,0,-0.041616,-0.00451732
0,0.07,-0.0249779,-0.0344545,0,-0.0437519,-0.00676903
0,0.07,-0.0247808,-0.0339529,0,-0.046047,-0.00918542
0,0.07,-0.0245628,-0.0334552,0,-0.0485139,-0.0117993
0,0.07,-0.0243599,-0.0329615,0,-0.0511661,-0.0150127
0,0.07,-0.0242113,-0.0324721,0,-0.0540182,-0.0188791
0,0.07,-0.0240873,-0.0319862,0,-0.0570861,-0.0227041
0,0.07,-0.023998,-0.0315031,0,-0.0603871,-0.0269005
0,0.07,-0.0239339,-0.0310222,0,-0.0639395,-0.0313407
0,0.07,-0.0238919,-0.0305428,0,-0.0677631,-0.0361161
0,0.07,-0.0238492,-0.0300645,0,-0.0718794,-0.0408253
0,0.07,-0.0237458,-0.029587,0,-0.0763113,-0.0448878
0,0.07,-0.0235365,-0.029111,0,-0.0810834,-0.0486723
0,0.07,-0.023182,-0.0286379,0,-0.0862225,-0.0523414
0,0.07,-0.0226285,-0.0281704,0,-0.0917571,-0.0555256
0,0.07,-0.0218971,-0.0277117,0,-0.097718,-0.0589365
0,0.07,-0.021105,-0.0272658,0,-0.104071,-0.0628765
0,0.07,-0.0203426,-0.0268349,0,-0.110831,-0.0682659
0,0.07,-0.0196642,-0.0264197,0,-0.118097,-0.0741436
0,0.07,-0.0188432,-0.026019,0,-0.125913,-0.0803304
0,0.07,-0.0175234,-0.0256327,0,-0.134274,-0.0876663
-0.00445287,0.0655471,-0.0153724,-0.025267,0,-0.143034,-0.0955626
-0.0206451,0.0493549,-0.0129832,-0.0249348,0.00270469,-0.151814,-0.105431
-0.0368374,0.0331626,-0.00986226,-0.0246489,0.0160827,-0.160284,-0.112153
-0.0530296,0.0169704,-0.00698803,-0.0244157,0.0203754,-0.168335,-0.120833
-0.0692218,0.000778157,-0.000177784,-0.0242386,0.0186645,-0.175912,-0.126994
-0.0854141,-0.0154141,0.00816481,-0.0241499,0.0172116,-0.182973,-0.133911
-0.101606,-0.0316063,0.015684,-0.0242215,0.0160708,-0.189476,-0.142294
-0.117799,-0.0477986,0.022306,-0.0244487,0.0140893,-0.19538,-0.150652
0.108893,0.136826,0.0222265,-0.0247623,-0.00463566,0.0422469,0.0726247
0.108893,0.103293,0.0206497,-0.0247623,-0.00496059,0.0375402,0.0581572
0.0765084,0.0852939,0.0191883,-0.0254733,-0.00809795,0.0335517,0.0527739
0.0603161,0.0630523,0.017724,-0.0258731,-0.00591809,0.0305205,0.0443215
0.0441239,0.0402002,0.0162957,-0.0262437,3.66626e-11,0.0283924,0.0359774
0.0279316,0.0165533,0.0148971,-0.0265854,-6.46235e-27,0.0271919,0.0275596
0.0117394,-0.0065313,0.0134872,-0.0268917,1.43493e-42,0.0269326,0.0195644
0,-0.0239222,0.0120991,-0.0271699,-3.18618e-58,0.0274948,0.0139766
0,-0.0390397,0.0107453,-0.0274202,7.07475e-74,0.0285315,0.00931766
0,-0.0510131,0.00943062,-0.0276432,-1.57091e-89,0.0297492,0.00597289
0,-0.0554761,0.00816075,-0.0278397,3.48812e-105,0.0310764,0.00567554
0,-0.0611257,0.00692651,-0.0280106,-7.74518e-121,0.0324998,0.00489481
0,-0.0633254,0.00573283,-0.0281565,1.71978e-136,0.034022,0.00562584
0,-0.0658557,0.00457517,-0.0282783,-3.81867e-152,0.03565,0.00630019
0,-0.0685508,0.00345336,-0.0283768,8.47915e-168,0.0373925,0.0070549
0,-0.07,0.00234462,-0.0284526,-1.41206e-183,0.0392591,0.00810981
0,-0.07,0.00122808,-0.0285061,2.09027e-199,0.04126,0.00957604
0,-0.07,0.000128041,-0.028543,-4.64134e-215,0.0434063,0.0115774
0,-0.07,-0.000924238,-0.0285576,1.03058e-230,0.0457101,0.0142413
0,-0.07,-0.00189374,-0.0285507,-2.28836e-246,0.0481837,0.0176544
0,-0.0686458,-0.00279718,-0.0285235,7.62176e-262,0.0508407,0.0216006
0,-0.0673193,-0.00366884,-0.0284775,-1.12825e-277,0.0536958,0.0252941
0,-0.0678989,-0.00451093,-0.0284093,2.50521e-293,0.056765,0.0284806
0,-0.0684715,-0.00532166,-0.0283242,-5.56268e-309,0.0600653,0.0319612
0,-0.068368,-0.00610083,-0.0282226,1.89227e-321,0.0636153,0.0359782
0,-0.0673808,-0.00684883,-0.0281053,1.89227e-321,0.0674347,0.0406041
0,-0.0669536,-0.00756778,-0.0279728,1.89227e-321,0.0715448,0.0452529
0,-0.0674098,-0.0082585,-0.0278257,1.89227e-321,0.0759687,0.0498042
0,-0.0692346,-0.0089219,-0.0276647,1.89227e-321,0.080731,0.0540476
0,-0.07,-0.00960728,-0.0274903,1.89227e-321,0.0858581,0.0581632
0,-0.07,-0.0103509,-0.0273022,1.89227e-321,0.0913788,0.0621691
0,-0.07,-0.0111135,-0.0271034,1.89227e-321,0.0973237,0.0668279
0,-0.07,-0.0118664,-0.0268895,1.89227e-321,0.103712,0.0717978
0,-0.07,-0.0124977,-0.0266605,1.89227e-321,0.110575,0.0785221
0,-0.0694041,-0.0129731,-0.0264174,1.89227e-321,0.11796,0.0859418
0,-0.0645009,-0.0134182,-0.0261632,1.89227e-321,0.125897,0.0930196
0,-0.0571355,-0.0138322,-0.0258975,1.89227e-321,0.134382,0.100759
0.00448093,-0.0460943,-0.0142157,-0.0256234,1.89227e-321,0.143264,0.1096
0.0207752,-0.0360709,-0.0145732,-0.0253414,1.89227e-321,0.152162,0.117589
0.0370695,-0.0270439,-0.015517,-0.025052,1.89227e-321,0.160745,0.123134
0.0533638,-0.0122111,-0.0168226,-0.0247483,-0.00188069,0.168902,0.131096
0.0696581,0.00248186,-0.0184512,-0.0244262,-0.012191,0.176578,0.137167
0.0859524,0.0179287,-0.0202365,-0.0240759,-0.0184183,0.183732,0.143524
0.102247,0.032939,-0.0226504,-0.0236935,-0.0175554,0.190322,0.15101
0.118541,0.048541,-0.0254811,-0.0232695,-0.0159032,0.196305,0.158515
-0.109579,-0.125526,-0.0253894,-0.0228165,0.00462191,-0.0427791,-0.0683191
-0.0932849,-0.0969661,-0.025254,-0.0223511,0.00634851,-0.038152,-0.057652
-0.0769906,-0.0717736,-0.0251126,-0.0218445,0.00806649,-0.0342813,-0.047825
-0.0606963,-0.0458655,-0.0249603,-0.0213407,0.00589378,-0.0312241,-0.0379939
-0.044402,-0.0195704,-0.0247961,-0.0208399,-3.28394e-11,-0.0290396,-0.0283067
-0.0281077,0.00628314,-0.0246203,-0.0203421,6.46235e-27,-0.0277818,-0.0190381
-0.0118134,0.0337404,-0.0244268,-0.0198487,-1.43493e-42,-0.0274721,-0.00931054
0,0.050311,-0.0242321,-0.019359,3.18618e-58,-0.0279918,-0.0040989
0,0.0656416,-0.0240278,-0.0188732,-7.07475e-74,-0.0289914,0.000674487
0,0.07,-0.0236202,-0.0183914,1.57091e-89,-0.0301755,0.00402984
0,0.07,-0.023146,-0.0179165,-3.48812e-105,-0.0314715,0.0036869
0,0.07,-0.0224529,-0.0174484,3.87259e-121,-0.0328662,0.00479861
0,0.07,-0.0216925,-0.0169917,-8.59888e-137,-0.0343618,0.0040683
0,0.07,-0.0208611,-0.0165495,1.90934e-152,-0.0359651,0.0032788
0,0.07,-0.0199005,-0.0161231,-4.23958e-168,-0.0376846,0.00262664
0,0.07,-0.0188435,-0.0157146,9.41375e-184,-0.0395299,0.00154481
0,0.07,-0.017758,-0.0153261,-2.09027e-199,-0.0415111,-0.00019445
0,0.07,-0.0166971,-0.014959,4.64134e-215,-0.0436392,-0.00251083
0,0.07,-0.0156911,-0.0146133,-1.03058e-230,-0.045926,-0.00525719
0,0.07,-0.0147365,-0.0142885,2.28836e-246,-0.048384,-0.00819782
0,0.07,-0.0138383,-0.0139832,-5.08117e-262,-0.0510264,-0.0114114
0,0.07,-0.013043,-0.0136966,1.12825e-277,-0.053868,-0.0152254
0,0.07,-0.0123547,-0.013427,-2.50521e-293,-0.0569247,-0.0193379
0,0.07,-0.0116935,-0.0131723,5.56268e-309,-0.0602134,-0.0231172
0,0.07,-0.0111524,-0.0129312,-3.84383e-321,-0.0637526,-0.0280831
0,0.07,-0.0106717,-0.0127022,1.15611e-321,-0.067562,-0.0328178
0,0.07,-0.0101375,-0.0124834,1.15611e-321,-0.0716629,-0.0366292
0,0.07,-0.00953251,-0.0122748,1.15611e-321,-0.0760782,-0.0404723
0,0.07,-0.00879329,-0.0120775,1.15611e-321,-0.0808325,-0.0440673
0,0.07,-0.00785274,-0.0118935,1.15611e-321,-0.0859523,-0.0473637
0,0.07,-0.00666028,-0.0117261,1.15611e-321,-0.0914661,-0.0503235
0,0.07,-0.00527211,-0.0115798,1.15611e-321,-0.0974047,-0.05369
0,0.07,-0.00387082,-0.0114591,1.15611e-321,-0.103708,-0.0575219
0,0.07,-0.00247084,-0.0113662,1.15611e-321,-0.110384,-0.0621513
0,0.07,-0.000722282,-0.0113014,1.15611e-321,-0.117556,-0.0674681
0,0.07,0.00242479,-0.0112669,1.15611e-321,-0.125274,-0.0726128
0,0.07,0.00764583,-0.0112792,0.00633128,-0.133546,-0.0784921
-0.00282977,0.0671702,0.0137435,-0.0113721,0.0209128,-0.142255,-0.0854678
-0.0189999,0.0510001,0.0225248,-0.0115738,0.0219128,-0.151025,-0.0941326
-0.03517,0.03483,0.0373258,-0.0119145,0.0186054,-0.159501,-0.101624
-0.0513402,0.0186598,0.0527554,-0.0124908,0.0193467,-0.167565,-0.109961
-0.0675103,0.00248969,0.0708136,-0.0133762,0.0186711,-0.175162,-0.117484
-0.0836804,-0.0136804,0.0919478,-0.0145848,0.0169671,-0.182249,-0.125028
-0.0998506,-0.0298506,0.108023,-0.0161913,0.0162577,-0.188785,-0.134306
-0.116021,-0.0460207,0.121968,-0.0181668,0.0139896,-0.194727,-0.143023
0.110361,0.150585,0.121924,-0.0203273,-0.00456864,0.0425227,0.0780003
0.0881272,0.112062,0.117255,-0.023298,-0.00680171,0.0379742,0.0637312
0.0780209,0.103576,0.112644,-0.0248104,-0.0079541,0.0341813,0.0601659
0.0618508,0.0815402,0.108145,-0.027114,-0.00729933,0.0311188,0.051611
0.0456806,0.0597698,0.103728,-0.0293264,3.93994e-11,0.0288965,0.0436579
0.0295105,0.0353827,0.0993754,-0.0314495,-6.46235e-27,0.0275831,0.0348949
0.0133404,0.0114138,0.0949594,-0.0334632,1.43493e-42,0.0272108,0.0265297
0,-0.00764695,0.0905546,-0.0353888,-3.18618e-58,0.0276934,0.020265
0,-0.0231561,0.0862187,-0.0372264,7.07475e-74,0.0286882,0.0154544
0,-0.0356799,0.0819664,-0.0389767,-1.57091e-89,0.0298745,0.0118757
0,-0.0398067,0.0778077,-0.0406416,3.48812e-105,0.0311735,0.0117006
0,-0.0440391,0.0737351,-0.0422227,-7.74518e-121,0.03257,0.0114599
0,-0.0448576,0.069753,-0.0437218,1.71978e-136,0.0340658,0.0126995
0,-0.0480463,0.0658551,-0.0451408,-3.81867e-152,0.0356679,0.0130679
0,-0.051378,0.0620437,-0.0464813,8.47915e-168,0.0373845,0.0135558
0,-0.0542535,0.0583191,-0.047745,-1.88275e-183,0.0392251,0.014382
0,-0.0578855,0.0546796,-0.0489319,4.18054e-199,0.0412,0.0150676
0,-0.0614202,0.0511259,-0.0500473,-9.28267e-215,0.04332,0.0159871
0,-0.0665169,0.047656,-0.0510912,2.06117e-230,0.045597,0.0164799
0,-0.07,0.0442552,-0.0520651,-4.00462e-246,0.0480432,0.0175861
0,-0.07,0.0408939,-0.0529706,5.08117e-262,0.0506721,0.0198158
0,-0.07,0.0375897,-0.0538255,-1.12825e-277,0.0534982,0.0225511
0,-0.07,0.0343235,-0.0546136,2.50521e-293,0.0565372,0.0252552
0,-0.07,0.0310792,-0.0553344,-5.56268e-309,0.0598062,0.0279632
0,-0.07,0.0278636,-0.0559916,1.89227e-321,0.0633233,0.0310151
0,-0.07,0.0246998,-0.0565843,1.89227e-321,0.0671083,0.0346591
0,-0.07,0.0216166,-0.0571131,1.89227e-321,0.0711822,0.038997
0,-0.07,0.0186063,-0.0575793,1.89227e-321,0.0755678,0.043512
0,-0.07,0.015593,-0.0579846,1.89227e-321,0.0802896,0.0474502
0,-0.07,0.0125931,-0.0583296,1.89227e-321,0.0853738,0.0517134
0,-0.07,0.00957194,-0.0586144,1.89227e-321,0.0908489,0.0557386
0,-0.07,0.00658727,-0.0588391,1.89227e-321,0.0967452,0.060426
0,-0.07,0.00366508,-0.0590037,1.89227e-321,0.103095,0.0654071
0,-0.07,0.00112288,-0.0591091,1.89227e-321,0.109623,0.0710967
0,-0.07,-0.00125525,-0.0591595,1.89227e-321,0.116274,0.0772671
0,-0.07,-0.0034021,-0.0591606,1.89227e-321,0.123374,0.0842333
0,-0.069649,-0.00527438,-0.0591162,1.89227e-321,0.131015,0.0918433
0,-0.0599222,-0.00706761,-0.0590313,1.89227e-321,0.139158,0.10005
0.0145613,-0.0473793,-0.00891624,-0.0588998,1.89227e-321,0.147471,0.108349
0.0303033,-0.035116,-0.0112647,-0.0587326,1.89227e-321,0.155564,0.114636
0.0460452,-0.0206798,-0.0138816,-0.0585343,-0.00130534,0.163292,0.122378
0.0617872,-0.00542632,-0.0165029,-0.0582854,-0.00745315,0.170591,0.129846
0.0775291,0.0087905,-0.0195887,-0.0579842,-0.0104572,0.177416,0.136371
0.0932711,0.0248611,-0.0226795,-0.057631,-0.0105008,0.183728,0.145048
0.109013,0.0390131,-0.0262853,-0.0572145,-0.00838816,0.189485,0.152988
-0.111374,-0.120383,-0.0261884,-0.0567609,0.00412386,-0.0414867,-0.0653609
-0.0956324,-0.0906264,-0.0271092,-0.056295,0.00544189,-0.036977,-0.0542824
-0.0798904,-0.0655261,-0.0279426,-0.0557634,0.00352932,-0.033166,-0.0444964
-0.0641485,-0.0401027,-0.0286946,-0.0552138,0.00275467,-0.0301084,-0.0348417
-0.0484065,-0.0142086,-0.0294938,-0.0546481,7.2281e-13,-0.0278622,-0.0252931
-0.0326646,0.00853592,-0.0302439,-0.0540675,0,-0.0264845,-0.0172522
-0.0169226,0.0330003,-0.0309674,-0.0534671,0,-0.0260182,-0.00867109
-0.00118065,0.0524358,-0.03167,-0.0528521,0,-0.0264364,-0.002276
0,0.0646173,-0.0323402,-0.0522229,0,-0.0274346,0.00118626
0,0.07,-0.0327,-0.0515801,0,-0.0286577,0.0060119
0,0.07,-0.0328706,-0.0509283,0,-0.0299972,0.0064863
0,0.07,-0.0327147,-0.0502727,0,-0.0314302,0.00803098
0,0.07,-0.0323352,-0.0496167,0,-0.032957,0.00808247
0,0.07,-0.0318027,-0.0489658,0,-0.0345838,0.00753506
0,0.07,-0.031069,-0.0483239,0,-0.0363192,0.00691856
0,0.07,-0.0302754,-0.0476945,0,-0.0381726,0.00534034
0,0.07,-0.029454,-0.0470802,0,-0.0401542,0.00343251
0,0.07,-0.0286058,-0.0464821,0,-0.0422752,0.00134966
0,0.07,-0.027792,-0.0459007,0,-0.0445473,-0.00126539
0,0.07,-0.027,-0.0453359,0,-0.0469828,-0.00401462
0,0.07,-0.0262087,-0.0447872,0,-0.0495951,-0.00686231
0,0.07,-0.0254196,-0.0442543,0,-0.0523985,-0.00994473
0,0.07,-0.0247106,-0.0437372,0,-0.0554086,-0.0137002
0,0.07,-0.0240963,-0.0432352,0,-0.0586424,-0.0177879
0,0.07,-0.0236362,-0.0427465,0,-0.0621178,-0.0225009
0,0.07,-0.0232317,-0.0422687,0,-0.0658542,-0.0270292
0,0.07,-0.0228103,-0.0417997,0,-0.0698726,-0.0312614
0,0.07,-0.0223132,-0.041339,0,-0.0741953,-0.0352636
0,0.07,-0.0216632,-0.0408873,0,-0.0788466,-0.0388786
0,0.07,-0.0207915,-0.0404469,0,-0.0838522,-0.0423716
0,0.07,-0.0196129,-0.0400215,0,-0.0892401,-0.0454235
0,0.07,-0.018141,-0.0396162,0,-0.0950403,-0.0485237
0,0.07,-0.0164766,-0.0392372,0,-0.101285,-0.0521698
0,0.07,-0.0153571,-0.0388894,0,-0.107669,-0.0565164
0,0.07,-0.0141338,-0.0385699,0,-0.114129,-0.0611842
0,0.07,-0.0121758,-0.0382732,0,-0.121019,-0.0666931
0,0.07,-0.00912194,-0.0380072,0,-0.128442,-0.07301
0,0.07,-0.00505341,-0.0377896,0.00697491,-0.136385,-0.0799513
-0.00980383,0.0601962,-0.000674759,-0.0376438,0.0125421,-0.144605,-0.0885706
-0.02549,0.04451,0.00586377,-0.0375799,0.0126407,-0.152726,-0.0975199
-0.0411761,0.0288239,0.0177376,-0.0376187,0.0104564,-0.160521,-0.104857
-0.0568622,0.0131378,0.0291397,-0.0378429,0.011458,-0.167906,-0.113493
-0.0725483,-0.00254834,0.0432443,-0.038306,0.00976764,-0.174834,-0.121107
-0.0882345,-0.0182345,0.055863,-0.0390157,0.00926213,-0.181263,-0.129724
-0.103921,-0.0339206,0.0681024,-0.0400005,0.00733626,-0.187153,-0.138129
0.115685,0.155031,0.068053,-0.0412279,-0.00350671,0.0428332,0.0795901
0.0945089,0.11568,0.0644331,-0.0430666,-0.00261268,0.0382033,0.0644473
0.0843129,0.101152,0.0608164,-0.0439459,-0.000615332,0.0342634,0.0584219
0.0686268,0.081852,0.0572648,-0.045202,-0.000268681,0.0310094,0.0509524
0.0529407,0.0602852,0.0538703,-0.0463864,0.00108071,0.0285338,0.0429509
0.0372546,0.0376355,0.0506074,-0.0475011,0.00121532,0.0269032,0.0348081
0.0215684,0.0150089,0.047375,-0.0485492,1.38018e-20,0.0261674,0.0268998
0.0058823,-0.00848057,0.0441127,-0.0495322,-3.00927e-36,0.0263224,0.0188108
0,-0.0240193,0.0409067,-0.0504341,6.68191e-52,0.0271531,0.0140343
0,-0.0379608,0.037772,-0.0512714,-1.48368e-67,0.0283148,0.0098723
0,-0.0459919,0.0347206,-0.0520457,3.29444e-83,0.0296194,0.00813796
0,-0.0485321,0.0317533,-0.0527584,-7.31512e-99,0.0310229,0.00860341
0,-0.049743,0.0288655,-0.0534113,1.62428e-114,0.0325197,0.00962311
0,-0.0504234,0.0260559,-0.0540059,-3.60663e-130,0.0341147,0.0109531
0,-0.0515047,0.0233229,-0.0545439,8.00833e-146,0.0358157,0.0122463
0,-0.0539755,0.0206645,-0.0550267,-1.77821e-161,0.0376321,0.0131356
0,-0.0567036,0.0180814,-0.055456,3.94841e-177,0.0395737,0.0141023
0,-0.0581114,0.0155745,-0.0558331,-8.76724e-193,0.0416514,0.0157739
0,-0.0602305,0.0131407,-0.0561596,1.94672e-208,0.0438767,0.0173303
0,-0.0610167,0.0107816,-0.0564371,-4.32258e-224,0.0462619,0.0196326
0,-0.0610601,0.00849542,-0.0566668,9.59806e-240,0.0488198,0.0224292
0,-0.0603194,0.00628122,-0.0568505,-2.1312e-255,0.0515647,0.0257605
0,-0.0605755,0.00413607,-0.0569894,4.73221e-271,0.0545116,0.0289277
0,-0.0613889,0.00205971,-0.057085,-1.05076e-286,0.0576771,0.032144
0,-0.0632272,5.08344e-05,-0.0571386,2.33316e-302,0.0610789,0.0352231
0,-0.0659986,-0.00189116,-0.0571517,-5.18065e-318,0.0647359,0.0382119
0,-0.0670536,-0.00376416,-0.0571255,2.05037e-321,0.0686686,0.0421646
0,-0.0679057,-0.0055712,-0.0570615,2.05037e-321,0.072899,0.0464277
0,-0.0695484,-0.0073144,-0.0569609,2.05037e-321,0.0774506,0.0506115
0,-0.07,-0.00903443,-0.0568251,2.05037e-321,0.0823488,0.0548743
0,-0.07,-0.0107155,-0.0566547,2.05037e-321,0.0876209,0.0597211
0,-0.07,-0.0123912,-0.0564589,2.05037e-321,0.0932964,0.0642153
0,-0.07,-0.0140298,-0.0562295,2.05037e-321,0.0994066,0.0692486
0,-0.07,-0.0154954,-0.0559669,2.05037e-321,0.105886,0.075514
0,-0.0685488,-0.016856,-0.0556731,2.05037e-321,0.112742,0.0820661
0,-0.0644558,-0.0181573,-0.055351,2.05037e-321,0.120101,0.0888744
0,-0.0584053,-0.0193991,-0.0549956,2.05037e-321,0.128013,0.0962333
0,-0.0516191,-0.0205773,-0.0546151,2.05037e-321,0.136459,0.10359
0.00769829,-0.0428722,-0.0216915,-0.0542106,2.05037e-321,0.145233,0.111382
0.0239052,-0.0346325,-0.0227416,-0.0537835,2.05037e-321,0.153946,0.118547
0.0401121,-0.024293,-0.0243725,-0.053335,2.05037e-321,0.162325,0.124305
0.0563191,-0.00987963,-0.0264267,-0.0528589,-0.00282054,0.170274,0.131648
0.072526,0.00370811,-0.0290648,-0.052354,-0.015252,0.177742,0.136323
0.0887329,0.0187329,-0.0344442,-0.0518057,-0.0141954,0.184685,0.141852
0.10494,0.0349398,-0.0410294,-0.051184,-0.0129639,0.191064,0.148425
0.121147,0.0511468,-0.0564155,-0.0504392,-0.0118489,0.196834,0.148425
-0.10575,-0.116284,-0.0563175,-0.0496186,0.0047056,-0.0463854,-0.0667558
-0.10575,-0.0825611,-0.0560523,-0.0496186,0.00504676,-0.0414116,-0.0523682
-0.0733363,-0.0654864,-0.0557569,-0.0477944,0.0078328,-0.0372185,-0.0472622
-0.0571294,-0.0443521,-0.0554352,-0.046676,0.00305682,-0.0340352,-0.0391478
-0.0409225,-0.0234061,-0.0550886,-0.0455637,2.18169e-11,-0.0317943,-0.031459
-0.0247156,-0.00139023,-0.0547125,-0.0444581,-3.23117e-27,-0.0305124,-0.0235749
-0.00850864,0.0218643,-0.0542998,-0.0433616,7.17465e-43,-0.0301857,-0.0153991
0,0.0375148,-0.0538685,-0.0422732,-1.59309e-58,-0.0306318,-0.0104218
0,0.0555049,-0.0534113,-0.0411932,3.53737e-74,-0.0314956,-0.00450621
0,0.0680919,-0.0529382,-0.0401222,-7.85455e-90,-0.0325378,-0.000885104
0,0.07,-0.0523216,-0.0390606,1.74406e-105,-0.0337002,0.00042603
0,0.07,-0.0514783,-0.0380105,-4.23565e-121,-0.0349725,0.00214931
0,0.07,-0.0504695,-0.0369717,8.59888e-137,-0.0363572,0.00232338
0,0.07,-0.0494181,-0.0359512,-1.90934e-152,-0.037861,0.00114281
0,0.07,-0.0483621,-0.0349512,4.23958e-168,-0.0394917,-0.000559586
0,0.07,-0.0473064,-0.0339724,-9.41375e-184,-0.0412584,-0.00246383
0,0.07,-0.046236,-0.0330147,2.09027e-199,-0.0431709,-0.0043822
0,0.07,-0.045145,-0.0320782,-4.64134e-215,-0.0452397,-0.00641931
0,0.07,-0.0440656,-0.0311633,1.03058e-230,-0.0474761,-0.00898323
0,0.07,-0.0430707,-0.0302701,-2.28836e-246,-0.0498925,-0.0125261
0,0.07,-0.0422015,-0.0293977,5.08117e-262,-0.0525018,-0.0167543
0,0.07,-0.04142,-0.0285441,-1.30453e-277,-0.0553187,-0.0208776
0,0.07,-0.0406304,-0.0277071,2.50521e-293,-0.0583588,-0.0242571
0,0.07,-0.0398057,-0.0268858,-5.56268e-309,-0.0616391,-0.0276199
0,0.07,-0.0389767,-0.0260806,1.89227e-321,-0.0651779,-0.0315517
0,0.07,-0.0381498,-0.025292,1.89227e-321,-0.068995,-0.0358023
0,0.07,-0.0372701,-0.0245199,1.89227e-321,-0.0731117,-0.0397213
0,0.07,-0.0362899,-0.0237648,1.89227e-321,-0.0775509,-0.0433487
0,0.07,-0.0351832,-0.0230282,1.89227e-321,-0.0823374,-0.0468689
0,0.07,-0.0339195,-0.0223124,1.89227e-321,-0.0874978,-0.0502613
0,0.07,-0.0324134,-0.0216201,1.89227e-321,-0.0930609,-0.0533442
0,0.07,-0.030668,-0.0209553,1.89227e-321,-0.0990577,-0.0564188
0,0.07,-0.0290089,-0.0203227,1.89227e-321,-0.105422,-0.0609526
0,0.07,-0.0274926,-0.0197243,1.89227e-321,-0.11216,-0.0666752
0,0.07,-0.0261716,-0.0191578,1.89227e-321,-0.1194,-0.0730847
0,0.07,-0.0245246,-0.0186198,1.89227e-321,-0.127191,-0.0797521
0,0.07,-0.0221457,-0.0181104,1.89227e-321,-0.135523,-0.0867575
-0.0060578,0.0639422,-0.019021,-0.0176401,0.000384052,-0.14422,-0.095316
-0.0222119,0.0477881,-0.0152794,-0.0172237,0.00889307,-0.152901,-0.103741
-0.0383661,0.0316339,-0.00716022,-0.0168751,0.0160487,-0.161262,-0.109053
-0.0545202,0.0154798,0.000957634,-0.0166264,0.0194614,-0.169203,-0.117392
-0.0706743,-0.000674306,0.0145231,-0.0165481,0.0166559,-0.17667,-0.123012
-0.0868284,-0.0168284,0.0292522,-0.0166826,0.0157957,-0.183621,-0.130475
-0.102983,-0.0329826,0.0431302,-0.0171056,0.0142102,-0.190014,-0.138805
-0.119137,-0.0491367,0.0549505,-0.0178155,0.0124837,-0.195806,-0.147343
0.107021,0.143237,0.0548799,-0.0186781,-0.00486487,0.0413607,0.0749826
0.0848092,0.104395,0.0524564,-0.0198642,-0.00663059,0.0369783,0.060614
0.0747128,0.0933055,0.0500563,-0.0205407,-0.00646227,0.0333609,0.0560909
0.0585587,0.0698762,0.047737,-0.0215682,-0.00460328,0.030484,0.0470862
0.0424046,0.0472593,0.0454672,-0.0225485,1.35404e-11,0.0284572,0.0388726
0.0262505,0.0221822,0.0432245,-0.0234828,-3.23117e-27,0.0273458,0.0298927
0.0100963,-0.00205586,0.0409503,-0.0243607,7.17465e-43,0.0271671,0.0214669
0,-0.0199364,0.0387006,-0.0251934,-1.59309e-58,0.0277744,0.0157056
0,-0.034968,0.0364943,-0.0259809,3.53737e-74,0.0288188,0.0110911
0,-0.0476948,0.0343367,-0.026724,-7.85455e-90,0.0300358,0.00744752
0,-0.0544145,0.0322339,-0.0274237,1.74406e-105,0.0313612,0.00626516
0,-0.0584967,0.0301825,-0.028081,-3.87259e-121,0.0327837,0.00615073
0,-0.0607456,0.0281817,-0.028697,8.59888e-137,0.0343065,0.00684558
0,-0.0610905,0.0262313,-0.0292726,-1.90934e-152,0.0359366,0.00840233
0,-0.0615511,0.0243287,-0.0298089,4.23958e-168,0.0376828,0.0100264
0,-0.0594121,0.0224765,-0.0303069,-9.41375e-184,0.0395546,0.012847
0,-0.0590369,0.0206693,-0.0307676,2.09027e-199,0.0415625,0.0150947
0,-0.0591246,0.0189085,-0.0311918,-4.64134e-215,0.0437176,0.017371
0,-0.0604605,0.0171928,-0.0315805,1.03058e-230,0.0460317,0.0193569
0,-0.0608291,0.0155243,-0.0319347,-2.28836e-246,0.0485175,0.021963
0,-0.0614179,0.0139011,-0.0322552,5.08117e-262,0.0511885,0.0246968
0,-0.0625545,0.0123227,-0.0325429,-1.12825e-277,0.0540596,0.0274591
0,-0.0643757,0.0107883,-0.0327989,2.50521e-293,0.0571468,0.0302112
0,-0.0659384,0.00929879,-0.0330238,-5.56268e-309,0.0604673,0.0333397
0,-0.0671164,0.00785361,-0.0332188,1.89227e-321,0.0640397,0.0368849
0,-0.0688851,0.00645122,-0.0333845,1.89227e-321,0.0678839,0.0404544
0,-0.07,0.00507766,-0.0335219,1.89227e-321,0.0720213,0.0443322
0,-0.07,0.00369987,-0.0336317,1.89227e-321,0.0764752,0.0483924
0,-0.07,0.00232271,-0.0337209,1.89227e-321,0.0812702,0.0527353
0,-0.07,0.000918748,-0.0337825,1.89227e-321,0.0864332,0.0568479
0,-0.07,-0.000502669,-0.0338163,1.89227e-321,0.0919929,0.0612196
0,-0.07,-0.00191929,-0.0338219,1.89227e-321,0.0979802,0.0659975
0,-0.07,-0.00327005,-0.0337991,1.89227e-321,0.104412,0.0715363
0,-0.07,-0.00453785,-0.0337485,1.89227e-321,0.111317,0.0774631
0,-0.07,-0.00566653,-0.0336711,1.89227e-321,0.118747,0.0841367
0,-0.07,-0.00669113,-0.0335702,1.89227e-321,0.126731,0.0900912
0,-0.066413,-0.0075861,-0.0334476,1.89227e-321,0.135256,0.0975676
0.00610723,-0.0543983,-0.00855805,-0.0333057,1.89227e-321,0.144141,0.106348
0.0223932,-0.0413336,-0.00980847,-0.0331409,1.89227e-321,0.153002,0.114621
0.0386791,-0.0281842,-0.0119191,-0.0329585,-0.000662104,0.161534,0.121161
0.0549651,-0.0125164,-0.0141052,-0.0327444,-0.00617019,0.169636,0.129652
0.071251,0.00232964,-0.0165054,-0.0324863,-0.0181378,0.177253,0.135436
0.0875369,0.0175369,-0.0198422,-0.032185,-0.0186161,0.184344,0.142417
0.103823,0.0338229,-0.0233061,-0.0318316,-0.0175191,0.190868,0.150583
0.120109,0.0501088,-0.0268119,-0.0314053,-0.0156713,0.19678,0.158481
-0.107894,-0.123126,-0.0267187,-0.0309391,0.00480284,-0.0422534,-0.0672916
-0.0916084,-0.0940795,-0.0267988,-0.0304594,0.00651268,-0.0377058,-0.056492
-0.0753225,-0.0702291,-0.0268675,-0.0299243,0.00827178,-0.0339195,-0.0472443
-0.0590365,-0.0453569,-0.0269171,-0.0293877,0.00457261,-0.0309521,-0.0378379
-0.0427506,-0.0211614,-0.0269476,-0.0288499,4.09061e-11,-0.0288626,-0.0289992
-0.0264647,0.00407475,-0.026958,-0.0283113,-6.46235e-27,-0.0277035,-0.019966
-0.0101787,0.029615,-0.0269511,-0.0277722,1.43493e-42,-0.0274883,-0.0110108
0,0.0452544,-0.0269369,-0.0272331,-3.18618e-58,-0.0280679,-0.00615394
0,0.0602903,-0.0269053,-0.0266943,7.07475e-74,-0.0290899,-0.0014941
0,0.07,-0.0268139,-0.026156,-1.96364e-89,-0.0302869,0.00166007
0,0.07,-0.0266312,-0.0256192,0,-0.031594,0.00147993
0,0.07,-0.0262662,-0.0250845,0,-0.0329996,0.00260576
0,0.07,-0.0258078,-0.0245552,0,-0.0345067,0.00206787
0,0.07,-0.0253049,-0.024034,0,-0.0361222,0.00084901
0,0.07,-0.0247519,-0.0235224,0,-0.0378549,-0.000433951
0,0.07,-0.0241051,-0.0230212,0,-0.0397143,-0.00139458
0,0.07,-0.0233873,-0.022532,0,-0.0417106,-0.00273328
0,0.07,-0.0226202,-0.0220564,0,-0.0438549,-0.00462205
0,0.07,-0.0218292,-0.0215955,0,-0.046159,-0.00689694
0,0.07,-0.0210638,-0.0211503,0,-0.0486356,-0.00975191
0,0.07,-0.0202974,-0.0207206,0,-0.051298,-0.0126316
0,0.07,-0.0195215,-0.0203062,0,-0.0541612,-0.0156831
0,0.07,-0.018741,-0.0199072,0,-0.057241,-0.0190115
0,0.07,-0.0180168,-0.0195238,0,-0.0605547,-0.0230477
0,0.07,-0.0173365,-0.0191555,0,-0.0641207,-0.0272511
0,0.07,-0.0167478,-0.0188013,0,-0.067959,-0.0321749
0,0.07,-0.0161755,-0.0184599,0,-0.072091,-0.0367467
0,0.07,-0.0154667,-0.0181301,0,-0.0765398,-0.0401194
0,0.07,-0.0146256,-0.0178129,0,-0.0813302,-0.043849
0,0.07,-0.0135938,-0.0175112,0,-0.0864888,-0.0472429
0,0.07,-0.0123372,-0.0172279,0,-0.0920445,-0.0504212
0,0.07,-0.0108695,-0.0169674,0,-0.0980281,-0.0537265
0,0.07,-0.00942594,-0.0167338,0,-0.104374,-0.0577458
0,0.07,-0.00807459,-0.0165294,0,-0.111088,-0.0630698
0,0.07,-0.00673291,-0.0163531,0,-0.118299,-0.0695447
0,0.07,-0.00469206,-0.016203,0,-0.126058,-0.0758685
0,0.07,-0.00134519,-0.0160857,0,-0.134363,-0.0825785
-0.00444232,0.0655577,0.00265714,-0.0160203,0.00685473,-0.143068,-0.0910273
-0.0205962,0.0494038,0.00653229,-0.0160294,0.0149544,-0.151794,-0.100487
-0.0367501,0.0332499,0.0163136,-0.0161136,0.0169275,-0.160215,-0.106249
-0.052904,0.017096,0.02633,-0.0163176,0.0188253,-0.168218,-0.114601
-0.0690579,0.000942093,0.0400766,-0.016724,0.0171982,-0.175751,-0.121216
-0.0852118,-0.0152118,0.0555181,-0.0173674,0.0157072,-0.18277,-0.128869
-0.101366,-0.0313657,0.0681016,-0.0183079,0.0148028,-0.189235,-0.137834
-0.11752,-0.0475196,0.0789958,-0.0195315,0.0127095,-0.195103,-0.146486
0.108635,0.143867,0.0789243,-0.0208936,-0.00470478,0.0419815,0.0753552
0.0864233,0.1035,0.0756443,-0.0227664,-0.00688972,0.0375153,0.0603489
0.0763272,0.0927119,0.0723944,-0.0237426,-0.00672978,0.0338093,0.0559304
0.0601733,0.0726147,0.0692443,-0.0252262,-0.00594136,0.0308387,0.0482171
0.0440194,0.0502237,0.0661555,-0.0266457,-7.99312e-13,0.0287129,0.0400135
0.0278655,0.0270358,0.0631119,-0.0280028,1.00974e-28,0.027499,0.0317605
0.0117116,0.00342085,0.0600224,-0.0292833,-2.24208e-44,0.0272217,0.0235353
0,-0.0131486,0.0569556,-0.0305023,4.97841e-60,0.0277646,0.0182729
0,-0.0262555,0.0539435,-0.0316598,-1.10543e-75,0.0287821,0.0143941
0,-0.0375317,0.0509937,-0.0327568,2.45455e-91,0.0299816,0.0112876
0,-0.0422698,0.0481139,-0.0337943,-5.45019e-107,0.0312919,0.0108609
0,-0.0458567,0.0452992,-0.0347739,1.21018e-122,0.0326996,0.0108998
0,-0.044694,0.0425534,-0.0356968,-2.68715e-138,0.0342073,0.0129342
0,-0.0451839,0.0398695,-0.0365643,5.96667e-154,0.0358218,0.0143646
0,-0.0472822,0.0372472,-0.0373778,-1.32487e-169,0.0375518,0.0153198
0,-0.0485631,0.0346888,-0.0381385,2.9418e-185,0.0394067,0.0167813
0,-0.0515861,0.0321912,-0.0388476,-6.5321e-201,0.0413969,0.0177047
0,-0.0559579,0.0297544,-0.0395064,1.45042e-216,0.0435333,0.0183012
0,-0.0601029,0.0273796,-0.0401161,-3.22057e-232,0.0458278,0.0192085
0,-0.0615274,0.0250694,-0.040678,7.15111e-248,0.0482928,0.021412
0,-0.0616012,0.0228214,-0.0411932,-1.58787e-263,0.0509419,0.0243422
0,-0.0630305,0.0206322,-0.0416631,3.52577e-279,0.0537896,0.0269532
0,-0.0657257,0.0185016,-0.0420889,-7.82878e-295,0.056852,0.0293335
0,-0.0682198,0.0164307,-0.0424717,1.73834e-310,0.060146,0.0320757
0,-0.07,0.0143736,-0.0428128,-9.14021e-322,0.06369,0.0346841
0,-0.07,0.0123174,-0.0431126,-9.14021e-322,0.067504,0.0380347
0,-0.07,0.0102759,-0.0433816,-9.14021e-322,0.0716091,0.0418374
0,-0.07,0.00827715,-0.0436095,-9.14021e-322,0.0760283,0.0462951
0,-0.07,0.00631887,-0.0437971,-9.14021e-322,0.0807862,0.0509468
0,-0.07,0.00439426,-0.043945,-9.14021e-322,0.0859094,0.0556932
0,-0.07,0.00248483,-0.044054,-9.14021e-322,0.0914263,0.0603159
0,-0.07,0.000616673,-0.0441247,-9.14021e-322,0.0973678,0.065417
0,-0.07,-0.0011859,-0.0441576,-9.14021e-322,0.103755,0.0708025
0,-0.07,-0.00283235,-0.0441537,-9.14021e-322,0.110618,0.0776289
0,-0.07,-0.00427683,-0.0441152,-9.14021e-322,0.118005,0.0850995
0,-0.0646831,-0.00561763,-0.0440455,-9.14021e-322,0.125944,0.0930003
0,-0.0554789,-0.00689928,-0.0439479,-9.14021e-322,0.134431,0.101468
0.00448224,-0.0438991,-0.00812537,-0.0438176,-9.14021e-322,0.143316,0.110498
0.0207813,-0.032643,-0.00929609,-0.0436625,-9.14021e-322,0.152216,0.118971
0.0370803,-0.0235433,-0.0106064,-0.0434836,-9.14021e-322,0.160802,0.125605
0.0533794,-0.00844226,-0.0119716,-0.04328,-9.14021e-322,0.168961,0.134524
0.0696784,0.00455629,-0.0138657,-0.0430556,-0.00602781,0.17664,0.140162
0.0859775,0.0202202,-0.0157608,-0.0428,-0.0153907,0.183796,0.146339
0.102277,0.0367284,-0.0176069,-0.0425076,-0.0167925,0.190388,0.153954
0.118576,0.0485756,-0.0197376,-0.0421785,-0.0151152,0.196373,0.161492
-0.109611,-0.115887,-0.0196396,-0.0418264,0.00462288,-0.0427815,-0.064524
-0.093312,-0.0869638,-0.0203026,-0.041459,0.00635067,-0.038153,-0.0538029
-0.077013,-0.0611765,-0.0209366,-0.0410602,0.00806986,-0.034281,-0.043744
-0.060714,-0.0348884,-0.021535,-0.0406485,0.00589816,-0.0312228,-0.0337706
-0.0444149,-0.0114574,-0.0221007,-0.0402243,-3.46112e-11,-0.0290375,-0.025233
-0.0281159,0.012567,-0.0226342,-0.0397886,0,-0.0277793,-0.0166512
-0.0118168,0.038698,-0.023152,-0.0393391,0,-0.0274693,-0.00742552
0,0.0534192,-0.0236574,-0.0388791,0,-0.0279891,-0.00293232
0,0.0674316,-0.0241326,-0.038409,0,-0.0289889,0.00134273
0,0.07,-0.0244004,-0.0379292,0,-0.0301731,0.00373193
0,0.07,-0.0246395,-0.0374428,0,-0.0314693,0.00247623
0,0.07,-0.0247714,-0.0369527,0,-0.0328642,0.00231101
0,0.07,-0.0248908,-0.0364587,0,-0.0343599,0.000662249
0,0.07,-0.0249768,-0.0359622,0,-0.0359633,-0.000789292
0,0.07,-0.0249918,-0.0354636,0,-0.037683,-0.00186076
0,0.07,-0.0249538,-0.0349639,0,-0.0395284,-0.00343667
0,0.07,-0.0248882,-0.0344644,0,-0.0415097,-0.00542834
0,0.07,-0.0247989,-0.0339659,0,-0.0436379,-0.00763715
0,0.07,-0.0247186,-0.033469,0,-0.0459248,-0.0103786
0,0.07,-0.0245879,-0.0329737,0,-0.0483828,-0.0127128
0,0.07,-0.0244212,-0.0324805,0,-0.0510254,-0.015409
0,0.07,-0.0242416,-0.0319903,0,-0.0538671,-0.0185749
0,0.07,-0.0241067,-0.0315035,0,-0.0569238,-0.0225896
0,0.07,-0.0240166,-0.0310199,0,-0.0602126,-0.0268742
0,0.07,-0.0239532,-0.0305385,0,-0.0637518,-0.0313937
0,0.07,-0.0239404,-0.0300588,0,-0.0675613,-0.0365812
0,0.07,-0.0239233,-0.0295798,0,-0.0716622,-0.0412366
0,0.07,-0.0238885,-0.0291012,0,-0.0760776,-0.0459407
0,0.07,-0.0237944,-0.028623,0,-0.0808319,-0.0502428
0,0.07,-0.0236439,-0.0281461,0,-0.0859518,-0.0547535
0,0.07,-0.0234221,-0.0276716,0,-0.0914656,-0.0591678
0,0.07,-0.0231042,-0.0272007,0,-0.0974042,-0.0634577
0,0.07,-0.0227966,-0.0267351,0,-0.103765,-0.0686603
0,0.07,-0.022515,-0.0262758,0,-0.110571,-0.0745145
0,0.07,-0.0223086,-0.0258224,0,-0.117892,-0.08103
0,0.07,-0.0222114,-0.0253739,0,-0.125766,-0.0879616
0,0.07,-0.0222623,-0.0249286,0,-0.13419,-0.0952504
-0.00366354,0.0585429,-0.022067,-0.024484,0,-0.143033,-0.10385
-0.019946,0.0441716,-0.0215846,-0.0240404,0,-0.151914,-0.112745
-0.0362284,0.0313113,-0.0200732,-0.0236031,0.00128158,-0.160487,-0.119057
-0.0525108,0.0153716,-0.0185265,-0.0231843,0.00664922,-0.16864,-0.127853
-0.0687932,0.000378121,-0.0167655,-0.0227967,0.0183076,-0.176316,-0.133853
-0.0850756,-0.0150756,-0.013908,-0.0224403,0.0197599,-0.183474,-0.140269
-0.101358,-0.031358,-0.0103203,-0.0221236,0.0186151,-0.190071,-0.147919
-0.11764,-0.0476405,-0.00654291,-0.0218777,0.016783,-0.196066,-0.155403
0.110313,0.133202,-0.00662791,-0.0216713,-0.00450618,0.0428252,0.0712955
0.094031,0.103439,-0.00712739,-0.0214741,-0.00624123,0.0381784,0.0600401
0.0777485,0.0794744,-0.00760309,-0.0213371,-0.00793611,0.0342838,0.0507107
0.0614661,0.0579663,-0.00805833,-0.0211902,-0.00652216,0.0311981,0.0426083
0.0451837,0.0345345,-0.00849611,-0.0210338,5.66559e-11,0.0289807,0.0339895
0.0289013,0.013032,-0.00891383,-0.0208687,-1.29247e-26,0.0276865,0.0264089
0.0126189,-0.0106941,-0.00932864,-0.020693,2.86986e-42,0.0273406,0.0181009
0,-0.0267594,-0.00972281,-0.0205089,-6.37237e-58,0.0278398,0.0130319
0,-0.0392055,-0.0100958,-0.0203168,1.41495e-73,0.0288367,0.00940128
0,-0.0522622,-0.0104513,-0.0201171,-3.14182e-89,0.030022,0.00556607
0,-0.0559109,-0.0107784,-0.0199102,6.97624e-105,0.0313197,0.00559396
0,-0.0614304,-0.0110894,-0.0196966,-1.54904e-120,0.0327153,0.00483492
0,-0.0660576,-0.0113817,-0.0194767,3.43955e-136,0.0342106,0.00457601
0,-0.0684548,-0.0116539,-0.0192508,-7.63734e-152,0.0358122,0.00532158
0,-0.07,-0.0119345,-0.0190194,1.69583e-167,0.0375286,0.00612321
0,-0.07,-0.0122495,-0.0187824,-3.7655e-183,0.0393693,0.0072773
0,-0.07,-0.0125942,-0.0185408,8.36109e-199,0.0413445,0.00865298
0,-0.07,-0.0129345,-0.0182927,-1.85653e-214,0.0434653,0.010699
0,-0.07,-0.0132426,-0.0180378,4.12234e-230,0.0457436,0.0133617
0,-0.07,-0.0134621,-0.0177763,-9.15342e-246,0.048192,0.0170887
0,-0.0697984,-0.0136029,-0.0175095,1.65138e-261,0.0508242,0.0210215
0,-0.0668869,-0.0137271,-0.017239,-4.51299e-277,0.053655,0.0253469
0,-0.0649286,-0.0138391,-0.0169652,1.00208e-292,0.0567001,0.0295039
0,-0.0624053,-0.0139377,-0.0166891,-2.22507e-308,0.0599764,0.0341632
0,-0.0600513,-0.0140238,-0.0164109,-2.4308e-321,0.0635023,0.0390131
0,-0.0583226,-0.0140984,-0.016131,-2.4308e-321,0.0672973,0.0438826
0,-0.0567491,-0.0141613,-0.0158494,-2.4308e-321,0.0713827,0.0489605
0,-0.0563076,-0.0142137,-0.0155666,-2.4308e-321,0.0757811,0.0538366
0,-0.0573754,-0.0142565,-0.0152826,-2.4308e-321,0.0805172,0.0583539
0,-0.0585945,-0.0142885,-0.0149978,-2.4308e-321,0.0856172,0.0630302
0,-0.0610051,-0.0143111,-0.0147122,-2.4308e-321,0.0911095,0.0673891
0,-0.0642714,-0.0143243,-0.0144261,-2.4308e-321,0.0970247,0.0715306
0,-0.0667161,-0.0143265,-0.0141397,-2.4308e-321,0.103393,0.0760351
0,-0.0674134,-0.0143172,-0.0138532,-2.4308e-321,0.110249,0.0812223
0,-0.0659047,-0.0142963,-0.0135668,-2.4308e-321,0.117629,0.0871658
0,-0.0624664,-0.0142642,-0.0132807,-2.4308e-321,0.125563,0.0936701
0,-0.0580842,-0.0142204,-0.0129952,-2.4308e-321,0.134047,0.100269
0.00367351,-0.0495044,-0.014162,-0.0127106,-2.4308e-321,0.142948,0.108203
0.0200002,-0.0393739,-0.0141574,-0.012427,-2.4308e-321,0.151884,0.116047
0.0363269,-0.027788,-0.0146874,-0.0121438,-2.4308e-321,0.16051,0.122901
0.0526536,-0.0116727,-0.0152735,-0.0118562,-0.000117998,0.168712,0.132403
0.0689803,0.00357958,-0.016113,-0.0115571,-0.00665224,0.176433,0.139552
0.085307,0.0199073,-0.0168538,-0.0112441,-0.0140336,0.183631,0.146753
0.101634,0.0375706,-0.0171963,-0.0109159,-0.0172667,0.190266,0.155164
0.11796,0.0479604,-0.0173278,-0.0105761,-0.0167358,0.196294,0.162882
-0.110613,-0.115022,-0.0172293,-0.0102322,0.00457161,-0.0432318,-0.064362
-0.0942867,-0.0856864,-0.0169595,-0.00988799,0.00631063,-0.0385596,-0.0534668
-0.07796,-0.0611668,-0.0166932,-0.00954583,0.00801098,-0.0346435,-0.043908
-0.0616333,-0.035162,-0.0164233,-0.00920904,0.00660513,-0.0315407,-0.0340191
-0.0453066,-0.0130986,-0.0161555,-0.0088776,-9.52638e-12,-0.0293101,-0.0260158
-0.0289799,0.0103515,-0.0158832,-0.00855155,1.61559e-27,-0.0280067,-0.0176382
-0.0126532,0.0354761,-0.0155987,-0.00823225,-3.58732e-43,-0.0276555,-0.00880457
0,0.0498505,-0.0153198,-0.00791857,7.96546e-59,-0.028153,-0.00443646
0,0.0627408,-0.01504,-0.0076105,-1.76869e-74,-0.0291508,-0.000608269
0,0.07,-0.0146486,-0.00730802,2.94546e-90,-0.0303386,0.00262083
0,0.07,-0.0142366,-0.0070127,-4.36015e-106,-0.0316405,0.00167502
0,0.07,-0.0136943,-0.00672343,9.68148e-122,-0.0330419,0.00227228
0,0.07,-0.0130851,-0.00644358,-1.07486e-137,-0.0345451,0.00171754
0,0.07,-0.0124343,-0.00617518,2.38667e-153,-0.0361569,0.000620587
0,0.07,-0.0117641,-0.00591933,-5.29947e-169,-0.0378859,-0.000834023
0,0.07,-0.0111069,-0.00567668,1.17672e-184,-0.0397417,-0.00277447
0,0.07,-0.0104524,-0.00544731,-2.61284e-200,-0.0417346,-0.00477778
0,0.07,-0.0098475,-0.00523107,5.80167e-216,-0.0438756,-0.00745705
0,0.07,-0.00930925,-0.00502746,-1.28823e-231,-0.0461767,-0.0105288
0,0.07,-0.00882292,-0.00483536,2.86044e-247,-0.0486506,-0.013683
0,0.07,-0.00837479,-0.00465355,-4.7636e-263,-0.0513112,-0.0169666
0,0.07,-0.00796475,-0.00448112,7.05154e-279,-0.0541732,-0.0205951
0,0.07,-0.00762345,-0.00431732,-1.56576e-294,-0.0572527,-0.0249508
0,0.07,-0.00734879,-0.0041611,3.47668e-310,-0.0605666,-0.0295706
0,0.07,-0.00715731,-0.0040111,-1.66994e-321,-0.0641335,-0.0347374
0,0.07,-0.00702184,-0.00386585,-1.66994e-321,-0.0679732,-0.0398096
0,0.07,-0.00687501,-0.00372392,-1.66994e-321,-0.0721071,-0.0441711
0,0.07,-0.00670047,-0.0035848,-1.66994e-321,-0.0765582,-0.0485344
0,0.07,-0.00648563,-0.00344888,-1.66994e-321,-0.0813512,-0.0529256
0,0.07,-0.00624523,-0.0033168,-1.66994e-321,-0.0865129,-0.0577145
0,0.07,-0.0059596,-0.00318925,-1.66994e-321,-0.0920719,-0.0623565
0,0.07,-0.00562297,-0.00306692,-1.66994e-321,-0.0980592,-0.0669986
0,0.07,-0.00526203,-0.00295075,-1.66994e-321,-0.104502,-0.072004
0,0.07,-0.00493087,-0.00284154,-1.66994e-321,-0.111435,-0.0778285
0,0.07,-0.0046625,-0.00273928,-1.66994e-321,-0.118898,-0.0840646
0,0.07,-0.00439804,-0.00264308,-1.66994e-321,-0.126921,-0.08929
0,0.07,-0.00426661,-0.00255221,-1.66994e-321,-0.135502,-0.0961913
-0.0036715,0.0601157,-0.00375359,-0.00246543,-1.66994e-321,-0.144508,-0.10428
-0.0199893,0.0454874,-0.00279609,-0.00238421,-1.66994e-321,-0.153558,-0.11289
-0.036307,0.033693,-0.000419391,-0.00231775,0.00653089,-0.162308,-0.118259
-0.0526248,0.0173752,0.00199917,-0.00228084,0.0149416,-0.170644,-0.126338
-0.0689426,0.00105743,0.00629353,-0.0022918,0.0221263,-0.178512,-0.131438
-0.0852603,-0.0152603,0.0139695,-0.00235755,0.0204369,-0.185869,-0.137085
-0.101578,-0.0315781,0.0216404,-0.00254867,0.0193626,-0.192675,-0.144596
-0.117896,-0.0478959,0.0291423,-0.0028971,0.0174256,-0.198889,-0.152191
0.110553,0.15018,0.0291085,-0.0033299,1.08843e-13,0.0403006,0.0752286
0.0942351,0.119893,0.027967,-0.00381499,-2.52435e-29,0.0354102,0.0634532
0.0779173,0.0963623,0.0268501,-0.00438688,5.60519e-45,0.0312581,0.0540663
0.0615996,0.0741335,0.0257522,-0.00493059,-1.2446e-60,0.0279,0.0454143
0.0452818,0.0513489,0.0246715,-0.00545222,2.76357e-76,0.0253935,0.0367903
0.028964,0.0293743,0.0236104,-0.00595213,-6.13637e-92,0.023792,0.0287171
0.0126463,0.00530786,0.022566,-0.00643071,1.36255e-107,0.0231188,0.0199653
0,-0.0105204,0.0215496,-0.00688829,-3.02546e-123,0.0232687,0.0146581
0,-0.0243715,0.0205544,-0.00732538,6.71788e-139,0.0238916,0.0100999
0,-0.0390263,0.0195774,-0.00774244,-1.49167e-154,0.0246752,0.00525799
0,-0.0455777,0.0186282,-0.00813985,3.31217e-170,0.0255415,0.00373142
0,-0.0525013,0.0176978,-0.00851811,-7.35449e-186,0.0264736,0.00200522
0,-0.0580031,0.016788,-0.00887719,1.63303e-201,0.0274709,0.000932906
0,-0.059353,0.0159017,-0.0092184,-3.62604e-217,0.0285377,0.00158517
0,-0.0633325,0.0150317,-0.00954176,8.05144e-233,0.0296795,0.00122134
0,-0.0663278,0.0141819,-0.00984761,-1.78778e-248,0.0309025,0.00139736
0,-0.0687183,0.0133517,-0.0101363,3.96966e-264,0.0322136,0.00191564
0,-0.0690722,0.0125426,-0.0104084,-8.81443e-280,0.03362,0.00336304
0,-0.0680875,0.0117536,-0.0106641,1.9572e-295,0.0351295,0.00544782
0,-0.0658052,0.0109846,-0.0109039,-4.34585e-311,0.0367507,0.00817253
0,-0.0623317,0.0102353,-0.0111282,-1.082e-321,0.0384924,0.0115024
0,-0.0599109,0.009503,-0.0113374,-1.082e-321,0.0403644,0.0145485
0,-0.0593805,0.00878691,-0.0115318,-1.082e-321,0.0423772,0.0170136
0,-0.0583863,0.00808943,-0.0117119,-1.082e-321,0.0445419,0.0198505
0,-0.056464,0.00741091,-0.0118778,-1.082e-321,0.0468706,0.0232047
0,-0.0545774,0.00675015,-0.0120301,-1.082e-321,0.0493762,0.0266758
0,-0.0527383,0.006107,-0.0121691,-1.082e-321,0.0520727,0.0302601
0,-0.0539504,0.00547813,-0.0122951,-1.082e-321,0.0549752,0.0327385
0,-0.0534217,0.0048685,-0.0124084,-1.082e-321,0.0580997,0.036044
0,-0.0530266,0.00427593,-0.0125095,-1.082e-321,0.0614637,0.0393211
0,-0.0520719,0.00370097,-0.0125985,-1.082e-321,0.0650859,0.0428348
0,-0.0513552,0.0031426,-0.012676,-1.082e-321,0.0689864,0.0462088
0,-0.0505179,0.00260102,-0.0127422,-1.082e-321,0.0731866,0.0495458
0,-0.0496338,0.00207594,-0.0127975,-1.082e-321,0.0777092,0.0527547
0,-0.0470609,0.00156894,-0.0128421,-1.082e-321,0.0825761,0.0564351
0,-0.0437133,0.00107906,-0.0128766,-1.082e-321,0.0878019,0.060143
0,-0.0362618,0.000611405,-0.0129011,-1.082e-321,0.0933684,0.065176
0.003675,-0.0228847,0.000167968,-0.0129161,-1.082e-321,0.0991252,0.0721766
0.0200083,-0.00983967,-0.000260733,-0.0129221,-1.082e-321,0.104673,0.0786006
0.0363417,-0.00122089,-0.000679558,-0.0129195,-1.082e-321,0.109648,0.0829192
0.052675,0.00965591,-0.00120581,-0.0129084,-1.082e-321,0.113916,0.0881384
0.0690083,0.0195506,-0.0019163,-0.0128875,-1.082e-321,0.117399,0.0919773
0.0853417,0.0310944,-0.00270947,-0.0128573,-1.082e-321,0.12004,0.0951198
0.101675,0.0422859,-0.00334048,-0.0128122,-1.082e-321,0.121793,0.0990435
0.118008,0.0481731,-0.00372124,-0.0127524,-1.082e-321,0.122677,0.103023
0.1225,0.0580597,-0.00401455,-0.0126821,-1.082e-321,0.122955,0.107492
0.1225,0.0718067,-0.00429156,-0.0126052,-1.082e-321,0.122997,0.112816
0.1225,0.0861433,-0.00455565,-0.012521,-1.082e-321,0.12298,0.118312
0.1225,0.100872,-0.00480689,-0.0124315,-1.082e-321,0.12295,0.123956
0.1225,0.11962,-0.00504168,-0.0123369,-1.082e-321,0.122917,0.1312
0.1225,0.136226,-0.00526683,-0.0122375,-1.082e-321,0.122887,0.137528
0.1225,0.148003,-0.00548543,-0.0121335,-1.082e-321,0.122858,0.141962
0.1225,0.155618,-0.005697,-0.0120251,-1.082e-321,0.122831,0.14481
0.1225,0.161988,-0.00589866,-0.0119123,-1.082e-321,0.122806,0.147224
0.1225,0.165711,-0.00609215,-0.0117955,-1.082e-321,0.122783,0.148602
0.1225,0.166838,-0.00627764,-0.0116748,-1.082e-321,0.122762,0.148985
0.1225,0.165826,-0.00645486,-0.0115503,-1.082e-321,0.122743,0.148555
0.1225,0.163022,-0.00662368,-0.0114222,-1.082e-321,0.122724,0.147442
0.1225,0.158577,-0.00678416,-0.0112907,-1.082e-321,0.122708,0.145702
0.1225,0.153451,-0.0069355,-0.0111559,-1.082e-321,0.122692,0.143716
0.1225,0.147516,-0.00707808,-0.0110181,-1.082e-321,0.122678,0.141418
0.1225,0.141998,-0.00721081,-0.0108773,-1.082e-321,0.122664,0.139299
0.1225,0.136787,-0.00733404,-0.0107339,-1.082e-321,0.122652,0.137298
0.1225,0.1318,-0.00744809,-0.010588,-1.082e-321,0.122641,0.135381
0.1225,0.129043,-0.00755105,-0.0104397,-1.082e-321,0.12263,0.134351
0.1225,0.125817,-0.00764602,-0.0102893,-1.082e-321,0.12262,0.133101
0.1225,0.123405,-0.00773186,-0.010137,-1.082e-321,0.122611,0.132183
0.1225,0.121729,-0.00780887,-0.00998283,-1.082e-321,0.122603,0.131547
0.1225,0.120478,-0.00787762,-0.00982712,-1.082e-321,0.122595,0.13107
0.1225,0.119828,-0.00793812,-0.00966998,-1.082e-321,0.122588,0.130826
0.1225,0.119813,-0.00799056,-0.00951155,-1.082e-321,0.122582,0.130827
0.1225,0.119866,-0.00803576,-0.00935202,-1.082e-321,0.122574,0.130826
0.1225,0.120023,-0.00807389,-0.00919158,-1.082e-321,0.122563,0.130879
0.1225,0.12017,-0.00810528,-0.00903033,-1.082e-321,0.122553,0.13093
0.1225,0.120604,-0.00812983,-0.0088684,-1.082e-321,0.122542,0.131097
0.1225,0.121587,-0.00814745,-0.00870594,-1.082e-321,0.122533,0.131479
0.1225,0.122508,-0.00815901,-0.00854309,-1.082e-321,0.122525,0.131829
0.1225,0.123219,-0.00816486,-0.00837997,-1.082e-321,0.122517,0.132096
0.1225,0.124001,-0.00816489,-0.0082167,-1.082e-321,0.122511,0.132394
0.1225,0.124397,-0.00815979,-0.00805341,-1.082e-321,0.122504,0.132537
0.1225,0.124682,-0.00814945,-0.00789018,-1.082e-321,0.122499,0.132642
0.1225,0.12453,-0.0081344,-0.00772713,-1.082e-321,0.122493,0.132575
0.1225,0.124769,-0.00811395,-0.00756435,-1.082e-321,0.122488,0.13267
0.1225,0.124985,-0.00808872,-0.00740196,-1.082e-321,0.122484,0.13275
0.1225,0.124503,-0.00805961,-0.00724003,-1.082e-321,0.122479,0.132551
0.1225,0.124372,-0.00802568,-0.00707867,-1.082e-321,0.122475,0.132504
0.1225,0.124118,-0.00798759,-0.00691795,-1.082e-321,0.122471,0.132401
0.1225,0.123263,-0.00794604,-0.00675799,-1.082e-321,0.122467,0.132061
0.1225,0.122314,-0.00790065,-0.00659882,-1.082e-321,0.122462,0.131691
0.1225,0.121466,-0.00785136,-0.00644053,-1.082e-321,0.122458,0.131364
0.1225,0.120541,-0.00779854,-0.00628323,-1.082e-321,0.122454,0.131006
0.1225,0.119989,-0.00774186,-0.00612695,-1.082e-321,0.12245,0.130798
0.1225,0.119601,-0.0076817,-0.00597177,-1.082e-321,0.122446,0.130649
0.1225,0.118762,-0.00761887,-0.00581777,-1.082e-321,0.122443,0.130319
0.1225,0.117788,-0.00755317,-0.00566502,-1.082e-321,0.12244,0.129941
0.1225,0.117296,-0.0074841,-0.00551356,-1.082e-321,0.122437,0.129758
0.1225,0.117021,-0.00741208,-0.00536347,-1.082e-321,0.122434,0.129655
0.1225,0.116764,-0.00733747,-0.00521479,-1.082e-321,0.122431,0.129555
