-8.563,-1.0549,215.78,-0.39192,2.42601,-0.0118
-8.5565,-1.0233,215.723,-0.39292,2.425,-0.0118
-8.5004,-1.1301,215.912,-0.39525,2.41809,-0.01177
-8.5751,-1.0218,215.732,-0.39633,2.42623,-0.00966
-8.5311,-1.1326,215.882,-0.39571,2.42489,-0.0105
-8.451,-1.2152,215.925,-0.39445,2.42395,-0.00974
-8.4511,-1.2056,215.799,-0.39847,2.42127,-0.00859
-8.5252,-0.9588,215.761,-0.38916,2.42436,-0.00941
-8.4701,-1.0526,215.863,-0.38813,2.42098,-0.00817
-8.5234,-1.2082,215.712,-0.40477,2.43212,-0.00421
-8.5207,-0.9836,215.741,-0.39188,2.43592,-0.00712
-8.4387,-1.188,215.75,-0.40035,2.42647,-0.0069
-8.5187,-0.986,215.704,-0.38834,2.4237,-0.00747
-8.4441,-1.1883,215.875,-0.39702,2.4182,-0.00716
-8.4641,-1.1939,215.945,-0.39516,2.42128,-0.00821
-8.4662,-1.1783,215.927,-0.39307,2.41808,-0.00931
-8.4959,-1.0961,215.85,-0.39082,2.42273,-0.01047
-8.5534,-1.012,215.779,-0.39085,2.42788,-0.01018
-8.4911,-1.2163,215.923,-0.397,2.4118,-0.01169
-8.4821,-1.1739,215.922,-0.39367,2.41519,-0.01346
-8.535,-1.2289,215.782,-0.39695,2.42273,-0.0115
-8.5949,-1.1741,215.736,-0.39687,2.42322,-0.00999
-8.5954,-1.1619,215.786,-0.39566,2.42663,-0.01042
-8.6306,-1.0605,215.765,-0.38952,2.42764,-0.01156
-8.5194,-1.2334,215.837,-0.39375,2.41502,-0.01263
-8.4955,-1.262,215.891,-0.39615,2.41513,-0.01271
-8.5013,-1.2773,215.817,-0.40257,2.41834,-0.01232
-8.5561,-1.1405,215.848,-0.38993,2.42123,-0.01173
-8.5201,-1.1905,215.895,-0.39117,2.41722,-0.01337
-8.4836,-1.2524,215.845,-0.39701,2.41409,-0.01163
-8.5407,-1.1497,215.864,-0.39377,2.41902,-0.01225
-8.5988,-0.9955,215.798,-0.38973,2.42897,-0.01243
-8.5915,-1.0562,215.765,-0.3973,2.42673,-0.01211
-8.576,-0.9859,215.704,-0.38744,2.42548,-0.01209
-8.453,-1.3142,215.914,-0.39581,2.41402,-0.01238
-8.4807,-1.2258,215.819,-0.39396,2.41759,-0.01292
-8.4944,-1.1326,215.931,-0.38835,2.41913,-0.01292
-8.5493,-1.0673,215.863,-0.38778,2.42189,-0.0128
-8.5522,-1.1842,215.858,-0.394,2.42261,-0.01292
-8.5213,-1.2149,215.829,-0.39805,2.42063,-0.01159
-8.5362,-1.2354,215.844,-0.398,2.42124,-0.01247
-8.5862,-1.1303,215.747,-0.39203,2.42574,-0.01174
-8.5799,-1.0781,215.785,-0.39412,2.43321,-0.01186
-8.4974,-1.0821,215.885,-0.38729,2.41478,-0.01553
-8.4876,-1.2509,215.996,-0.39634,2.41595,-0.01424
-8.4776,-1.196,215.951,-0.39228,2.41685,-0.01369
-8.4926,-1.2689,215.958,-0.39721,2.41831,-0.01402
-8.522,-1.0333,215.898,-0.38672,2.42302,-0.01481
-8.4383,-1.2517,216.031,-0.39447,2.41588,-0.01457
-8.4753,-1.1244,215.854,-0.38898,2.41909,-0.01469
-8.4513,-1.2915,215.969,-0.39881,2.41359,-0.01359
-8.5165,-1.2249,215.842,-0.39805,2.42194,-0.01346
-8.5407,-1.2514,215.864,-0.40088,2.42092,-0.01311
-8.5012,-1.2511,215.867,-0.40253,2.41931,-0.01186
-8.4881,-1.1104,215.787,-0.39177,2.42184,-0.01303
-8.429,-1.3047,215.933,-0.40044,2.41581,-0.01377
-8.4724,-1.2414,215.868,-0.39778,2.4164,-0.01372
-8.5285,-1.0098,215.801,-0.38647,2.42544,-0.01378
-8.5087,-1.0509,215.877,-0.38759,2.41994,-0.01437
-8.465,-1.2344,215.821,-0.39502,2.4136,-0.01407
-8.391,-1.2637,215.907,-0.39635,2.40975,-0.01314
-8.4325,-1.2323,215.967,-0.39615,2.41334,-0.01321
-8.5356,-0.9628,215.688,-0.38671,2.42831,-0.01309
-8.4033,-1.2977,215.957,-0.3982,2.41076,-0.0138
-8.4659,-1.2078,215.887,-0.39616,2.42063,-0.01368
-8.4871,-1.1367,215.855,-0.39136,2.42374,-0.01378
-8.4776,-1.1556,215.911,-0.39564,2.42104,-0.01412
-8.4428,-1.394,216,-0.40646,2.41384,-0.01318
-8.4668,-1.2896,215.962,-0.3976,2.41796,-0.01466
-8.5316,-1.1109,215.848,-0.39402,2.42183,-0.01388
-8.5527,-1.1863,215.72,-0.40182,2.4194,-0.01262
-8.5228,-1.1778,215.858,-0.3949,2.4146,-0.01374
-8.4998,-1.1965,215.888,-0.39227,2.41681,-0.01526
-8.558,-1.1938,215.814,-0.39979,2.421,-0.01424
-8.5154,-1.2876,215.868,-0.40362,2.42149,-0.01416
-8.5384,-1.1295,215.914,-0.38809,2.41931,-0.01582
-8.4975,-1.1744,215.839,-0.38991,2.41905,-0.01547
-8.4943,-1.13,215.892,-0.39016,2.4165,-0.01579
-8.4914,-1.1118,215.84,-0.39527,2.41691,-0.01718
-8.4755,-1.3336,215.887,-0.40179,2.41496,-0.01476
-8.4927,-1.13,215.899,-0.39068,2.41611,-0.01592
-8.6117,-1.1746,215.83,-0.39854,2.42062,-0.01469
-8.499,-1.2246,215.868,-0.39705,2.4186,-0.01399
-8.4533,-1.3466,215.956,-0.39496,2.41298,-0.01714
-8.4461,-1.2569,215.868,-0.39639,2.41363,-0.01636
-8.6097,-1.0109,215.741,-0.39114,2.42991,-0.01478
-8.5557,-1.0202,215.796,-0.39211,2.4236,-0.01538
-8.5304,-1.231,215.831,-0.39835,2.41684,-0.01503
-8.5411,-1.1439,215.832,-0.39275,2.41879,-0.01533
-8.5055,-1.21,215.87,-0.39935,2.41392,-0.01377
-8.4799,-1.2728,215.888,-0.40126,2.41806,-0.01473
-8.5404,-1.2087,215.727,-0.39672,2.42221,-0.01437
-8.4495,-1.3167,215.966,-0.39711,2.41367,-0.0161
-8.5114,-1.1469,215.864,-0.39339,2.41878,-0.01461
-8.5169,-1.2262,215.705,-0.39824,2.42188,-0.01363
-8.5378,-1.1594,215.741,-0.3971,2.42618,-0.01387
-8.5012,-1.2425,215.882,-0.39678,2.41928,-0.01474
-8.4983,-1.2424,215.824,-0.39899,2.42046,-0.01373
-8.4379,-1.311,215.814,-0.39725,2.41553,-0.01447
-8.4956,-1.2254,215.89,-0.39741,2.42211,-0.0145
-8.5003,-1.1586,215.91,-0.39218,2.42027,-0.01418
-8.5422,-1.1416,215.816,-0.39668,2.42025,-0.01362
-8.5485,-1.0347,215.769,-0.38704,2.42849,-0.01459
-8.4893,-1.2765,215.804,-0.4021,2.4219,-0.01341
-8.5235,-1.0924,215.777,-0.39077,2.4234,-0.01501
-8.5335,-1.1032,215.718,-0.39009,2.4268,-0.01415
-8.5566,-1.1488,215.874,-0.39511,2.4252,-0.01548
-8.5135,-1.2864,215.924,-0.40133,2.41549,-0.01417
-8.5951,-1.013,215.692,-0.39062,2.42136,-0.01347
-8.5029,-1.13,215.847,-0.38856,2.4176,-0.01629
-8.4797,-1.0824,215.724,-0.38845,2.42631,-0.01369
-8.5905,-1.007,215.736,-0.38663,2.42783,-0.01372
-8.4869,-1.0908,215.822,-0.38787,2.42116,-0.01614
-8.5503,-1.1343,215.685,-0.39867,2.42829,-0.01136
-8.5809,-0.9595,215.649,-0.39151,2.42904,-0.01271
-8.5777,-0.9897,215.747,-0.39002,2.4308,-0.01374
-8.5475,-1.0956,215.862,-0.3933,2.4232,-0.01392
-8.5435,-1.0451,215.878,-0.38469,2.42346,-0.0141
-8.485,-1.0616,215.968,-0.38733,2.41686,-0.01492
-8.561,-1.0152,215.757,-0.38908,2.42151,-0.01343
-8.5455,-1.0992,215.677,-0.3952,2.4254,-0.01051
-8.4783,-1.1252,215.809,-0.39278,2.41793,-0.01181
-8.4794,-1.178,215.892,-0.39958,2.41619,-0.01279
-8.4429,-1.2913,215.883,-0.40008,2.41339,-0.01157
-8.5806,-0.9468,215.662,-0.38799,2.42827,-0.01023
-8.541,-1.0844,215.72,-0.39662,2.42846,-0.01033
-8.5173,-1.0673,215.755,-0.39404,2.42626,-0.0117
-8.5402,-0.9529,215.733,-0.38671,2.42727,-0.01153
-8.4942,-1.0581,215.875,-0.39087,2.42636,-0.01202
-8.558,-1.0314,215.879,-0.38568,2.4274,-0.01227
-8.5576,-0.9939,215.766,-0.38834,2.42584,-0.01217
-8.4479,-1.1598,215.93,-0.38976,2.41845,-0.01309
-8.5336,-1.0208,215.774,-0.388,2.42428,-0.012
-8.5222,-1.2333,215.788,-0.39755,2.4281,-0.01038
-8.5112,-1.0718,215.871,-0.38773,2.42535,-0.01277
-8.5502,-1.0852,215.721,-0.38811,2.42917,-0.01059
-8.5515,-1.0373,215.763,-0.38896,2.42459,-0.01114
-8.5515,-1.0933,215.789,-0.39523,2.42746,-0.00992
-8.4985,-1.1086,215.849,-0.39185,2.42601,-0.01161
-8.469,-1.1844,215.832,-0.39205,2.42263,-0.01075
-8.52,-1.0587,215.785,-0.38832,2.42562,-0.01214
-8.4676,-1.2051,215.924,-0.3909,2.42246,-0.01205
-8.5035,-1.2922,215.843,-0.40255,2.42486,-0.00974
-8.4626,-1.2715,215.946,-0.39777,2.4191,-0.01084
-8.5585,-1.1395,215.887,-0.39659,2.42481,-0.01085
-8.5248,-1.1518,215.804,-0.39524,2.42534,-0.01078
-8.5065,-1.0989,215.902,-0.39171,2.42109,-0.01211
-8.5091,-1.3029,215.879,-0.40578,2.42271,-0.01009
-8.5444,-1.0269,215.9,-0.3895,2.42678,-0.01119
-8.4505,-1.0715,215.952,-0.38558,2.41937,-0.01357
-8.4243,-1.2796,216.055,-0.39537,2.41974,-0.0118
-8.4764,-1.254,215.961,-0.39828,2.41901,-0.01042
-8.4491,-1.346,215.991,-0.40574,2.4161,-0.01058
-8.4954,-1.2127,215.888,-0.39798,2.42144,-0.01115
-8.5025,-1.2159,215.786,-0.4019,2.42404,-0.00959
-8.4762,-1.1807,215.788,-0.39673,2.42254,-0.01118
-8.4493,-1.2092,215.942,-0.39602,2.42048,-0.01205
-8.4619,-1.0288,215.956,-0.39291,2.42437,-0.0114
-8.3865,-1.2151,216.13,-0.39424,2.42227,-0.01134
-8.232,-1.2642,216.19,-0.39675,2.4212,-0.01238
-8.1386,-1.2105,216.119,-0.39177,2.42305,-0.01085
-8.1163,-1.1906,215.987,-0.39478,2.41791,-0.01154
-8.02,-1.2477,215.844,-0.39307,2.41632,-0.01048
-7.9992,-1.2605,215.782,-0.40672,2.41413,-0.00706
-7.7976,-1.3149,216.015,-0.39869,2.39783,-0.00909
-7.6764,-1.4058,216.088,-0.39871,2.39849,-0.01033
-7.5467,-1.3686,216.019,-0.40159,2.39923,-0.01088
-7.3687,-1.3988,216.088,-0.40536,2.3895,-0.01578
-7.283,-1.2158,216.095,-0.40154,2.39124,-0.02045
-7.2253,-1.3638,216.132,-0.40259,2.38154,-0.02225
-7.1646,-1.4895,216.107,-0.4054,2.37948,-0.0239
-7.2359,-1.4311,216.11,-0.4054,2.3799,-0.02392
-7.2047,-1.5399,216.178,-0.40611,2.37632,-0.02354
-7.1972,-1.4291,216.11,-0.40529,2.37696,-0.02321
-7.087,-1.5327,216.128,-0.41412,2.36904,-0.02415
-6.9137,-1.6332,215.978,-0.42286,2.36959,-0.02624
-6.7292,-1.4962,215.863,-0.41365,2.36747,-0.03178
-6.6809,-1.5247,215.763,-0.40916,2.36145,-0.03367
-6.5634,-1.6696,215.842,-0.41481,2.34438,-0.03415
-6.6459,-1.6547,215.712,-0.42251,2.35241,-0.03122
-6.7271,-1.4301,215.605,-0.4114,2.35392,-0.03425
-6.7506,-1.4318,215.499,-0.41367,2.35064,-0.03726
-6.7691,-1.5997,215.489,-0.42372,2.34647,-0.0361
-6.817,-1.5293,215.335,-0.42363,2.34161,-0.03654
-6.833,-1.7244,215.248,-0.43592,2.3343,-0.03355
-6.8943,-1.6422,215.059,-0.43389,2.33211,-0.03428
-7.066,-1.6858,214.884,-0.43942,2.32772,-0.03388
-7.3115,-1.4984,214.808,-0.43044,2.32771,-0.03499
-7.4743,-1.4629,214.689,-0.43221,2.33264,-0.03303
-7.615,-1.3216,214.581,-0.42842,2.34018,-0.03665
-7.3203,-1.1455,214.127,-0.42165,2.32692,-0.04484
-7.2792,-1.0492,214.17,-0.42101,2.32054,-0.04738
-7.3162,-1.1299,214.175,-0.4275,2.32529,-0.04762
-7.1253,-1.345,214.247,-0.43759,2.30857,-0.05071
-7.0624,-1.3135,214.287,-0.42866,2.3075,-0.05425
-7.1034,-1.3075,214.153,-0.42581,2.3142,-0.05012
-6.8716,-1.5301,214.144,-0.4349,2.30921,-0.04362
-6.8555,-1.4119,214.19,-0.42132,2.30439,-0.04391
-6.916,-1.5216,214.227,-0.4272,2.3032,-0.04416
-7.5676,-1.8174,214.416,-0.41812,2.3201,-0.02853
-7.9671,-2.1858,214.577,-0.41834,2.32599,-0.01323
-8.1898,-2.3483,214.789,-0.41524,2.32876,-0.01093
-8.5647,-2.0675,214.659,-0.41059,2.34914,-0.00642
-8.2816,-2.054,214.62,-0.41668,2.3403,-0.00514
-7.936,-1.5935,214.31,-0.40897,2.33768,-0.01702
-7.7123,-1.4098,214.058,-0.4079,2.33176,-0.03378
-7.6889,-1.2629,213.861,-0.41046,2.33724,-0.04556
-7.4801,-1.2883,214.168,-0.40105,2.32486,-0.05811
-7.3694,-1.2733,214.099,-0.40125,2.32511,-0.06515
-7.1737,-1.2185,213.982,-0.4022,2.32321,-0.06992
-6.9278,-1.1294,213.965,-0.3981,2.31772,-0.0758
-6.5373,-1.272,214.388,-0.4057,2.30277,-0.07977
-6.5252,-0.843,214.279,-0.39775,2.30502,-0.07921
-6.6497,-0.5366,214.201,-0.3906,2.31115,-0.07962
-6.7192,-0.5649,214.381,-0.3936,2.30498,-0.08056
-6.7742,-0.5439,214.336,-0.39,2.30785,-0.07696
-6.8664,-0.4444,214.337,-0.3885,2.30618,-0.07459
-6.8521,-0.7976,214.539,-0.39753,2.29866,-0.07722
-7.0232,-0.7757,214.215,-0.40177,2.31235,-0.07429
-7.2264,-0.7835,214.239,-0.39862,2.31506,-0.07482
-7.3748,-0.9717,214.277,-0.40488,2.31746,-0.07556
-7.4837,-1.1132,214.395,-0.40755,2.31692,-0.07737
-7.71,-0.8933,214.324,-0.40325,2.32587,-0.07877
-7.7153,-0.8844,214.298,-0.4008,2.32301,-0.07999
-7.6466,-1.0079,214.521,-0.40556,2.31803,-0.07962
-7.7162,-0.7677,214.263,-0.40005,2.31581,-0.07969
-7.7083,-0.6594,214.234,-0.39356,2.31991,-0.08187
-7.512,-0.9554,214.627,-0.3972,2.30526,-0.08232
-7.5623,-0.9928,214.611,-0.40003,2.31637,-0.0749
-7.8045,-0.75,214.486,-0.39633,2.33649,-0.06485
-7.588,-1.1492,214.692,-0.40707,2.32665,-0.05971
-7.4432,-1.175,214.298,-0.41864,2.32298,-0.05827
-7.2306,-1.2658,214.023,-0.42222,2.31046,-0.05748
-7.0421,-1.3816,214.261,-0.4177,2.29904,-0.061
-7.0633,-1.4361,214.191,-0.41962,2.29976,-0.06133
-7.2442,-1.3857,214.369,-0.41225,2.30541,-0.06487
-7.3004,-1.6341,214.471,-0.42405,2.30206,-0.06202
-7.429,-1.4779,214.408,-0.41355,2.30761,-0.06103
-7.6265,-1.3359,214.35,-0.40713,2.31825,-0.0555
-7.5278,-1.3344,214.661,-0.39658,2.30965,-0.05566
-7.5624,-1.2429,214.73,-0.38126,2.3148,-0.0574
-7.7356,-1.2126,214.654,-0.37927,2.32279,-0.05758
-7.9969,-1.1807,214.699,-0.37973,2.32366,-0.05678
-8.1209,-1.0852,214.626,-0.37986,2.32251,-0.05641
-8.0584,-1.0722,214.557,-0.37824,2.31255,-0.05684
-8.0314,-0.8643,214.356,-0.36735,2.31479,-0.05818
-7.983,-0.954,214.561,-0.36381,2.30791,-0.0579
-7.7981,-1.0908,214.872,-0.35588,2.30158,-0.05638
-7.5979,-1.1221,214.872,-0.35739,2.31164,-0.04981
-7.4736,-1.1463,214.893,-0.35775,2.31093,-0.04963
-7.3198,-1.3826,215.028,-0.36706,2.29953,-0.05408
-7.2856,-1.2123,214.826,-0.36583,2.31003,-0.05316
-7.1777,-1.2468,214.969,-0.36002,2.29462,-0.05678
-7.2175,-1.071,214.979,-0.34767,2.29872,-0.05943
-7.1848,-1.2593,214.992,-0.35754,2.29325,-0.05753
-7.2425,-1.2031,214.888,-0.35528,2.29375,-0.05621
-7.2754,-1.2393,215.137,-0.35604,2.29656,-0.05677
-7.2593,-1.2065,215.078,-0.35589,2.29494,-0.05636
-7.2819,-1.0288,215.02,-0.3499,2.30064,-0.05576
-7.2232,-1.0597,215.16,-0.34691,2.29142,-0.05659
-7.2281,-0.9882,214.974,-0.3526,2.29308,-0.05476
-7.3065,-0.8938,214.977,-0.34407,2.29654,-0.05469
-7.2929,-1.0123,214.983,-0.34741,2.29022,-0.05478
-7.3334,-0.9918,214.967,-0.34641,2.29657,-0.05434
-7.3804,-0.8238,214.986,-0.34422,2.30026,-0.05476
-7.2947,-0.9649,214.983,-0.35056,2.29192,-0.05623
-7.344,-0.9062,215.13,-0.35093,2.29279,-0.05945
-7.3751,-0.7856,214.898,-0.35254,2.29943,-0.06051
-7.2246,-0.8458,215.097,-0.34784,2.28768,-0.06478
-7.2326,-0.8973,215.063,-0.35069,2.28568,-0.06349
-7.3468,-0.7107,214.883,-0.34823,2.29473,-0.06384
-7.4276,-0.7619,214.764,-0.35513,2.29853,-0.06207
-7.2628,-0.9746,215.059,-0.35654,2.28425,-0.06484
-7.3555,-0.741,214.932,-0.35087,2.29139,-0.06513
-7.3916,-0.5974,214.718,-0.34834,2.30062,-0.06379
-7.2864,-0.8847,214.8,-0.36229,2.29193,-0.06248
-7.1751,-0.9786,214.76,-0.36701,2.28403,-0.06392
-7.2047,-0.8746,214.617,-0.36363,2.2892,-0.06279
-7.2152,-0.6739,214.604,-0.35552,2.28982,-0.06378
-7.1676,-0.66,214.699,-0.34709,2.28373,-0.06735
-7.1478,-0.6631,214.692,-0.3519,2.28453,-0.06652
-7.1644,-0.8552,214.777,-0.35721,2.2828,-0.06564
-7.2266,-0.7956,214.854,-0.35153,2.28596,-0.05977
-7.465,-0.6294,214.808,-0.34295,2.2983,-0.05676
-7.6436,-0.7111,215.019,-0.33952,2.30345,-0.05478
-7.6987,-0.8075,215.171,-0.33567,2.30218,-0.05594
-7.7979,-0.9551,215.238,-0.33478,2.30457,-0.05474
-8.0406,-0.8689,215.12,-0.33452,2.31382,-0.05268
-8.1307,-0.8466,215.238,-0.33339,2.3204,-0.05574
-8.0864,-0.8046,215.266,-0.33254,2.31927,-0.06069
-8.0495,-0.6409,215.349,-0.32618,2.32221,-0.06298
-8.0614,-0.7508,215.389,-0.33339,2.32522,-0.05768
-7.9692,-0.974,215.63,-0.34308,2.31785,-0.05519
-7.9213,-1.0284,215.463,-0.35333,2.32029,-0.05115
-7.7637,-1.0251,215.363,-0.35416,2.31299,-0.05082
-7.6279,-1.2716,215.391,-0.36825,2.3,-0.05187
-7.6378,-1.185,215.175,-0.36505,2.30443,-0.05247
-7.6529,-1.0619,215.117,-0.36296,2.30709,-0.0514
-7.5166,-1.009,215.325,-0.35231,2.30415,-0.05202
-7.5191,-1.0231,215.298,-0.35316,2.30757,-0.0522
-7.6035,-0.7228,215.052,-0.34203,2.31461,-0.05393
-7.4559,-0.9896,215.34,-0.3537,2.30439,-0.05699
-7.4233,-1.0647,215.243,-0.35606,2.29825,-0.05828
-7.485,-0.881,215.024,-0.35028,2.30616,-0.05691
-7.4108,-0.9905,215.209,-0.35004,2.30111,-0.05787
-7.5058,-0.9815,215.35,-0.34956,2.30221,-0.0569
-7.6806,-0.8865,215.013,-0.35852,2.31545,-0.05215
-7.8094,-0.7993,214.981,-0.35558,2.31768,-0.0528
-7.7007,-0.9813,215.228,-0.3553,2.29879,-0.05666
-7.8687,-0.7832,214.905,-0.35657,2.31224,-0.05576
-7.9927,-0.8263,214.911,-0.35433,2.31039,-0.06023
-7.9088,-1.0301,215.05,-0.3562,2.30896,-0.06131
-7.843,-1.1034,215.005,-0.35844,2.30583,-0.06244
-7.7954,-1.03,214.963,-0.35156,2.31336,-0.06116
-7.6083,-1.2708,215.161,-0.36104,2.30623,-0.06006
-7.5006,-1.2299,214.934,-0.36079,2.30979,-0.05905
-7.5168,-1.1376,214.798,-0.36208,2.31779,-0.05828
-7.421,-1.2737,214.95,-0.36938,2.30842,-0.06161
-7.4725,-1.2501,214.809,-0.37354,2.31396,-0.061
-7.6634,-1.1557,214.794,-0.3696,2.31777,-0.06264
-7.7138,-1.0278,214.973,-0.36255,2.31184,-0.06664
-7.7225,-1.1697,214.945,-0.36912,2.30662,-0.06756
-7.8389,-1.0912,214.827,-0.36905,2.30403,-0.06828
-7.9058,-0.9929,214.861,-0.35922,2.30257,-0.07016
-7.923,-1.0494,214.968,-0.36309,2.30084,-0.07136
-7.9628,-0.8963,214.868,-0.35795,2.30074,-0.07363
-7.9121,-0.9496,214.861,-0.35567,2.29984,-0.0766
-7.8441,-1.1674,214.91,-0.36576,2.28952,-0.07651
-7.8079,-1.0207,214.919,-0.35943,2.29239,-0.07772
-7.8188,-0.9343,214.631,-0.35846,2.2991,-0.07595
-7.7391,-0.9146,214.783,-0.35462,2.29066,-0.07917
-7.5746,-1.1981,214.923,-0.37001,2.28005,-0.07906
-7.6064,-0.9472,214.462,-0.36971,2.28558,-0.07821
-6.6028,-0.2536,206.334,-0.4244,2.24946,-0.06154
-7.8759,2.6921,193.698,-0.47005,2.28654,-0.0569
-11.0818,7.8314,185.194,-0.80785,2.32241,-0.01491
-16.2635,12.88,168.606,-1.40875,2.46311,0.12609
-19.1043,23.828,133.85,-2.32872,2.51402,0.20336
-18.3138,29.7509,100.033,-2.52189,2.48553,0.187
-19.0454,27.4508,70.3904,-2.14151,2.62075,0.30192
-22.8809,29.6851,57.8096,-2.16648,2.61777,0.41091
-25.3101,26.7726,66.4086,-1.76677,2.6191,0.37256
-25.0467,19.084,99.9352,-1.12609,2.60243,0.23821
-22.0279,10.9682,135.84,-0.77341,2.56974,0.10725
-16.3086,3.8267,172.055,-0.53858,2.47365,0.00253
-12.1367,0.8039,190.025,-0.46362,2.38518,-0.05247
-9.495,0.0738,206.378,-0.35895,2.31663,-0.13369
-9.0553,0.2709,212.042,-0.30574,2.30385,-0.15153
-9.1899,0.2084,213.27,-0.31601,2.32882,-0.11641
-9.3712,-0.4519,213.645,-0.35513,2.34802,-0.07183
-9.6835,-0.4818,213.701,-0.36171,2.37024,-0.05583
-9.6951,-0.6572,213.713,-0.37283,2.38854,-0.04828
-9.4268,-1.0473,213.789,-0.39013,2.3776,-0.04417
-9.1125,-1.3542,213.201,-0.41129,2.36634,-0.03332
-8.9891,-1.687,212.591,-0.44355,2.35918,-0.01808
-9.1297,-1.7631,212.415,-0.44808,2.3645,-0.01377
-9.1236,-2.0549,212.683,-0.45564,2.36157,-0.01235
-8.8337,-2.1841,212.802,-0.46813,2.37111,-0.0114
-8.6193,-2.3276,212.87,-0.47729,2.36915,-0.01061
-8.2807,-2.5553,213.132,-0.48786,2.35779,-0.00489
-8.1394,-2.7263,213.111,-0.49241,2.35278,-0.0013
-8.2256,-2.7659,212.952,-0.49085,2.34877,-0.00402
-8.3869,-2.5972,212.841,-0.481,2.3482,-0.01059
-8.3071,-2.5817,213.03,-0.47738,2.34496,-0.01184
-8.1405,-2.62,212.99,-0.48923,2.34522,-0.0034
-7.9096,-2.5134,213.148,-0.47513,2.34243,0.00104
-7.8413,-2.709,213.229,-0.48294,2.33715,0.0066
-7.8414,-2.6731,213.396,-0.48181,2.33994,0.00431
-7.9241,-2.7232,213.425,-0.48506,2.34315,0.00456
-8.1369,-2.7384,213.697,-0.48663,2.34683,0.00407
-8.3153,-2.5685,213.969,-0.48787,2.3549,0.00086
-8.3568,-2.4975,214.172,-0.49118,2.35903,-0.00378
-8.3267,-2.4499,214.245,-0.49106,2.35456,-0.00892
-8.4321,-2.369,214.222,-0.48869,2.35755,-0.01016
-8.6514,-2.2018,214.149,-0.48244,2.36771,-0.01282
-8.6484,-2.1641,214.256,-0.47519,2.36857,-0.0155
-8.6566,-2.3154,214.435,-0.4851,2.36428,-0.01386
-8.7836,-2.0535,214.383,-0.47563,2.37598,-0.01282
-8.7777,-2.1734,214.531,-0.47902,2.37969,-0.01275
-8.789,-2.0904,214.63,-0.46736,2.38143,-0.01614
-8.7781,-2.0322,214.462,-0.4643,2.38166,-0.016
-8.7348,-2.15,214.553,-0.47085,2.37579,-0.01909
-8.8812,-1.8968,214.467,-0.4628,2.38223,-0.02094
-8.9916,-1.8121,214.447,-0.44826,2.38353,-0.02668
-9.1049,-1.6933,214.336,-0.44037,2.38849,-0.03063
-9.2152,-1.7459,214.202,-0.43407,2.38847,-0.03308
-9.3007,-1.9485,214.04,-0.44519,2.39975,-0.03402
-9.5763,-1.7539,214.038,-0.44418,2.4134,-0.03597
-9.7063,-1.8413,214.261,-0.4449,2.41512,-0.04153
-9.8035,-1.6411,214.266,-0.43975,2.42142,-0.04698
-9.7185,-1.7546,214.151,-0.44161,2.42101,-0.04282
-9.4795,-1.7554,214.106,-0.43625,2.41041,-0.04021
-9.3832,-1.7524,214.037,-0.44153,2.40974,-0.03931
-9.1479,-1.7696,214.019,-0.43927,2.40939,-0.04187
-8.9427,-1.5999,214.186,-0.43447,2.40666,-0.04202
-8.7473,-1.6026,214.194,-0.43435,2.40237,-0.04045
-8.3464,-1.6531,214.417,-0.43251,2.38326,-0.03786
-8.0709,-1.6029,214.156,-0.43247,2.37807,-0.03161
-7.4019,-1.8168,214.343,-0.43809,2.35326,-0.02814
-7.0438,-1.8192,214.213,-0.43719,2.34414,-0.02417
-6.7387,-1.7403,214.183,-0.43063,2.32614,-0.02359
-6.7058,-1.499,214.04,-0.42251,2.32635,-0.02183
-6.8707,-1.2151,214.001,-0.40966,2.32945,-0.02218
-6.9339,-1.3066,213.988,-0.42039,2.32959,-0.01976
-7.0348,-1.3223,213.944,-0.42207,2.33079,-0.01922
-7.0935,-1.2332,214.029,-0.41351,2.32752,-0.02102
-7.138,-1.1646,213.997,-0.41312,2.33337,-0.01928
-7.108,-1.1329,213.886,-0.41671,2.33988,-0.01949
-7.0343,-1.3293,214.05,-0.42108,2.33549,-0.02411
-7.0622,-1.3247,214.061,-0.42238,2.3399,-0.02305
-7.0031,-1.3091,214.135,-0.42427,2.33409,-0.02437
-7.0039,-1.3033,214.092,-0.41896,2.33339,-0.02546
-6.9598,-1.3478,214.193,-0.41712,2.33096,-0.02451
-6.9669,-1.3837,214.202,-0.41715,2.33027,-0.02359
-7.0051,-1.3713,214.164,-0.41858,2.33345,-0.02268
-7.0949,-1.3085,214.07,-0.40907,2.33491,-0.02161
-7.1251,-1.2972,214.062,-0.41238,2.33947,-0.02087
-7.1975,-1.2493,214.09,-0.41083,2.34343,-0.02134
-7.2635,-1.2276,214.084,-0.40691,2.34378,-0.02204
-7.2391,-1.1763,214.085,-0.40361,2.34479,-0.02433
-7.1262,-1.4504,214.254,-0.41774,2.33748,-0.02498
-7.0975,-1.2081,214.329,-0.40569,2.33958,-0.02595
-6.9678,-1.2906,214.263,-0.40682,2.34085,-0.02476
-6.9872,-1.3199,214.405,-0.41009,2.33881,-0.02259
-7.0777,-1.09,214.33,-0.39815,2.34906,-0.02067
-7.0713,-1.0587,214.223,-0.40202,2.35237,-0.02049
-7.0723,-1.1254,214.337,-0.40292,2.35009,-0.02057
-7.0411,-1.169,214.374,-0.40664,2.34905,-0.01918
-7.0511,-1.3219,214.475,-0.4072,2.35067,-0.01719
-7.007,-1.3931,214.571,-0.40539,2.34818,-0.01691
-7.0284,-1.2586,214.507,-0.3999,2.35231,-0.01801
-7.0279,-1.2857,214.659,-0.40463,2.34956,-0.01914
-7.1617,-1.2011,214.666,-0.40058,2.35443,-0.01889
-7.2894,-1.1942,214.602,-0.40201,2.35888,-0.0174
-7.4373,-1.1289,214.589,-0.404,2.36706,-0.01736
-7.3812,-1.3216,214.79,-0.40579,2.36119,-0.0195
-7.3235,-1.3459,214.699,-0.4086,2.365,-0.01767
-7.2864,-1.2716,214.775,-0.40728,2.36481,-0.01904
-7.4256,-1.3909,214.691,-0.41802,2.36711,-0.01665
-7.6041,-1.2429,214.689,-0.40881,2.36971,-0.01664
-7.7356,-1.2413,214.739,-0.41362,2.37962,-0.01413
-7.759,-1.1583,214.752,-0.40869,2.38252,-0.01294
-7.6068,-1.2149,215.004,-0.40479,2.3832,-0.01344
-7.5251,-1.1137,215.118,-0.39795,2.38492,-0.01479
-7.4092,-1.1898,215.176,-0.39756,2.38578,-0.01315
-7.302,-1.3507,215.437,-0.40236,2.38228,-0.01251
-7.3232,-1.435,215.474,-0.40912,2.38678,-0.01
-7.4186,-1.3266,215.472,-0.40129,2.39155,-0.00655
-7.3978,-1.3398,215.431,-0.40048,2.39533,-0.00416
-7.4096,-1.4144,215.607,-0.39933,2.38856,-0.0033
-7.4684,-1.3666,215.628,-0.39903,2.3929,-0.00297
-7.5604,-1.2084,215.413,-0.3889,2.402,-0.00283
-7.6363,-1.3815,215.595,-0.39465,2.39721,-0.00308
-7.7565,-1.3453,215.511,-0.39806,2.40903,-0.00367
-7.8145,-1.2248,215.402,-0.3899,2.41191,-0.00539
-7.9017,-1.242,215.259,-0.39325,2.41647,-0.002
-8.0035,-1.2332,215.328,-0.39429,2.42537,-0.0034
-7.9723,-1.2461,215.542,-0.38919,2.41876,-0.0052
-7.9678,-1.196,215.431,-0.39375,2.41989,-0.00446
-7.9466,-1.3363,215.371,-0.39729,2.42759,-0.00416
-7.9115,-1.3593,215.479,-0.3968,2.42151,-0.00547
-7.88,-1.481,215.552,-0.40555,2.41437,-0.00625
-7.9415,-1.4075,215.529,-0.4024,2.41359,-0.00701
-7.982,-1.2233,215.431,-0.39272,2.41392,-0.00855
-8.0497,-1.1393,215.391,-0.39059,2.41692,-0.00931
-8.0872,-1.2895,215.403,-0.39865,2.41033,-0.00904
-8.1484,-1.0836,215.397,-0.38691,2.41326,-0.0108
-8.1309,-1.2083,215.466,-0.39821,2.40937,-0.01067
-8.1838,-1.0424,215.413,-0.39134,2.41358,-0.01176
-8.2055,-1.1878,215.251,-0.40482,2.41971,-0.0096
-8.2361,-1.0341,215.424,-0.38958,2.42193,-0.01342
-8.2761,-0.8843,215.365,-0.38311,2.42351,-0.01474
-8.2961,-0.9919,215.366,-0.39212,2.42699,-0.01458
-8.2339,-1.1481,215.396,-0.39685,2.42119,-0.01439
-8.2783,-1.0391,215.365,-0.39091,2.42542,-0.01545
-8.3187,-0.9582,215.278,-0.38929,2.42786,-0.01456
-8.228,-1.1469,215.464,-0.39246,2.42345,-0.01466
-8.2004,-1.2622,215.539,-0.39639,2.42109,-0.01361
-8.1815,-1.2551,215.556,-0.39494,2.41865,-0.01359
-8.2088,-1.1763,215.472,-0.39085,2.42038,-0.01291
-8.1521,-1.2626,215.481,-0.39603,2.42082,-0.01133
-8.1487,-1.41,215.497,-0.4031,2.41744,-0.01027
-8.1781,-1.2564,215.431,-0.39669,2.4169,-0.00888
-8.099,-1.3432,215.53,-0.3983,2.41344,-0.00869
-8.1209,-1.4333,215.541,-0.40273,2.41501,-0.00807
-8.1552,-1.3733,215.564,-0.40247,2.41245,-0.00744
-8.1821,-1.1048,215.49,-0.39193,2.41462,-0.00906
-8.1771,-1.073,215.61,-0.38543,2.40876,-0.01054
-8.1202,-1.3621,215.615,-0.40292,2.40753,-0.00695
-8.1281,-1.3884,215.593,-0.40693,2.41198,-0.00686
-8.1832,-1.1453,215.632,-0.39704,2.41535,-0.0076
-8.2197,-1.1527,215.461,-0.39426,2.41792,-0.00645
-8.2003,-1.2286,215.547,-0.39711,2.4117,-0.00749
-8.1436,-1.2383,215.511,-0.39872,2.40686,-0.00988
-8.1946,-1.2541,215.447,-0.40065,2.41196,-0.00928
-8.2565,-1.0361,215.319,-0.39191,2.41369,-0.00973
-8.3057,-0.9544,215.2,-0.39095,2.41892,-0.00873
-8.1693,-1.2256,215.404,-0.40385,2.41265,-0.00984
-8.1924,-1.211,215.452,-0.39859,2.41029,-0.01164
-8.1971,-1.0824,215.501,-0.39307,2.41469,-0.0127
-8.2104,-1.0818,215.5,-0.39644,2.41136,-0.01287
-8.2697,-1.0214,215.316,-0.39815,2.4199,-0.01182
-8.1972,-1.1452,215.457,-0.40215,2.41402,-0.01123
-8.0903,-1.2269,215.528,-0.4009,2.40717,-0.01103
-8.2791,-0.9251,215.275,-0.39556,2.426,-0.00795
-8.2187,-0.9727,215.392,-0.39182,2.41467,-0.01064
-8.1585,-1.111,215.595,-0.39388,2.40734,-0.01239
-8.2219,-1.1311,215.535,-0.40583,2.4137,-0.00993
-8.1514,-1.2308,215.717,-0.40837,2.40925,-0.01221
-8.1636,-1.158,215.598,-0.40275,2.4135,-0.01189
-8.2207,-1.0155,215.509,-0.39954,2.414,-0.01214
-8.2333,-1.1031,215.574,-0.40134,2.41435,-0.01112
-8.2143,-1.2494,215.603,-0.40947,2.40932,-0.00902
-8.2834,-1.1305,215.573,-0.40419,2.41576,-0.0092
-8.1849,-1.2782,215.702,-0.40863,2.40842,-0.01029
-8.3277,-1.0414,215.456,-0.40379,2.41913,-0.00932
-8.3262,-1.0149,215.516,-0.3997,2.41682,-0.01118
-8.2733,-0.9875,215.533,-0.39337,2.41527,-0.01467
-8.3138,-0.9682,215.431,-0.39836,2.42393,-0.01318
-8.2934,-1.1143,215.519,-0.4019,2.41545,-0.01375
-8.2823,-1.016,215.56,-0.39585,2.41785,-0.01395
-8.2171,-1.067,215.55,-0.3955,2.4163,-0.01415
-8.2454,-0.8848,215.468,-0.38458,2.41791,-0.01615
-8.2147,-1.1156,215.525,-0.39849,2.41545,-0.01399
-8.2238,-1.1883,215.622,-0.39464,2.41727,-0.01445
-8.2983,-1.0552,215.472,-0.39346,2.42547,-0.01337
-8.2005,-1.2722,215.683,-0.39676,2.41964,-0.01307
-8.1861,-1.2659,215.678,-0.40217,2.41401,-0.01208
-8.185,-1.0635,215.648,-0.39347,2.41848,-0.0131
-8.1917,-1.1086,215.643,-0.3919,2.42439,-0.01135
-8.1651,-1.2091,215.588,-0.39686,2.42336,-0.00999
-8.1597,-1.224,215.57,-0.39652,2.4241,-0.01121
-8.1174,-1.3151,215.68,-0.39943,2.41651,-0.01067
-8.1643,-1.0549,215.544,-0.38924,2.42036,-0.00954
-8.1777,-1.2499,215.614,-0.40105,2.42419,-0.00885
-8.2206,-1.1571,215.451,-0.39495,2.4243,-0.00798
-8.1648,-1.289,215.569,-0.39899,2.41559,-0.00723
-8.2422,-1.2104,215.519,-0.40234,2.42198,-0.00563
-8.1886,-1.1131,215.522,-0.39299,2.42199,-0.00894
-8.1383,-1.2634,215.649,-0.39678,2.41848,-0.00827
-8.1436,-1.2101,215.383,-0.39501,2.42128,-0.00751
-8.2363,-1.0716,215.464,-0.3906,2.42303,-0.0083
-8.25,-1.0853,215.526,-0.3928,2.42412,-0.00745
-8.1824,-1.2572,215.626,-0.40277,2.42164,-0.00758
-8.2671,-1.0717,215.512,-0.39218,2.42783,-0.00764
-8.2121,-1.1993,215.479,-0.39728,2.4271,-0.00762
-8.2398,-1.2491,215.511,-0.40225,2.43323,-0.00659
-8.2483,-1.1437,215.55,-0.39721,2.427,-0.00836
-8.1932,-1.2737,215.648,-0.40189,2.42233,-0.00971
-8.2797,-1.0125,215.534,-0.39241,2.43058,-0.01056
-8.2141,-1.1383,215.566,-0.39224,2.42204,-0.00993
-8.2291,-1.1198,215.655,-0.38784,2.42242,-0.01214
-8.3264,-1.0417,215.529,-0.38947,2.43013,-0.00993
-8.2213,-1.1436,215.638,-0.39326,2.42481,-0.0108
-8.2616,-1.0951,215.49,-0.39005,2.42098,-0.01114
-8.2345,-1.0768,215.569,-0.38814,2.41804,-0.01149
-8.2569,-1.0402,215.49,-0.39102,2.42073,-0.01309
-8.2785,-1.0537,215.547,-0.39038,2.41929,-0.01169
-8.3595,-0.8679,215.418,-0.38551,2.43295,-0.0107
-8.3054,-1.0871,215.584,-0.38992,2.42477,-0.01175
-8.2904,-1.0304,215.67,-0.38707,2.42941,-0.01065
-8.2858,-1.1131,215.58,-0.39453,2.42481,-0.01018
-8.2475,-1.1389,215.689,-0.392,2.42143,-0.01057
-8.2958,-1.0413,215.445,-0.38914,2.4319,-0.00804
-8.2667,-1.2116,215.557,-0.39903,2.42069,-0.0079
-8.292,-1.244,215.584,-0.40075,2.42278,-0.00773
-8.2904,-1.1138,215.46,-0.39127,2.42505,-0.00852
-8.1861,-1.353,215.75,-0.40187,2.41987,-0.00947
-8.2233,-1.1992,215.61,-0.39202,2.4211,-0.00944
-8.3138,-1.0227,215.389,-0.38764,2.42627,-0.00795
-8.2238,-1.15,215.756,-0.38668,2.41832,-0.01242
-8.311,-1.1168,215.549,-0.39156,2.42146,-0.01019
-8.248,-1.3259,215.591,-0.40182,2.41957,-0.00865
-8.2735,-1.1865,215.687,-0.3936,2.41644,-0.01126
-8.3045,-1.0564,215.453,-0.39351,2.42298,-0.01024
-8.2451,-1.2013,215.582,-0.39597,2.41192,-0.01163
-8.3019,-1.1453,215.576,-0.39386,2.41837,-0.01136
-8.354,-1.0601,215.503,-0.39541,2.42255,-0.01145
-8.2818,-1.1845,215.633,-0.395,2.41679,-0.01225
-8.2437,-1.2404,215.611,-0.40225,2.4137,-0.01187
-8.322,-1.06,215.531,-0.39144,2.41905,-0.01118
-8.3785,-0.9944,215.396,-0.39575,2.42554,-0.01116
-8.2846,-1.1237,215.553,-0.39385,2.41736,-0.01265
-8.2608,-1.0877,215.569,-0.39234,2.41654,-0.01231
-8.2936,-1.1585,215.464,-0.39952,2.41582,-0.00966
-8.3192,-1.0749,215.586,-0.39655,2.41303,-0.01131
-8.2515,-1.1929,215.663,-0.39762,2.4121,-0.01149
-8.2266,-1.2993,215.693,-0.40661,2.41454,-0.01025
-8.2488,-1.0728,215.597,-0.3957,2.4157,-0.01098
-8.3216,-1.1323,215.557,-0.39967,2.42465,-0.00978
-8.294,-1.0832,215.608,-0.38893,2.41714,-0.01164
-8.2427,-1.0756,215.681,-0.39093,2.42062,-0.01075
-8.1984,-1.1406,215.622,-0.38843,2.41476,-0.01136
-8.272,-1.1119,215.699,-0.39211,2.4208,-0.01157
-8.2604,-1.2341,215.686,-0.39809,2.41637,-0.00955
-8.1982,-1.2832,215.712,-0.4014,2.41349,-0.01002
-8.2402,-1.1183,215.528,-0.39256,2.42254,-0.00945
-8.2626,-1.2581,215.673,-0.3975,2.42109,-0.01007
-8.1356,-1.2457,215.868,-0.3892,2.41178,-0.01232
-8.2596,-1.1496,215.601,-0.39297,2.42344,-0.00982
-8.2813,-1.0702,215.568,-0.39337,2.42903,-0.00866
-8.2378,-1.1171,215.706,-0.39073,2.42182,-0.00927
-8.2946,-1.2009,215.621,-0.40008,2.42278,-0.0084
-8.2925,-1.1479,215.605,-0.39495,2.42647,-0.00883
-8.2717,-1.1565,215.625,-0.3969,2.42784,-0.00927
-8.2438,-1.0831,215.737,-0.38774,2.42324,-0.01007
-8.2336,-1.1308,215.66,-0.39071,2.42162,-0.00991
-8.2645,-1.1225,215.527,-0.3972,2.42552,-0.00805
-8.2653,-1.2239,215.73,-0.39902,2.42252,-0.00761
-8.3121,-1.0411,215.559,-0.39235,2.42768,-0.00843
-8.3027,-1.0723,215.572,-0.39591,2.42692,-0.00784
-8.2771,-1.2117,215.63,-0.39756,2.4213,-0.00955
-8.2427,-1.1897,215.737,-0.39485,2.42678,-0.0094
-8.2572,-1.1836,215.578,-0.39793,2.42235,-0.00839
-8.2652,-1.1143,215.62,-0.3876,2.42733,-0.00971
-8.2246,-1.1966,215.7,-0.38725,2.42338,-0.01078
-8.201,-1.2982,215.746,-0.39589,2.42112,-0.0089
-8.1767,-1.3346,215.799,-0.40082,2.41643,-0.00902
-8.1937,-1.1662,215.671,-0.39093,2.423,-0.01006
-8.2283,-0.9627,215.689,-0.38475,2.42311,-0.01099
-8.1057,-0.9489,215.857,-0.38351,2.42448,-0.01073
-7.9568,-1.1421,215.788,-0.39803,2.42028,-0.00444
-7.7557,-0.9564,215.889,-0.38522,2.41476,-0.00616
-7.514,-0.9629,215.792,-0.38548,2.40768,-0.00643
-7.2986,-1.0025,215.726,-0.38842,2.4022,-0.00655
-7.0966,-1.0768,215.584,-0.39385,2.39211,-0.00852
-7.0206,-1.0715,215.756,-0.39676,2.38529,-0.01652
-7.1081,-1.0732,215.786,-0.39072,2.38739,-0.0212
-7.2585,-1.2613,215.801,-0.39869,2.38925,-0.02239
-7.341,-1.2043,215.89,-0.39229,2.38486,-0.02337
-7.3292,-1.2416,215.986,-0.39523,2.38845,-0.02393
-7.2422,-1.2051,215.862,-0.39159,2.38118,-0.02577
-7.0776,-1.4253,216.035,-0.40208,2.37475,-0.02694
-7.0424,-1.309,215.864,-0.39151,2.37758,-0.03042
-6.9899,-1.4603,215.834,-0.4009,2.36854,-0.0322
-6.9983,-1.4693,215.58,-0.40521,2.37333,-0.03038
-6.9786,-1.3107,215.42,-0.39915,2.36835,-0.0334
-6.9899,-1.4081,215.363,-0.40906,2.36607,-0.03271
-7.0335,-1.3235,215.281,-0.41033,2.36223,-0.03443
-7.0824,-1.2105,215.162,-0.41247,2.35992,-0.03513
-7.0445,-1.2133,215.104,-0.41337,2.35812,-0.03648
-7.0478,-1.1833,215.028,-0.41406,2.35624,-0.03533
-6.9562,-1.3662,215.112,-0.42055,2.34177,-0.0335
-6.9934,-1.1876,215.082,-0.40888,2.34086,-0.03413
-7.0881,-1.0739,214.951,-0.41392,2.34251,-0.03502
-7.0723,-1.0482,214.971,-0.41063,2.342,-0.03547
-7.0108,-1.0539,214.86,-0.40535,2.33667,-0.03713
-6.9783,-1.298,214.853,-0.4162,2.33147,-0.03444
-6.9613,-1.4263,214.887,-0.42016,2.32421,-0.03323
-7.0881,-1.2609,214.61,-0.42164,2.33279,-0.03224
-7.1149,-0.9815,214.505,-0.40195,2.33091,-0.0364
-7.0515,-1.1649,214.625,-0.409,2.32792,-0.0392
-7.0003,-1.1992,214.472,-0.41144,2.32759,-0.03949
-6.9436,-1.2618,214.569,-0.41193,2.31854,-0.04166
-6.9102,-1.2916,214.431,-0.40846,2.31417,-0.04276
-7.1637,-1.1872,214.243,-0.4136,2.33086,-0.04077
-6.9707,-1.1007,214.384,-0.40014,2.32561,-0.04805
-6.6842,-1.1771,214.431,-0.40347,2.31412,-0.05132
-6.7497,-0.8326,214.258,-0.392,2.31689,-0.05281
-6.7959,-0.7025,213.983,-0.39648,2.32457,-0.05162
-6.7448,-0.8577,214.237,-0.39528,2.30696,-0.05613
-6.8516,-0.8733,214.14,-0.39198,2.30952,-0.05735
-6.9634,-0.6962,213.786,-0.39192,2.31983,-0.05649
-7.0428,-0.7739,213.822,-0.39754,2.31868,-0.05799
-7.0334,-1.2861,213.99,-0.40622,2.31043,-0.05988
-7.191,-1.6442,214.125,-0.42402,2.32187,-0.0528
-7.181,-1.905,214.135,-0.43409,2.3281,-0.04627
-7.0773,-2.0785,214.187,-0.44138,2.32167,-0.04405
-7.0607,-1.9065,214.335,-0.43431,2.32575,-0.04523
-7.225,-1.3821,214.167,-0.41541,2.33285,-0.04777
-6.9693,-1.523,214.345,-0.4214,2.31239,-0.05071
-6.9335,-1.1854,214.315,-0.40999,2.31568,-0.05521
-6.8582,-1.1382,214.153,-0.41519,2.3116,-0.05718
-6.5851,-1.2944,214.209,-0.42281,2.29031,-0.06373
-6.5525,-1.165,214.058,-0.41571,2.2931,-0.06478
-6.551,-1.1937,214.154,-0.42136,2.29229,-0.06687
-6.6562,-0.988,213.986,-0.41948,2.29829,-0.06764
-6.5782,-1.0203,214.219,-0.41206,2.2855,-0.07097
-6.693,-0.73,213.942,-0.40429,2.29558,-0.06915
-6.6955,-0.7469,213.817,-0.40369,2.29575,-0.0675
-6.5718,-0.9648,214.042,-0.40275,2.28686,-0.06823
-6.7217,-0.8387,213.924,-0.39967,2.29888,-0.06767
-6.7266,-0.9722,214.034,-0.40487,2.29477,-0.06649
-6.7626,-1.4326,214.304,-0.42004,2.29346,-0.06229
-6.911,-1.295,214.449,-0.40584,2.30508,-0.0627
-7.0529,-1.417,214.642,-0.39878,2.30149,-0.05949
-7.0615,-1.4683,214.668,-0.39468,2.30033,-0.05785
-7.1696,-1.5065,214.605,-0.39686,2.30706,-0.05401
-7.4234,-1.3244,214.404,-0.39213,2.31862,-0.0507
-7.3442,-1.7159,214.685,-0.39893,2.30448,-0.05152
-7.3683,-1.6891,214.655,-0.3892,2.30918,-0.05248
-7.4972,-1.5216,214.473,-0.38846,2.31763,-0.04976
-7.4397,-1.6939,214.645,-0.39281,2.31411,-0.0512
-7.3541,-1.7465,214.774,-0.38952,2.30618,-0.05072
-7.4423,-1.6901,214.468,-0.39462,2.31642,-0.04782
-7.4977,-1.5485,214.333,-0.39006,2.31861,-0.04744
-7.3658,-1.5546,214.491,-0.38217,2.30534,-0.05129
-7.2611,-1.6338,214.647,-0.38377,2.29294,-0.05218
-7.2647,-1.4272,214.446,-0.37711,2.29993,-0.05171
-7.1722,-1.5093,214.595,-0.3851,2.28932,-0.05194
-7.0603,-1.4742,214.657,-0.37279,2.28464,-0.05377
-7.0908,-1.3878,214.57,-0.37425,2.2978,-0.05111
-7.0426,-1.4293,214.623,-0.38161,2.29105,-0.05194
-6.98,-1.4452,214.899,-0.37196,2.28109,-0.05455
-6.9508,-1.4217,214.578,-0.38018,2.28765,-0.05189
-6.929,-1.4066,214.568,-0.37964,2.28628,-0.05302
-6.8692,-1.5633,214.768,-0.37777,2.27718,-0.05575
-7.1047,-1.4877,214.506,-0.38088,2.28794,-0.05091
-7.2269,-1.4602,214.518,-0.3788,2.29326,-0.0513
-7.138,-1.6633,214.879,-0.37777,2.28236,-0.05384
-7.2489,-1.542,214.72,-0.38034,2.28604,-0.05036
-7.3667,-1.5998,214.533,-0.39022,2.29784,-0.04578
-7.2957,-1.6539,214.688,-0.3892,2.29469,-0.0483
-7.328,-1.5646,214.765,-0.38484,2.29245,-0.05018
-7.4311,-1.4008,214.502,-0.37849,2.30188,-0.04803
-7.4196,-1.4301,214.693,-0.37404,2.29789,-0.04883
-7.392,-1.557,214.89,-0.37903,2.29478,-0.05015
-7.5087,-1.4243,214.612,-0.3768,2.30772,-0.0489
-7.4647,-1.7292,214.734,-0.38708,2.30004,-0.05032
-7.4515,-1.7217,214.76,-0.38378,2.30037,-0.05239
-7.5219,-1.4674,214.718,-0.37468,2.30499,-0.05386
-7.5422,-1.4824,214.681,-0.38034,2.30852,-0.05228
-7.5741,-1.453,214.667,-0.381,2.31387,-0.05017
-7.5654,-1.3572,214.586,-0.37672,2.31714,-0.04916
-7.6787,-1.2078,214.414,-0.37428,2.32158,-0.04891
-7.6226,-1.4459,214.637,-0.3826,2.31433,-0.05073
-7.4382,-1.5941,214.84,-0.3864,2.30983,-0.05236
-7.5586,-1.4203,214.623,-0.38867,2.32186,-0.04896
-7.53,-1.3554,214.638,-0.38861,2.32342,-0.04756
-7.4333,-1.2893,214.794,-0.3784,2.32018,-0.04977
-7.5161,-1.3153,214.58,-0.38571,2.325,-0.04677
-7.5094,-1.2659,214.607,-0.38132,2.32408,-0.04801
-7.3959,-1.3514,214.82,-0.37419,2.31245,-0.05102
-7.4877,-1.4364,214.734,-0.38487,2.31836,-0.05
-7.574,-1.3205,214.599,-0.38765,2.32977,-0.04699
-7.4557,-1.3448,214.739,-0.38481,2.32284,-0.04906
-7.4732,-1.4397,214.869,-0.3904,2.32506,-0.0474
-7.5969,-1.2167,214.612,-0.38524,2.33503,-0.04556
-7.6496,-1.4198,214.751,-0.39369,2.33223,-0.04459
-7.6447,-1.6082,214.875,-0.39914,2.32766,-0.0434
-7.8652,-1.4553,214.572,-0.39743,2.3381,-0.04185
-7.8707,-1.4468,214.719,-0.39455,2.33398,-0.04068
-7.7877,-1.4803,214.634,-0.39668,2.33321,-0.03702
-7.8285,-1.4319,214.516,-0.39986,2.34275,-0.03432
-7.8685,-1.4771,214.576,-0.40017,2.34452,-0.0331
-7.9258,-1.6619,214.724,-0.40537,2.33915,-0.03355
-8.0433,-1.4855,214.631,-0.40003,2.34877,-0.0322
-8.0334,-1.4362,214.526,-0.40149,2.35183,-0.0308
-7.8837,-1.613,214.448,-0.40817,2.34632,-0.02918
-7.8568,-1.4828,214.447,-0.40815,2.3441,-0.03149
-8.0753,-1.1621,214.191,-0.40171,2.36198,-0.03217
-8.2126,-1.3951,214.355,-0.41364,2.36292,-0.03379
-8.3112,-1.5118,214.529,-0.41413,2.36858,-0.03624
-8.4772,-1.3247,214.683,-0.40375,2.37928,-0.04024
-8.4572,-1.385,214.798,-0.40097,2.3807,-0.04547
-8.496,-1.3946,214.934,-0.40307,2.38598,-0.04599
-8.5955,-1.5454,214.755,-0.40746,2.39451,-0.0474
-8.6695,-1.6216,214.912,-0.41011,2.39313,-0.04932
-8.4164,-1.5574,215.189,-0.4028,2.3866,-0.04721
-8.3457,-1.5831,215.191,-0.41336,2.38934,-0.04013
-8.2391,-1.5159,215.29,-0.41151,2.38785,-0.03676
-7.9802,-1.4008,215.287,-0.39698,2.38099,-0.03229
-7.8458,-1.3832,215.249,-0.3984,2.38162,-0.02737
-7.5904,-1.2683,215.28,-0.39308,2.37296,-0.02493
-7.3707,-1.2246,215.362,-0.38771,2.37024,-0.02241
-7.3134,-1.1472,215.291,-0.38848,2.37373,-0.02
-7.126,-1.2381,215.352,-0.38779,2.36614,-0.0171
-7.2265,-1.0771,215.245,-0.38429,2.37185,-0.01211
-7.1232,-1.3237,215.573,-0.39009,2.36424,-0.01118
-7.1659,-1.1392,215.455,-0.3821,2.37131,-0.01124
-7.1301,-1.1675,215.343,-0.3779,2.37556,-0.01008
-7.1773,-1.0754,215.436,-0.37554,2.37645,-0.01385
-7.1791,-1.2406,215.464,-0.38533,2.37017,-0.01678
-7.3711,-1.2911,215.341,-0.39521,2.38586,-0.00949
-7.5002,-1.1007,215.365,-0.38404,2.39402,-0.0095
-7.7108,-0.9621,215.117,-0.38252,2.39958,-0.00691
-7.6983,-1.1581,215.371,-0.38889,2.39628,-0.00933
-7.7268,-1.2521,215.409,-0.39074,2.39476,-0.00951
-7.7563,-1.4377,215.578,-0.39759,2.38841,-0.00762
-7.8616,-1.2101,215.416,-0.3901,2.39729,-0.00527
-7.8377,-1.3414,215.432,-0.39511,2.39913,-0.00329
-7.8871,-1.2985,215.626,-0.38826,2.39833,-0.00562
-7.9748,-1.1151,215.521,-0.38041,2.40476,-0.00393
-7.9141,-1.2647,215.588,-0.38876,2.39978,-0.00528
-7.9643,-1.2789,215.655,-0.39079,2.40092,-0.00527
-7.9542,-1.3098,215.705,-0.38354,2.39751,-0.00544
-8.0155,-1.2796,215.692,-0.38761,2.41472,-0.00312
-8.1303,-1.2366,215.725,-0.39139,2.41533,-0.00197
-8.1258,-1.3025,215.806,-0.39217,2.41337,-0.00416
-8.1655,-1.2517,215.756,-0.39439,2.41529,-0.00391
-8.2023,-1.2719,215.845,-0.39873,2.41915,-0.00459
-8.1525,-1.1938,215.867,-0.38886,2.41388,-0.00644
-8.1206,-1.134,215.86,-0.38466,2.41297,-0.00872
-8.1456,-1.1654,215.684,-0.38561,2.41861,-0.00783
-8.1426,-1.1899,215.782,-0.38398,2.42376,-0.00904
-8.1506,-1.1627,215.769,-0.38274,2.4274,-0.01273
-8.1961,-1.1665,215.721,-0.38149,2.42988,-0.01423
-8.1922,-1.3807,215.663,-0.39221,2.43105,-0.01442
-8.2668,-1.1765,215.543,-0.38223,2.43475,-0.01543
-8.1991,-1.2868,215.626,-0.38766,2.43154,-0.01539
-8.2828,-1.1292,215.621,-0.37405,2.43732,-0.01731
-8.1995,-1.4144,215.682,-0.38664,2.42729,-0.0176
-8.2795,-1.3026,215.662,-0.38469,2.43565,-0.0171
-8.2763,-1.2333,215.654,-0.37207,2.43394,-0.01888
-8.3697,-1.131,215.598,-0.3746,2.43981,-0.01922
-8.3584,-1.2863,215.71,-0.3838,2.43559,-0.01723
-8.3622,-1.2913,215.857,-0.37675,2.43945,-0.01843
-8.3966,-1.425,215.753,-0.39282,2.43465,-0.01498
-8.4217,-1.184,215.615,-0.37955,2.43176,-0.01559
-8.4921,-1.1797,215.596,-0.38022,2.43016,-0.0156
-8.4634,-1.2244,215.676,-0.38396,2.42618,-0.01566
-8.4993,-1.1081,215.471,-0.38328,2.42886,-0.01515
-8.4838,-1.2605,215.514,-0.38768,2.42301,-0.01505
-8.4841,-1.1706,215.64,-0.3796,2.42671,-0.01679
-8.5071,-1.1597,215.595,-0.38089,2.4261,-0.01784
-8.5606,-1.0928,215.609,-0.3798,2.42742,-0.01708
-8.5443,-1.1598,215.543,-0.38927,2.42291,-0.01682
-8.5607,-1.1918,215.607,-0.38983,2.41976,-0.01623
-8.4738,-1.3299,215.616,-0.39286,2.42039,-0.01651
-8.4984,-1.2345,215.647,-0.39023,2.42082,-0.01727
-8.4901,-1.1962,215.582,-0.38561,2.4156,-0.0187
-8.4909,-1.3278,215.653,-0.39441,2.41224,-0.0183
-8.4816,-1.3825,215.621,-0.39498,2.40902,-0.0191
-8.6174,-1.1044,215.508,-0.38605,2.41887,-0.01781
-8.5061,-1.3134,215.678,-0.38646,2.41011,-0.0192
-8.5454,-1.2073,215.71,-0.38526,2.41194,-0.01957
-8.5486,-1.2282,215.752,-0.38667,2.41222,-0.01943
-8.5139,-1.2329,215.765,-0.38653,2.41338,-0.01832
-8.5091,-1.1592,215.767,-0.38014,2.41453,-0.01836
-8.4546,-1.3772,215.972,-0.38967,2.41788,-0.01671
-8.4354,-1.2723,215.981,-0.38411,2.42451,-0.01746
-8.4545,-1.1526,215.936,-0.38342,2.42307,-0.01643
-8.4422,-1.237,215.685,-0.38666,2.42515,-0.01755
-8.4978,-1.1218,215.439,-0.3861,2.4262,-0.01656
-8.4609,-1.0039,215.483,-0.37636,2.42509,-0.0171
-8.4355,-1.2173,215.569,-0.38809,2.42059,-0.01287
-8.3503,-1.349,215.815,-0.3966,2.41575,-0.01136
-8.3444,-1.2624,215.778,-0.39569,2.41819,-0.01099
-8.3428,-1.2321,215.717,-0.39491,2.41591,-0.00932
-8.4589,-1.1187,215.562,-0.39811,2.42858,-0.0072
-8.3717,-1.2957,215.706,-0.40218,2.40835,-0.00921
-8.5014,-1.0754,215.671,-0.40097,2.41442,-0.00955
-8.5037,0.0806,215.634,-0.36036,2.41322,-0.008
-8.4339,0.9357,215.79,-0.32514,2.41471,-0.01449
-8.6838,0.4827,215.591,-0.34746,2.42508,-0.0157
-8.6764,-0.4085,215.713,-0.36644,2.42273,-0.01881
-8.7287,-0.9165,215.668,-0.38143,2.43107,-0.01941
-8.7515,-0.8949,215.324,-0.38138,2.43803,-0.01979
-8.6088,-1.0938,215.455,-0.38111,2.43157,-0.02237
-8.5109,-1.26,215.426,-0.38646,2.43254,-0.01943
-8.5315,-1.2387,215.436,-0.385,2.43476,-0.01968
-8.5123,-1.1994,215.433,-0.3804,2.4343,-0.02007
-8.5152,-1.0179,215.496,-0.37001,2.43887,-0.0217
-8.4551,-1.2515,215.556,-0.37975,2.43687,-0.02218
-8.4186,-1.4389,215.7,-0.38284,2.43207,-0.02371
-8.4592,-1.3363,215.765,-0.38061,2.43715,-0.02346
-8.4885,-1.1447,215.697,-0.37529,2.43973,-0.0228
-8.3716,-1.0138,215.736,-0.36886,2.4361,-0.02091
-8.3463,-0.6571,215.684,-0.36279,2.45065,-0.01768
-8.2396,-0.7126,215.882,-0.36046,2.44762,-0.01989
-8.2648,-0.7418,215.874,-0.3611,2.45499,-0.02153
-8.3541,-0.8053,215.704,-0.36913,2.46128,-0.01972
-8.3178,-0.9088,215.81,-0.36237,2.45447,-0.02333
-8.321,-1.185,215.772,-0.37344,2.45207,-0.02361
-8.3567,-1.1713,215.744,-0.3772,2.45522,-0.02165
-8.4175,-1.1536,215.807,-0.37678,2.455,-0.02151
-8.3869,-1.2437,215.683,-0.38119,2.4419,-0.02167
-8.3545,-1.274,215.644,-0.38096,2.44031,-0.02174
-8.3556,-1.163,215.601,-0.38032,2.44063,-0.02151
-8.4208,-0.9356,215.616,-0.37897,2.43498,-0.02102
-8.5012,-0.6942,215.625,-0.37119,2.43903,-0.02357
-8.5662,-0.6686,215.72,-0.36936,2.43678,-0.02431
-8.608,-0.5985,215.637,-0.36935,2.43579,-0.02441
-8.5238,-1.0296,215.707,-0.37972,2.42785,-0.02363
-8.5371,-1.0877,215.701,-0.38024,2.43019,-0.02457
-8.5372,-1.239,215.621,-0.3933,2.43119,-0.02362
-8.5548,-1.2231,215.688,-0.39018,2.4291,-0.02477
-8.5956,-1.1806,215.655,-0.38775,2.42911,-0.0259
-8.6361,-1.1437,215.537,-0.3881,2.43214,-0.0254
-8.6592,-1.1449,215.543,-0.38794,2.43586,-0.02491
-8.5717,-1.1537,215.625,-0.38658,2.43392,-0.02622
-8.5911,-1.1571,215.513,-0.3923,2.43412,-0.02374
-8.5559,-1.0503,215.512,-0.38268,2.43221,-0.02493
-8.509,-1.1795,215.752,-0.38919,2.42572,-0.0249
-8.5122,-0.9152,215.678,-0.38143,2.42963,-0.02581
-8.5327,-0.7905,215.695,-0.375,2.43294,-0.0256
-8.5923,-0.83,215.507,-0.38012,2.4385,-0.02475
-8.6129,-0.8759,215.623,-0.38038,2.43646,-0.02614
-8.5772,-0.9414,215.558,-0.38095,2.44046,-0.02664
-8.5357,-1.0356,215.649,-0.3832,2.42982,-0.02764
-8.4733,-1.2761,215.741,-0.38957,2.42421,-0.0285
-8.4947,-1.2177,215.813,-0.38757,2.42407,-0.02961
-8.5341,-1.3439,215.831,-0.39645,2.42201,-0.02705
-8.5565,-1.2615,215.697,-0.39073,2.4255,-0.02733
-8.4738,-1.2738,215.769,-0.38605,2.42023,-0.03031
-8.4872,-1.3689,215.721,-0.39504,2.42205,-0.03019
-8.5414,-1.2532,215.792,-0.39045,2.4263,-0.02858
-8.527,-1.2836,215.772,-0.3885,2.42344,-0.02882
-8.6079,-0.97,215.673,-0.38198,2.43133,-0.02899
-8.5072,-1.2026,215.736,-0.39241,2.42535,-0.0284
-8.4927,-1.2035,215.812,-0.39001,2.42431,-0.02967
-8.4373,-1.3573,215.803,-0.39724,2.42194,-0.0296
-8.5103,-1.114,215.794,-0.3823,2.42515,-0.02984
-8.5477,-1.1744,215.789,-0.38377,2.42645,-0.031
-8.6199,-1.0431,215.712,-0.38157,2.43593,-0.02997
-8.5741,-1.1756,215.649,-0.3881,2.43407,-0.03019
-8.4445,-1.3625,215.831,-0.38879,2.42263,-0.03289
-8.5441,-1.2062,215.641,-0.38154,2.42728,-0.03199
-8.4985,-1.3317,215.662,-0.39327,2.42514,-0.03145
-8.5661,-1.174,215.681,-0.38509,2.4311,-0.03287
-8.5752,-1.1344,215.644,-0.38003,2.43193,-0.03157
-8.5634,-1.0757,215.473,-0.3804,2.43488,-0.03146
-8.6161,-1.0785,215.642,-0.3796,2.43261,-0.03183
-8.5665,-1.1807,215.712,-0.38277,2.42855,-0.03154
-8.5378,-1.2257,215.667,-0.38623,2.4247,-0.03206
-8.5806,-1.2718,215.556,-0.39594,2.43209,-0.0301
-8.5369,-1.3716,215.754,-0.39217,2.42537,-0.03217
-8.5902,-1.1867,215.758,-0.38693,2.42498,-0.03165
-8.6016,-1.1938,215.661,-0.38848,2.42925,-0.03227
-8.68,-1.099,215.637,-0.38583,2.43142,-0.03115
-8.5911,-1.2047,215.769,-0.3826,2.42356,-0.03333
-8.6262,-1.2214,215.638,-0.38909,2.43267,-0.03094
-8.5138,-1.256,215.672,-0.38813,2.42697,-0.03108
-8.5695,-1.2106,215.663,-0.39202,2.43063,-0.02991
-8.5026,-1.2113,215.742,-0.3867,2.42435,-0.03182
-8.57,-1.0977,215.666,-0.38253,2.42709,-0.03043
-8.4924,-1.3653,215.79,-0.39302,2.42376,-0.03131
-8.4795,-1.2997,215.602,-0.39519,2.42824,-0.0292
-8.4813,-1.261,215.695,-0.39215,2.42927,-0.02929
-8.5089,-1.1712,215.692,-0.38862,2.43175,-0.02912
-8.586,-1.0004,215.747,-0.38592,2.43456,-0.02936
-8.5468,-1.0756,215.738,-0.38871,2.43598,-0.0276
-8.5129,-1.1889,215.693,-0.39333,2.43514,-0.02531
-8.4886,-1.2434,215.793,-0.39702,2.43819,-0.02482
-8.4265,-1.2726,215.85,-0.40066,2.43384,-0.02593
-8.3777,-1.2418,215.908,-0.38776,2.42754,-0.02711
-8.4522,-1.1324,215.809,-0.39142,2.4382,-0.02498
-8.5239,-1.1583,215.759,-0.39111,2.43608,-0.02577
-8.4988,-1.1659,215.745,-0.39191,2.43929,-0.02522
-8.4871,-1.3049,215.839,-0.39714,2.43558,-0.02412
-8.5569,-1.2567,215.76,-0.39514,2.43544,-0.02444
-8.571,-1.1334,215.609,-0.39334,2.43845,-0.02341
-8.5689,-1.1856,215.615,-0.39114,2.43913,-0.02597
-8.5507,-1.2418,215.721,-0.38957,2.43651,-0.02678
-8.6216,-1.066,215.59,-0.3842,2.44343,-0.02882
-8.5865,-1.1227,215.615,-0.38615,2.43769,-0.0275
-8.5641,-1.1265,215.708,-0.3844,2.4328,-0.02918
-8.6323,-0.9905,215.5,-0.38453,2.44129,-0.02745
-8.519,-1.1621,215.748,-0.38701,2.43248,-0.02869
-8.555,-1.1125,215.744,-0.38018,2.43197,-0.02905
-8.5482,-1.2513,215.666,-0.39322,2.43056,-0.02584
-8.5385,-1.1385,215.733,-0.38326,2.4281,-0.02741
-8.4962,-1.081,215.842,-0.37971,2.42645,-0.02776
-8.6379,-0.9252,215.551,-0.383,2.43484,-0.02606
-8.6138,-0.9955,215.703,-0.38633,2.43461,-0.02617
-8.5779,-1.0739,215.644,-0.38921,2.43293,-0.02558
-8.5429,-1.0795,215.648,-0.3905,2.4383,-0.02553
-8.6134,-1.0029,215.781,-0.39051,2.44096,-0.02576
-8.5703,-1.0462,215.692,-0.38846,2.44128,-0.02523
-8.5158,-0.9553,215.738,-0.38406,2.4373,-0.02489
-8.5637,-1.0219,215.47,-0.38741,2.44223,-0.02269
-8.5303,-1.1598,215.673,-0.39437,2.43714,-0.02386
-8.4926,-1.2601,215.701,-0.39803,2.43442,-0.0237
-8.5405,-1.0851,215.56,-0.39561,2.43763,-0.02221
-8.5602,-1.0859,215.74,-0.39084,2.43225,-0.02455
-8.4946,-1.181,215.728,-0.39281,2.43029,-0.02495
-8.5362,-1.1462,215.699,-0.39289,2.43647,-0.0239
-8.4936,-1.3647,215.712,-0.39966,2.42938,-0.02303
-8.5317,-1.1385,215.554,-0.39516,2.43901,-0.02255
-8.5713,-1.1119,215.698,-0.39126,2.43405,-0.0258
-8.6108,-1.0818,215.648,-0.39169,2.43862,-0.02403
-8.5177,-1.2531,215.636,-0.39523,2.42933,-0.02389
-8.5122,-1.1652,215.671,-0.39214,2.43368,-0.02512
-8.5336,-1.1687,215.664,-0.39029,2.43131,-0.02508
-8.5313,-1.1215,215.697,-0.39106,2.43508,-0.02318
-8.5357,-1.106,215.632,-0.38811,2.43709,-0.02398
-8.5373,-1.0936,215.585,-0.39025,2.44034,-0.023
-8.5182,-1.2091,215.678,-0.39774,2.43815,-0.0231
-8.5062,-1.148,215.761,-0.3916,2.43354,-0.02369
-8.562,-1.1231,215.498,-0.39446,2.44124,-0.02088
-8.5423,-1.1241,215.678,-0.38885,2.43676,-0.02286
-8.491,-1.2524,215.719,-0.396,2.43223,-0.02276
-8.4977,-1.288,215.794,-0.39644,2.43358,-0.02183
-8.4795,-1.1456,215.796,-0.38638,2.43398,-0.02289
-8.438,-1.1422,215.741,-0.38582,2.4357,-0.02376
-8.4014,-1.2,215.84,-0.39126,2.42937,-0.02438
-8.4001,-1.1795,215.711,-0.39314,2.43796,-0.02468
-8.3649,-1.2059,215.874,-0.39033,2.43465,-0.02538
-8.4141,-1.0078,215.746,-0.3797,2.44063,-0.02531
-8.3026,-1.2184,215.901,-0.38873,2.43467,-0.02641
-8.3581,-1.1743,215.789,-0.39112,2.44099,-0.0265
-8.3555,-1.0993,215.798,-0.3835,2.43636,-0.02604
-8.3529,-1.1469,215.732,-0.38506,2.43848,-0.0259
-8.4491,-1.1275,215.773,-0.3867,2.43741,-0.02553
-8.5108,-1.1086,215.6,-0.38985,2.44169,-0.02421
-8.4845,-1.2721,215.792,-0.39334,2.43244,-0.0268
-8.5464,-1.1625,215.786,-0.38965,2.44108,-0.02666
-8.5928,-0.931,215.548,-0.37749,2.4464,-0.02761
-8.4171,-1.2053,215.789,-0.38418,2.44028,-0.02963
-8.4758,-1.0104,215.687,-0.38066,2.44712,-0.0279
-8.4402,-1.0833,215.63,-0.38596,2.44626,-0.027
-8.4419,-1.0427,215.625,-0.38526,2.44865,-0.02655
-8.3641,-0.9798,215.769,-0.3748,2.44432,-0.02936
-8.4046,-1.0983,215.72,-0.3884,2.44138,-0.02628
-8.3911,-1.2156,215.82,-0.38973,2.438,-0.02763
-8.4166,-1.2411,215.904,-0.38989,2.43808,-0.02868
-8.4318,-1.1908,215.856,-0.38907,2.43831,-0.02857
-8.3993,-1.091,215.841,-0.38113,2.43745,-0.0282
-8.4215,-1.0291,215.756,-0.37961,2.4463,-0.02843
-8.3503,-1.2078,215.924,-0.38429,2.44565,-0.02758
-8.2918,-1.2042,215.992,-0.38605,2.44386,-0.02866
-8.3142,-1.1108,215.9,-0.37884,2.444,-0.02811
-8.4043,-1.0835,215.82,-0.38234,2.4502,-0.02672
-8.3724,-1.1079,215.842,-0.37947,2.44371,-0.02792
-8.3833,-1.2226,215.789,-0.38799,2.44913,-0.02657
-8.4437,-1.0347,215.697,-0.38306,2.4514,-0.02598
-8.4723,-1.0571,215.656,-0.38569,2.45787,-0.02572
-8.3645,-1.2656,215.743,-0.3881,2.45055,-0.02572
-8.3654,-1.2395,215.813,-0.38925,2.44797,-0.02603
-8.4126,-1.0846,215.74,-0.38464,2.45309,-0.02583
-8.3448,-1.1346,215.782,-0.38192,2.45064,-0.02592
-8.3754,-1.1625,215.758,-0.38525,2.45112,-0.0247
-8.3663,-1.12,215.775,-0.38329,2.4486,-0.02489
-8.4486,-1.1415,215.695,-0.38735,2.45413,-0.02433
-8.4324,-1.075,215.624,-0.38247,2.4537,-0.02506
-8.3927,-1.0938,215.615,-0.3834,2.44988,-0.02562
-8.3798,-1.2597,215.772,-0.38535,2.44282,-0.02614
-8.4921,-1.0616,215.638,-0.37965,2.45155,-0.02609
-8.4789,-1.2024,215.709,-0.39067,2.4467,-0.02539
-8.4629,-1.186,215.755,-0.38594,2.43728,-0.02656
-8.5377,-1.1549,215.501,-0.39001,2.44561,-0.02349
-8.5391,-1.0933,215.632,-0.38815,2.44612,-0.02387
-8.4758,-1.188,215.743,-0.38701,2.43485,-0.02502
-8.4464,-1.1844,215.65,-0.38654,2.43868,-0.02476
-8.4626,-1.2584,215.77,-0.39133,2.43831,-0.02336
-8.4324,-1.1759,215.728,-0.38759,2.43626,-0.02482
-8.4123,-1.2579,215.799,-0.39002,2.4332,-0.02523
-8.5073,-1.0994,215.703,-0.38867,2.43852,-0.02428
-8.6028,-1.0199,215.477,-0.39149,2.44912,-0.02273
-8.517,-1.0765,215.776,-0.38677,2.43862,-0.02473
-8.4948,-1.1114,215.805,-0.38602,2.43748,-0.02495
-8.5156,-1.1471,215.673,-0.38963,2.43922,-0.02399
-8.4887,-1.2263,215.744,-0.39551,2.43361,-0.0235
-8.4961,-1.1851,215.712,-0.39059,2.43795,-0.02282
-8.4541,-1.1491,215.699,-0.38867,2.43961,-0.02369
-8.4314,-1.2009,215.789,-0.39388,2.43709,-0.02191
-8.4268,-1.1762,215.896,-0.39111,2.43422,-0.02329
-8.4282,-1.2257,215.879,-0.39373,2.43613,-0.0235
-8.4272,-1.3157,215.844,-0.39747,2.43655,-0.02296
-8.4743,-1.1868,215.787,-0.39272,2.43736,-0.02337
-8.4447,-1.2764,215.829,-0.39378,2.4386,-0.02418
-8.4447,-1.2764,215.829,-0.39378,2.4386,-0.02418
-8.4878,-1.2047,215.664,-0.39139,2.44341,-0.02364
-8.4061,-1.2136,215.842,-0.38413,2.42886,-0.02677
-8.4948,-1.0298,215.717,-0.3789,2.43547,-0.02574
-8.5003,-1.1761,215.739,-0.38767,2.43878,-0.02408
-8.4834,-1.152,215.68,-0.38238,2.44042,-0.02599
-8.5012,-1.0421,215.835,-0.37826,2.43278,-0.02778
-8.5168,-1.081,215.679,-0.38293,2.44033,-0.02674
-8.461,-1.2841,215.706,-0.39401,2.43587,-0.02456
-8.4957,-1.1965,215.706,-0.39373,2.44085,-0.02425
-8.4169,-1.2153,215.906,-0.38298,2.43637,-0.02793
-8.4605,-1.1921,215.767,-0.3845,2.4317,-0.02753
-8.558,-1.1186,215.679,-0.39119,2.44001,-0.02551
-8.6002,-1.0514,215.577,-0.38544,2.44368,-0.02578
-8.5946,-0.9924,215.546,-0.3816,2.44678,-0.02438
-8.5355,-1.0541,215.679,-0.38366,2.44317,-0.02522
-8.5177,-1.0538,215.747,-0.38316,2.43919,-0.02585
-8.48,-1.1542,215.668,-0.3892,2.43899,-0.02539
-8.4553,-1.0677,215.695,-0.37676,2.4371,-0.02757
-8.4865,-1.0582,215.706,-0.38181,2.44204,-0.02635
-8.4821,-1.0184,215.627,-0.37703,2.44293,-0.02528
-8.5206,-1.013,215.53,-0.37642,2.44224,-0.02503
-8.4759,-1.1756,215.642,-0.39371,2.43441,-0.02378
-8.5389,-1.1478,215.581,-0.38657,2.44358,-0.02465
-8.5556,-1.1328,215.592,-0.39057,2.43768,-0.02488
-8.4742,-1.321,215.8,-0.39484,2.43247,-0.02572
-8.569,-1.1634,215.547,-0.39691,2.44022,-0.02434
-8.5062,-1.1467,215.531,-0.38701,2.43568,-0.02403
-8.5389,-1.1368,215.591,-0.38777,2.43936,-0.02463
-8.4744,-1.1233,215.78,-0.38368,2.43398,-0.02621
-8.4586,-1.328,215.689,-0.39461,2.4329,-0.0247
-8.5188,-1.1293,215.478,-0.3929,2.43903,-0.02256
-8.4213,-1.2747,215.775,-0.39255,2.43365,-0.02504
-8.4858,-1.1249,215.7,-0.38733,2.43654,-0.02406
-8.5249,-1.1914,215.861,-0.39237,2.43617,-0.02421
-8.4923,-1.1637,215.772,-0.39183,2.43967,-0.02319
-8.4725,-1.1235,215.787,-0.38724,2.43539,-0.02417
-8.4701,-1.0832,215.785,-0.38456,2.43957,-0.02457
-8.4072,-1.2038,215.869,-0.39082,2.43283,-0.02499
-8.4369,-1.24,215.759,-0.39419,2.43531,-0.02329
-8.4438,-1.1453,215.981,-0.38114,2.42976,-0.02673
-8.4267,-1.2052,215.77,-0.38517,2.42954,-0.02599
-8.4558,-1.2528,215.742,-0.3895,2.42893,-0.02418
-8.4653,-1.1731,215.743,-0.39168,2.43214,-0.02422
-8.5632,-1.1087,215.754,-0.39082,2.443,-0.02281
-8.5239,-1.0663,215.661,-0.38862,2.4424,-0.02283
-8.4487,-1.2001,215.776,-0.39185,2.43478,-0.02506
-8.406,-1.3709,215.877,-0.39747,2.43137,-0.02546
-8.4257,-1.2332,215.727,-0.39188,2.43796,-0.02452
-8.4342,-1.211,215.731,-0.39131,2.43745,-0.02587
-8.4798,-1.1089,215.705,-0.38281,2.43592,-0.02628
-8.4558,-1.1627,215.79,-0.38287,2.43366,-0.02685
-8.4692,-1.1113,215.785,-0.38346,2.44125,-0.02673
-8.4876,-1.0482,215.579,-0.38308,2.44392,-0.0261
-8.4192,-1.2073,215.963,-0.38399,2.43117,-0.02896
-8.5375,-1.0766,215.62,-0.39007,2.44615,-0.02432
-8.4933,-1.0971,215.583,-0.38669,2.44797,-0.02483
-8.4117,-1.2008,215.789,-0.3886,2.43878,-0.02729
-8.483,-1.1556,215.641,-0.38451,2.43922,-0.02652
-8.4628,-1.1396,215.683,-0.38077,2.44484,-0.02792
-8.401,-1.2726,215.717,-0.3881,2.4387,-0.02733
-8.4611,-1.1804,215.705,-0.38535,2.4433,-0.02732
-8.4652,-1.164,215.781,-0.3858,2.44474,-0.02672
-8.4232,-1.2992,215.723,-0.39637,2.44417,-0.026
-8.3931,-1.2233,215.702,-0.38667,2.44114,-0.02726
-8.3866,-1.1413,215.806,-0.37758,2.43927,-0.0296
-8.4163,-1.0913,215.74,-0.37586,2.43877,-0.02767
-8.3947,-1.094,215.776,-0.3769,2.43923,-0.02848
-8.3885,-1.184,215.827,-0.3814,2.44216,-0.02901
-8.3963,-1.1704,215.765,-0.38174,2.44013,-0.02865
-8.3961,-1.1363,215.959,-0.38182,2.43928,-0.02902
-8.4718,-1.0776,215.804,-0.38202,2.44324,-0.02775
-8.4141,-1.1085,215.889,-0.38111,2.43954,-0.02845
-8.4599,-1.1831,215.754,-0.38833,2.43583,-0.02621
-8.4073,-1.2392,215.808,-0.38916,2.43506,-0.02585
-8.4073,-1.361,215.99,-0.39294,2.43355,-0.0273
-8.4433,-1.0406,215.682,-0.37905,2.43967,-0.02719
-8.412,-1.0991,215.8,-0.38118,2.43608,-0.02827
-8.4919,-1.1121,215.569,-0.39057,2.44482,-0.02466
-8.4522,-1.2993,215.847,-0.39857,2.43422,-0.02495
-8.3755,-1.1613,215.745,-0.38413,2.43406,-0.02585
-8.4353,-1.0569,215.733,-0.38422,2.43961,-0.02548
-8.3592,-1.1673,215.886,-0.38641,2.4331,-0.02675
-8.4545,-1.1599,215.764,-0.3876,2.43887,-0.02601
-8.4962,-1.0856,215.694,-0.38534,2.43666,-0.02473
-8.4621,-1.0457,215.749,-0.37855,2.43833,-0.02783
-8.479,-1.226,215.8,-0.39255,2.43506,-0.02431
-8.4676,-1.114,215.672,-0.38958,2.43995,-0.02414
-8.5739,-0.9676,215.511,-0.3892,2.4436,-0.02367
-8.5031,-1.0347,215.672,-0.38368,2.43902,-0.02561
-8.4324,-1.2456,215.689,-0.39482,2.4343,-0.02546
-8.4514,-1.1957,215.697,-0.38963,2.4372,-0.02449
-8.4641,-1.027,215.633,-0.37978,2.43979,-0.02604
-8.4994,-1.0605,215.648,-0.38034,2.4378,-0.02581
-8.4745,-1.1679,215.641,-0.39279,2.43439,-0.02458
-8.414,-1.1681,215.767,-0.38777,2.43279,-0.02633
-8.5761,-1.0161,215.609,-0.38135,2.44152,-0.02572
-8.4686,-1.1898,215.747,-0.38868,2.43266,-0.02683
-8.5002,-1.1341,215.648,-0.38795,2.43376,-0.02685
-8.5426,-1.0565,215.649,-0.38373,2.43855,-0.02764
-8.4944,-1.1721,215.681,-0.38704,2.43599,-0.02805
-8.5254,-1.1969,215.667,-0.38873,2.44206,-0.02901
-8.4521,-1.298,215.768,-0.3916,2.43894,-0.02887
-8.4552,-1.1473,215.776,-0.38047,2.44462,-0.02973
-8.4172,-1.0965,215.696,-0.38036,2.44312,-0.02854
-8.4184,-1.051,215.66,-0.38267,2.44769,-0.02679
-8.3791,-1.154,215.746,-0.38651,2.44326,-0.0273
-8.4427,-0.9912,215.628,-0.38293,2.448,-0.027
-8.3765,-0.9523,215.719,-0.37585,2.44653,-0.02918
-8.4004,-0.8967,215.721,-0.37349,2.44599,-0.02959
-8.3634,-1.0579,215.642,-0.38513,2.44456,-0.02889
-8.315,-1.1098,215.813,-0.37972,2.43752,-0.03089
-8.4427,-0.9467,215.696,-0.3809,2.44237,-0.02966
-8.445,-1.0147,215.563,-0.39135,2.44108,-0.02773
-8.4329,-1.1628,215.66,-0.38823,2.43588,-0.02804
-8.4865,-0.9978,215.657,-0.3841,2.43242,-0.02772
-8.5054,-0.9686,215.622,-0.38503,2.43754,-0.02736
-8.4819,-1.1167,215.7,-0.38849,2.43199,-0.02812
-8.4778,-0.9731,215.748,-0.38326,2.43175,-0.02785
-8.4939,-0.8953,215.59,-0.3774,2.43186,-0.02874
-8.4857,-0.8859,215.592,-0.37745,2.4331,-0.029
-8.432,-1.1832,215.723,-0.38994,2.42558,-0.02827
-8.4342,-1.1926,215.76,-0.38977,2.42573,-0.02848
-8.495,-1.0129,215.699,-0.38504,2.43228,-0.02869
-8.4406,-1.0901,215.772,-0.38761,2.42454,-0.02868
-8.4569,-1.1201,215.784,-0.39116,2.42816,-0.02723
-8.4766,-1.0863,215.602,-0.39111,2.43651,-0.0268
-8.4312,-1.1251,215.67,-0.39449,2.43434,-0.02644
-8.4312,-1.1564,215.711,-0.39157,2.43463,-0.02643
-8.4147,-1.0043,215.848,-0.37922,2.43324,-0.02996
-8.4184,-1.0943,215.858,-0.38965,2.43345,-0.0299
-8.4744,-0.9669,215.684,-0.3831,2.439,-0.02898
-8.4597,-1.0693,215.686,-0.38497,2.43771,-0.02817
-8.4757,-1.1045,215.716,-0.38958,2.44147,-0.0278
-8.453,-1.0111,215.695,-0.38208,2.44065,-0.02897
-8.4183,-1.1296,215.73,-0.3897,2.43726,-0.0287
-8.4584,-0.9817,215.791,-0.37753,2.43921,-0.03
-8.5072,-0.9593,215.63,-0.37964,2.44736,-0.0285
-8.4116,-1.0845,215.662,-0.38238,2.44685,-0.02835
-8.3934,-1.1552,215.744,-0.38732,2.44385,-0.02862
-8.3024,-1.3194,215.974,-0.39103,2.4355,-0.03069
-8.4408,-1.0262,215.646,-0.3814,2.44822,-0.02829
-8.4074,-1.0968,215.776,-0.38497,2.44534,-0.02885
-8.3377,-1.1993,215.958,-0.38368,2.4327,-0.02989
-8.4722,-1.0398,215.745,-0.38513,2.44014,-0.02838
-8.5553,-1.0552,215.657,-0.38296,2.44472,-0.02775
-8.5199,-1.0371,215.633,-0.38252,2.43841,-0.02854
-8.5994,-1.0813,215.63,-0.39145,2.4384,-0.02677
-8.5609,-0.9486,215.516,-0.38266,2.44173,-0.02776
-8.5532,-0.9372,215.717,-0.38139,2.4388,-0.02976
-8.5017,-1.0663,215.697,-0.38466,2.43867,-0.02948
-8.3572,-1.1583,215.883,-0.38537,2.434,-0.03137
-8.4163,-1.1336,215.78,-0.38728,2.43613,-0.02909
-8.4711,-0.9848,215.677,-0.38382,2.44169,-0.02811
-8.4532,-1.0072,215.77,-0.38424,2.44303,-0.02839
-8.3902,-1.1275,215.736,-0.38699,2.44162,-0.02839
-8.4149,-1.0601,215.68,-0.38615,2.44553,-0.0279
-8.4073,-1.1278,215.689,-0.38983,2.44624,-0.02754
-8.4591,-0.949,215.629,-0.38142,2.44878,-0.02728
-8.4285,-1.0849,215.622,-0.38986,2.44615,-0.02534
-8.4896,-0.9261,215.629,-0.38379,2.44857,-0.02609
-8.4702,-1.0659,215.662,-0.38803,2.44905,-0.02561
-8.4278,-1.0253,215.619,-0.3847,2.44986,-0.0256
-8.4098,-1.0956,215.762,-0.38553,2.44056,-0.02664
-8.3896,-1.1839,215.742,-0.38899,2.43412,-0.02775
-8.4383,-1.1014,215.687,-0.38519,2.43594,-0.02717
-8.4461,-1.1881,215.737,-0.38932,2.4332,-0.02725
-8.4683,-1.1283,215.741,-0.39308,2.43483,-0.02672
-8.4473,-1.188,215.674,-0.39326,2.43578,-0.02727
-8.5354,-1.0074,215.552,-0.38172,2.43528,-0.02806
-8.47,-1.0881,215.662,-0.38234,2.42882,-0.02832
-8.4316,-1.3528,215.905,-0.3951,2.42285,-0.02821
-8.547,-1.0804,215.604,-0.38861,2.43409,-0.02706
-8.5918,-0.9387,215.676,-0.38179,2.43845,-0.02878
-8.5589,-1.0586,215.63,-0.386,2.44117,-0.02638
-8.5487,-0.9622,215.624,-0.38362,2.43976,-0.02679
-8.527,-1.112,215.686,-0.38947,2.44773,-0.02564
-8.5282,-0.8966,215.605,-0.37766,2.44837,-0.02683
-8.4048,-1.0554,215.862,-0.37874,2.44511,-0.02836
-8.4109,-1.1239,215.728,-0.38717,2.44784,-0.02596
-8.434,-0.9408,215.654,-0.38058,2.45635,-0.0267
-8.4769,-1.0869,215.652,-0.39032,2.45669,-0.02464
-8.4553,-1.1462,215.855,-0.38608,2.45225,-0.02642
