0.0172527,-0.0727473,-0.000209168,0,0,0.0172463,-0.00742559
0.0172527,-0.0727473,-0.000263719,-1.88251e-06,0,0.0172316,-0.00619367
0.0172527,-0.0727473,-0.000284618,-6.61138e-06,0,0.0172146,-0.00664551
0.0172527,-0.0727473,-0.000273499,-1.20948e-05,0,0.0171969,-0.00646695
0.0172527,-0.0727473,-0.000262668,-1.76759e-05,0,0.0171788,-0.00685026
0.0172527,-0.0727473,-0.000248479,-2.3043e-05,0,0.0171602,-0.00704586
0.0172527,-0.0727473,-0.000226075,-2.81545e-05,0,0.0171411,-0.0069828
0.0172527,-0.0727473,-0.00019011,-3.29e-05,0,0.0171214,-0.00654338
0.0172527,-0.0727473,-0.000144205,-3.70619e-05,0,0.0171009,-0.00593242
0.0172527,-0.0727473,-8.35989e-05,-4.04051e-05,0,0.0170797,-0.00487589
0.0172527,-0.0727473,-1.86563e-05,-4.26831e-05,0,0.0170575,-0.00369971
0.0172527,-0.0727473,3.69918e-05,-4.37381e-05,0,0.0170342,-0.00227412
0.0172527,-0.0727473,8.98049e-05,-4.35548e-05,0,0.0170097,-0.000513255
0.0172527,-0.0689024,0.000131845,-4.22868e-05,0,0.0169839,0.0014648
0.0172527,-0.0593177,0.000151599,-4.00703e-05,0,0.0169566,0.00348334
0.0172527,-0.0475294,0.000158299,-3.71371e-05,0,0.0169276,0.00583352
0.0172527,-0.0348506,0.000158845,-3.40046e-05,0,0.0168969,0.00831983
0.0172527,-0.0222137,0.000156396,-3.08304e-05,0,0.0168642,0.0107696
0.0172527,-0.00703928,0.00015526,-2.76903e-05,0,0.0168293,0.0137885
0.0172527,0.00626522,0.000152493,-2.45794e-05,0,0.0167921,0.0163134
0.0172527,0.019773,0.000148057,-2.15157e-05,0,0.0167523,0.0189341
0.0172527,0.0325616,0.00014068,-1.85324e-05,0,0.0167098,0.0213846
0.0172527,0.0442452,0.000130652,-1.56819e-05,0,0.0166643,0.0236041
0.0172527,0.0534508,0.000118611,-1.30187e-05,0,0.0166155,0.0252946
0.0172527,0.0606402,0.000106577,-1.05863e-05,0,0.0165632,0.0265985
0.0172527,0.0723934,0.000100603,-8.39459e-06,0,0.016507,0.0289807
0.0172527,0.0789102,9.16391e-05,-6.35265e-06,0,0.0164468,0.0300536
0.0172527,0.0852347,8.44e-05,-4.47505e-06,0,0.016382,0.0312263
0.0172527,0.0881245,7.56575e-05,-2.75086e-06,0,0.0163124,0.0316279
0.0172527,0.0881991,6.58945e-05,-1.19399e-06,0,0.0162377,0.0314885
0.0172527,0.0879275,5.71663e-05,1.72711e-07,0,0.0161572,0.0313451
0.0172527,0.0863334,4.84696e-05,1.35968e-06,0,0.0160708,0.0309081
0.0172527,0.0828838,3.92795e-05,2.37255e-06,0,0.0159777,0.0300849
0.0172527,0.0794596,3.11908e-05,3.20409e-06,0,0.0158776,0.0293127
0.0172527,0.0733745,2.18408e-05,3.86835e-06,0,0.0157698,0.0279343
0.0172527,0.0662102,1.26169e-05,4.35192e-06,0,0.0156539,0.0263801
0.0172527,0.0577037,3.29842e-06,4.65038e-06,0,0.015529,0.0245459
0.0172527,0.048167,-5.85911e-06,4.76294e-06,0,0.0153946,0.0225085
0.0172527,0.0382162,-1.42814e-05,4.69154e-06,0,0.0152498,0.0203966
0.0172527,0.0298164,-2.0228e-05,4.44803e-06,0,0.015094,0.0186336
0.0172527,0.0196564,-2.6519e-05,4.0732e-06,0,0.0149261,0.0164189
0.0172527,0.0100937,-3.11156e-05,3.57427e-06,0,0.0147454,0.0143744
0.0172527,0.00060185,-3.46415e-05,2.97494e-06,0,0.0145507,0.012314
0.0172527,-0.00732161,-3.61523e-05,2.29974e-06,0,0.014341,0.0105881
0.0172527,-0.0132441,-3.57613e-05,1.58425e-06,0,0.0141151,0.00925051
0.0172527,-0.0178565,-3.44047e-05,8.6707e-07,0,0.0138718,0.00813371
0.0172527,-0.0211142,-3.21939e-05,1.72193e-07,0,0.0136098,0.00726785
0.0172527,-0.02153,-2.79679e-05,-4.82739e-07,0,0.0133278,0.00698806
0.0172527,-0.0214294,-2.38404e-05,-1.06323e-06,0,0.0130249,0.00673367
0.0172527,-0.0198356,-1.89875e-05,-1.56067e-06,0,0.0127021,0.00679453
0.0169163,-0.0180895,-1.45836e-05,-1.96469e-06,0,0.0123675,0.00684582
0.0165712,-0.0151286,-9.71695e-06,-2.27838e-06,0,0.0120304,0.00716592
0.0162262,-0.0114519,-4.84068e-06,-2.49705e-06,0,0.0116932,0.00761334
0.0158811,-0.00742853,-2.88716e-07,-2.61825e-06,0,0.0113568,0.00811935
0.0155361,-0.00358161,3.508e-06,-2.64678e-06,0,0.0110214,0.0085769
0.015191,0.000874984,7.2545e-06,-2.5956e-06,0,0.010687,0.00917744
0.0148459,0.00367636,9.07471e-06,-2.46925e-06,0,0.0103537,0.00938999
0.0145009,0.00619119,1.03141e-05,-2.29685e-06,0,0.0100216,0.00958597
0.0141558,0.00948446,1.19536e-05,-2.09677e-06,0,0.00969079,0.00996616
0.0138108,0.0122535,1.28835e-05,-1.86589e-06,0,0.00936131,0.0102079
0.0134657,0.0149446,1.35719e-05,-1.61287e-06,0,0.00903324,0.0104484
0.0131207,0.0173173,1.38671e-05,-1.34488e-06,0,0.0087067,0.010621
0.0127756,0.0185432,1.31548e-05,-1.06901e-06,0,0.00838177,0.0105465
0.0124306,0.0171167,1.03473e-05,-8.02354e-07,0,0.00805858,0.00991008
0.0120855,0.012926,5.65469e-06,-5.81371e-07,0,0.00773724,0.0087292
0.0117405,0.00908711,1.91601e-06,-4.44814e-07,0,0.00741789,0.00770723
0.0113954,0.00531866,-1.22651e-06,-3.878e-07,0,0.00710066,0.00669328
0.0110504,0.00155017,-3.91415e-06,-3.96618e-07,0,0.00678571,0.00567961
0.0107053,-0.00191487,-5.96529e-06,-4.61463e-07,0,0.0064732,0.00473656
0.0103602,-0.00466747,-7.1362e-06,-5.70513e-07,0,0.00616332,0.00394764
0.0100152,-0.00784826,-8.49154e-06,-7.07383e-07,0,0.00585627,0.00304526
0.00967014,-0.0116349,-1.01699e-05,-8.70437e-07,0,0.00555224,0.00202184
0.00932508,-0.0155533,-1.17538e-05,-1.06544e-06,0,0.00525148,0.000989149
0.00898003,-0.0191142,-1.28592e-05,-1.2926e-06,0,0.00495421,4.39956e-05
0.00863497,-0.0215811,-1.29336e-05,-1.54426e-06,0,0.00466072,-0.000661659
0.00828992,-0.0224853,-1.16948e-05,-1.80256e-06,0,0.00437128,-0.00104297
0.00794487,-0.0225445,-9.87544e-06,-2.04265e-06,0,0.00408621,-0.00127411
0.00759981,-0.0221022,-7.83971e-06,-2.24925e-06,0,0.00380583,-0.00141167
0.00725476,-0.0211299,-5.60177e-06,-2.41622e-06,0,0.00353051,-0.00143924
0.00690971,-0.0199955,-3.4969e-06,-2.53945e-06,0,0.00326063,-0.00143987
0.00656465,-0.0202525,-2.81387e-06,-2.61991e-06,0,0.00299661,-0.0017518
0.0062196,-0.0206169,-2.36079e-06,-2.6796e-06,0,0.0027389,-0.00204238
0.00587454,-0.0218524,-2.71523e-06,-2.72909e-06,0,0.00248799,-0.00251884
0.00552949,-0.0232068,-3.16828e-06,-2.78162e-06,0,0.00224439,-0.00299015
0.00518444,-0.0241409,-3.23785e-06,-2.84272e-06,0,0.00200868,-0.00335585
0.00483938,-0.0232925,-1.81388e-06,-2.90713e-06,0,0.00178146,-0.00332442
0.00449433,-0.022868,-8.61696e-07,-2.95052e-06,0,0.00156338,-0.00342932
0.00414927,-0.0222144,1.53802e-07,-2.97252e-06,0,0.00135515,-0.00346096
0.00380422,-0.0220833,6.02745e-07,-2.97452e-06,0,0.00115753,-0.0036057
0.00345917,-0.0218069,1.08131e-06,-2.96471e-06,0,0.000971337,-0.00369145
0.00311411,-0.022473,6.96435e-07,-2.94548e-06,0,0.00079746,-0.00398027
0.00276906,-0.0233899,9.71463e-08,-2.92962e-06,0,0.000636847,-0.00428495
0.002424,-0.0247181,-8.09156e-07,-2.92469e-06,0,0.000490524,-0.00465971
0.00207895,-0.027009,-2.44566e-06,-2.93634e-06,0,0.000359595,-0.00522278
0.0017339,-0.0287018,-3.44834e-06,-2.97707e-06,0,0.000245247,-0.00560695
0.00138884,-0.0301876,-4.17233e-06,-3.04102e-06,0,0.000148753,-0.00594379
0.00104379,-0.0312451,-4.4706e-06,-3.12085e-06,0,7.14459e-05,-0.00617332
0.000698734,-0.0318942,-4.40326e-06,-3.20877e-06,0,1.46371e-05,-0.00630834
0.00035368,-0.0320876,-3.97287e-06,-3.29717e-06,0,-2.07565e-05,-0.00634145
8.62635e-06,-0.0330789,-4.25936e-06,-3.37878e-06,0,-3.56321e-05,-0.00656042
0,-0.0348175,-5.17954e-06,-3.46253e-06,0,-3.81581e-05,-0.00692245
0,-0.0368823,-6.31327e-06,-3.56152e-06,0,-3.74474e-05,-0.00733627
0,-0.0384926,-6.96664e-06,-3.68212e-06,0,-3.60521e-05,-0.00763875
0,-0.0395691,-7.08649e-06,-3.81819e-06,0,-3.46329e-05,-0.00783426
0,-0.0404887,-7.03263e-06,-3.95932e-06,0,-3.33568e-05,-0.0080097
0,-0.0407637,-6.4306e-06,-4.10024e-06,0,-3.22617e-05,-0.0080449
0,-0.040209,-5.16807e-06,-4.23186e-06,0,-3.13529e-05,-0.00791201
0,-0.0426697,-6.52382e-06,-4.34154e-06,0,-3.06276e-05,-0.00848015
0,-0.0377909,-1.72963e-06,-4.46523e-06,0,-3.00817e-05,-0.00731442
0,-0.0305024,4.85442e-06,-4.5238e-06,0,-2.97118e-05,-0.00581426
0,-0.0223457,1.15444e-05,-4.45963e-06,0,-2.9515e-05,-0.00418709
0,-0.0130156,1.83714e-05,-4.26219e-06,0,-2.94898e-05,-0.00232088
0,-0.00591147,2.23333e-05,-3.9289e-06,0,-2.96353e-05,-0.000988046
0,-0.00222028,2.2656e-05,-3.50204e-06,0,-2.99519e-05,-0.000359447
0,0.000413215,2.18111e-05,-3.05053e-06,0,-3.04407e-05,0.000127531
0,0.00144401,1.9617e-05,-2.61009e-06,0,-3.11041e-05,0.000284057
0,0.000683835,1.61793e-05,-2.20678e-06,0,-3.19452e-05,8.31892e-05
0,-0.00193507,1.1662e-05,-1.866e-06,0,-3.29684e-05,-0.000484999
0,-0.0066475,6.04329e-06,-1.61018e-06,0,-3.41789e-05,-0.00147136
0,-0.0128425,-2.45259e-08,-1.46122e-06,0,-3.55829e-05,-0.002732
0,-0.0192064,-5.42118e-06,-1.43137e-06,0,-3.71876e-05,-0.00398903
0,-0.0243306,-9.0941e-06,-1.51281e-06,0,-3.90016e-05,-0.00496294
0,-0.0281788,-1.12297e-05,-1.67633e-06,0,-4.10349e-05,-0.00568529
0,-0.0318122,-1.28981e-05,-1.89024e-06,0,-4.32985e-05,-0.00639559
0,-0.0342623,-1.33785e-05,-2.13986e-06,0,-4.58049e-05,-0.00684628
0,-0.0368285,-1.38721e-05,-2.40503e-06,0,-4.85679e-05,-0.00735668
0,-0.0382228,-1.33397e-05,-2.68e-06,0,-5.16028e-05,-0.00760076
0,-0.0406301,-1.36851e-05,-2.94946e-06,0,-5.49263e-05,-0.00810576
0,-0.0432048,-1.41778e-05,-3.22143e-06,0,-5.85568e-05,-0.00862015
0,-0.0459689,-1.48046e-05,-3.50253e-06,0,-6.25144e-05,-0.00917272
0,-0.0491725,-1.57575e-05,-3.79549e-06,0,-6.6821e-05,-0.00981909
0,-0.0543854,-1.83252e-05,-4.10587e-06,0,-7.15004e-05,-0.0109049
0,-0.0588703,-2.00917e-05,-4.45954e-06,0,-7.65784e-05,-0.0117709
0,-0.0637103,-2.19424e-05,-4.85254e-06,0,-8.2082e-05,-0.0127377
0,-0.0672584,-2.24967e-05,-5.28213e-06,0,-8.80381e-05,-0.0134044
0,-0.0683791,-2.08829e-05,-5.7293e-06,0,-9.44651e-05,-0.0135624
0,-0.069877,-1.96592e-05,-6.15502e-06,0,-0.000101343,-0.0138736
-5.58476e-06,-0.0678785,-1.56154e-05,-6.55433e-06,0,-0.000108498,-0.0133884
-1.73422e-05,-0.0591226,-6.15557e-06,-6.88685e-06,0,-0.000115607,-0.0114832
-2.90996e-05,-0.0487789,3.89304e-06,-7.05726e-06,0,-0.000122444,-0.00941135
-4.08569e-05,-0.0446241,7.78984e-06,-7.02965e-06,0,-0.000128929,-0.0087744
-5.26143e-05,-0.041967,9.66894e-06,-6.89333e-06,0,-0.000135018,-0.00829916
-6.43717e-05,-0.0385321,1.17845e-05,-6.70935e-06,0,-0.000140675,-0.00760652
-7.61291e-05,-0.0322352,1.60037e-05,-6.48424e-06,0,-0.000145867,-0.00629226
-8.78865e-05,-0.0314312,1.52778e-05,-6.18526e-06,0,-0.000150556,-0.00629226
0,-0.0850445,-3.08417e-05,-5.86518e-06,0,-1.21012e-05,-0.0182095
0,-0.09,-3.54924e-05,-6.26321e-06,0,-1.14315e-05,-0.0178853
0,-0.09,-3.2374e-05,-6.92973e-06,0,-1.06528e-05,-0.0177034
0,-0.0857068,-2.50826e-05,-7.6084e-06,0,-9.88952e-06,-0.0167281
0,-0.0760012,-1.35901e-05,-8.18296e-06,0,-9.1712e-06,-0.0146678
0,-0.0645544,-1.62858e-06,-8.51223e-06,0,-8.50251e-06,-0.012369
0,-0.0502956,1.15149e-05,-8.60461e-06,0,-7.88191e-06,-0.00948738
0,-0.0439467,1.67469e-05,-8.44003e-06,0,-7.30646e-06,-0.00846227
0,-0.0338138,2.41153e-05,-8.13125e-06,0,-6.77298e-06,-0.00636409
0,-0.0258562,2.89833e-05,-7.68578e-06,0,-6.27846e-06,-0.00486133
0,-0.0192017,3.18915e-05,-7.13046e-06,0,-5.82005e-06,-0.00359009
0,-0.00910875,3.68935e-05,-6.50717e-06,0,-5.39512e-06,-0.0015096
0,0.00256073,4.2264e-05,-5.79431e-06,0,-5.00122e-06,0.000828191
0,0.014116,4.62953e-05,-4.97588e-06,0,-4.63609e-06,0.00309587
0,0.0230043,4.70656e-05,-4.07013e-06,0,-4.29763e-06,0.00476753
0,0.0292445,4.5381e-05,-3.13267e-06,0,-3.98388e-06,0.00591935
0,0.0324719,4.15067e-05,-2.21663e-06,0,-3.69305e-06,0.00646887
0,0.0332413,3.62533e-05,-1.36712e-06,0,-3.42345e-06,0.00655099
0,0.0310437,2.93331e-05,-6.1579e-07,0,-3.17354e-06,0.00603575
0,0.0245197,1.97641e-05,5.47382e-09,0,-2.94188e-06,0.00463204
0,0.0139584,8.09375e-06,4.48601e-07,0,-2.72714e-06,0.00244312
0,0.00156314,-3.51024e-06,6.68827e-07,0,-2.52808e-06,-4.40803e-05
0,-0.0116984,-1.41373e-05,6.56642e-07,0,-2.34355e-06,-0.00267425
0,-0.0224796,-2.11611e-05,4.27032e-07,0,-2.17249e-06,-0.00472274
0,-0.0320358,-2.62312e-05,3.89289e-08,0,-2.01393e-06,-0.00656589
0,-0.0408306,-3.01184e-05,-4.60345e-07,0,-1.86694e-06,-0.00827251
0,-0.0496576,-3.37102e-05,-1.04328e-06,0,-1.73068e-06,-0.0100078
0,-0.0579442,-3.65916e-05,-1.69952e-06,0,-1.60437e-06,-0.0116208
0,-0.0632416,-3.67204e-05,-2.41695e-06,0,-1.48728e-06,-0.0125774
0,-0.0698728,-3.79344e-05,-3.15071e-06,0,-1.37874e-06,-0.013918
0,-0.074361,-3.72906e-05,-3.90333e-06,0,-1.27813e-06,-0.0147395
0,-0.0775084,-3.55642e-05,-4.65236e-06,0,-1.18485e-06,-0.0153201
0,-0.0801838,-3.36127e-05,-5.37227e-06,0,-1.09839e-06,-0.0158324
0,-0.0787974,-2.84344e-05,-6.05429e-06,0,-1.01824e-06,-0.0154455
0,-0.0771818,-2.35054e-05,-6.64887e-06,0,-9.4394e-07,-0.0151215
0,-0.0724297,-1.64181e-05,-7.15537e-06,0,-8.75063e-07,-0.0140993
0,-0.0617818,-4.60804e-06,-7.65051e-06,0,-8.11214e-07,-0.0118407
0,-0.0490038,7.83943e-06,-7.83758e-06,0,-7.52024e-07,-0.00926979
0,-0.044108,1.25285e-05,-7.81359e-06,0,-6.97155e-07,-0.00852983
0,-0.0364138,1.86392e-05,-7.66163e-06,0,-6.46291e-07,-0.00693902
0,-0.0258884,2.62599e-05,-7.3194e-06,0,-5.99139e-07,-0.00479094
0,-0.0134706,3.44929e-05,-6.83231e-06,0,-5.55428e-07,-0.00229748
0,-0.00262263,4.00832e-05,-6.18361e-06,0,-5.14907e-07,-0.000210044
0.00581782,-0.0251532,4.74162e-06,-5.4099e-06,0,0.011839,0.00300875
0.00342945,-0.0157746,9.96766e-06,-4.95581e-06,0,0.010957,0.00542355
0.00342945,-0.0104345,1.3683e-05,-4.95581e-06,0,0.0100304,0.00562177
0.00173514,-0.00147592,1.959e-05,-4.51441e-06,0,0.00917053,0.00693156
0.000918604,0.00962979,2.67458e-05,-4.15214e-06,0,0.0084179,0.00864355
0.000102067,0.00978513,2.36459e-05,-3.65301e-06,0,0.00776362,0.00788815
0,0.00180759,1.43245e-05,-3.16459e-06,0,0.00718574,0.00565501
0,-0.00273099,9.29216e-06,-2.83149e-06,0,0.00665936,0.00445734
0,-0.00597394,5.94959e-06,-2.62049e-06,0,0.00617379,0.00348366
0,-0.00432028,7.05126e-06,-2.48478e-06,0,0.00572421,0.00360093
0,-0.00157748,8.85596e-06,-2.34927e-06,0,0.00530755,0.00385012
0,0.00136414,1.05262e-05,-2.18117e-06,0,0.00492126,0.00413663
0,0.00388485,1.15606e-05,-1.979e-06,0,0.00456311,0.0043446
0,0.00623661,1.22602e-05,-1.75296e-06,0,0.00423104,0.00454653
0,0.00793192,1.22761e-05,-1.51125e-06,0,0.00392314,0.00462433
0,0.00520721,8.60143e-06,-1.26581e-06,0,0.00363766,0.00374477
0,0.00329248,6.10076e-06,-1.07541e-06,0,0.00337297,0.00318774
0,-0.000362724,2.49462e-06,-9.40889e-07,0,0.00312754,0.00223165
0,-0.00574476,-2.04328e-06,-8.72966e-07,0,0.00289997,0.000950365
0,-0.00990063,-4.95434e-06,-8.91142e-07,0,0.00268898,5.97823e-06
0,-0.0161502,-9.20598e-06,-9.75673e-07,0,0.00249334,-0.00143155
0,-0.019935,-1.08942e-05,-1.13853e-06,0,0.00231194,-0.00224537
0,-0.0253524,-1.37232e-05,-1.34798e-06,0,0.00214374,-0.00348528
0,-0.0314397,-1.68182e-05,-1.6083e-06,0,0.00198778,-0.00482028
0,-0.03655,-1.88128e-05,-1.92919e-06,0,0.00184318,-0.00590816
0,-0.0420723,-2.0969e-05,-2.29547e-06,0,0.0017091,-0.00710805
0,-0.0472983,-2.27132e-05,-2.70407e-06,0,0.00158478,-0.00822224
0,-0.0513551,-2.3333e-05,-3.14961e-06,0,0.0014695,-0.00907514
0,-0.055936,-2.43169e-05,-3.61317e-06,0,0.00136261,-0.0100723
0,-0.0548504,-2.24934e-05,-4.09459e-06,0,0.00105251,-0.01079
0,-0.0537223,-1.91419e-05,-4.55358e-06,0,0.000477199,-0.0111422
0,-0.0522333,-1.51827e-05,-4.95317e-06,0,-0.000165801,-0.0114268
0,-0.0484751,-9.38195e-06,-5.28421e-06,0,-0.000827711,-0.0112127
0,-0.0444743,-3.79386e-06,-5.49616e-06,0,-0.0014969,-0.0109947
-0.000264173,-0.0407696,1.1682e-06,-5.63413e-06,0,-0.00217075,-0.0108421
-0.00108777,-0.0375566,5.08841e-06,-5.63046e-06,0,-0.00283564,-0.0107634
-0.00142964,-0.0356044,7.50254e-06,-5.59409e-06,0,-0.00347061,-0.0109136
-0.00184921,-0.0336584,9.5231e-06,-5.50488e-06,0,-0.0040683,-0.0109991
-0.0024708,-0.0287476,1.35384e-05,-5.32452e-06,0,-0.00462906,-0.0103883
-0.00309238,-0.0215598,1.89173e-05,-5.07382e-06,0,-0.00515385,-0.0093169
-0.00371396,-0.0118089,2.56478e-05,-4.72237e-06,0,-0.00564251,-0.0077001
-0.00433555,-0.0026708,3.07526e-05,-4.24307e-06,0,-0.0060944,-0.00625817
0.00436663,-0.0261726,9.74831e-08,-3.65354e-06,0,0.00281512,-0.00415761
0.00261065,-0.0342939,-6.91625e-06,-3.49476e-06,0,0.00245206,-0.00524243
0.00202015,-0.0400992,-1.10214e-05,-3.5911e-06,0,0.0021469,-0.00650662
0.00167828,-0.0426996,-1.2276e-05,-3.68976e-06,0,0.00188698,-0.00710009
0.00125871,-0.0472485,-1.49616e-05,-3.84921e-06,0,0.00166566,-0.00818867
0.000637124,-0.0512218,-1.67164e-05,-4.13501e-06,0,0.00148605,-0.00905773
1.55396e-05,-0.0527516,-1.61241e-05,-4.46057e-06,0,0.00135047,-0.0093763
0,-0.0609166,-2.1028e-05,-4.78601e-06,0,0.0012448,-0.0112442
0,-0.0584815,-1.67057e-05,-5.18205e-06,0,0.00115235,-0.0105369
0,-0.0568241,-1.31181e-05,-5.53778e-06,0,0.00106807,-0.0102976
0,-0.0522948,-7.47634e-06,-5.81808e-06,0,0.000990306,-0.00938643
0,-0.04733,-1.95738e-06,-5.99582e-06,0,0.000918294,-0.00845395
0,-0.0400866,4.88832e-06,-6.06256e-06,0,0.000851545,-0.00701776
0,-0.0286293,1.46052e-05,-5.99902e-06,0,0.000789655,-0.00469526
0,-0.0126342,2.71407e-05,-5.7555e-06,0,0.000732267,-0.00146848
0,0.0080888,4.18845e-05,-5.27537e-06,0,0.000679053,0.0026959
0,0.0235375,4.94748e-05,-4.51139e-06,0,0.000629707,0.00554499
0,0.0338147,5.10888e-05,-3.55985e-06,0,0.000583948,0.00738354
0,0.0406411,4.9579e-05,-2.54615e-06,0,0.000541517,0.00859504
0,0.0384845,4.09434e-05,-1.54702e-06,0,0.00050217,0.00788784
0,0.0318829,2.98131e-05,-6.8497e-07,0,0.000465683,0.00643729
0,0.0188269,1.47646e-05,-3.3057e-08,0,0.000431848,0.00366386
0,0.00683667,2.5905e-06,3.37478e-07,0,0.000400473,0.00131367
0,-0.00795749,-1.01514e-05,4.50158e-07,0,0.000371379,-0.0016948
0,-0.0190476,-1.79815e-05,3.1084e-07,0,0.000344399,-0.0037904
0,-0.0302659,-2.48313e-05,-9.64059e-09,0,0.00031938,-0.00601766
0,-0.0412722,-3.0729e-05,-4.72018e-07,0,0.000296179,-0.00819228
0,-0.0516689,-3.55946e-05,-1.05711e-06,0,0.000274665,-0.0102346
0,-0.0622358,-4.0213e-05,-1.74468e-06,0,0.000254714,-0.0123312
0,-0.0693198,-4.14898e-05,-2.52584e-06,0,0.000236213,-0.0136393
0,-0.0724919,-4.18906e-05,-3.34926e-06,0,-5.20284e-05,-0.0154693
0,-0.0742517,-3.89891e-05,-4.18506e-06,0,-0.000689012,-0.0164353
0,-0.0769705,-3.6371e-05,-4.97935e-06,0,-0.00142039,-0.0176779
0,-0.0750093,-2.96791e-05,-5.71986e-06,0,-0.0021823,-0.0178453
0,-0.0759172,-2.57721e-05,-6.3469e-06,0,-0.00295964,-0.0187807
-1.98907e-05,-0.0726889,-1.88079e-05,-6.88188e-06,0,-0.00374556,-0.0186853
-0.000815519,-0.0656436,-9.23316e-06,-7.29286e-06,0,-0.00451971,-0.017819
-0.00161115,-0.0524626,4.58007e-06,-7.5254e-06,0,-0.00526105,-0.0156473
-0.00254601,-0.0360676,1.97781e-05,-7.48683e-06,0,-0.00596431,-0.0128919
-0.0032024,-0.0273856,2.72985e-05,-7.23648e-06,0,-0.00662719,-0.0119205
-0.00433617,-0.0183268,3.27351e-05,-6.49608e-06,0,-0.00724791,-0.010606
-0.00433617,-0.00803561,4.05047e-05,-6.49608e-06,0,-0.0078261,-0.00899446
0.00481355,-0.0407981,-6.34604e-06,-3.93267e-06,0,0.00358281,-0.00681506
0.00338142,-0.0534675,-1.9383e-05,-3.90345e-06,0,0.00312544,-0.0086665
0.00292393,-0.0573219,-2.23491e-05,-4.05465e-06,0,0.00273156,-0.00944199
0.00236699,-0.061556,-2.44493e-05,-4.35123e-06,0,0.00238957,-0.0105054
0.00157136,-0.0614716,-2.19517e-05,-4.82971e-06,0,0.00210204,-0.0105327
0.000775737,-0.0567586,-1.53789e-05,-5.28124e-06,0,0.00187425,-0.00960782
0,-0.0548966,-1.16053e-05,-5.62168e-06,0,0.00170385,-0.00943162
0,-0.0529311,-8.20583e-06,-5.87265e-06,0,0.00157103,-0.00913897
0,-0.0456469,-7.27797e-07,-6.05377e-06,0,0.00145446,-0.00764592
0,-0.0415683,3.47424e-06,-6.10571e-06,0,0.00134811,-0.00701622
0,-0.0397182,5.19659e-06,-6.05724e-06,0,0.00124994,-0.00679089
0,-0.0332497,1.0374e-05,-5.96192e-06,0,0.00115903,-0.0054596
0,-0.0228399,1.84128e-05,-5.78291e-06,0,0.00107476,-0.00336782
0,-0.0106394,2.70698e-05,-5.45485e-06,0,0.000996631,-0.000980051
0,0.00287858,3.54746e-05,-4.95674e-06,0,0.000924185,0.00165763
0,0.0137445,4.00225e-05,-4.28927e-06,0,0.000857008,0.00366637
0,0.0214605,4.08636e-05,-3.51156e-06,0,0.000794716,0.00504588
0,0.0269635,3.96028e-05,-2.6985e-06,0,0.000736954,0.00602043
0,0.0293813,3.59891e-05,-1.90014e-06,0,0.000683392,0.00636738
0,0.0283441,3.00802e-05,-1.16229e-06,0,0.000633725,0.00602801
0,0.024991,2.30904e-05,-5.31138e-07,0,0.000587669,0.00526841
0,0.0185195,1.44597e-05,-3.43814e-08,0,0.000544961,0.00387602
0,0.00983198,5.15134e-06,2.97966e-07,0,0.000505359,0.00207601
0,0.000336536,-3.52605e-06,4.47535e-07,0,0.000468636,0.000159125
0,-0.0107562,-1.22511e-05,4.20401e-07,0,0.000434583,-0.00209182
0,-0.0207229,-1.87904e-05,2.19005e-07,0,0.000403005,-0.00404284
0,-0.0318603,-2.54379e-05,-1.24106e-07,0,0.000373723,-0.00628688
0,-0.0425323,-3.0995e-05,-5.99626e-07,0,0.000346569,-0.00839171
0,-0.0521939,-3.52338e-05,-1.19174e-06,0,0.000321389,-0.0102811
0,-0.0611294,-3.85197e-05,-1.87522e-06,0,0.00029804,-0.0120345
0,-0.0628937,-3.78123e-05,-2.62919e-06,0,3.07081e-05,-0.0133773
0,-0.0634928,-3.42722e-05,-3.38897e-06,0,-0.000552239,-0.0140647
0,-0.0639108,-3.0188e-05,-4.09211e-06,0,-0.00122032,-0.0147632
0,-0.0607468,-2.31421e-05,-4.7163e-06,0,-0.0019157,-0.0146648
0,-0.0552825,-1.46372e-05,-5.21437e-06,0,-0.0026247,-0.0141424
-1.80266e-05,-0.0499626,-7.02518e-06,-5.54963e-06,0,-0.00334115,-0.0136985
-0.000739091,-0.0421533,1.83785e-06,-5.7282e-06,0,-0.00404663,-0.0126638
-0.00146015,-0.0327219,1.11392e-05,-5.73576e-06,0,-0.00472209,-0.0113035
-0.00232543,-0.0213268,2.08574e-05,-5.51492e-06,0,-0.00536284,-0.00951636
-0.00290228,-0.0114327,2.83101e-05,-5.2298e-06,0,-0.00596676,-0.00808553
-0.00362335,-0.00374953,3.23789e-05,-4.70086e-06,0,-0.00653231,-0.00707451
-0.00434441,0.00110732,3.30004e-05,-4.07362e-06,0,-0.00705892,-0.00659939
-0.00506547,0.00496953,3.23388e-05,-3.41672e-06,0,-0.00754562,-0.00622952
0.00502942,-0.0257101,-5.8916e-06,-2.76664e-06,0,0.00282481,-0.00434314
0.00385769,-0.0396705,-1.66754e-05,-2.76697e-06,0,0.00242634,-0.00656038
0.00342505,-0.0438094,-1.85456e-05,-2.91315e-06,0,0.00207524,-0.00733834
0.00286623,-0.0478581,-1.99639e-05,-3.19126e-06,0,0.00176641,-0.00833025
0.00214517,-0.0511405,-2.03198e-05,-3.58344e-06,0,0.00150284,-0.00910316
0.0014241,-0.0514902,-1.80785e-05,-3.98806e-06,0,0.00128913,-0.00920234
0.000703037,-0.0488451,-1.34722e-05,-4.36084e-06,0,0.00112716,-0.00868309
0,-0.04839,-1.11108e-05,-4.65331e-06,0,0.00101424,-0.0087225
0,-0.0485896,-9.6676e-06,-4.88733e-06,0,0.000932417,-0.00883792
0,-0.041731,-2.54502e-06,-5.0879e-06,0,0.000862542,-0.00734372
0,-0.0368407,2.43237e-06,-5.17442e-06,0,0.000799316,-0.00648652
0,-0.0300992,8.32328e-06,-5.15066e-06,0,0.000741097,-0.00515435
0,-0.0233412,1.35626e-05,-5.01364e-06,0,0.000687218,-0.00386737
0,-0.0154112,1.90289e-05,-4.76859e-06,0,0.000637283,-0.00231449
0,-0.00419822,2.63604e-05,-4.41534e-06,0,0.000590985,-5.42401e-05
0,0.00397856,2.99696e-05,-3.92479e-06,0,0.000548053,0.00143391
0,0.00934942,3.04125e-05,-3.34345e-06,0,0.000508243,0.00237959
0,0.0100173,2.67015e-05,-2.73741e-06,0,0.000471325,0.00234991
0,0.00814939,2.13588e-05,-2.18483e-06,0,0.000437091,0.00188505
0,0.00739737,1.76557e-05,-1.7256e-06,0,0.000405344,0.0017443
0,0.00297832,1.14526e-05,-1.35397e-06,0,0.000375904,0.000749962
0,-0.00184133,5.80655e-06,-1.0939e-06,0,0.000348603,-0.000229398
0,-0.00951129,-1.38583e-06,-9.49538e-07,0,0.000323286,-0.00183635
0,-0.0158199,-6.47149e-06,-9.41293e-07,0,0.000299808,-0.0030557
0,-0.0242911,-1.2661e-05,-1.04529e-06,0,0.000278037,-0.004798
0,-0.0326687,-1.80439e-05,-1.26757e-06,0,0.000257847,-0.0064571
0,-0.0420275,-2.36679e-05,-1.60153e-06,0,0.000239124,-0.00833816
0,-0.0498777,-2.75104e-05,-2.04677e-06,0,0.000221761,-0.00985158
0,-0.0568605,-3.02244e-05,-2.57776e-06,0,0.000205659,-0.0112116
0,-0.0610919,-3.03162e-05,-3.16868e-06,0,0.000190727,-0.0119771
0,-0.0598137,-2.78843e-05,-3.77455e-06,0,-4.32184e-05,-0.0126352
0,-0.0565848,-2.22238e-05,-4.34439e-06,0,-0.000560333,-0.0124824
0,-0.0559328,-1.8599e-05,-4.81717e-06,0,-0.00115416,-0.0129838
0,-0.0547965,-1.4713e-05,-5.20728e-06,0,-0.00177306,-0.0133115
0,-0.0532583,-1.07425e-05,-5.52096e-06,0,-0.00240551,-0.0135623
0,-0.0510504,-6.55304e-06,-5.75567e-06,0,-0.00304886,-0.013665
-0.000187763,-0.0474489,-1.61159e-06,-5.90768e-06,0,-0.00369636,-0.0134552
-0.00126314,-0.039519,6.56897e-06,-5.98315e-06,0,-0.00433334,-0.0122973
-0.00163866,-0.0346654,1.1556e-05,-5.95179e-06,0,-0.0049435,-0.0119099
-0.00223609,-0.0291537,1.6287e-05,-5.7745e-06,0,-0.00551913,-0.0112606
-0.00291887,-0.0206659,2.26775e-05,-5.47241e-06,0,-0.00606012,-0.00993051
-0.00360164,-0.0124279,2.7884e-05,-5.05082e-06,0,-0.0065663,-0.00870787
-0.00428442,-0.00337695,3.27164e-05,-4.51917e-06,0,-0.00703687,-0.00726137
-0.0049672,0.00349476,3.46762e-05,-3.889e-06,0,-0.00747071,-0.00629147
0.00459167,-0.0181291,7.02754e-06,-3.23467e-06,0,0.00237516,-0.00271119
0.00266283,-0.0223087,4.18125e-07,-2.70917e-06,0,0.00203347,-0.00309993
0.00194591,-0.0252871,-3.11966e-06,-2.66404e-06,0,0.00175492,-0.00380956
0.00153625,-0.0271058,-4.76842e-06,-2.68202e-06,0,0.00152582,-0.0042785
0.00114365,-0.0289412,-6.01882e-06,-2.72779e-06,0,0.00133634,-0.00475977
0.000495013,-0.0329263,-8.70192e-06,-2.83589e-06,0,0.00118726,-0.00568863
0,-0.0382099,-1.21293e-05,-2.99652e-06,0,0.00107811,-0.00683285
0,-0.0439504,-1.55892e-05,-3.22196e-06,0,0.000993767,-0.00803481
0,-0.0540174,-2.23211e-05,-3.51645e-06,0,0.000919975,-0.0101907
0,-0.0571994,-2.27064e-05,-3.92921e-06,0,0.000852706,-0.0106734
0,-0.0540842,-1.74744e-05,-4.38141e-06,0,0.00079063,-0.00993151
0,-0.052335,-1.36705e-05,-4.75706e-06,0,0.000733147,-0.0096705
0,-0.0524112,-1.18205e-05,-5.04949e-06,0,0.000679864,-0.0097779
0,-0.0502731,-8.40951e-06,-5.29515e-06,0,0.00063046,-0.00933336
0,-0.0459002,-3.43945e-06,-5.4804e-06,0,0.000584649,-0.00844636
0,-0.03869,3.45301e-06,-5.57403e-06,0,0.000542169,-0.00698227
0,-0.0274894,1.30542e-05,-5.53944e-06,0,0.000502777,-0.0046992
0,-0.0178115,2.04276e-05,-5.32636e-06,0,0.000466248,-0.0028685
0,-0.0108521,2.43926e-05,-4.95467e-06,0,0.000432374,-0.00160364
0,-0.00824496,2.38514e-05,-4.48665e-06,0,0.000400963,-0.00123815
0,-0.00865067,2.05319e-05,-4.00691e-06,0,0.000371834,-0.00142519
0,-0.0105902,1.61685e-05,-3.57968e-06,0,0.000344823,-0.00187032
0,-0.0123286,1.24433e-05,-3.23449e-06,0,0.000319775,-0.0022255
0,-0.016048,7.55299e-06,-2.967e-06,0,0.000296547,-0.00303009
0,-0.0198847,3.15565e-06,-2.7866e-06,0,0.000275007,-0.00380386
0,-0.0252488,-1.92587e-06,-2.7015e-06,0,0.000255032,-0.00491633
0,-0.0302679,-6.11128e-06,-2.71461e-06,0,0.000236509,-0.00590711
0,-0.0340669,-8.76055e-06,-2.81591e-06,0,0.000219332,-0.00663246
0,-0.0377628,-1.09527e-05,-2.97787e-06,0,0.000203403,-0.00736805
0,-0.0400125,-1.16571e-05,-3.18597e-06,0,0.000188631,-0.00778075
0,-0.0400485,-1.19009e-05,-3.41559e-06,0,1.45893e-05,-0.00850647
0,-0.0423557,-1.27353e-05,-3.65238e-06,0,-0.000365475,-0.00941693
0,-0.0445793,-1.29849e-05,-3.90292e-06,0,-0.000801144,-0.0102575
0,-0.0454562,-1.18365e-05,-4.16137e-06,0,-0.00125471,-0.0108004
0,-0.0465778,-1.08292e-05,-4.40384e-06,0,-0.00171739,-0.0114319
0,-0.0452893,-7.84806e-06,-4.62546e-06,0,-0.0021857,-0.0115038
-0.000416312,-0.0416798,-3.1296e-06,-4.79733e-06,0,-0.00264881,-0.0111052
-0.000951569,-0.0323814,5.96204e-06,-4.89134e-06,0,-0.00309445,-0.00947514
-0.00178419,-0.0124211,2.28195e-05,-4.73267e-06,0,-0.00351914,-0.00559123
-0.00204587,-0.00530136,2.78229e-05,-4.56594e-06,0,-0.00392019,-0.00486516
-0.00231945,-0.000795655,2.99155e-05,-4.27099e-06,0,-0.00429501,-0.00434253
-0.00279523,0.00454756,3.14103e-05,-3.68315e-06,0,-0.00464367,-0.00353412
-0.00327102,0.00904534,3.14431e-05,-3.06242e-06,0,-0.00496611,-0.0029141
0.00338997,-0.0167096,3.83766e-07,-2.43372e-06,0,0.0018751,-0.00296472
0.00338997,-0.0384074,-1.70955e-05,-2.43372e-06,0,0.00160413,-0.00712066
0.00155819,-0.0466284,-2.2515e-05,-2.51106e-06,0,0.00137328,-0.00843051
0.00129651,-0.0463564,-2.05468e-05,-2.72892e-06,0,0.00118909,-0.00825583
0.00101104,-0.0453097,-1.79559e-05,-2.98631e-06,0,0.00103587,-0.00812451
0.000535258,-0.0414355,-1.27206e-05,-3.35838e-06,0,0.000913296,-0.00735128
5.94731e-05,-0.0399725,-9.74933e-06,-3.63897e-06,0,0.000823317,-0.00718624
0,-0.0433816,-1.11732e-05,-3.84881e-06,0,0.000756186,-0.00804044
0,-0.0456558,-1.17135e-05,-4.06516e-06,0,0.000699317,-0.00849787
0,-0.049786,-1.37612e-05,-4.29672e-06,0,0.000647992,-0.00940092
0,-0.0513806,-1.35568e-05,-4.56171e-06,0,0.000600769,-0.00967906
0,-0.0470728,-8.31817e-06,-4.83387e-06,0,0.000557075,-0.00869983
0,-0.0391671,-3.68342e-07,-5.02642e-06,0,0.000516584,-0.00707612
0,-0.0289816,8.82176e-06,-5.07354e-06,0,0.000479043,-0.00503931
0,-0.0167988,1.8709e-05,-4.94306e-06,0,0.000444233,-0.00261586
0,-0.00472513,2.717e-05,-4.61831e-06,0,0.000411954,-0.00027129
0,0.00647487,3.33769e-05,-4.11722e-06,0,0.000382021,0.00188187
0,0.0133726,3.46796e-05,-3.48071e-06,0,0.000354265,0.00309469
0,0.0181606,3.37751e-05,-2.79363e-06,0,0.000328526,0.00395628
0,0.0197305,3.02453e-05,-2.11361e-06,0,0.000304658,0.00415572
0,0.0182289,2.46719e-05,-1.49105e-06,0,0.000282525,0.00375707
0,0.0143267,1.7906e-05,-9.69749e-07,0,0.000262,0.00290684
0,0.00760281,9.75976e-06,-5.77799e-07,0,0.000242968,0.00149143
0,-0.000109058,1.94895e-06,-3.41873e-07,0,0.000225318,-6.53762e-05
0,-0.00971997,-6.31026e-06,-2.6384e-07,0,0.000208951,-0.00202004
0,-0.020402,-1.43025e-05,-3.48749e-07,0,0.000193774,-0.00416093
0,-0.030946,-2.11653e-05,-5.94838e-07,0,0.000179699,-0.00623977
0,-0.0409504,-2.68291e-05,-9.8383e-07,0,0.000166648,-0.00820048
0,-0.0495693,-3.08051e-05,-1.49209e-06,0,0.000154544,-0.00986438
0,-0.0526166,-3.18351e-05,-2.08832e-06,0,-6.30196e-05,-0.0113018
0,-0.0556453,-3.10828e-05,-2.71884e-06,0,-0.000546183,-0.0123985
0,-0.0584517,-2.95768e-05,-3.34425e-06,0,-0.00110139,-0.0134654
0,-0.05996,-2.68165e-05,-3.94332e-06,0,-0.00168026,-0.0142551
0,-0.0583737,-2.15378e-05,-4.49345e-06,0,-0.00227213,-0.0143873
0,-0.0584919,-1.80772e-05,-4.9506e-06,0,-0.00287503,-0.014983
-8.09317e-05,-0.0566665,-1.33885e-05,-5.32945e-06,0,-0.00348464,-0.0150781
-0.000728385,-0.0510182,-5.95878e-06,-5.62066e-06,0,-0.00408484,-0.0143459
-0.00137584,-0.042712,3.00212e-06,-5.77699e-06,0,-0.00465978,-0.0130977
-0.00202329,-0.0314957,1.35014e-05,-5.76175e-06,0,-0.00520501,-0.0112425
-0.00267075,-0.0185271,2.42998e-05,-5.54422e-06,0,-0.00571892,-0.00904635
-0.0033182,-0.00921991,3.04877e-05,-5.11221e-06,0,-0.00620051,-0.00769182
-0.00396565,-0.00163647,3.385e-05,-4.5334e-06,0,-0.00664881,-0.00658949
-0.00461311,0.00191915,3.29107e-05,-3.87321e-06,0,-0.00706271,-0.00630992
0.00445124,-0.0466388,-1.93103e-05,-3.2103e-06,0,0.00227087,-0.00932153
0.00330201,-0.061237,-2.96005e-05,-3.63471e-06,0,0.00193469,-0.011161
0.00291354,-0.0648509,-2.98414e-05,-3.93847e-06,0,0.00164144,-0.0117595
0.00250888,-0.0681454,-2.9888e-05,-4.31028e-06,0,0.00138447,-0.0125666
0.00186143,-0.0725324,-3.03102e-05,-4.90781e-06,0,0.00116579,-0.0135803
0.00121398,-0.0718926,-2.62895e-05,-5.5119e-06,0,0.000990651,-0.0134027
0.000566522,-0.0629174,-1.54219e-05,-6.05779e-06,0,0.000860777,-0.0114703
0,-0.0601648,-1.0648e-05,-6.42057e-06,0,0.000772492,-0.0111563
0,-0.0578349,-6.98966e-06,-6.6574e-06,0,0.000709631,-0.0107545
0,-0.052061,-9.20535e-07,-6.81548e-06,0,0.000656316,-0.00956271
0,-0.048479,2.76023e-06,-6.86424e-06,0,0.000608179,-0.00895735
0,-0.0407232,9.40183e-06,-6.82744e-06,0,0.000563882,-0.00734973
0,-0.0310471,1.71136e-05,-6.67261e-06,0,0.000522893,-0.00542577
0,-0.0207464,2.45601e-05,-6.3689e-06,0,0.000484906,-0.00341329
0,-0.0114003,3.01715e-05,-5.91493e-06,0,0.000449686,-0.00163077
0,-0.0031788,3.37356e-05,-5.33955e-06,0,0.000417027,-7.20601e-05
0,0.00312826,3.47781e-05,-4.68266e-06,0,0.000386741,0.00109003
0,0.00959266,3.54226e-05,-3.99231e-06,0,0.000358655,0.00234311
0,0.0137311,3.38158e-05,-3.28708e-06,0,0.00033261,0.00307073
0,0.0149583,2.99456e-05,-2.60273e-06,0,0.000308458,0.00321126
0,0.0122789,2.33962e-05,-1.98447e-06,0,0.00028606,0.00255744
0,0.0066407,1.5356e-05,-1.4838e-06,0,0.000265289,0.00135016
0,-0.00126087,6.60375e-06,-1.13648e-06,0,0.000246027,-0.000281106
0,-0.00970608,-1.35863e-06,-9.60641e-07,0,0.000228164,-0.00196966
0,-0.0195444,-9.38077e-06,-9.48002e-07,0,0.000211599,-0.00395489
0,-0.0303868,-1.72239e-05,-1.09551e-06,0,0.000196237,-0.00612556
0,-0.0409886,-2.40068e-05,-1.40077e-06,0,0.000181991,-0.008213
0,-0.0491796,-2.81092e-05,-1.84699e-06,0,0.000168779,-0.00976478
0,-0.0556236,-3.02987e-05,-2.38866e-06,0,0.000156528,-0.0109912
0,-0.0599849,-3.04602e-05,-2.98369e-06,0,0.000145165,-0.0117983
0,-0.0606318,-2.96567e-05,-3.59209e-06,0,-9.05356e-05,-0.0129079
0,-0.0594422,-2.55737e-05,-4.18924e-06,0,-0.000616185,-0.0131687
0,-0.0547694,-1.82561e-05,-4.72113e-06,0,-0.00122054,-0.0127189
0,-0.0529873,-1.36921e-05,-5.12284e-06,0,-0.00185072,-0.0130237
0,-0.0471306,-6.12203e-06,-5.4195e-06,0,-0.00249478,-0.0123301
0,-0.0424187,-1.20767e-07,-5.57979e-06,0,-0.00314942,-0.0119979
-0.000293524,-0.0381429,4.83817e-06,-5.61221e-06,0,-0.00380556,-0.0117116
-0.00148489,-0.0316459,1.08656e-05,-5.47505e-06,0,-0.00444863,-0.0109
-0.00186474,-0.0288264,1.35134e-05,-5.38566e-06,0,-0.00506429,-0.010933
-0.00236546,-0.0273759,1.45402e-05,-5.20296e-06,0,-0.00564415,-0.0111398
-0.0030561,-0.0231906,1.72938e-05,-4.91729e-06,0,-0.00618801,-0.0106632
-0.00374675,-0.017548,2.07537e-05,-4.58518e-06,0,-0.00669621,-0.00990297
-0.00443739,-0.0114605,2.39664e-05,-4.18741e-06,0,-0.00716807,-0.00904894
-0.00512803,-0.00573953,2.62213e-05,-3.72414e-06,0,-0.00760246,-0.00825305
0.00454099,-0.027669,-1.18352e-06,-3.24481e-06,0,0.00236165,-0.00463915
0.00258992,-0.0372829,-1.01651e-05,-3.18593e-06,0,0.00202173,-0.00619888
0.00188201,-0.0441117,-1.52455e-05,-3.34492e-06,0,0.00174647,-0.0076186
0.00150215,-0.0457714,-1.56163e-05,-3.48468e-06,0,0.00152041,-0.00794283
0.00108776,-0.046264,-1.48127e-05,-3.67003e-06,0,0.00133374,-0.00812465
0.00039712,-0.0489486,-1.5469e-05,-3.97031e-06,0,0.00118844,-0.00879707
0,-0.0580038,-2.131e-05,-4.27641e-06,0,0.00108197,-0.010825
0,-0.0575688,-1.87344e-05,-4.6734e-06,0,0.000998073,-0.0105333
0,-0.0539317,-1.33697e-05,-5.06097e-06,0,0.000924157,-0.00978439
0,-0.0517548,-9.62109e-06,-5.35518e-06,0,0.000856632,-0.00944951
0,-0.0490132,-5.84069e-06,-5.56635e-06,0,0.000794283,-0.00894277
0,-0.0440254,-5.90748e-07,-5.70206e-06,0,0.000736537,-0.00794378
0,-0.0341773,8.23805e-06,-5.74013e-06,0,0.000683007,-0.00591284
0,-0.0220655,1.81961e-05,-5.61951e-06,0,0.000633374,-0.00350725
0,-0.00885046,2.78807e-05,-5.30538e-06,0,0.00058735,-0.000914803
0,0.00440128,3.59993e-05,-4.79619e-06,0,0.000544673,0.00165737
0,0.0140948,3.94663e-05,-4.1168e-06,0,0.000505098,0.00343144
0,0.0191196,3.81437e-05,-3.34481e-06,0,0.0004684,0.00425902
0,0.0196066,3.31204e-05,-2.57532e-06,0,0.000434369,0.00420067
0,0.0163204,2.56819e-05,-1.88779e-06,0,0.000402812,0.00342431
0,0.0111606,1.77549e-05,-1.33696e-06,0,0.000373548,0.00233509
0,0.00392561,9.23317e-06,-9.4223e-07,0,0.000346412,0.000834052
0,-0.0045468,8.97436e-07,-7.14958e-07,0,0.000321247,-0.000885016
0,-0.014569,-7.5464e-06,-6.55331e-07,0,0.000297912,-0.002916
0,-0.0230696,-1.36134e-05,-7.64039e-07,0,0.000276272,-0.00456017
0,-0.0330057,-2.01168e-05,-1.00597e-06,0,0.000256205,-0.00656851
0,-0.0432346,-2.61905e-05,-1.37579e-06,0,0.000237597,-0.00860105
0,-0.0533724,-3.16322e-05,-1.86923e-06,0,0.00022034,-0.0106039
0,-0.0610719,-3.45118e-05,-2.47467e-06,0,0.000204337,-0.0120604
0,-0.0635813,-3.50426e-05,-3.1505e-06,0,-4.89726e-05,-0.0135612
0,-0.0643492,-3.20999e-05,-3.8487e-06,0,-0.000609099,-0.0142443
0,-0.0649982,-2.85807e-05,-4.50541e-06,0,-0.00125234,-0.0149712
0,-0.064097,-2.37492e-05,-5.09462e-06,0,-0.00192272,-0.0153608
0,-0.0643144,-2.0138e-05,-5.59377e-06,0,-0.00260765,-0.0160441
0,-0.065161,-1.73971e-05,-6.01458e-06,0,-0.00330386,-0.0168265
-0.000275328,-0.0661651,-1.51113e-05,-6.37623e-06,0,-0.0040025,-0.0176057
-0.00100954,-0.0636467,-1.01514e-05,-6.68988e-06,0,-0.00468486,-0.0175613
-0.00174374,-0.059144,-3.97998e-06,-6.91771e-06,0,-0.00533658,-0.0171393
-0.00310203,-0.0420554,1.24642e-05,-7.09583e-06,0,-0.00595533,-0.0139181
-0.00310203,-0.0260201,2.70943e-05,-7.09583e-06,0,-0.00653793,-0.011247
-0.00310203,-0.0221493,3.11067e-05,-7.09583e-06,0,-0.00708045,-0.011247
-0.00310203,-0.019939,3.34428e-05,-7.09583e-06,0,-0.00758408,-0.011247
0.00412992,-0.0521974,-8.48225e-06,-4.85641e-06,0,0.00394529,-0.00852487
0.0028267,-0.0562895,-1.49855e-05,-4.97965e-06,0,0.00348498,-0.0086661
0.00240453,-0.0553782,-1.44439e-05,-5.11946e-06,0,0.00308857,-0.00861589
0.0019273,-0.0533568,-1.20003e-05,-5.30994e-06,0,0.00274382,-0.00841688
0.00119309,-0.050798,-8.5891e-06,-5.56217e-06,0,0.00245248,-0.00807598
0.00045888,-0.0441698,-1.80468e-06,-5.75101e-06,0,0.00221844,-0.00680593
0,-0.0438818,-7.52688e-07,-5.82102e-06,0,0.00203394,-0.00705519
0,-0.0397865,3.09191e-06,-5.84133e-06,0,0.00187995,-0.00625776
0,-0.0320618,9.67159e-06,-5.79872e-06,0,0.00174164,-0.00474296
0,-0.0242763,1.57226e-05,-5.63819e-06,0,0.00161456,-0.00330888
0,-0.0152774,2.19842e-05,-5.35399e-06,0,0.00149704,-0.00159673
0,-0.00358549,2.95075e-05,-4.94561e-06,0,0.00138814,0.000692872
0,0.00996953,3.72434e-05,-4.39308e-06,0,0.0012872,0.00333129
0,0.0224865,4.25666e-05,-3.68689e-06,0,0.0011936,0.00568964
0,0.0313837,4.38937e-05,-2.86218e-06,0,0.00110681,0.00726917
0,0.0368192,4.22315e-05,-1.99094e-06,0,0.00102633,0.0081778
0,0.0382766,3.76408e-05,-1.138e-06,0,0.000951709,0.00829466
0,0.0360777,3.07057e-05,-3.62228e-07,0,0.000882515,0.00770632
0,0.0307544,2.20781e-05,2.86561e-07,0,0.000818354,0.00652286
0,0.0232016,1.26739e-05,7.71262e-07,0,0.00075886,0.00493014
0,0.0142833,3.33901e-06,1.07176e-06,0,0.000703693,0.00309677
0,0.00268151,-6.93311e-06,1.18522e-06,0,0.000652538,0.000702027
0,-0.0106859,-1.71466e-05,1.09791e-06,0,0.000605104,-0.00201094
0,-0.0243223,-2.60399e-05,8.06049e-07,0,0.000561119,-0.00473192
0,-0.0371079,-3.30539e-05,3.29717e-07,0,0.000520333,-0.0072517
0,-0.0487396,-3.84142e-05,-2.96291e-07,0,0.000482512,-0.0095339
0,-0.0602757,-4.33033e-05,-1.03777e-06,0,0.000447442,-0.0118251
0,-0.0707635,-4.69469e-05,-1.87939e-06,0,0.000414922,-0.0138814
0,-0.077642,-4.72379e-05,-2.80011e-06,0,0.000384767,-0.0151545
0,-0.0843945,-4.73822e-05,-3.74342e-06,0,0.000356804,-0.0164994
0,-0.0794766,-4.06526e-05,-4.69034e-06,0,2.39421e-05,-0.0166973
0,-0.0752229,-3.26687e-05,-5.53704e-06,0,-0.000703316,-0.0166327
0,-0.0688421,-2.27941e-05,-6.23033e-06,0,-0.00153706,-0.0160972
0,-0.0596607,-1.10657e-05,-6.73559e-06,0,-0.00240516,-0.014999
0,-0.0510532,-7.70405e-07,-7.01554e-06,0,-0.00329106,-0.014103
0,-0.0433248,7.75945e-06,-7.08243e-06,0,-0.00418908,-0.0133697
-0.0006238,-0.0364914,1.45639e-05,-6.96989e-06,0,-0.00508213,-0.0127823
-0.00154795,-0.0209904,2.76859e-05,-6.71263e-06,0,-0.00594605,-0.0101847
-0.0024721,-0.0117671,3.41102e-05,-6.22452e-06,0,-0.0067682,-0.00920124
-0.00339625,-0.0085019,3.41007e-05,-5.57444e-06,0,-0.00754481,-0.00933721
-0.00432039,-0.00224347,3.59773e-05,-4.89238e-06,0,-0.00827426,-0.00858885
-0.00524454,0.00606823,3.88867e-05,-4.18222e-06,0,-0.00895528,-0.00741776
-0.00616869,0.015521,4.20275e-05,-3.41903e-06,0,-0.00958651,-0.00600014
0.00676939,-0.0182317,-2.58466e-06,-2.59418e-06,0,0.0036959,-0.00246918
0.0055911,-0.0267429,-8.99907e-06,-2.43703e-06,0,0.0031712,-0.00339603
0.00492109,-0.0322225,-1.21847e-05,-2.53224e-06,0,0.00270236,-0.00470931
0.00399694,-0.0419685,-1.84812e-05,-2.76001e-06,0,0.00228959,-0.00700253
0.00307279,-0.0478565,-2.10462e-05,-3.09815e-06,0,0.00193701,-0.00825483
0.00214865,-0.0484695,-1.8875e-05,-3.50496e-06,0,0.00164777,-0.00838189
0.0012245,-0.0467358,-1.48528e-05,-3.89332e-06,0,0.00142407,-0.00809083
0.000300348,-0.0445107,-1.08142e-05,-4.21049e-06,0,0.00126438,-0.0077284
0,-0.0467365,-1.09629e-05,-4.44696e-06,0,0.00115217,-0.00836455
0,-0.0394151,-3.3477e-06,-4.66548e-06,0,0.00106314,-0.00672196
0,-0.0344911,1.76879e-06,-4.77051e-06,0,0.000984508,-0.00588157
0,-0.0271045,8.27266e-06,-4.76071e-06,0,0.000912621,-0.00441578
0,-0.0175746,1.58101e-05,-4.62778e-06,0,0.000846228,-0.00253376
0,-0.00463295,2.51504e-05,-4.34927e-06,0,0.000784731,5.81231e-05
0,0.00580739,3.09314e-05,-3.89296e-06,0,0.000727722,0.00199531
0,0.0102858,3.05671e-05,-3.30324e-06,0,0.000674861,0.00266666
0,0.0107491,2.6712e-05,-2.69007e-06,0,0.000625843,0.00260684
0,0.00901084,2.15074e-05,-2.13656e-06,0,0.000580387,0.00216824
0,0.00582902,1.58226e-05,-1.68039e-06,0,0.000538234,0.0014699
0,-0.000166362,8.61419e-06,-1.33551e-06,0,0.000499144,0.000182441
0,-0.00673582,1.94767e-06,-1.12718e-06,0,0.000462894,-0.00115253
0,-0.0163814,-6.33247e-06,-1.0549e-06,0,0.000429278,-0.00316044
0,-0.0246793,-1.24363e-05,-1.14015e-06,0,0.000398105,-0.004777
0,-0.0347427,-1.92628e-05,-1.35835e-06,0,0.000369196,-0.00682647
0,-0.0424632,-2.34446e-05,-1.70948e-06,0,0.000342388,-0.00829815
0,-0.0516253,-2.83859e-05,-2.15746e-06,0,0.000317527,-0.0101583
0,-0.0586684,-3.11004e-05,-2.70047e-06,0,0.000294472,-0.0115003
0,-0.0634978,-3.16071e-05,-3.30891e-06,0,0.000273092,-0.0124033
0,-0.0655276,-2.96165e-05,-3.93852e-06,0,0.000253265,-0.0127385
0,-0.0653446,-2.58821e-05,-4.5408e-06,0,0.000234878,-0.0126544
0,-0.0619555,-1.97731e-05,-5.07711e-06,0,0.000217826,-0.0119112
0,-0.0475281,-6.2324e-06,-5.70085e-06,0,5.18812e-07,-0.00974554
0,-0.0329763,7.78235e-06,-5.96541e-06,0,-0.0004845,-0.00741856
0,-0.0181739,2.06455e-05,-5.81369e-06,0,-0.00105826,-0.00506112
0,-0.00799456,2.78185e-05,-5.35798e-06,0,-0.00167151,-0.00374171
0,-0.00263513,3.06851e-05,-5.08784e-06,0,-0.00229424,-0.00333082
-0.00022421,-0.00236749,2.87451e-05,-4.65724e-06,0,-0.00290265,-0.00391202
-0.000822102,0.000169816,2.81814e-05,-4.07264e-06,0,-0.00348707,-0.00381749
-0.00141999,0.00124916,2.60805e-05,-3.50619e-06,0,-0.00404239,-0.00408729
-0.00201789,0.00216757,2.39289e-05,-2.97407e-06,0,-0.00456707,-0.00432418
-0.00261578,0.0036326,2.24125e-05,-2.48474e-06,0,-0.00506039,-0.00440487
-0.00321367,0.00528521,2.11897e-05,-2.02891e-06,0,-0.0055217,-0.00442892
-0.00381156,0.00603509,1.93424e-05,-1.599e-06,0,-0.00595024,-0.00462986
-0.00440945,0.00619025,1.72246e-05,-1.20291e-06,0,-0.0063451,-0.00490621
0.00396103,-0.0106636,-6.13395e-06,-8.16067e-07,0,0.00226323,-0.0013129
0.00227199,-0.0321386,-2.20251e-05,-1.03525e-06,0,0.00195226,-0.00555678
0.00165915,-0.042377,-2.73265e-05,-1.40731e-06,0,0.00169804,-0.00739956
0.00165915,-0.0474569,-2.96747e-05,-1.40731e-06,0,0.00148135,-0.00841478
0.000971575,-0.0533059,-3.14275e-05,-2.0234e-06,0,0.00129844,-0.00968375
0.000373683,-0.0659816,-3.84871e-05,-2.64231e-06,0,0.0011586,-0.0124476
0,-0.0857718,-5.09374e-05,-3.37676e-06,0,0.00105549,-0.0166041
0,-0.09,-0.000108082,-4.33325e-06,0,0.00097382,-0.0209767
0,-0.09,-0.000138249,-6.18059e-06,0,0.000901743,-0.0216349
0,-0.09,-0.000150071,-8.62881e-06,0,0.000835863,-0.0219174
0,-0.09,-0.000150581,-1.15061e-05,0,0.000775023,-0.0220958
0,-0.09,-0.000134554,-1.45126e-05,0,0.000718673,-0.0218586
0,-0.09,-8.8507e-05,-1.7364e-05,0,0.000666438,-0.0199433
0,-0.0880834,-1.64738e-05,-1.96176e-05,0,0.000618004,-0.0167789
0,-0.0741356,3.098e-05,-2.06674e-05,0,0.000573094,-0.0137337
0,-0.0584586,5.87587e-05,-2.02851e-05,0,0.000531448,-0.0106365
0,-0.0403777,7.74195e-05,-1.92488e-05,0,0.000492831,-0.00704552
0,-0.0265472,8.7049e-05,-1.77937e-05,0,0.000457021,-0.00447514
0,-0.0123158,9.34239e-05,-1.61009e-05,0,0.000423814,-0.00169292
0,-0.00238646,9.34213e-05,-1.42643e-05,0,0.000393021,0.000113284
0,0.000579686,8.53473e-05,-1.23958e-05,0,0.000364466,0.000477943
0,-0.00500431,6.97972e-05,-1.06485e-05,0,0.000337987,-0.000880632
0,-0.0157767,5.13138e-05,-9.17482e-06,0,0.000313433,-0.00316251
0,-0.0303114,3.14722e-05,-8.05613e-06,0,0.000290663,-0.00614215
0,-0.0472571,1.13955e-05,-7.32747e-06,0,0.000269548,-0.00955616
0,-0.0608314,-3.85202e-06,-6.99918e-06,0,0.000249968,-0.0121436
0,-0.0725999,-1.52168e-05,-6.99998e-06,0,0.00023181,-0.0144192
0,-0.0838552,-2.43215e-05,-7.24749e-06,0,0.000214972,-0.0166294
0,-0.09,-4.10478e-05,-7.6884e-06,0,0.000199358,-0.0185926
0,-0.09,-6.7686e-05,-8.42573e-06,0,0.000184879,-0.0200093
0,-0.09,-6.69556e-05,-9.51306e-06,0,-0.000206176,-0.0209259
0,-0.09,-5.41376e-05,-1.08595e-05,0,-0.00108382,-0.0213829
0,-0.0893482,-2.66679e-05,-1.20704e-05,0,-0.00209377,-0.021077
0,-0.0818482,-5.06418e-06,-1.28785e-05,0,-0.00314734,-0.0203716
0,-0.0715583,1.16936e-05,-1.30878e-05,0,-0.00422466,-0.0192316
0,-0.0538451,3.05023e-05,-1.29377e-05,0,-0.0053208,-0.0164866
-0.000379286,-0.030315,5.12585e-05,-1.24217e-05,0,-0.00642293,-0.012612
-0.00154632,-0.0156194,6.23136e-05,-1.15003e-05,0,-0.0075014,-0.010843
-0.00271335,-0.00176397,6.97504e-05,-1.03093e-05,0,-0.00853221,-0.00896503
-0.00388039,0.00797902,7.09618e-05,-8.95147e-06,0,-0.00950848,-0.00793607
-0.00504742,0.0189525,7.16936e-05,-7.53829e-06,0,-0.0104276,-0.00646146
-0.00621445,0.029354,7.11426e-05,-6.10808e-06,0,-0.0112878,-0.0050944
-0.00741066,0.0379284,6.90286e-05,-4.6469e-06,0,-0.0120872,-0.00406279
-0.00854852,0.0420881,6.40206e-05,-3.28922e-06,0,-0.0128239,-0.00391107
0.00682714,-0.00124532,3.08508e-06,-7.69675e-07,0,0.0040173,0.000829656
0.00393874,-0.0278041,-2.21207e-05,-2.54274e-07,0,0.00345588,-0.0037863
0.00242159,-0.0404789,-3.0633e-05,-7.03383e-07,0,0.00301258,-0.00611309
0.00172137,-0.0470891,-3.34203e-05,-1.02842e-06,0,0.00266299,-0.00746352
0.000787747,-0.052701,-3.48167e-05,-1.54921e-06,0,0.00238748,-0.00870835
0,-0.0669862,-4.28574e-05,-2.23856e-06,0,0.00217773,-0.0118981
0,-0.0728329,-4.29841e-05,-3.0555e-06,0,0.00200994,-0.0129323
0,-0.0718654,-3.70649e-05,-3.91455e-06,0,0.00186134,-0.0126628
0,-0.0716886,-3.22149e-05,-4.68544e-06,0,0.00172538,-0.0127546
0,-0.0716927,-2.80588e-05,-5.35399e-06,0,0.00159979,-0.012857
0,-0.0685604,-2.17476e-05,-5.93595e-06,0,0.00148345,-0.0122426
0,-0.0589952,-1.06179e-05,-6.40246e-06,0,0.00137561,-0.0102647
0,-0.0467103,1.79237e-06,-6.67046e-06,0,0.00127562,-0.00785098
0,-0.0291557,1.74302e-05,-6.70287e-06,0,0.00118291,-0.00432431
0,-0.0100713,3.28481e-05,-6.43246e-06,0,0.00109693,-0.000597258
0,0.00547392,4.30121e-05,-5.85259e-06,0,0.00101721,0.00229634
0,0.0178322,4.81135e-05,-5.04317e-06,0,0.000943285,0.00457807
0,0.026558,4.8749e-05,-4.1064e-06,0,0.000874734,0.00613759
0,0.0261439,4.14975e-05,-3.1346e-06,0,0.000811167,0.00574975
0,0.0235482,3.35272e-05,-2.26839e-06,0,0.000752222,0.00513288
0,0.0158966,2.24989e-05,-1.558e-06,0,0.000697562,0.00344479
0,0.00696611,1.19665e-05,-1.05288e-06,0,0.000646876,0.00161491
0,-0.00449499,8.23589e-07,-7.60885e-07,0,0.000599874,-0.00074468
0,-0.01654,-9.25068e-06,-6.88699e-07,0,0.000556289,-0.00316151
0,-0.0275342,-1.71531e-05,-8.23341e-07,0,0.000515872,-0.00532337
0,-0.0367961,-2.27042e-05,-1.12689e-06,0,0.000478393,-0.00712338
0,-0.0467788,-2.82815e-05,-1.55322e-06,0,0.000443638,-0.00913203
0,-0.0554599,-3.22756e-05,-2.09096e-06,0,0.000411409,-0.010826
0,-0.0582345,-3.31124e-05,-2.7165e-06,0,0.000160695,-0.0122851
0,-0.0595082,-3.0786e-05,-3.37457e-06,0,-0.000372966,-0.013043
0,-0.059907,-2.72277e-05,-4.00192e-06,0,-0.000982515,-0.013666
0,-0.0569915,-2.08793e-05,-4.56426e-06,0,-0.00161622,-0.013576
0,-0.0538471,-1.47346e-05,-5.01359e-06,0,-0.00226259,-0.0135271
0,-0.0520169,-1.02552e-05,-5.33901e-06,0,-0.00291904,-0.0137702
-0.000188386,-0.047444,-4.00556e-06,-5.56651e-06,0,-0.00357886,-0.0133411
-0.000873428,-0.0423338,2.07532e-06,-5.67787e-06,0,-0.0042248,-0.0128426
-0.00155847,-0.031419,1.23173e-05,-5.66677e-06,0,-0.00484217,-0.0110259
-0.00224351,-0.0304041,1.33308e-05,-5.47163e-06,0,-0.00542685,-0.0115665
-0.00292855,-0.0262913,1.62343e-05,-5.21008e-06,0,-0.00597729,-0.0111002
-0.00361359,-0.0187395,2.14962e-05,-4.89991e-06,0,-0.00649253,-0.00991544
-0.00429863,-0.0097368,2.71728e-05,-4.4963e-06,0,-0.00697158,-0.00846699
-0.00498368,-0.000825175,3.17398e-05,-3.98123e-06,0,-0.0074133,-0.0070434
0.0046069,-0.0337063,-3.81772e-06,-3.43777e-06,0,0.00245927,-0.00596901
0.00347658,-0.0423621,-1.26773e-05,-3.4088e-06,0,0.00210077,-0.00716759
0.00306556,-0.0457995,-1.53113e-05,-3.51663e-06,0,0.00178731,-0.00790772
0.00255178,-0.0496112,-1.73882e-05,-3.73313e-06,0,0.00151376,-0.00884096
0.00186674,-0.0543297,-1.95381e-05,-4.07051e-06,0,0.00128286,-0.00992132
0.0011817,-0.0532488,-1.64366e-05,-4.45053e-06,0,0.00109904,-0.00964093
0.000496655,-0.0488883,-1.06463e-05,-4.79477e-06,0,0.00096327,-0.0087632
0,-0.0506949,-1.04873e-05,-5.03664e-06,0,0.000869364,-0.00934899
0,-0.0504022,-8.85223e-06,-5.24718e-06,0,0.000799943,-0.00928172
0,-0.0436983,-1.98408e-06,-5.4324e-06,0,0.000740193,-0.00782866
0,-0.0352941,5.83748e-06,-5.50643e-06,0,0.000685997,-0.00617073
0,-0.0227376,1.63639e-05,-5.42878e-06,0,0.000636056,-0.00362473
0,-0.00977961,2.60606e-05,-5.15414e-06,0,0.000589828,-0.0011027
0,0.00279606,3.38673e-05,-4.68141e-06,0,0.000546981,0.00132469
0,0.0123051,3.75132e-05,-4.0431e-06,0,0.000507253,0.00307624
0,0.0191722,3.80206e-05,-3.31106e-06,0,0.000470413,0.00432284
0,0.0226644,3.54963e-05,-2.55319e-06,0,0.00043625,0.00488767
0,0.023049,3.07494e-05,-1.83064e-06,0,0.000404569,0.0048513
0,0.0196327,2.35455e-05,-1.19192e-06,0,0.000375191,0.00405027
0,0.0125233,1.42979e-05,-6.84988e-07,0,0.000347946,0.00252825
0,0.00169483,3.27159e-06,-3.52793e-07,0,0.000322681,0.000276194
0,-0.0102031,-7.08898e-06,-2.26717e-07,0,0.000299251,-0.00210992
0,-0.0233734,-1.70487e-05,-3.16693e-07,0,0.000277524,-0.00475048
0,-0.0343892,-2.39912e-05,-6.07869e-07,0,0.000257374,-0.00686988
0,-0.0447167,-2.96193e-05,-1.05298e-06,0,0.000238689,-0.00889422
0,-0.055923,-3.54779e-05,-1.61723e-06,0,0.00022136,-0.0111344
0,-0.0661665,-4.00189e-05,-2.29749e-06,0,0.00020529,-0.0131325
0,-0.0731551,-4.13415e-05,-3.07516e-06,0,0.000190388,-0.0144255
0,-0.0788969,-4.14133e-05,-3.89538e-06,0,0.000176567,-0.0155292
0,-0.0823578,-3.95272e-05,-4.72329e-06,0,0.000163751,-0.0161549
0,-0.0777939,-3.40647e-05,-5.52326e-06,0,-0.000157394,-0.0165232
0,-0.0731346,-2.65435e-05,-6.23187e-06,0,-0.000876964,-0.0163534
0,-0.0665422,-1.72321e-05,-6.80035e-06,0,-0.00170481,-0.01578
0,-0.0595353,-8.02969e-06,-7.19154e-06,0,-0.00256829,-0.0151776
0,-0.0517948,1.04334e-06,-7.39815e-06,0,-0.00345098,-0.0144202
0,-0.0437567,9.56105e-06,-7.41221e-06,0,-0.0043614,-0.013637
-0.00120945,-0.0373167,1.56713e-05,-7.19666e-06,0,-0.00528289,-0.0131752
-0.00173117,-0.0332074,1.95378e-05,-7.05788e-06,0,-0.00617246,-0.013136
-0.00230032,-0.030693,2.16298e-05,-6.84276e-06,0,-0.00701309,-0.0133461
-0.00324891,-0.0266684,2.40656e-05,-6.42062e-06,0,-0.0078039,-0.0131344
-0.00419749,-0.0230469,2.55416e-05,-5.95149e-06,0,-0.00854673,-0.013012
-0.00514608,-0.0173843,2.82158e-05,-5.44804e-06,0,-0.00924117,-0.0123742
-0.00609467,-0.00964407,3.20273e-05,-4.89709e-06,0,-0.00988603,-0.0112794
-0.00704325,-0.00334141,3.38417e-05,-4.2756e-06,0,-0.0104797,-0.0105159
0.00623696,0.00482369,2.74981e-05,-3.63506e-06,0,0.00320857,0.0030517
0.0035572,-0.00036364,1.51163e-05,-2.05877e-06,0,0.00274426,0.00167768
0.00272719,-0.00356559,8.50937e-06,-1.73232e-06,0,0.00236595,0.00088011
0.00218175,-0.0076797,3.38154e-06,-1.60143e-06,0,0.00205233,-0.000153079
0.00149402,-0.0144203,-2.78285e-06,-1.5242e-06,0,0.00179488,-0.0017066
0.000545437,-0.0256065,-1.16962e-05,-1.54903e-06,0,0.00159704,-0.00414222
0,-0.0433185,-2.49922e-05,-1.73839e-06,0,0.00145313,-0.0078995
0,-0.0557234,-3.27142e-05,-2.17175e-06,0,0.00134023,-0.0102698
0,-0.0608219,-3.33956e-05,-2.78743e-06,0,0.00124091,-0.0111409
0,-0.0679746,-3.54914e-05,-3.45193e-06,0,0.00115023,-0.0126737
0,-0.0712917,-3.41508e-05,-4.15128e-06,0,0.00106651,-0.0132818
0,-0.0688759,-2.79946e-05,-4.841e-06,0,0.000988972,-0.0127052
0,-0.0625507,-1.90076e-05,-5.43167e-06,0,0.000917097,-0.0114074
0,-0.0526697,-7.86317e-06,-5.85676e-06,0,0.000850455,-0.00941683
0,-0.0378562,6.34192e-06,-6.06975e-06,0,0.000788658,-0.00641452
0,-0.0235735,1.87961e-05,-6.01393e-06,0,0.000731355,-0.003667
0,-0.00952246,2.9493e-05,-5.70028e-06,0,0.000678217,-0.000953372
0,0.00267826,3.68064e-05,-5.16391e-06,0,0.000628942,0.00135403
0,0.00632968,3.53514e-05,-4.46435e-06,0,0.000583248,0.00179546
0,0.00526056,2.97529e-05,-3.75004e-06,0,0.000540876,0.00141975
0,-0.00285633,1.89475e-05,-3.12699e-06,0,0.000501583,-0.000404058
0,-0.0138035,7.23614e-06,-2.69401e-06,0,0.000465146,-0.00266298
0,-0.0275157,-5.32566e-06,-2.49073e-06,0,0.000431357,-0.00546135
0,-0.0402186,-1.57054e-05,-2.53444e-06,0,0.000400024,-0.00795316
0,-0.0519948,-2.42291e-05,-2.79665e-06,0,0.000370968,-0.0102634
0,-0.0635478,-3.16183e-05,-3.23861e-06,0,0.000344024,-0.012548
0,-0.0722122,-3.56925e-05,-3.83034e-06,0,0.000319037,-0.0141884
0,-0.079783,-3.82403e-05,-4.52382e-06,0,0.000295866,-0.0156631
0,-0.0857139,-3.90356e-05,-5.27589e-06,0,0.000274379,-0.0167989
0,-0.0888722,-3.72919e-05,-6.05262e-06,0,0.000254452,-0.0173567
0,-0.0820335,-3.04327e-05,-6.80718e-06,0,-9.98484e-05,-0.0173563
0,-0.0823895,-2.76226e-05,-7.45013e-06,0,-0.00088639,-0.0184455
0,-0.0784262,-2.06461e-05,-8.01663e-06,0,-0.00179012,-0.0183907
0,-0.071598,-1.12941e-05,-8.46443e-06,0,-0.00273211,-0.0178226
0,-0.0658257,-3.40811e-06,-8.73707e-06,0,-0.00369434,-0.0175682
0,-0.0595348,4.14267e-06,-8.84467e-06,0,-0.00467109,-0.017149
-0.000585708,-0.0537297,1.04667e-05,-8.79957e-06,0,-0.00564569,-0.016822
-0.00160433,-0.0400255,2.26648e-05,-8.62185e-06,0,-0.0065917,-0.0146663
-0.00262295,-0.0242207,3.56589e-05,-8.22955e-06,0,-0.00749315,-0.0122173
-0.00364158,-0.0151641,4.1447e-05,-7.58134e-06,0,-0.00834537,-0.0112977
-0.0046602,-0.00410539,4.72712e-05,-6.78134e-06,0,-0.0091464,-0.00969042
-0.00567882,0.00716151,5.16478e-05,-5.86504e-06,0,-0.00989479,-0.00804302
-0.00672291,0.0185904,5.47438e-05,-4.82814e-06,0,-0.0105889,-0.00631236
0.00756327,-0.0171546,5.66899e-06,-3.77767e-06,0,0.00405223,-0.00212225
0.0062136,-0.0247475,-1.2063e-06,-3.38206e-06,0,0.0034744,-0.00278194
0.00550056,-0.0296599,-4.83055e-06,-3.36114e-06,0,0.00295777,-0.00402851
0.00450741,-0.0380894,-1.09384e-05,-3.4354e-06,0,0.00250191,-0.00607151
0.00348878,-0.0481375,-1.78885e-05,-3.62363e-06,0,0.00211136,-0.00831865
0.00247016,-0.0538939,-2.06453e-05,-3.94665e-06,0,0.00178988,-0.00950174
0.00145154,-0.0564991,-2.03718e-05,-4.34577e-06,0,0.0015401,-0.0100533
0.000432915,-0.0537336,-1.55235e-05,-4.75457e-06,0,0.00136091,-0.00945584
0,-0.0597092,-1.83518e-05,-5.08928e-06,0,0.00123632,-0.0109558
0,-0.060177,-1.66042e-05,-5.44218e-06,0,0.00113977,-0.0109625
0,-0.0571395,-1.19332e-05,-5.783e-06,0,0.0010552,-0.0103308
0,-0.0510699,-5.07181e-06,-6.04502e-06,0,0.000978086,-0.00911175
0,-0.0400106,5.37945e-06,-6.18076e-06,0,0.000906915,-0.00685266
0,-0.0267175,1.68182e-05,-6.12543e-06,0,0.000841006,-0.00422831
0,-0.0121473,2.80855e-05,-5.84626e-06,0,0.00077991,-0.00137627
0,0.00505665,3.97968e-05,-5.34089e-06,0,0.00072326,0.00203497
0,0.020861,4.80137e-05,-4.60351e-06,0,0.000670728,0.00506068
0,0.0322188,5.0729e-05,-3.68432e-06,0,0.000622014,0.00712972
0,0.039822,4.9867e-05,-2.68331e-06,0,0.000576839,0.00848317
0,0.0401141,4.32e-05,-1.68166e-06,0,0.000534947,0.00830232
0,0.0363982,3.41864e-05,-7.84326e-07,0,0.000496099,0.0074293
0,0.0270975,2.17118e-05,-5.553e-08,0,0.000460073,0.00541661
0,0.0117207,5.78116e-06,4.41079e-07,0,0.000426665,0.00219813
0,-0.00482052,-8.93674e-06,6.36355e-07,0,0.000395684,-0.00110889
0,-0.0214036,-2.15203e-05,5.3121e-07,0,0.000366953,-0.00439077
0,-0.0389264,-3.3172e-05,1.63721e-07,0,0.00034031,-0.00788098
0,-0.0546395,-4.213e-05,-4.41461e-07,0,0.000315602,-0.0109366
0,-0.069685,-4.97757e-05,-1.23927e-06,0,0.000292688,-0.0138919
0,-0.0830608,-5.53325e-05,-2.19656e-06,0,0.000271439,-0.0164896
0,-0.09,-6.46413e-05,-3.27542e-06,0,0.000251734,-0.0183355
0,-0.09,-8.5137e-05,-4.5217e-06,0,0.000233459,-0.0196775
0,-0.09,-7.88874e-05,-6.01949e-06,0,-0.000169273,-0.0205489
0,-0.09,-6.22538e-05,-7.66598e-06,0,-0.00106886,-0.0209806
0,-0.0862687,-3.64651e-05,-9.07739e-06,0,-0.00210334,-0.0204344
0,-0.0765231,-1.39439e-05,-1.02233e-05,0,-0.0031889,-0.0193561
0,-0.0651684,3.9898e-06,-1.06636e-05,0,-0.00431212,-0.0180753
-0.000636522,-0.0524229,1.90248e-05,-1.06376e-05,0,-0.00546043,-0.0165032
-0.00127304,-0.0452623,2.7285e-05,-1.0511e-05,0,-0.00659263,-0.0161551
-0.00199637,-0.0320121,3.91351e-05,-1.02154e-05,0,-0.00766985,-0.014229
-0.00315368,-0.0164462,5.10161e-05,-9.49193e-06,0,-0.00868695,-0.0119097
-0.00431099,-0.00389342,5.80579e-05,-8.53101e-06,0,-0.00964562,-0.0102799
-0.0054683,0.00910657,6.31325e-05,-7.40506e-06,0,-0.0105454,-0.00841022
-0.00662562,0.0214775,6.58087e-05,-6.16778e-06,0,-0.0113852,-0.0066376
-0.00778293,0.0306307,6.49762e-05,-4.86499e-06,0,-0.0121632,-0.00551052
0.00841945,0.0408442,5.11468e-05,-3.56131e-06,0,0.00448238,0.0107886
0.00515004,0.0275225,2.73968e-05,-6.02366e-07,0,0.00385598,0.00767983
0.00381913,0.0174678,1.21734e-05,1.58384e-07,0,0.00333331,0.0054938
0.00312475,0.0121946,4.97303e-06,3.88193e-07,0,0.00289515,0.00431052
0.00245929,0.00764644,2.29354e-07,4.81385e-07,0,0.00252524,0.00320213
0.00147557,0.00357642,-3.19819e-06,5.09002e-07,0,0.00222393,0.00223968
0.000318261,-0.0123616,-1.58179e-05,4.62176e-07,0,0.00199739,-0.00136126
0,-0.0333507,-3.08294e-05,2.08917e-07,0,0.00182926,-0.00574268
0,-0.0461236,-3.7358e-05,-3.32613e-07,0,0.00169029,-0.00812414
0,-0.0578234,-4.24e-05,-1.04713e-06,0,0.00156587,-0.0104876
0,-0.0656511,-4.37954e-05,-1.86992e-06,0,0.00145165,-0.0120043
0,-0.0671211,-3.96809e-05,-2.73885e-06,0,0.00134604,-0.0121952
0,-0.0632055,-3.13624e-05,-3.55304e-06,0,0.00124819,-0.0113492
0,-0.0559351,-2.10072e-05,-4.22188e-06,0,0.00115747,-0.00989585
0,-0.0465341,-9.92176e-06,-4.6938e-06,0,0.00107336,-0.00805322
0,-0.0349482,1.8337e-06,-4.94766e-06,0,0.000995359,-0.00577502
0,-0.0272182,9.13539e-06,-4.96977e-06,0,0.000923032,-0.00442037
0,-0.0219581,1.32595e-05,-4.82357e-06,0,0.000855963,-0.00350795
0,-0.024202,1.03479e-05,-4.579e-06,0,0.000793769,-0.0042082
0,-0.0318192,2.84821e-06,-4.35748e-06,0,0.000736097,-0.00590078
0,-0.0375655,-2.63996e-06,-4.26302e-06,0,0.000682616,-0.00701835
0,-0.0449838,-8.92634e-06,-4.28838e-06,0,0.000633023,-0.00856132
0,-0.0509474,-1.33726e-05,-4.43547e-06,0,0.000587035,-0.00972756
0,-0.0561124,-1.65401e-05,-4.68069e-06,0,0.000544389,-0.0107528
0,-0.0582165,-1.66626e-05,-4.99566e-06,0,0.000504843,-0.0111104
0,-0.0586325,-1.51478e-05,-5.3283e-06,0,0.000468171,-0.0111728
0,-0.059534,-1.40771e-05,-5.63883e-06,0,0.000434164,-0.0113898
0,-0.0599643,-1.27158e-05,-5.92572e-06,0,0.000402628,-0.0114854
0,-0.0606478,-1.16975e-05,-6.18685e-06,0,0.000373384,-0.0116493
0,-0.0608447,-1.03991e-05,-6.42589e-06,0,0.000346265,-0.0116951
0,-0.0629708,-1.08654e-05,-6.64036e-06,0,0.000321116,-0.0121866
0,-0.0578684,-7.71745e-06,-6.85534e-06,0,4.45562e-05,-0.0122155
0,-0.0556231,-5.12285e-06,-7.02543e-06,0,-0.000557262,-0.0124768
0,-0.0500174,6.54632e-07,-7.14086e-06,0,-0.00124678,-0.0119226
0,-0.0424915,7.94272e-06,-7.15665e-06,0,-0.00196444,-0.0110353
0,-0.0381784,1.20757e-05,-7.03424e-06,0,-0.00269633,-0.0109166
0,-0.0334905,1.59752e-05,-6.81339e-06,0,-0.00343677,-0.0106048
-0.000692566,-0.027614,2.03713e-05,-6.51533e-06,0,-0.00416789,-0.010009
-0.00144129,-0.0146247,3.00685e-05,-6.12988e-06,0,-0.00486969,-0.00781661
-0.00219001,-0.00456678,3.60698e-05,-5.577e-06,0,-0.00553559,-0.0064494
-0.00293872,0.00235644,3.8141e-05,-4.88561e-06,0,-0.00616351,-0.00566883
-0.00368744,0.0107542,4.06795e-05,-4.13315e-06,0,-0.00675237,-0.00443226
-0.00443616,0.0168272,4.06342e-05,-3.33225e-06,0,-0.0073012,-0.0037217
-0.00518488,0.0209716,3.89252e-05,-2.51934e-06,0,-0.00780888,-0.00333919
0.00529719,-0.0189258,-8.3048e-06,-1.73229e-06,0,0.0029567,-0.00319384
0.00404309,-0.0368717,-2.1464e-05,-1.77435e-06,0,0.00254028,-0.0060464
0.00357514,-0.0437358,-2.47649e-05,-1.97685e-06,0,0.00217335,-0.0073346
0.00305103,-0.0514238,-2.85898e-05,-2.30706e-06,0,0.00184986,-0.00908088
0.00230231,-0.0645303,-3.62738e-05,-2.85973e-06,0,0.00157244,-0.0119676
0.00155359,-0.067165,-3.43892e-05,-3.54678e-06,0,0.00134633,-0.0123104
0.000804874,-0.0624792,-2.62396e-05,-4.24399e-06,0,0.0011738,-0.0112735
5.6154e-05,-0.0630645,-2.31833e-05,-4.80953e-06,0,0.00105276,-0.0116077
0,-0.0661287,-2.27336e-05,-5.28848e-06,0,0.000965854,-0.0123399
0,-0.0578751,-1.29318e-05,-5.7454e-06,0,0.000892953,-0.0104535
0,-0.0526881,-6.42088e-06,-6.05305e-06,0,0.000827363,-0.00957063
0,-0.0465019,1.24022e-07,-6.21402e-06,0,0.000767069,-0.00837316
0,-0.0348606,1.05301e-05,-6.24426e-06,0,0.000711294,-0.00597479
0,-0.022446,2.06827e-05,-6.08569e-06,0,0.000659609,-0.00355329
0,-0.010138,2.94625e-05,-5.7228e-06,0,0.000611691,-0.00117461
0,0.00123216,3.59228e-05,-5.17745e-06,0,0.000567257,0.000999012
0,0.0100663,3.88032e-05,-4.49129e-06,0,0.000526053,0.00263175
0,0.0157275,3.81739e-05,-3.72963e-06,0,0.000487843,0.00362538
0,0.0189426,3.54062e-05,-2.96301e-06,0,0.00045241,0.00416096
0,0.0183958,2.9876e-05,-2.24105e-06,0,0.000419552,0.00392222
0,0.0137091,2.1722e-05,-1.61588e-06,0,0.000389082,0.00286117
0,0.00478729,1.12387e-05,-1.14067e-06,0,0.000360825,0.00096694
0,-0.00761324,-6.178e-07,-8.63475e-07,0,0.000334622,-0.00158797
0,-0.0206625,-1.13776e-05,-8.16548e-07,0,0.000310322,-0.00418913
0,-0.0341786,-2.11905e-05,-9.90301e-07,0,0.000287788,-0.00687557
0,-0.0468285,-2.92587e-05,-1.36505e-06,0,0.00026689,-0.00935294
0,-0.0588816,-3.60691e-05,-1.90988e-06,0,0.000247511,-0.0117195
0,-0.0686583,-4.02764e-05,-2.59721e-06,0,0.00022954,-0.0135903
0,-0.0762894,-4.21687e-05,-3.3817e-06,0,0.000212874,-0.0150422
0,-0.0794662,-4.00334e-05,-4.21562e-06,0,0.000197419,-0.0155528
0,-0.0757089,-3.49466e-05,-5.02696e-06,0,-9.62282e-05,-0.0159671
0,-0.0719185,-2.80213e-05,-5.75133e-06,0,-0.000749467,-0.0159001
0,-0.0672863,-2.02675e-05,-6.34638e-06,0,-0.00150028,-0.0156712
0,-0.062689,-1.29279e-05,-6.7905e-06,0,-0.00228313,-0.015484
0,-0.0556374,-4.10618e-06,-7.08575e-06,0,-0.00308346,-0.014745
0,-0.048665,3.91685e-06,-7.21814e-06,0,-0.00389991,-0.0140872
-0.000674071,-0.0418394,1.08941e-05,-7.14271e-06,0,-0.00472722,-0.0134474
-0.00115244,-0.0370524,1.56823e-05,-7.05776e-06,0,-0.00553883,-0.0132091
-0.00193524,-0.0322713,1.96677e-05,-6.79942e-06,0,-0.00631132,-0.012883
-0.00280501,-0.0279316,2.25197e-05,-6.426e-06,0,-0.00704176,-0.0126188
-0.00367477,-0.024199,2.42351e-05,-5.98986e-06,0,-0.00772941,-0.012439
-0.00454454,-0.0205478,2.53878e-05,-5.51374e-06,0,-0.00837329,-0.0122192
-0.00541431,-0.0152479,2.75074e-05,-5.01174e-06,0,-0.00897218,-0.0115836
-0.00628408,-0.00983632,2.92306e-05,-4.47325e-06,0,-0.00952459,-0.0109237
0.00589269,-0.0173169,8.62824e-06,-3.89726e-06,0,0.00301775,-0.00200772
0.00343559,-0.0218203,3.01825e-06,-3.30675e-06,0,0.00258191,-0.00263894
0.00260931,-0.025401,-6.15411e-07,-3.21855e-06,0,0.00222431,-0.00352589
0.0020657,-0.0257118,-9.07771e-07,-3.20626e-06,0,0.00192795,-0.00368114
0.00154384,-0.0290653,-3.50896e-06,-3.21569e-06,0,0.00168253,-0.00457911
0.000674071,-0.0320126,-5.50093e-06,-3.27286e-06,0,0.00149009,-0.00525385
0,-0.0427078,-1.37177e-05,-3.37292e-06,0,0.00135082,-0.0076612
0,-0.0511257,-1.94867e-05,-3.60619e-06,0,0.00124454,-0.00932775
0,-0.0514266,-1.77687e-05,-3.96708e-06,0,0.00115196,-0.00922801
0,-0.0530753,-1.70092e-05,-4.33104e-06,0,0.00106769,-0.00965443
0,-0.0537832,-1.55169e-05,-4.67503e-06,0,0.000989955,-0.00982674
0,-0.0472015,-8.00725e-06,-4.99282e-06,0,0.000917978,-0.00838337
0,-0.0371616,1.8828e-06,-5.19052e-06,0,0.000851262,-0.00636438
0,-0.0271743,1.0842e-05,-5.20231e-06,0,0.000789403,-0.00445094
0,-0.0124102,2.2681e-05,-5.03027e-06,0,0.000732044,-0.0014593
0,-0.00115865,2.99951e-05,-4.63584e-06,0,0.000678854,0.000611722
0,0.00952974,3.53022e-05,-4.07251e-06,0,0.000629532,0.00265818
0,0.0133283,3.36902e-05,-3.393e-06,0,0.000583794,0.00317525
0,0.0148509,3.02307e-05,-2.71114e-06,0,0.000541381,0.0033777
0,0.00848149,2.06719e-05,-2.08923e-06,0,0.000502051,0.00187343
0,-0.00070682,1.01631e-05,-1.628e-06,0,0.000465579,-3.95749e-05
0,-0.0135988,-1.92842e-06,-1.37219e-06,0,0.000431758,-0.00270326
0,-0.0247483,-1.10199e-05,-1.3503e-06,0,0.000400395,-0.00486916
0,-0.0333727,-1.69366e-05,-1.52524e-06,0,0.000371311,-0.00651509
0,-0.0392397,-1.98747e-05,-1.83439e-06,0,0.000344341,-0.00761101
0,-0.0457152,-2.29527e-05,-2.21719e-06,0,0.000319331,-0.00891985
0,-0.0515931,-2.52335e-05,-2.66086e-06,0,0.000296138,-0.0100759
0,-0.0583092,-2.79703e-05,-3.15412e-06,0,0.00027463,-0.0114357
0,-0.0651445,-3.0548e-05,-3.69985e-06,0,0.000254685,-0.0127976
0,-0.0695001,-3.07568e-05,-4.29792e-06,0,0.000236189,-0.0135978
0,-0.0690583,-2.94511e-05,-4.91201e-06,0,-5.25824e-05,-0.0146939
0,-0.0710119,-2.81141e-05,-5.50756e-06,0,-0.000690794,-0.0158069
0,-0.071865,-2.52596e-05,-6.07653e-06,0,-0.00142361,-0.0166275
0,-0.067988,-1.82545e-05,-6.59599e-06,0,-0.00218714,-0.0164214
0,-0.0681582,-1.50164e-05,-6.99611e-06,0,-0.00296654,-0.0172515
0,-0.0650785,-9.43936e-06,-7.31263e-06,0,-0.0037561,-0.0172191
-0.000667346,-0.0600964,-2.75628e-06,-7.5293e-06,0,-0.00453823,-0.0168228
-0.00147625,-0.0496283,7.86199e-06,-7.61784e-06,0,-0.00529148,-0.0152139
-0.00228516,-0.0374257,1.90116e-05,-7.51369e-06,0,-0.00600714,-0.0133338
-0.00309406,-0.0317947,2.35599e-05,-7.18921e-06,0,-0.00668251,-0.0129418
-0.00390296,-0.0252849,2.77786e-05,-6.74075e-06,0,-0.00731631,-0.0121285
-0.00471187,-0.0169517,3.2658e-05,-6.20627e-06,0,-0.00790745,-0.0108898
-0.00552077,-0.00862954,3.65484e-05,-5.57751e-06,0,-0.0084547,-0.00966257
0.00580389,-0.0530363,-1.46501e-05,-4.86599e-06,0,0.00317694,-0.00990695
0.00448942,-0.0579695,-1.82021e-05,-5.08613e-06,0,0.00272657,-0.00970898
0.00400408,-0.0601345,-1.82771e-05,-5.2868e-06,0,0.002328,-0.0103328
0.00337718,-0.0639897,-1.95654e-05,-5.56972e-06,0,0.00197623,-0.0113654
0.00256827,-0.068909,-2.13853e-05,-5.95458e-06,0,0.00167486,-0.0125349
0.00175937,-0.0691167,-1.90293e-05,-6.37228e-06,0,0.0014287,-0.012574
0.000950463,-0.0569219,-6.28485e-06,-6.76464e-06,0,0.00124007,-0.00992593
0.000141558,-0.0486471,2.26723e-06,-6.95406e-06,0,0.00110711,-0.00848615
0,-0.048683,2.82814e-06,-6.95148e-06,0,0.0010128,-0.00879112
0,-0.043896,6.84472e-06,-6.89772e-06,0,0.000935582,-0.00777166
0,-0.0401816,9.66322e-06,-6.78091e-06,0,0.000866659,-0.00712442
0,-0.0357472,1.2682e-05,-6.60174e-06,0,0.000803447,-0.00628124
0,-0.0282086,1.79279e-05,-6.36319e-06,0,0.000745014,-0.00475735
0,-0.0162184,2.63558e-05,-6.03086e-06,0,0.000690876,-0.00231745
0,-0.00370447,3.41806e-05,-5.54589e-06,0,0.000640685,0.000117688
0,0.0105856,4.20016e-05,-4.9014e-06,0,0.000594145,0.00293994
0,0.0232923,4.68184e-05,-4.10047e-06,0,0.000550988,0.005359
0,0.0343138,4.92466e-05,-3.18819e-06,0,0.000510968,0.00744644
0,0.0421557,4.87786e-05,-2.2154e-06,0,0.000473856,0.00886924
0,0.0442756,4.38421e-05,-1.23749e-06,0,0.00043944,0.00909806
0,0.0399546,3.43018e-05,-3.35961e-07,0,0.000407526,0.00804294
0,0.0309478,2.20549e-05,3.97775e-07,0,0.00037793,0.00611828
0,0.0173644,7.50706e-06,9.00108e-07,0,0.000350484,0.00329903
0,0.000601801,-7.75835e-06,1.12299e-06,0,0.000325033,-0.000104002
0,-0.0156019,-2.03137e-05,1.04415e-06,0,0.000301431,-0.00329046
0,-0.0328693,-3.18697e-05,7.00652e-07,0,0.000279543,-0.00673033
0,-0.0499004,-4.18685e-05,1.21039e-07,0,0.000259245,-0.0100859
0,-0.0662552,-5.04664e-05,-6.66338e-07,0,0.000240422,-0.0132951
0,-0.0802345,-5.63466e-05,-1.63268e-06,0,0.000222967,-0.0159885
0,-0.0897356,-5.78973e-05,-2.73021e-06,0,0.000206779,-0.0177417
0,-0.09,-5.80142e-05,-3.8804e-06,0,-0.000150672,-0.0193936
0,-0.0888184,-4.94885e-05,-5.04004e-06,0,-0.000949168,-0.0197415
0,-0.08333,-3.76758e-05,-6.11507e-06,0,-0.00186746,-0.0194043
0,-0.0776767,-2.677e-05,-6.92765e-06,0,-0.0028252,-0.0191641
0,-0.0688094,-1.42178e-05,-7.51758e-06,0,-0.0038045,-0.0182072
0,-0.0589361,-2.03573e-06,-7.8647e-06,0,-0.0048015,-0.017102
-0.000239925,-0.0484393,9.3248e-06,-7.96632e-06,0,-0.0058068,-0.0158576
-0.00178611,-0.0343751,2.2193e-05,-7.7527e-06,0,-0.00679669,-0.013803
-0.003199,-0.0250803,2.94311e-05,-7.23536e-06,0,-0.00774883,-0.0128732
-0.00378549,-0.0186596,3.40425e-05,-6.94781e-06,0,-0.00865038,-0.0123947
-0.00450526,-0.013251,3.7056e-05,-6.5113e-06,0,-0.00949517,-0.0120161
-0.0055716,-0.00551453,4.05178e-05,-5.78524e-06,0,-0.010284,-0.0110366
-0.00663793,0.000651186,4.14748e-05,-4.9922e-06,0,-0.0110171,-0.0104227
-0.00770427,0.00477729,4.01089e-05,-4.16748e-06,0,-0.0116931,-0.0101671
0.00722442,-0.0187771,2.45612e-06,-3.35848e-06,0,0.0036849,-0.0023961
0.00421202,-0.0373989,-1.32848e-05,-3.03144e-06,0,0.00315163,-0.00570731
0.00325232,-0.0428905,-1.65898e-05,-3.19186e-06,0,0.00271339,-0.00667668
0.00266584,-0.0472783,-1.87445e-05,-3.35783e-06,0,0.00234754,-0.00774345
0.00189274,-0.0514267,-2.04382e-05,-3.61885e-06,0,0.00204441,-0.00873321
0.000826409,-0.0583538,-2.39833e-05,-4.01914e-06,0,0.00180893,-0.010303
0,-0.0647202,-2.66775e-05,-4.48108e-06,0,0.00163925,-0.0116444
0,-0.0689511,-2.72132e-05,-5.00116e-06,0,0.00151011,-0.0125086
0,-0.065532,-2.1126e-05,-5.54275e-06,0,0.00139774,-0.0117059
0,-0.0622951,-1.55512e-05,-5.99571e-06,0,0.00129547,-0.0111532
0,-0.0595061,-1.09326e-05,-6.33739e-06,0,0.00120115,-0.0106903
0,-0.0526055,-3.40242e-06,-6.57914e-06,0,0.00111382,-0.0092856
0,-0.042242,6.36817e-06,-6.68483e-06,0,0.00103287,-0.00721384
0,-0.0335065,1.39015e-05,-6.60632e-06,0,0.000957814,-0.00560092
0,-0.0199714,2.44922e-05,-6.36596e-06,0,0.000888218,-0.00285957
0,-0.0078812,3.26325e-05,-5.92907e-06,0,0.000823682,-0.000574196
0,0.00695271,4.14622e-05,-5.31712e-06,0,0.000763836,0.00237195
0,0.0163592,4.39023e-05,-4.53203e-06,0,0.000708341,0.0040247
0,0.0229557,4.32236e-05,-3.66618e-06,0,0.00065688,0.00520214
0,0.0239316,3.78595e-05,-2.79831e-06,0,0.000609159,0.00519879
0,0.0190147,2.8407e-05,-2.0143e-06,0,0.000564907,0.00403252
0,0.00928295,1.63398e-05,-1.3989e-06,0,0.00052387,0.00195296
0,-0.0042591,2.8507e-06,-1.01177e-06,0,0.000485816,-0.000844714
0,-0.0182745,-9.15114e-06,-8.87312e-07,0,0.000450528,-0.00363925
0,-0.0326484,-1.99394e-05,-1.01033e-06,0,0.000417804,-0.006499
0,-0.0473961,-2.98986e-05,-1.35517e-06,0,0.000387458,-0.00943083
0,-0.0620956,-3.8917e-05,-1.90335e-06,0,0.000359317,-0.0123396
0,-0.0731679,-4.39808e-05,-2.6366e-06,0,0.000333221,-0.0144332
0,-0.0836057,-4.78923e-05,-3.49089e-06,0,0.000309021,-0.0164849
0,-0.0822082,-4.45061e-05,-4.42918e-06,0,-3.12774e-05,-0.0174165
0,-0.0831155,-4.07578e-05,-5.33624e-06,0,-0.000780339,-0.0184364
0,-0.0797639,-3.28375e-05,-6.17013e-06,0,-0.00164001,-0.0184634
0,-0.0737894,-2.28741e-05,-6.86649e-06,0,-0.00253571,-0.0180315
0,-0.0635925,-1.00053e-05,-7.37378e-06,0,-0.00345075,-0.0167237
0,-0.055437,3.15717e-08,-7.63823e-06,0,-0.00438104,-0.0159798
-0.000319253,-0.044881,1.09481e-05,-7.68779e-06,0,-0.00531582,-0.0146119
-0.00130157,-0.0349132,2.02532e-05,-7.52341e-06,0,-0.00623016,-0.013407
-0.00228389,-0.0237346,2.94148e-05,-7.16487e-06,0,-0.00710391,-0.0118719
-0.00348723,-0.00849273,4.01266e-05,-6.49002e-06,0,-0.00793205,-0.009417
-0.00424852,0.000891656,4.48625e-05,-5.92161e-06,0,-0.00871182,-0.00834405
-0.00523084,0.00819366,4.62203e-05,-5.04804e-06,0,-0.00944084,-0.00752772
-0.00621316,0.0180199,4.89073e-05,-4.13043e-06,0,-0.0101182,-0.00603612
-0.00719548,0.0134648,3.89659e-05,-3.16572e-06,0,-0.0107425,-0.00779481
0.00655697,-0.0289207,-1.5499e-05,-2.18757e-06,0,0.00342318,-0.00517624
0.00434676,-0.0348544,-1.65193e-05,-2.56299e-06,0,0.00292494,-0.0050342
0.00361002,-0.0317192,-1.07015e-05,-2.80568e-06,0,0.00250276,-0.004431
0.0026277,-0.034804,-1.0921e-05,-3.0488e-06,0,0.00214823,-0.00541271
0.00164538,-0.0359726,-9.96844e-06,-3.26612e-06,0,0.00186427,-0.00574143
0.000663065,-0.0273455,-1.13211e-06,-3.47025e-06,0,0.00165106,-0.00388827
0,-0.0275862,-4.9889e-07,-3.53708e-06,0,0.00149832,-0.0042821
0,-0.0301097,-2.1806e-06,-3.55022e-06,0,0.00138085,-0.00492719
0,-0.0335486,-4.64192e-06,-3.58542e-06,0,0.00127826,-0.00570623
0,-0.0395883,-9.11107e-06,-3.66596e-06,0,0.00118478,-0.00703788
0,-0.0408645,-9.2668e-06,-3.82583e-06,0,0.00109853,-0.00722068
0,-0.0372392,-5.13133e-06,-4.01039e-06,0,0.00101867,-0.00643161
0,-0.0313298,6.97589e-07,-4.13369e-06,0,0.00094464,-0.00526297
0,-0.0235296,7.56369e-06,-4.14889e-06,0,0.000876001,-0.00372976
0,-0.0182758,1.15297e-05,-4.03194e-06,0,0.000812354,-0.00281811
0,-0.0156878,1.26098e-05,-3.82118e-06,0,0.000753333,-0.0024301
0,-0.0134115,1.3087e-05,-3.57546e-06,0,0.000698602,-0.0020337
0,-0.0127563,1.2036e-05,-3.31611e-06,0,0.00064785,-0.00198967
0,-0.0125834,1.06191e-05,-3.07013e-06,0,0.000600786,-0.0020055
0,-0.0137094,8.26295e-06,-2.85067e-06,0,0.000557143,-0.00229695
0,-0.017086,4.31835e-06,-2.67363e-06,0,0.000516672,-0.00305501
0,-0.0229706,-1.23567e-06,-2.56754e-06,0,0.000479142,-0.00431088
0,-0.02794,-5.40205e-06,-2.56448e-06,0,0.000444339,-0.00528837
0,-0.0336128,-9.6352e-06,-2.65169e-06,0,0.000412066,-0.00644774
0,-0.0394397,-1.35218e-05,-2.82323e-06,0,0.000382138,-0.00762009
0,-0.0446484,-1.6464e-05,-3.07423e-06,0,0.000354384,-0.00864755
0,-0.0492439,-1.85411e-05,-3.3888e-06,0,0.000328647,-0.00955307
0,-0.0529638,-1.96129e-05,-3.74924e-06,0,0.00030478,-0.0102777
0,-0.0564383,-2.03028e-05,-4.13614e-06,0,0.000282647,-0.0109706
0,-0.0562061,-1.99402e-05,-4.53875e-06,0,4.05492e-05,-0.0118998
0,-0.0558154,-1.76649e-05,-4.93936e-06,0,-0.00048613,-0.0123631
0,-0.0535915,-1.34087e-05,-5.30404e-06,0,-0.00108956,-0.0124375
0,-0.0502868,-8.2879e-06,-5.59349e-06,0,-0.00171768,-0.0123254
0,-0.043657,-7.03587e-07,-5.78486e-06,0,-0.00235854,-0.0114925
0,-0.0377376,5.6901e-06,-5.83685e-06,0,-0.00300806,-0.0108993
-0.000450317,-0.032609,1.07136e-05,-5.75501e-06,0,-0.0036539,-0.0104418
-0.00111745,-0.0274092,1.51027e-05,-5.56586e-06,0,-0.00427863,-0.00991888
-0.00203477,-0.0225829,1.81399e-05,-5.17248e-06,0,-0.00487432,-0.00945698
-0.00298544,-0.0153635,2.22401e-05,-4.67068e-06,0,-0.00543853,-0.00841261
-0.00346911,-0.0105674,2.44053e-05,-4.3687e-06,0,-0.00596794,-0.00794618
-0.00383604,-0.00698076,2.57487e-05,-4.11215e-06,0,-0.00646079,-0.00765209
-0.00445314,-0.00387413,2.60055e-05,-3.64251e-06,0,-0.00691696,-0.00739654
0.00488678,-0.0271786,-4.43791e-06,-3.12369e-06,0,0.00267123,-0.00450453
0.00320226,-0.0376557,-1.22126e-05,-3.19559e-06,0,0.00230062,-0.00612412
0.0027853,-0.0418632,-1.43738e-05,-3.30937e-06,0,0.00198117,-0.00698849
0.00221823,-0.0461724,-1.63145e-05,-3.54292e-06,0,0.00170508,-0.00800859
0.00155109,-0.0498054,-1.73817e-05,-3.85951e-06,0,0.00147457,-0.00883259
0.000883956,-0.0486302,-1.42655e-05,-4.2018e-06,0,0.00129249,-0.00856567
0.000216819,-0.0461287,-1.02082e-05,-4.50269e-06,0,0.00115801,-0.00811555
0,-0.0474353,-9.72235e-06,-4.72714e-06,0,0.00105917,-0.00854629
0,-0.0426233,-4.35278e-06,-4.92402e-06,0,0.000978351,-0.00748805
0,-0.0398029,-1.01388e-06,-5.03792e-06,0,0.000906243,-0.00704479
0,-0.0387253,4.13478e-07,-5.0749e-06,0,0.000840121,-0.00693285
0,-0.0355709,3.27136e-06,-5.07376e-06,0,0.000779,-0.00630146
0,-0.0311555,6.89672e-06,-5.02263e-06,0,0.000722374,-0.00544186
0,-0.0199259,1.5795e-05,-4.90282e-06,0,0.000669878,-0.00308359
0,-0.00614771,2.58925e-05,-4.63141e-06,0,0.000621202,-0.000341794
0,0.0100297,3.64096e-05,-4.16405e-06,0,0.000576065,0.00286996
0,0.0215408,4.10827e-05,-3.48844e-06,0,0.00053421,0.00496821
0,0.0292268,4.16451e-05,-2.69015e-06,0,0.000495397,0.00634087
0,0.0338832,3.96276e-05,-1.86006e-06,0,0.000459405,0.00714277
0,0.0313615,3.2013e-05,-1.05742e-06,0,0.00042603,0.00641932
0,0.0259105,2.301e-05,-3.79089e-07,0,0.00039508,0.00524181
0,0.0140338,9.86657e-06,1.26126e-07,0,0.00036638,0.00270487
0,0.00100984,-2.44853e-06,3.89175e-07,0,0.000339765,9.2858e-05
0,-0.0128241,-1.36931e-05,4.14095e-07,0,0.000315085,-0.00266735
0,-0.0273805,-2.39034e-05,1.96455e-07,0,0.000292199,-0.00556566
0,-0.040442,-3.16217e-05,-2.3056e-07,0,0.000270975,-0.00810645
0,-0.051231,-3.66991e-05,-8.24403e-07,0,0.000251294,-0.0101776
0,-0.0612136,-4.06667e-05,-1.533e-06,0,0.000233043,-0.0121305
0,-0.0646104,-3.87248e-05,-2.32649e-06,0,0.000216118,-0.0126254
0,-0.0707498,-3.92009e-05,-3.1107e-06,0,0.000200423,-0.0139212
0,-0.0749619,-3.8116e-05,-3.89234e-06,0,0.000185868,-0.0147057
0,-0.0774727,-3.57069e-05,-4.66008e-06,0,0.000172371,-0.0151616
0,-0.0800713,-3.3618e-05,-5.38626e-06,0,0.000159854,-0.0156843
0,-0.0857562,-3.44155e-05,-6.06907e-06,0,0.000148246,-0.0168973
0,-0.09,-3.89273e-05,-6.75339e-06,0,0.000137482,-0.0180235
0,-0.09,-4.54801e-05,-7.50938e-06,0,0.0001275,-0.0184776
0,-0.09,-4.31071e-05,-8.35345e-06,0,0.000118243,-0.0183009
0,-0.0867692,-2.58759e-05,-9.23933e-06,0,0.000109658,-0.0168748
0,-0.0781711,-1.00074e-05,-9.92916e-06,0,0.000101697,-0.0150401
0,-0.0669768,3.91796e-06,-1.02086e-05,0,9.43144e-05,-0.012773
0,-0.0553474,1.5536e-05,-1.01999e-05,0,8.74678e-05,-0.0104808
0,-0.0441623,2.48711e-05,-9.94729e-06,0,8.11184e-05,-0.00830031
0,-0.0325857,3.32073e-05,-9.49654e-06,0,7.52301e-05,-0.00601899
0,-0.0240489,3.79529e-05,-8.87407e-06,0,6.97695e-05,-0.00443136
0,-0.0174516,3.99827e-05,-8.13874e-06,0,6.47054e-05,-0.00319353
0,-0.0148449,3.78665e-05,-7.34924e-06,0,6.00091e-05,-0.00279739
0,-0.0157384,3.25221e-05,-6.58133e-06,0,5.56538e-05,-0.00307495
0,-0.0177931,2.64751e-05,-5.90416e-06,0,5.16147e-05,-0.00351453
0,-0.0183,2.22845e-05,-5.34443e-06,0,4.78689e-05,-0.00357342
0,-0.0148263,2.19449e-05,-4.87778e-06,0,4.43951e-05,-0.00278131
0,-0.00576755,2.64195e-05,-4.43719e-06,0,4.11735e-05,-0.000846366
0,0.00380861,3.0801e-05,-3.93117e-06,0,3.81858e-05,0.00104764
0,0.0112281,3.26278e-05,-3.33706e-06,0,3.5415e-05,0.00244268
0,0.0154757,3.14264e-05,-2.69364e-06,0,3.28454e-05,0.00318596
0,0.0177851,2.87583e-05,-2.0591e-06,0,3.04623e-05,0.00358331
0,0.0180718,2.48116e-05,-1.47059e-06,0,2.82521e-05,0.00358094
0,0.0153732,1.89772e-05,-9.54628e-07,0,2.62024e-05,0.00296496
0,0.0118206,1.32677e-05,-5.45913e-07,0,2.43015e-05,0.00224136
0,0.00608819,6.56758e-06,-2.52012e-07,0,2.25386e-05,0.00105214
0,-0.000202925,3.6024e-07,-8.71597e-08,0,2.09036e-05,-0.000201069
0,-0.00621157,-4.71716e-06,-4.89181e-08,0,1.93873e-05,-0.00137498
0,-0.0117066,-8.63522e-06,-1.17874e-07,0,1.7981e-05,-0.00244136
0,-0.0165909,-1.14931e-05,-2.70989e-07,0,1.66768e-05,-0.00338494
0,-0.0213221,-1.38367e-05,-4.86562e-07,0,1.54672e-05,-0.00431122
0,-0.0268322,-1.65349e-05,-7.51578e-07,0,1.43454e-05,-0.00541678
0,-0.0316616,-1.83777e-05,-1.06878e-06,0,1.3305e-05,-0.00634738
0,-0.0367146,-2.02257e-05,-1.42712e-06,0,1.23401e-05,-0.00734736
0,-0.0404446,-2.08177e-05,-1.8224e-06,0,1.14452e-05,-0.0080437
0,-0.0415057,-1.91286e-05,-2.23579e-06,0,1.06153e-05,-0.00817763
0,-0.040998,-1.62666e-05,-2.62681e-06,0,9.84551e-06,-0.00803426
0,-0.0387893,-1.2263e-05,-2.96645e-06,0,9.1316e-06,-0.00755286
0,-0.0355231,-7.77956e-06,-3.23173e-06,0,8.46949e-06,-0.00688176
0,-0.0318998,-3.48534e-06,-3.40974e-06,0,7.85541e-06,-0.00616018
0,-0.0282674,3.18374e-07,-3.50521e-06,0,7.28588e-06,-0.00544659
0,-0.0251264,3.20939e-06,-3.51786e-06,0,6.75766e-06,-0.00484365
0,-0.0223119,5.39894e-06,-3.46813e-06,0,6.26775e-06,-0.00430016
0,-0.0201825,6.67114e-06,-3.3711e-06,0,5.81338e-06,-0.00390139
0,-0.0195098,6.49485e-06,-3.24404e-06,0,5.39196e-06,-0.00381059
0,-0.0197102,5.5271e-06,-3.11326e-06,0,5.00111e-06,-0.00387487
0,-0.0198241,4.69245e-06,-2.99788e-06,0,4.63861e-06,-0.00389508
0,-0.0206389,3.36588e-06,-2.89985e-06,0,4.30239e-06,-0.00407521
0,-0.0216136,2.05365e-06,-2.8259e-06,0,3.99056e-06,-0.00427149
0,-0.0237205,-3.39194e-08,-2.77827e-06,0,3.70134e-06,-0.00471761
0,-0.0257925,-1.85682e-06,-2.76851e-06,0,3.43309e-06,-0.00512398
0,-0.0280384,-3.59503e-06,-2.79653e-06,0,3.18429e-06,-0.0055704
0,-0.0299067,-4.80392e-06,-2.85974e-06,0,2.95354e-06,-0.00592707
0,-0.0319205,-5.96602e-06,-2.94978e-06,0,2.73951e-06,-0.00632705
0,-0.0333825,-6.52407e-06,-3.06329e-06,0,2.541e-06,-0.00659894
0,-0.0344825,-6.68689e-06,-3.19098e-06,0,2.35688e-06,-0.00680502
0,-0.0360139,-7.16604e-06,-3.3239e-06,0,2.18611e-06,-0.00711822
0,-0.0358221,-6.16311e-06,-3.46483e-06,0,2.02772e-06,-0.0070321
0,-0.0369778,-6.32946e-06,-3.5931e-06,0,1.88081e-06,-0.0072973
0,-0.0380252,-6.43205e-06,-3.71886e-06,0,1.74455e-06,-0.00750016
0,-0.0382354,-5.83224e-06,-3.84699e-06,0,1.61817e-06,-0.00751796
0,-0.0389623,-5.70034e-06,-3.96663e-06,0,1.50095e-06,-0.00767544
0,-0.0377234,-3.96238e-06,-4.0813e-06,0,1.39222e-06,-0.0073767
0,-0.0370242,-2.78859e-06,-4.16924e-06,0,1.29138e-06,-0.00725459
0,-0.0357723,-1.30237e-06,-4.23088e-06,0,1.19784e-06,-0.00699309
0,-0.0344905,5.26449e-08,-4.26436e-06,0,1.11108e-06,-0.00674044
0,-0.0326856,1.6786e-06,-4.27008e-06,0,1.03061e-06,-0.00637109
0,-0.0306063,3.35127e-06,-4.24464e-06,0,9.55969e-07,-0.00595484
0,-0.0288925,4.51836e-06,-4.18597e-06,0,8.86738e-07,-0.00562843
0,-0.0277223,5.05615e-06,-4.10144e-06,0,8.22522e-07,-0.00541384
0,-0.0273387,4.82344e-06,-4.00301e-06,0,7.6296e-07,-0.00536067
0,-0.0269577,4.5558e-06,-3.90537e-06,0,7.07713e-07,-0.00528593
0,-0.0262924,4.53323e-06,-3.81292e-06,0,6.56468e-07,-0.00514721
0,-0.0257562,4.40678e-06,-3.72214e-06,0,6.08936e-07,-0.00504554
0,-0.0264269,3.28666e-06,-3.63338e-06,0,5.64848e-07,-0.00521137
0,-0.0267369,2.55496e-06,-3.56204e-06,0,5.23953e-07,-0.00526215
0,-0.0268953,2.04456e-06,-3.50728e-06,0,4.86021e-07,-0.00528903
0,-0.0273804,1.33715e-06,-3.46384e-06,0,4.50836e-07,-0.00539359
0,-0.0281519,4.74518e-07,-3.43356e-06,0,4.182e-07,-0.0055533
0,-0.0296252,-8.71969e-07,-3.41976e-06,0,3.87927e-07,-0.0058626
0,-0.0311195,-2.09632e-06,-3.43046e-06,0,3.59848e-07,-0.00615683
