-0.215,0,-0.204999,0,-0.215
-0.215,0,-0.204999,0,-0.230695
-0.215,0,-0.204999,0,-0.230683
-0.215,0,-0.204999,0,-0.230707
-0.215,0,-0.204999,0,-0.230691
-0.215,0,-0.204999,0,-0.230701
-0.215,0,-0.204999,0,-0.230701
-0.215,0,-0.204999,0,-0.2307
-0.215,0,-0.204999,0,-0.230701
-0.215,0,-0.204999,0,-0.230691
-0.215,0,-0.204999,0,-0.230676
-0.215,0,-0.204999,0,-0.230697
-0.215,0,-0.204999,0,-0.230742
-0.215,0,-0.204999,0,-0.230779
-0.215,0,-0.204999,0,-0.230724
-0.215,0,-0.204999,0,-0.230677
-0.215,0,-0.204999,0,-0.230556
-0.215,0,-0.204999,0,-0.23041
-0.215,0,-0.204999,0,-0.230511
-0.215,0,-0.204999,0,-0.23055
-0.215,0,-0.204999,0,-0.230517
-0.215,0,-0.204999,0,-0.230478
-0.215,0,-0.204999,0,-0.23049
-0.215,0,-0.204999,0,-0.230526
-0.215,0,-0.204999,0,-0.230613
-0.215,0,-0.204999,0,-0.230756
-0.215,0,-0.204999,0,-0.230755
-0.215,0,-0.204999,0,-0.230633
-0.215,0,-0.204999,0,-0.230607
-0.215,0,-0.204999,0,-0.230627
-0.215,0,-0.204999,0,-0.230652
-0.215,0,-0.204999,0,-0.230567
-0.215,0,-0.204999,0,-0.230584
-0.215,0,-0.204999,0,-0.230928
-0.215,0,-0.204999,0,-0.231003
-0.215,0,-0.204999,0,-0.231108
-0.215,0,-0.204999,0,-0.231179
-0.215,0,-0.204999,0,-0.231378
-0.215,0,-0.204999,0,-0.23146
-0.215,0,-0.204999,0,-0.231696
-0.215,0,-0.204999,0,-0.231493
-0.215,0,-0.204999,0,-0.231592
-0.215,0,-0.204999,0,-0.231589
-0.215,0,-0.204999,0,-0.231554
-0.215,0,-0.204999,0,-0.231433
-0.215,0,-0.204999,0,-0.231307
-0.215,0,-0.204999,0,-0.231161
-0.215,0,-0.204999,0,-0.231004
-0.215,0,-0.204999,0,-0.230718
-0.215,0,-0.204999,0,-0.230764
-0.215,0,-0.204999,0,-0.230689
-0.215,0,-0.204999,0,-0.230673
-0.215,0,-0.204999,0,-0.230616
-0.215,0,-0.204999,0,-0.23054
-0.215,0,-0.204999,0,-0.230631
-0.215,0,-0.204999,0,-0.230593
-0.215,0,-0.204999,0,-0.230522
-0.215,0,-0.204999,0,-0.230487
-0.215,0,-0.204999,0,-0.230503
-0.215,0,-0.204999,0,-0.230637
-0.215,0,-0.204999,0,-0.230766
-0.215,0,-0.204999,0,-0.230789
-0.215,0,-0.204999,0,-0.231163
-0.215,0,-0.204999,0,-0.23153
-0.215,0,-0.204999,0,-0.232037
-0.215,0,-0.204999,0,-0.232469
-0.215,0,-0.204999,0,-0.232824
-0.215,0,-0.204999,0,-0.233174
-0.215,0,-0.204999,0,-0.233267
-0.215,0,-0.204999,0,-0.233238
-0.215,0,-0.204999,0,-0.23326
-0.215,0,-0.204999,0,-0.233147
-0.215,0,-0.204999,0,-0.23288
-0.215,0,-0.204999,0,-0.232591
-0.215,0,-0.204999,0,-0.232224
-0.215,0,-0.204999,0,-0.231817
-0.215,0,-0.204999,0,-0.231441
-0.215,0,-0.204999,0,-0.231234
-0.215,0,-0.204999,0,-0.23108
-0.215,0,-0.204999,0,-0.230911
-0.215,0,-0.204999,0,-0.230781
-0.215,0,-0.204999,0,-0.230751
-0.215,0,-0.204999,0,-0.23084
-0.215,0,-0.204999,0,-0.230881
-0.215,0,-0.204999,0,-0.230967
-0.215,0,-0.204999,0,-0.23076
-0.215,0,-0.204999,0,-0.230692
-0.215,0,-0.204999,0,-0.230558
-0.215,0,-0.204999,0,-0.230577
-0.215,0,-0.204999,0,-0.230772
-0.215,0,-0.204999,0,-0.230975
-0.215,0,-0.204999,0,-0.231674
-0.215,0,-0.204999,0,-0.232061
-0.215,0,-0.204999,0,-0.232379
-0.215,0,-0.204999,0,-0.232536
-0.215,0,-0.204999,0,-0.232874
-0.215,0,-0.204999,0,-0.233229
-0.215,0,-0.204999,0,-0.233137
-0.215,0,-0.204999,0,-0.232996
-0.215,0,-0.204999,0,-0.215
-0.215,0,-0.204999,0,-0.215
-0.215,0,-0.204999,0,-0.215
-0.215,0,-0.204999,0,-0.215
-0.215,0,-0.204999,0,-0.215
-0.215,0,-0.204999,0,-0.215
-0.215,0,-0.204999,0,-0.215
-0.215,0,-0.204999,0,-0.215
-0.215,0,-0.205032,0,-0.229393
-0.215,0,-0.205126,-0,-0.223897
-0.215,0,-0.205279,-0,-0.22252
-0.215,0,-0.205485,-0,-0.222373
-0.215,0,-0.20574,-0,-0.222209
-0.215,0,-0.206039,-0,-0.221556
-0.215,0,-0.206378,-0,-0.22104
-0.215,0,-0.206753,-0,-0.220897
-0.215,0,-0.207159,-0,-0.221067
-0.215,0,-0.207592,-0,-0.22124
-0.215,0,-0.208047,-0,-0.221529
-0.215,0,-0.208519,-0,-0.221477
-0.215,0,-0.209005,-0,-0.221285
-0.215,0,-0.2095,-0,-0.220781
-0.215,0,-0.209999,-0,-0.220041
-0.215,0,-0.210499,-0,-0.218985
-0.215,0,-0.210994,-0,-0.217696
-0.215,0,-0.21148,-0,-0.216514
-0.215,0,-0.211952,-0,-0.215285
-0.215,0,-0.212284,-0,-0.215
-0.215,0,-0.212723,-0,-0.215
-0.215,0,-0.213246,-0,-0.215
-0.215,0,-0.213621,-0,-0.215
-0.215,0,-0.21396,-0,-0.215
-0.215,0,-0.214259,-0,-0.215
-0.215,0,-0.214514,-0,-0.215
-0.215,0,-0.214715,-0,-0.215
-0.215,0,-0.214873,-0,-0.215
-0.215,0,-0.214967,-0,-0.215
-0.215,0,-0.215,-0,-0.215
-0.215,0,-0.215,-0,-0.215
-0.215,0,-0.215,0,-0.215
-0.215,0,-0.215,0,-0.215
-0.215,0,-0.215,0,-0.215
-0.215,0,-0.215,0,-0.215
-0.215,0,-0.215,0,-0.215
-0.215,0,-0.215,0,-0.215
0.235,0.209097,0,0,0.235
0.235,0.209097,0,0,0.235
0.235,0.209097,0,0,0.235
0.235,0.209097,0,0,0.235
0.235,0.209097,0,0,0.235
0.235,0.209097,0,0,0.235
0.235,0.209097,0,0,0.235
0.282532,0.209097,0,0,0.235
0.282422,0.209362,0,0,0.251958
0.208,0.209083,0,0.0109256,0.246088
0.206123,0.209018,0,0.0114295,0.244694
0.203402,0.208831,0,0.00909861,0.244303
0.199727,0.20843,0,0.00614405,0.243583
0.195521,0.207748,0,0.00283385,0.242687
0.190776,0.206681,0,-3.92378e-05,0.240815
0.186598,0.205299,0,-0.00245226,0.23905
0.183241,0.203703,0,-0.00451174,0.237753
0.183039,0.20253,0,-0.00721991,0.237329
0.187262,0.202625,0,-0.0101075,0.237329
0.190889,0.202881,0,-0.01272,0.237913
0.195024,0.203609,0,-0.0157853,0.2388
0.206792,0.20807,0,-0.0218461,0.239446
0.210853,0.209969,0,-0.0269768,0.239962
0.212907,0.211198,0,-0.0317619,0.239892
0.212611,0.211224,0,-0.0366482,0.239175
0.211982,0.211,0,-0.0422172,0.238684
0.209846,0.20963,0,-0.0599841,0.236697
0.211755,0.211158,0,-0.0599841,0.236697
0.207231,0.207562,0,-0.0668753,0.235885
0.20436,0.205012,0,-0.0695807,0.235
0.203647,0.205813,0,-0.0699972,0.235
0.204228,0.205704,0,-0.0699965,0.235
0.20457,0.205606,0,-0.0699952,0.235
0.205254,0.20553,0,-0.0699931,0.235365
0.206815,0.205477,0,-0.0699869,0.236166
0.208201,0.205451,0,-0.0699518,0.23748
0.212857,0.205451,0,-0.067498,0.235
0.212857,0.205451,0,0,0.235
0.212857,0.205451,0,0,0.235
0.212857,0.205451,0,0,0.235
0.212857,0.205451,0,0,0.235
0.212857,0.205451,0,0,0.235
0.212857,0.205451,0,0,0.235
0.212857,0.205451,0,0,0.235
-0.245,0,-0.189616,0,-0.245
-0.245,0,-0.189616,0,-0.245
-0.245,0,-0.189616,0,-0.245
-0.245,0,-0.189616,0,-0.245
-0.245,0,-0.189616,0,-0.245
-0.225924,0,-0.189641,0,-0.245
-0.235558,0,-0.189903,0,-0.282619
-0.232072,0,-0.190427,-0.0052848,-0.276787
-0.228349,0,-0.191014,-0.00208602,-0.276263
-0.224116,0,-0.191575,0.00120705,-0.275323
-0.219717,0,-0.192068,0.00377465,-0.273492
-0.215503,0,-0.192488,0.00586439,-0.271367
-0.211981,0,-0.192822,0.00712262,-0.269103
-0.208317,0,-0.192991,0.00845347,-0.26677
-0.205108,0,-0.193045,0.0100257,-0.265133
-0.201745,0,-0.192818,0.0121816,-0.263926
-0.209482,0,-0.195868,0.0174244,-0.263115
-0.213112,0,-0.198104,0.0213483,-0.262419
-0.214248,0,-0.199781,0.0260969,-0.261048
-0.215128,0,-0.201456,0.0316411,-0.259519
-0.214364,0,-0.202422,0.0379199,-0.257585
-0.213808,0,-0.203499,0.0469406,-0.25552
-0.217938,0,-0.207759,0.0600118,-0.253314
-0.214834,0,-0.207151,0.0668,-0.251055
-0.212302,0,-0.206464,0.069391,-0.248664
-0.211569,0,-0.206946,0.0694829,-0.246715
-0.212343,0,-0.208524,0.0695438,-0.245408
-0.213496,0,-0.210403,0.0695897,-0.244558
-0.216006,0,-0.212608,0.069641,-0.243223
-0.212946,0,-0.2133,0.069641,-0.243223
-0.21343,0,-0.213982,0.0696636,-0.242952
-0.217602,0,-0.214596,0.0686734,-0.243789
-0.216355,0,-0.214779,0.0686734,-0.243789
-0.219476,0,-0.214951,0.0646969,-0.245
-0.219476,0,-0.214951,0.0625532,-0.245
-0.219476,0,-0.214951,0,-0.245
-0.219476,0,-0.214951,0,-0.245
-0.219476,0,-0.214951,0,-0.245
-0.219476,0,-0.214951,0,-0.245
-0.219476,0,-0.214951,0,-0.245
-0.219476,0,-0.214951,0,-0.245
-0.219476,0,-0.214951,0,-0.245
0.245,0.200827,0,0,0.245
0.245,0.200827,0,0,0.245
0.245,0.200827,0,0,0.245
0.245,0.200827,0,0,0.245
0.245,0.200827,0,0,0.245
0.245,0.200827,0,0,0.245
0.295,0.201002,0,0,0.245
0.322141,0.202263,0,0,0.272141
0.249734,0.201783,0,0.0323467,0.266838
0.240007,0.20223,0,0.0242177,0.265789
0.235094,0.202802,0,0.0203827,0.264712
0.230616,0.20333,0,0.0170221,0.263594
0.226835,0.203831,0,0.014673,0.262162
0.23387,0.205824,0,0.0132838,0.260705
0.240719,0.208417,0,0.0123456,0.259342
0.24629,0.211401,0,0.0125448,0.25812
0.245485,0.213129,0,0.01359,0.256565
0.242903,0.214335,0,0.0137378,0.25457
0.242345,0.216113,0,0.0125738,0.252314
0.241291,0.217723,0,0.011901,0.249694
0.23814,0.218239,0,0.0105768,0.247176
0.235695,0.218821,0,0.0090641,0.245106
0.23555,0.220033,0,0.00740204,0.245
0.23374,0.220643,0,0.00451191,0.245
0.23164,0.220904,0,0.000176927,0.245
0.228874,0.220413,0,-0.012565,0.245
0.223763,0.218159,0,-0.0236525,0.245
0.221194,0.217474,0,-0.0378566,0.245
0.215021,0.212883,0,-0.0378566,0.245
0.212843,0.21539,0,-0.0695632,0.245
0.207576,0.215849,0,-0.0695632,0.245
0.209425,0.21624,0,-0.0696154,0.245
0.21472,0.21655,0,-0.0697102,0.245
0.200236,0.216756,0,-0.0697102,0.234446
0.201457,0.21686,0,-0.0697499,0.234446
0.207901,0.216869,0,-0.0697761,0.245
0.207901,0.216869,0,0,0.245
0.207901,0.216869,0,0,0.245
0.207901,0.216869,0,0,0.245
0.207901,0.216869,0,0,0.245
0.207901,0.216869,0,0,0.245
-0.245,0,-0.20991,0,-0.245
-0.245,0,-0.20991,0,-0.245
-0.245,0,-0.20991,0,-0.245
-0.245,0,-0.20991,0,-0.245
-0.245,0,-0.20991,0,-0.245
-0.245,0,-0.20991,0,-0.245
-0.245,0,-0.20991,0,-0.245
-0.295,0,-0.210039,0,-0.245
-0.235705,0,-0.210105,-0.0235018,-0.262204
-0.226072,0,-0.210223,-0.0202589,-0.255813
-0.222352,0,-0.210372,-0.0167762,-0.255576
-0.218227,0,-0.210404,-0.0130772,-0.25515
-0.214234,0,-0.210289,-0.00940804,-0.254826
-0.209633,0,-0.209878,-0.00605672,-0.253577
-0.205763,0,-0.209289,-0.00325707,-0.252506
-0.202139,0,-0.208438,-0.000583768,-0.251555
-0.203941,0,-0.208525,0.0013642,-0.250163
-0.207454,0,-0.209234,0.00305487,-0.248982
-0.211078,0,-0.210286,0.00464027,-0.248172
-0.212923,0,-0.211024,0.00586273,-0.247416
-0.215458,0,-0.212234,0.0081139,-0.246841
-0.216804,0,-0.213144,0.010509,-0.246464
-0.21816,0,-0.214199,0.0132708,-0.245898
-0.218509,0,-0.214827,0.0167157,-0.245017
-0.221684,0,-0.217301,0.0255289,-0.245
-0.218151,0,-0.215466,0.0255289,-0.245
-0.223358,0,-0.21976,0.0365102,-0.245
-0.221427,0,-0.218942,0.0457487,-0.245
-0.217643,0,-0.216341,0.0540344,-0.245
-0.213547,0,-0.213087,0.0619991,-0.245
-0.216511,0,-0.218162,0.0696394,-0.245
-0.209687,0,-0.218429,0.0697289,-0.245
-0.211008,0,-0.21865,0.0697502,-0.245
-0.211631,0,-0.218822,0.0697764,-0.245
-0.212488,0,-0.218939,0.0698046,-0.245
-0.204201,0,-0.219,0.0698246,-0.23553
-0.208787,0,-0.219005,0.0698385,-0.245
-0.208787,0,-0.219005,0,-0.245
-0.208787,0,-0.219005,0,-0.245
-0.208787,0,-0.219005,0,-0.245
-0.208787,0,-0.219005,0,-0.245
-0.208787,0,-0.219005,0,-0.245
-0.208787,0,-0.219005,0,-0.245
0.245,0.213412,0,0,0.245
0.245,0.213412,0,0,0.245
0.245,0.213412,0,0,0.245
0.245,0.213412,0,0,0.245
0.245,0.213412,0,0,0.245
0.245,0.213412,0,0,0.245
0.245,0.213412,0,0,0.245
0.245,0.213412,0,0,0.245
0.256747,0.213459,0,0,0.245
0.215921,0.213431,0,0.0100809,0.25584
0.20858,0.213316,0,0.00750648,0.251074
0.205024,0.213084,0,0.00458291,0.250441
0.199916,0.212603,0,0.000469188,0.249447
0.194943,0.211839,0,-0.00348898,0.248432
0.190356,0.210743,0,-0.00664261,0.246998
0.187444,0.209449,0,-0.0087578,0.245835
0.193903,0.209683,0,-0.0100731,0.245
0.196803,0.20954,0,-0.0106313,0.245
0.195169,0.208388,0,-0.01149,0.245079
0.195498,0.207625,0,-0.0144435,0.245469
0.197407,0.207513,0,-0.0183995,0.245918
0.200717,0.208094,0,-0.0237318,0.246118
0.202627,0.208327,0,-0.0300356,0.246081
0.203054,0.207975,0,-0.0369642,0.245503
0.203289,0.207541,0,-0.0456013,0.245
0.209375,0.210802,0,-0.0596225,0.245
0.207822,0.209485,0,-0.0667925,0.245
0.214914,0.214549,0,-0.0699162,0.245
0.216712,0.216063,0,-0.0699274,0.245
0.2182,0.217454,0,-0.069934,0.245
0.214594,0.214454,0,-0.0699382,0.240611
0.211578,0.214256,0,-0.0699397,0.236912
0.211534,0.214284,0,-0.069942,0.236208
0.212198,0.214305,0,-0.0699406,0.236483
0.213727,0.214325,0,-0.0699287,0.237961
0.217849,0.214332,0,-0.0694319,0.239751
0.221204,0.214336,0,-0.0664862,0.245
0.221204,0.214336,0,0,0.245
0.221204,0.214336,0,0,0.245
0.221204,0.214336,0,0,0.245
0.221204,0.214336,0,0,0.245
0.221204,0.214336,0,0,0.245
0.221204,0.214336,0,0,0.245
0.221204,0.214336,0,0,0.245
-0.245,0,-0.193559,0,-0.245
-0.245,0,-0.193559,0,-0.245
-0.245,0,-0.193559,0,-0.245
-0.245,0,-0.193559,0,-0.245
-0.245,0,-0.193559,0,-0.245
-0.245,0,-0.193559,0,-0.245
-0.245,0,-0.193559,0,-0.245
-0.295,0,-0.193989,0,-0.245
-0.269154,0,-0.194394,-0.0392669,-0.279887
-0.251588,0,-0.194932,-0.0269713,-0.274617
-0.246406,0,-0.195767,-0.0223612,-0.274044
-0.242983,0,-0.196826,-0.0202286,-0.272754
-0.238267,0,-0.197756,-0.0160913,-0.272175
-0.231625,0,-0.198278,-0.0118426,-0.269783
-0.226633,0,-0.198879,-0.00908548,-0.267548
-0.231567,0,-0.201203,-0.00800479,-0.266204
-0.239263,0,-0.204651,-0.00827863,-0.265252
-0.245429,0,-0.208506,-0.00818232,-0.264793
-0.249096,0,-0.212166,-0.00907876,-0.263796
-0.250903,0,-0.215496,-0.00957445,-0.261951
-0.25029,0,-0.21808,-0.00959698,-0.259181
-0.247062,0,-0.219319,-0.0101438,-0.255615
-0.241863,0,-0.219202,-0.0098058,-0.251437
-0.235645,0,-0.217912,-0.00836792,-0.247361
-0.232685,0,-0.217724,-0.00563928,-0.245
-0.227724,0,-0.216206,-0.0022371,-0.245
-0.223596,0,-0.214936,0.00590677,-0.245
-0.21774,0,-0.212135,0.0158184,-0.245
-0.218407,0,-0.215051,0.0531007,-0.245
-0.211643,0,-0.209318,0.0531007,-0.245
-0.205642,0,-0.207274,0.0663707,-0.245
-0.204862,0,-0.207707,0.069501,-0.245
-0.207821,0,-0.208088,0.069574,-0.245
-0.210328,0,-0.20838,0.0696797,-0.241626
-0.208391,0,-0.208589,0.0696797,-0.241626
-0.206123,0,-0.2087,0.0697206,-0.237836
-0.215492,0,-0.208714,0.0697488,-0.245
-0.215492,0,-0.208714,0,-0.245
-0.215492,0,-0.208714,0,-0.245
-0.215492,0,-0.208714,0,-0.245
-0.215492,0,-0.208714,0,-0.245
-0.215492,0,-0.208714,0,-0.245
-0.215492,0,-0.208714,0,-0.245
-0.215492,0,-0.208714,0,-0.245
0.245,0.199376,0,0,0.245
0.245,0.199376,0,0,0.245
0.245,0.199376,0,0,0.245
0.245,0.199376,0,0,0.245
0.245,0.199376,0,0,0.245
0.245,0.199376,0,0,0.245
0.295,0.199449,0,0,0.245
0.320529,0.200289,0,0,0.27335
0.237588,0.200059,0,0.019787,0.267801
0.232728,0.200512,0,0.0156354,0.267093
0.228244,0.200975,0,0.0126091,0.265635
0.224263,0.20139,0,0.00956044,0.264703
0.221238,0.201787,0,0.00779622,0.263442
0.218097,0.202091,0,0.00619301,0.261904
0.216914,0.202606,0,0.00509317,0.260217
0.226725,0.205568,0,0.00356577,0.258826
0.228605,0.207254,0,0.0030641,0.257004
0.229051,0.208739,0,0.00195239,0.255048
0.227955,0.209734,0,0.00107909,0.252963
0.227452,0.210932,0,-0.000517365,0.250855
0.225661,0.211513,0,-0.00264871,0.248654
0.223318,0.211613,0,-0.00498529,0.24637
0.222892,0.212617,0,-0.0085705,0.245
0.2262,0.215941,0,-0.0174805,0.245
0.222968,0.215018,0,-0.0174805,0.245
0.22214,0.215622,0,-0.0234671,0.245
0.220361,0.215383,0,-0.0305626,0.245
0.223055,0.218819,0,-0.0450376,0.245
0.21932,0.216663,0,-0.0549292,0.245
0.214476,0.216104,0,-0.0632491,0.245
0.218614,0.216612,0,-0.0689371,0.245
0.21862,0.217057,0,-0.0697248,0.245
0.219472,0.217399,0,-0.0697613,0.245
0.220187,0.217629,0,-0.0698201,0.245
0.22081,0.217739,0,0,0.236562
0.240706,0.217747,0,0,0.245
0.240706,0.217747,0,0,0.245
0.240706,0.217747,0,0,0.245
0.240706,0.217747,0,0,0.245
0.240706,0.217747,0,0,0.245
0.240706,0.217747,0,0,0.245
0.240706,0.217747,0,0,0.245
-0.245,0,-0.210372,0,-0.245
-0.245,0,-0.210372,0,-0.245
-0.245,0,-0.210372,0,-0.245
-0.245,0,-0.210372,0,-0.245
-0.245,0,-0.210372,0,-0.245
-0.245,0,-0.210372,0,-0.245
-0.245,0,-0.210372,0,-0.245
-0.245,0,-0.210372,0,-0.245
-0.210976,0,-0.210373,0,-0.245
-0.216181,0,-0.210423,-0.00595859,-0.260223
-0.208592,0,-0.210332,-0.00378105,-0.254811
-0.205005,0,-0.210154,5.18722e-05,-0.255057
-0.200165,0,-0.209738,0.00368239,-0.253848
-0.195346,0,-0.209063,0.00694958,-0.252295
-0.191296,0,-0.208117,0.0112216,-0.248989
-0.187767,0,-0.206891,0.0112216,-0.248989
-0.185958,0,-0.205622,0.0127564,-0.248024
-0.189957,0,-0.20557,0.014852,-0.247556
-0.194935,0,-0.206057,0.0175668,-0.247575
-0.198678,0,-0.20656,0.0201589,-0.247956
-0.202167,0,-0.207292,0.023417,-0.248232
-0.205029,0,-0.208102,0.027519,-0.248406
-0.20733,0,-0.208919,0.0324811,-0.248273
-0.207705,0,-0.208959,0.0379749,-0.247737
-0.2149,0,-0.213071,0.0493648,-0.247064
-0.213581,0,-0.212467,0.0571714,-0.246209
-0.210455,0,-0.210431,0.0638157,-0.245
-0.215293,0,-0.214133,0.0697285,-0.245
-0.21642,0,-0.215253,0.0699933,-0.245
-0.217512,0,-0.216431,0.0699926,-0.245
-0.217976,0,-0.217104,0.0699917,-0.245
-0.218128,0,-0.220807,0.0699901,-0.245
-0.212908,0,-0.22113,0.0699893,-0.2391
-0.211991,0,-0.221384,0.0699855,-0.238129
-0.211855,0,-0.221595,0.0699747,-0.237826
-0.213612,0,-0.221713,0.0699103,-0.237903
-0.217755,0,-0.22173,0.0670216,-0.245
-0.217755,0,-0.22173,0,-0.245
-0.217755,0,-0.22173,0,-0.245
-0.217755,0,-0.22173,0,-0.245
-0.217755,0,-0.22173,0,-0.245
-0.217755,0,-0.22173,0,-0.245
-0.217755,0,-0.22173,0,-0.245
-0.217755,0,-0.22173,0,-0.245
0.245,0.2038,0,0,0.245
0.245,0.2038,0,0,0.245
0.245,0.2038,0,0,0.245
0.245,0.2038,0,0,0.245
0.245,0.2038,0,0,0.245
0.245,0.2038,0,0,0.245
0.245,0.2038,0,0,0.245
0.295,0.204292,0,0,0.245
0.252082,0.204389,0,0.0351731,0.266909
0.240046,0.204748,0,0.0254101,0.264636
0.234188,0.205197,0,0.020898,0.26329
0.22895,0.205545,0,0.0167733,0.262177
0.224711,0.205815,0,0.0135592,0.261151
0.221262,0.206046,0,0.0112014,0.260061
0.218875,0.206316,0,0.009995,0.25888
0.22647,0.208497,0,0.00964453,0.257862
0.233316,0.211174,0,0.00931349,0.256843
0.239699,0.214388,0,0.00974868,0.255753
0.243932,0.217528,0,0.0105323,0.254237
0.243661,0.219337,0,0.0115014,0.252134
0.244449,0.221669,0,0.0119452,0.249879
0.249738,0.226426,0,0.0117226,0.247102
0.247208,0.226743,0,0.0117237,0.245
0.245611,0.227965,0,0.011492,0.245
0.242624,0.228075,0,0.00985572,0.245
0.23979,0.228066,0,0.00554469,0.245
0.235785,0.226838,0,-0.000594426,0.245
0.231671,0.225184,0,-0.00935286,0.245
0.224351,0.220735,0,-0.0221654,0.245
0.218225,0.216348,0,-0.0386543,0.245
0.210563,0.215828,0,-0.0560197,0.245
0.213011,0.216188,0,-0.0675414,0.245
0.212804,0.216488,0,-0.0695812,0.245
0.214243,0.216706,0,-0.0696492,0.245
0.215939,0.216842,0,-0.0697073,0.245
0.199629,0.216897,0,-0.0697501,0.228218
0.233069,0.216897,0,0,0.245
0.233069,0.216897,0,0,0.245
0.233069,0.216897,0,0,0.245
0.233069,0.216897,0,0,0.245
-0.245,0,-0.21014,0,-0.245
-0.245,0,-0.21014,0,-0.245
-0.245,0,-0.21014,0,-0.245
-0.245,0,-0.21014,0,-0.245
-0.245,0,-0.21014,0,-0.245
-0.245,0,-0.21014,0,-0.245
-0.245,0,-0.21014,0,-0.245
-0.245,0,-0.21014,0,-0.245
-0.245,0,-0.21014,0,-0.245
-0.295,0,-0.210482,0,-0.245
-0.24478,0,-0.210534,-0.0286265,-0.254308
-0.224476,0,-0.210497,-0.0235448,-0.250931
-0.22137,0,-0.210638,-0.0200025,-0.251367
-0.216947,0,-0.210605,-0.0161336,-0.250814
-0.212595,0,-0.210375,-0.0125978,-0.249997
-0.208497,0,-0.209932,-0.00901367,-0.249483
-0.204569,0,-0.209237,-0.0062066,-0.248363
-0.201108,0,-0.208303,-0.00390002,-0.247208
-0.204554,0,-0.20876,-0.00233604,-0.246194
-0.211522,0,-0.210542,-0.00145698,-0.246096
-0.217077,0,-0.212484,-0.00107879,-0.246598
-0.221148,0,-0.214393,-0.000830475,-0.246715
-0.224277,0,-0.216304,-0.000405985,-0.24665
-0.227015,0,-0.218348,0.000180144,-0.246227
-0.228868,0,-0.220199,0.000799694,-0.245197
-0.230878,0,-0.222326,0.00117266,-0.245
-0.239754,0,-0.229188,0.00399354,-0.245
-0.241665,0,-0.231552,0.00495791,-0.245
-0.242777,0,-0.233815,0.00533425,-0.245
-0.242778,0,-0.235304,0.00602799,-0.245
-0.242553,0,-0.236526,0.00814665,-0.245
-0.241221,0,-0.236683,0.0109109,-0.245
-0.238693,0,-0.235597,0.0152978,-0.245
-0.234273,0,-0.235195,0.0220766,-0.245
-0.230219,0,-0.235909,0.0309469,-0.245
-0.222983,0,-0.23649,0.0445152,-0.245
-0.214989,0,-0.237016,0.056786,-0.245
-0.210166,0,-0.237245,0.0659746,-0.245
-0.209601,0,-0.237303,0.0697909,-0.245
-0.209601,0,-0.237303,0,-0.245
-0.209601,0,-0.237303,0,-0.245
-0.209601,0,-0.237303,0,-0.245
-0.209601,0,-0.237303,0,-0.245
-0.209601,0,-0.237303,0,-0.245
-0.209601,0,-0.237303,0,-0.245
-0.209601,0,-0.237303,0,-0.245
0.245,0.241248,0,0,0.245
0.245,0.241248,0,0,0.245
0.245,0.241248,0,0,0.245
0.245,0.241248,0,0,0.245
0.245,0.241248,0,0,0.245
0.245,0.241248,0,0,0.245
0.245,0.241248,0,0,0.245
0.245,0.241248,0,0,0.245
0.199114,0.24113,0,0.00403539,0.245
0.199035,0.240577,0,0.00403539,0.245
0.194665,0.239728,0,-0.000334706,0.245
0.190534,0.238587,0,-0.00446647,0.245
0.186556,0.237111,0,-0.00844388,0.245
0.184747,0.235416,0,-0.0102534,0.245
0.182563,0.233272,0,-0.0124373,0.245
0.180529,0.23072,0,-0.0144708,0.245
0.177359,0.227618,0,-0.0176414,0.245
0.174022,0.223868,0,-0.0209779,0.245
0.188178,0.224991,0,-0.0277303,0.245
0.19474,0.2247,0,-0.0348133,0.245
0.197749,0.223489,0,-0.0414299,0.245
0.199721,0.222046,0,-0.0490335,0.245
0.200281,0.219934,0,-0.0581692,0.245
0.206777,0.221093,0,-0.0680459,0.245
0.207634,0.219809,0,-0.0700025,0.245
0.209306,0.219307,0,-0.0699979,0.245
0.21128,0.219245,0,-0.0699925,0.244907
0.201295,0.210072,0,-0.0699755,0.234272
0.201226,0.208289,0,-0.0699755,0.234272
0.204664,0.209408,0,-0.0699137,0.236587
0.209268,0.212592,0,-0.064085,0.240754
0.215776,0.211353,0,-0.0625532,0.244489
0.218255,0.21054,0,-0.0625532,0.247851
0.2279,0.21013,0,-0.0625532,0.25207
0.232283,0.210054,0,-0.0625532,0.255789
0.25916,0.210038,0,0,0.245
0.25916,0.210038,0,0,0.245
0.25916,0.210038,0,0,0.245
0.25916,0.210038,0,0,0.245
0.25916,0.210038,0,0,0.245
0.25916,0.210038,0,0,0.245
0.25916,0.210038,0,0,0.245
0.25916,0.210038,0,0,0.245
-0.245,0,-0.192881,0,-0.245
-0.245,0,-0.192881,0,-0.245
-0.245,0,-0.192881,0,-0.245
-0.245,0,-0.192881,0,-0.245
-0.245,0,-0.192881,0,-0.245
-0.245,0,-0.192881,0,-0.245
-0.245,0,-0.192881,0,-0.245
-0.32789,0,-0.19372,0,-0.27789
-0.279451,0,-0.194018,-0.0515611,-0.27789
-0.258827,0,-0.195005,-0.036208,-0.272619
-0.252999,0,-0.19603,-0.0319495,-0.271049
-0.247397,0,-0.197083,-0.0280201,-0.269377
-0.246923,0,-0.198656,-0.0254934,-0.267455
-0.25183,0,-0.201105,-0.0242208,-0.265333
-0.258092,0,-0.204395,-0.023405,-0.263421
-0.255441,0,-0.205753,-0.0231772,-0.262026
-0.259378,0,-0.209397,-0.0232556,-0.261147
-0.264022,0,-0.21376,-0.0239065,-0.26083
-0.268883,0,-0.218841,-0.0249767,-0.26063
-0.270645,0,-0.223165,-0.02586,-0.259699
-0.267333,0,-0.225426,-0.0273223,-0.257389
-0.26189,0,-0.226364,-0.0281944,-0.253467
-0.252702,0,-0.224779,-0.0281848,-0.248838
-0.24699,0,-0.223657,-0.0277248,-0.245
-0.247217,0,-0.226495,-0.0248792,-0.245
-0.247948,0,-0.229642,-0.0222906,-0.245
-0.247852,0,-0.23211,-0.0211671,-0.245
-0.245629,0,-0.232775,-0.0208459,-0.245
-0.243095,0,-0.233031,-0.0176308,-0.245
-0.24003,0,-0.232487,-0.0122732,-0.245
-0.240301,0,-0.235117,-0.00194208,-0.245
-0.233764,0,-0.23482,0.0106402,-0.245
-0.221123,0,-0.236041,0.0477001,-0.245
-0.214264,0,-0.237216,0.0477001,-0.245
-0.206449,0,-0.23774,0.0649845,-0.245
-0.204389,0,-0.238219,0.0690542,-0.245
-0.206862,0,-0.238402,0.0692453,-0.245
-0.242475,0,-0.238406,0,-0.245
-0.242475,0,-0.238406,0,-0.245
-0.242475,0,-0.238406,0,-0.245
-0.242475,0,-0.238406,0,-0.245
-0.242475,0,-0.238406,0,-0.245
-0.242475,0,-0.238406,0,-0.245
-0.242475,0,-0.238406,0,-0.245
0.245,0.23976,0,0,0.245
0.245,0.23976,0,0,0.245
0.245,0.23976,0,0,0.245
0.245,0.23976,0,0,0.245
0.245,0.23976,0,0,0.245
0.245,0.23976,0,0,0.245
0.295,0.240053,0,0,0.245
0.275105,0.240149,0,0.0373344,0.245
0.23492,0.239638,0,0.027827,0.245
0.222682,0.2391,0,0.0241417,0.245
0.214813,0.238235,0,0.0198132,0.245
0.211113,0.237276,0,0.0161133,0.245
0.207798,0.235955,0,0.0127978,0.245
0.214125,0.235801,0,0.0108855,0.245
0.221034,0.236162,0,0.00983352,0.245
0.226453,0.23664,0,0.00965756,0.245
0.230334,0.237131,0,0.00934679,0.245
0.23055,0.236771,0,0.00966788,0.245
0.231593,0.236724,0,0.0091125,0.245
0.232049,0.23652,0,0.0080889,0.245
0.231346,0.235812,0,0.00696779,0.245
0.230594,0.234996,0,0.00512432,0.245
0.229124,0.233708,0,0.00258785,0.245
0.227711,0.232301,0,-0.000923823,0.245
0.22597,0.230547,0,-0.00541104,0.245
0.230513,0.232972,0,-0.0151425,0.245
0.229315,0.231575,0,-0.0237037,0.245
0.226397,0.228665,0,-0.0328148,0.245
0.222362,0.224592,0,-0.0420674,0.245
0.223433,0.222394,0,-0.0634907,0.245
0.219768,0.221863,0,-0.0634907,0.245
0.21964,0.221428,0,-0.0697947,0.245
0.216634,0.221098,0,-0.0697947,0.245
0.216394,0.220879,0,-0.0698234,0.245
0.217725,0.220791,0,-0.0698465,0.245
0.248707,0.220788,0,0,0.245
0.248707,0.220788,0,0,0.245
0.248707,0.220788,0,0,0.245
0.248707,0.220788,0,0,0.245
0.248707,0.220788,0,0,0.245
0.248707,0.220788,0,0,0.245
0.248707,0.220788,0,0,0.245
-0.245,0,-0.213517,0,-0.245
-0.245,0,-0.213517,0,-0.245
-0.245,0,-0.213517,0,-0.245
-0.245,0,-0.213517,0,-0.245
-0.245,0,-0.213517,0,-0.245
-0.245,0,-0.213517,0,-0.245
-0.245,0,-0.213517,0,-0.245
-0.245,0,-0.213517,0,-0.245
-0.201866,0,-0.213492,0,-0.245
-0.209899,0,-0.213478,-0.00541198,-0.254487
-0.202598,0,-0.213226,-0.00216706,-0.250431
-0.197715,0,-0.212818,0.00298254,-0.250698
-0.192886,0,-0.212136,0.00634301,-0.249229
-0.187646,0,-0.211144,0.0104344,-0.248081
-0.182562,0,-0.209691,0.0136454,-0.246208
-0.17899,0,-0.208043,0.0160099,-0.245
-0.177758,0,-0.206382,0.0187247,-0.245
-0.182455,0,-0.205979,0.0215987,-0.245
-0.187271,0,-0.206025,0.0243411,-0.245797
-0.192518,0,-0.206501,0.0277341,-0.247404
-0.197139,0,-0.207235,0.0323248,-0.248645
-0.202009,0,-0.20849,0.0379877,-0.24944
-0.213423,0,-0.21347,0.0482339,-0.250058
-0.214834,0,-0.214249,0.0559084,-0.250149
-0.212668,0,-0.212999,0.0614835,-0.249332
-0.216206,0,-0.215329,0.0688615,-0.246875
-0.215897,0,-0.215239,0.0700005,-0.246875
-0.215131,0,-0.214758,0.069996,-0.245
-0.21553,0,-0.215149,0.069996,-0.245
-0.21362,0,-0.213605,0.0699929,-0.242253
-0.211907,0,-0.212273,0.0699896,-0.241174
-0.211712,0,-0.212233,0.0699818,-0.240421
-0.213535,0,-0.212188,0.0699774,-0.240471
-0.216279,0,-0.212151,0.0699396,-0.241451
-0.218771,0,-0.212136,0.0681037,-0.24307
-0.22202,0,-0.212118,0.0646919,-0.24549
-0.228976,0,-0.212118,0.0625532,-0.245
-0.228976,0,-0.212118,0,-0.245
-0.228976,0,-0.212118,0,-0.245
-0.228976,0,-0.212118,0,-0.245
-0.228976,0,-0.212118,0,-0.245
-0.228976,0,-0.212118,0,-0.245
-0.228976,0,-0.212118,0,-0.245
-0.228976,0,-0.212118,0,-0.245
0.245,0.194318,0,0,0.245
0.245,0.194318,0,0,0.245
0.245,0.194318,0,0,0.245
0.245,0.194318,0,0,0.245
0.245,0.194318,0,0,0.245
0.245,0.194318,0,0,0.245
0.245,0.194318,0,0,0.245
0.331877,0.195267,0,0,0.281877
0.275469,0.195358,0,0.0492578,0.276212
0.257089,0.195999,0,0.0333775,0.273712
0.251302,0.196938,0,0.0287245,0.272578
0.245229,0.197917,0,0.0246183,0.270611
0.243857,0.199254,0,0.022006,0.268588
0.244836,0.200972,0,0.0203677,0.267072
0.250368,0.20373,0,0.01944,0.265417
0.254654,0.206856,0,0.0197084,0.264053
0.261569,0.211215,0,0.0196573,0.262563
0.264295,0.21513,0,0.0199933,0.260874
0.265994,0.219038,0,0.0209448,0.2587
0.268234,0.223436,0,0.0223755,0.255323
0.262146,0.224288,0,0.0232152,0.251548
0.256104,0.224675,0,0.0229595,0.247179
0.251434,0.22436,0,0.0219928,0.245
0.249982,0.226413,0,0.0195741,0.245
0.250217,0.229269,0,0.0171077,0.245
0.250125,0.231946,0,0.0159869,0.245
0.249309,0.233989,0,0.0132824,0.245
0.246553,0.234243,0,0.0111381,0.245
0.243094,0.233699,0,0.00631186,0.245
0.238494,0.231818,0,-0.0025277,0.245
0.231579,0.227455,0,-0.0151412,0.245
0.220453,0.225787,0,-0.0500118,0.245
0.21371,0.226643,0,-0.0500118,0.245
0.205994,0.227331,0,-0.0665798,0.245
0.205328,0.227844,0,-0.0694267,0.245
0.207616,0.228138,0,-0.0695351,0.245
0.209974,0.228229,0,-0.0696225,0.245
0.209974,0.228229,0,0,0.245
0.209974,0.228229,0,0,0.245
0.209974,0.228229,0,0,0.245
0.209974,0.228229,0,0,0.245
0.209974,0.228229,0,0,0.245
0.209974,0.228229,0,0,0.245
0.209974,0.228229,0,0,0.245
-0.245,0,-0.228463,0,-0.245
-0.245,0,-0.228463,0,-0.245
-0.245,0,-0.228463,0,-0.245
-0.245,0,-0.228463,0,-0.245
-0.245,0,-0.228463,0,-0.245
-0.245,0,-0.228463,0,-0.245
-0.245,0,-0.228463,0,-0.245
-0.285516,0,-0.228466,0,-0.245
-0.261656,0,-0.228611,0,-0.254095
-0.206858,0,-0.228166,-0.0102131,-0.246645
-0.201689,0,-0.227815,-0.00668869,-0.245
-0.198597,0,-0.226898,-0.00359724,-0.245
-0.192411,0,-0.225718,0.00258904,-0.245
-0.186546,0,-0.224195,0.00845439,-0.245
-0.184487,0,-0.222582,0.0105134,-0.245
-0.182247,0,-0.220576,0.0127525,-0.245
-0.180954,0,-0.218435,0.014046,-0.245
-0.181964,0,-0.216627,0.0163385,-0.245
-0.18173,0,-0.214477,0.0190702,-0.245
-0.204702,0,-0.220054,0.0325985,-0.245
-0.196959,0,-0.215889,0.0325985,-0.245
-0.202165,0,-0.216496,0.0415732,-0.245
-0.203986,0,-0.215947,0.0497108,-0.245
-0.204911,0,-0.215042,0.058232,-0.245
-0.210755,0,-0.217201,0.0675532,-0.245
-0.210721,0,-0.216297,0.0699471,-0.245
-0.211697,0,-0.216174,0.0699526,-0.245
-0.213421,0,-0.216739,0.0699556,-0.245
-0.2111,0,-0.21409,0.0699568,-0.237198
-0.207797,0,-0.210653,0.0699568,-0.237198
-0.207707,0,-0.210366,0.069955,-0.239475
-0.211805,0,-0.209782,0.0699432,-0.24292
-0.21462,0,-0.209255,0.06994,-0.24292
-0.218672,0,-0.208834,0.0698702,-0.245604
-0.222515,0,-0.208592,0.0668752,-0.248324
-0.228287,0,-0.208532,0.062605,-0.245
-0.228287,0,-0.208532,0,-0.245
-0.228287,0,-0.208532,0,-0.245
-0.228287,0,-0.208532,0,-0.245
-0.228287,0,-0.208532,0,-0.245
-0.228287,0,-0.208532,0,-0.245
-0.228287,0,-0.208532,0,-0.245
-0.228287,0,-0.208532,0,-0.245
-0.228287,0,-0.208532,0,-0.245
0.245,0.187576,0,0,0.245
0.245,0.187576,0,0,0.245
0.245,0.187576,0,0,0.245
0.245,0.187576,0,0,0.245
0.245,0.187576,0,0,0.245
0.245,0.187576,0,0,0.245
0.295,0.187648,0,0,0.245
0.334822,0.188901,0,0,0.284822
0.263852,0.188811,0,0.0358023,0.27805
0.252449,0.189629,0,0.0256661,0.276783
0.247373,0.190717,0,0.0221949,0.275178
0.243319,0.191963,0,0.0192816,0.274037
0.249204,0.194279,0,0.0176594,0.272837
0.25343,0.19697,0,0.0166932,0.271786
0.259469,0.200549,0,0.0163137,0.270437
0.265286,0.204832,0,0.0162599,0.269195
0.268083,0.208982,0,0.0162949,0.267251
0.268482,0.212823,0,0.0170393,0.264888
0.263576,0.214799,0,0.0178027,0.261714
0.259193,0.216684,0,0.0171916,0.257915
0.251787,0.216824,0,0.0163396,0.253498
0.245884,0.216946,0,0.0149427,0.249283
0.241785,0.217627,0,0.0121905,0.245652
0.240987,0.219157,0,0.00987196,0.245
0.240082,0.221161,0,0.00690327,0.245
0.238605,0.222697,0,0.00286292,0.245
0.235984,0.223166,0,-0.0013491,0.245
0.232479,0.222601,0,-0.0080708,0.245
0.227421,0.22045,0,-0.018164,0.245
0.219623,0.215631,0,-0.032862,0.245
0.215763,0.216056,0,-0.0566852,0.245
0.205479,0.216943,0,-0.0643168,0.245
0.210343,0.217683,0,-0.0696647,0.245
0.206398,0.218275,0,-0.0696647,0.245
0.207857,0.218666,0,-0.0697136,0.245
0.209612,0.21888,0,-0.0697548,0.245
0.212259,0.218911,0,-0.0697909,0.245
0.212259,0.218911,0,0,0.245
0.212259,0.218911,0,0,0.245
0.212259,0.218911,0,0,0.245
0.212259,0.218911,0,0,0.245
0.212259,0.218911,0,0,0.245
0.212259,0.218911,0,0,0.245
-0.245,0,-0.212724,0,-0.245
-0.245,0,-0.212724,0,-0.245
-0.245,0,-0.212724,0,-0.245
-0.245,0,-0.212724,0,-0.245
-0.245,0,-0.212724,0,-0.245
-0.245,0,-0.212724,0,-0.245
-0.245,0,-0.212724,0,-0.245
-0.245,0,-0.212724,0,-0.245
-0.222415,0,-0.212732,0,-0.245
-0.210314,0,-0.212707,0,-0.260314
-0.206792,0,-0.21261,-0.00372162,-0.25307
-0.203476,0,-0.212368,-0.000440452,-0.253036
-0.198068,0,-0.211861,0.00411846,-0.252186
-0.192675,0,-0.211053,0.00866439,-0.251339
-0.187172,0,-0.209849,0.0126921,-0.249864
-0.183735,0,-0.208544,0.0143303,-0.248065
-0.180068,0,-0.206765,0.0166338,-0.246702
-0.177687,0,-0.204845,0.018713,-0.2464
-0.191608,0,-0.206986,0.0235394,-0.246907
-0.198815,0,-0.208307,0.0268455,-0.248121
-0.202427,0,-0.20895,0.0304585,-0.249004
-0.206169,0,-0.209975,0.03515,-0.249237
-0.208845,0,-0.210896,0.040111,-0.249109
-0.209849,0,-0.211207,0.0455353,-0.248912
-0.216198,0,-0.21478,0.055926,-0.248242
-0.21425,0,-0.213712,0.0622995,-0.247518
-0.211253,0,-0.211693,0.0672902,-0.245879
-0.216429,0,-0.215528,0.0699959,-0.245
-0.21761,0,-0.216631,0.0699947,-0.245
-0.218278,0,-0.217394,0.0699934,-0.245
-0.218197,0,-0.217536,0.0699885,-0.239129
-0.212548,0,-0.215666,0.0699885,-0.239129
-0.210275,0,-0.215767,0.0699876,-0.237887
-0.211864,0,-0.215855,0.069978,-0.237881
-0.215962,0,-0.215907,0.0698657,-0.239158
-0.218199,0,-0.215944,0.0668052,-0.240276
-0.223584,0,-0.21595,0.0627882,-0.245
-0.223584,0,-0.21595,0,-0.245
-0.223584,0,-0.21595,0,-0.245
-0.223584,0,-0.21595,0,-0.245
-0.223584,0,-0.21595,0,-0.245
-0.223584,0,-0.21595,0,-0.245
-0.223584,0,-0.21595,0,-0.245
-0.223584,0,-0.21595,0,-0.245
0.245,0.194894,0,0,0.245
0.245,0.194894,0,0,0.245
0.245,0.194894,0,0,0.245
0.245,0.194894,0,0,0.245
0.245,0.194894,0,0,0.245
0.245,0.194894,0,0,0.245
0.245,0.194894,0,0,0.245
0.295,0.195334,0,0,0.245
0.275918,0.195756,0,0.0505356,0.275383
0.255279,0.19629,0,0.033513,0.271766
0.248649,0.197098,0,0.0280226,0.270627
0.242788,0.197951,0,0.0233101,0.269478
0.237544,0.198799,0,0.0193159,0.268228
0.237309,0.200175,0,0.0174904,0.267081
0.245973,0.203088,0,0.0170109,0.266095
0.255497,0.207031,0,0.0170623,0.265625
0.261321,0.211056,0,0.0172361,0.264778
0.263066,0.214494,0,0.0183285,0.26349
0.263111,0.217651,0,0.0192434,0.261146
0.260833,0.220095,0,0.0193365,0.257529
0.252637,0.219647,0,0.0196438,0.253528
0.243823,0.218273,0,0.0189482,0.248964
0.23851,0.217294,0,0.0163204,0.245
0.238802,0.219662,0,0.0132423,0.245
0.239315,0.222177,0,0.0107642,0.245
0.238135,0.223518,0,0.0079054,0.245
0.235927,0.223957,0,0.00508886,0.245
0.232447,0.223218,0,0.000434955,0.245
0.235105,0.227779,0,-0.0243898,0.245
0.226484,0.221973,0,-0.0243898,0.245
0.219381,0.219305,0,-0.0423063,0.245
0.211277,0.220101,0,-0.0583645,0.245
0.20889,0.220769,0,-0.0656516,0.245
0.207623,0.221307,0,-0.069531,0.245
0.21396,0.221676,0,-0.0696736,0.245
0.210687,0.221876,0,-0.0696736,0.245
0.198415,0.221915,0,-0.0697228,0.245
0.198415,0.221915,0,0,0.245
0.198415,0.221915,0,0,0.245
0.198415,0.221915,0,0,0.245
0.198415,0.221915,0,0,0.245
0.198415,0.221915,0,0,0.245
0.198415,0.221915,0,0,0.245
0.198415,0.221915,0,0,0.245
-0.245,0,-0.217964,0,-0.245
-0.245,0,-0.217964,0,-0.245
-0.245,0,-0.217964,0,-0.245
-0.245,0,-0.217964,0,-0.245
-0.245,0,-0.217964,0,-0.245
-0.245,0,-0.217964,0,-0.245
-0.245,0,-0.217964,0,-0.245
-0.288192,0,-0.217997,0,-0.245
-0.273844,0,-0.218316,0,-0.257916
-0.211349,0,-0.217852,-0.0107408,-0.250608
-0.207322,0,-0.217602,-0.00746873,-0.249853
-0.203311,0,-0.217121,-0.00443652,-0.248875
-0.19722,0,-0.216283,0.00121827,-0.248438
-0.19194,0,-0.215118,0.00570512,-0.247645
-0.188193,0,-0.213749,0.00811329,-0.246306
-0.184363,0,-0.211912,0.0106367,-0.245
-0.182488,0,-0.210096,0.0125117,-0.245
-0.194477,0,-0.211694,0.0168,-0.245
-0.195628,0,-0.210993,0.0194655,-0.245
-0.198293,0,-0.210862,0.0225339,-0.245
-0.201397,0,-0.21117,0.0274023,-0.245
-0.202783,0,-0.210938,0.0328435,-0.245
-0.204752,0,-0.211127,0.0397507,-0.245
-0.206286,0,-0.211259,0.0476684,-0.245
-0.213102,0,-0.214846,0.0596548,-0.245
-0.212037,0,-0.213839,0.0655584,-0.245
-0.210924,0,-0.212719,0.0690055,-0.245
-0.218055,0,-0.218037,0.0698837,-0.245
-0.219698,0,-0.219417,0.0699071,-0.245
-0.220094,0,-0.219833,0.0699071,-0.245
-0.215189,0,-0.221932,0.0699174,-0.23681
-0.210689,0,-0.222087,0.0699174,-0.236054
-0.211158,0,-0.222157,0.0699196,-0.236054
-0.213993,0,-0.222244,0.0698901,-0.236158
-0.211272,0,-0.2223,0.0698901,-0.236158
-0.214874,0,-0.22231,0.0681446,-0.236521
-0.239919,0,-0.22231,0,-0.245
-0.239919,0,-0.22231,0,-0.245
-0.239919,0,-0.22231,0,-0.245
-0.239919,0,-0.22231,0,-0.245
-0.239919,0,-0.22231,0,-0.245
-0.239919,0,-0.22231,0,-0.245
-0.239919,0,-0.22231,0,-0.245
0.245,0.210953,0,0,0.245
0.245,0.210953,0,0,0.245
0.245,0.210953,0,0,0.245
0.245,0.210953,0,0,0.245
0.245,0.210953,0,0,0.245
0.245,0.210953,0,0,0.245
0.245,0.210953,0,0,0.245
0.295,0.211284,0,0,0.245
0.255644,0.211405,0,0.0432053,0.262244
0.238787,0.211589,0,0.0303381,0.258449
0.23332,0.211879,0,0.0217814,0.256068
0.227849,0.212031,0,0.0217814,0.256068
0.222975,0.212047,0,0.0183562,0.254619
0.218897,0.211933,0,0.0156569,0.253241
0.220104,0.212417,0,0.0139986,0.251801
0.22728,0.214204,0,0.0133144,0.250544
0.234092,0.216551,0,0.0125819,0.249742
0.236733,0.218344,0,0.0126947,0.248947
0.237465,0.219773,0,0.0131871,0.247809
0.237806,0.221162,0,0.0128433,0.245924
0.239174,0.222702,0,0.0126169,0.245
0.239253,0.224125,0,0.0126739,0.245
0.237916,0.224834,0,0.0116849,0.245
0.237358,0.225848,0,0.0100958,0.245
0.235091,0.225745,0,0.00795161,0.245
0.231465,0.224502,0,0.00455147,0.245
0.228628,0.223472,0,-0.00154341,0.245
0.224442,0.221127,0,-0.0094697,0.245
0.218554,0.217124,0,-0.0216622,0.245
0.218258,0.217275,0,-0.042652,0.245
0.211353,0.216054,0,-0.0583933,0.245
0.214454,0.21621,0,-0.0681689,0.245
0.214173,0.216337,0,-0.0695735,0.245
0.215409,0.216433,0,-0.0696389,0.245
0.21643,0.216495,0,-0.0696951,0.245
0.239399,0.216521,0,0,0.236945
0.23931,0.216521,0,0,0.245
0.23931,0.216521,0,0,0.245
0.23931,0.216521,0,0,0.245
0.23931,0.216521,0,0,0.245
0.23931,0.216521,0,0,0.245
0.23931,0.216521,0,0,0.245
0.23931,0.216521,0,0,0.245
-0.245,0,-0.209677,0,-0.245
-0.245,0,-0.209677,0,-0.245
-0.245,0,-0.209677,0,-0.245
-0.245,0,-0.209677,0,-0.245
-0.245,0,-0.209677,0,-0.245
-0.245,0,-0.209677,0,-0.245
-0.245,0,-0.209677,0,-0.245
-0.270713,0,-0.209832,0,-0.245
-0.22744,0,-0.209868,-0.0149735,-0.262466
-0.220952,0,-0.209963,-0.0118781,-0.259074
-0.217346,0,-0.210024,-0.00854615,-0.2588
-0.212913,0,-0.209896,-0.00476342,-0.25815
-0.207758,0,-0.209496,-0.0014548,-0.256303
-0.202952,0,-0.208837,0.00138075,-0.254333
-0.197317,0,-0.207695,0.00440724,-0.251724
-0.192235,0,-0.206204,0.0068905,-0.249125
-0.187561,0,-0.204261,0.00952331,-0.247084
-0.188405,0,-0.20355,0.0129772,-0.246086
-0.192481,0,-0.203942,0.0163938,-0.24588
-0.197965,0,-0.205206,0.0201189,-0.246487
-0.201829,0,-0.206274,0.0245775,-0.247241
-0.204962,0,-0.207395,0.0292205,-0.24796
-0.215931,0,-0.213094,0.0387399,-0.248427
-0.217515,0,-0.214395,0.045567,-0.248455
-0.21566,0,-0.213615,0.0518908,-0.247482
-0.212234,0,-0.211494,0.0582974,-0.245977
-0.215398,0,-0.214093,0.0673228,-0.245
-0.215384,0,-0.21434,0.0696339,-0.245
-0.216093,0,-0.215174,0.0696894,-0.245
-0.216616,0,-0.216628,0.0697279,-0.245
-0.217043,0,-0.216861,0.0697578,-0.245
-0.217094,0,-0.217079,0.069775,-0.245
-0.213068,0,-0.217244,0.0697938,-0.240252
-0.21376,0,-0.217365,0.0698056,-0.240137
-0.215573,0,-0.217434,0.0698151,-0.240636
-0.21865,0,-0.217448,0.0698201,-0.245
-0.21865,0,-0.217448,0,-0.245
-0.21865,0,-0.217448,0,-0.245
-0.21865,0,-0.217448,0,-0.245
-0.21865,0,-0.217448,0,-0.245
-0.21865,0,-0.217448,0,-0.245
-0.21865,0,-0.217448,0,-0.245
-0.21865,0,-0.217448,0,-0.245
0.245,0.210576,0,0,0.245
0.245,0.210576,0,0,0.245
0.245,0.210576,0,0,0.245
0.245,0.210576,0,0,0.245
0.245,0.210576,0,0,0.245
0.245,0.210576,0,0,0.245
0.245,0.210582,0,0,0.263181
0.245,0.210752,0,0,0.263181
0.245,0.211154,0,0.0220277,0.256641
0.245,0.211768,0,0.0188633,0.255799
0.245,0.212578,0,0.0156002,0.254439
0.245,0.213566,0,0.012724,0.25301
0.245,0.214715,0,0.0104572,0.251252
0.245,0.216005,0,0.00853517,0.249388
0.245,0.217422,0,0.00802733,0.247382
0.245,0.218945,0,0.00765346,0.245213
0.245,0.220107,0,0.00719283,0.245
0.245,0.221775,0,0.00685806,0.245
0.245,0.223503,0,0.00651615,0.245
0.245,0.225273,0,0.00604225,0.245
0.245,0.227067,0,0.00588625,0.245
0.245,0.228869,0,0.00501454,0.245
0.245,0.230749,0,0.00295137,0.245
0.245,0.232423,0,0.000296849,0.245
0.245,0.23414,0,-0.00360661,0.245
0.245,0.235794,0,-0.00975837,0.245
0.245,0.237783,0,-0.0271756,0.245
0.245,0.239227,0,-0.0271756,0.245
0.245,0.240551,0,-0.038938,0.245
0.245,0.241737,0,-0.0512574,0.245
0.245,0.242743,0,-0.0650414,0.245
0.245,0.243642,0,-0.0695724,0.245
0.245,0.244288,0,-0.0697885,0.245
0.245,0.244744,0,-0.06981,0.245
0.245,0.244977,0,-0.069828,0.245
0.245,0.245,0,0,0.245
0.245,0.245,0,0,0.245
0.245,0.245,0,0,0.245
0.245,0.245,0,0,0.245
0.245,0.245,0,0,0.245
0.245,0.245,0,0,0.245
0.245,0.245,0,0,0.245
0.245,0.245,0,0,0.245
0.245,0.245,0,0,0.245
0.245,0.245,0,0,0.245
0.245,0.245,0,0,0.245
0.245,0.245,0,0,0.245
0.245,0.245,0,0,0.245
0.245,0.245,0,0,0.245
0.245,0.245,0,0,0.245
0.245,0.245,0,0,0.245
0.245,0.245,0,0,0.245
0.245,0.245,0,0,0.245
0.245,0.245,0,0,0.245
0.245,0.245,0,0,0.245
0.245,0.245,0,0,0.245
0.245,0.245,0,0,0.245
0.245,0.245,0,0,0.245
0.245,0.245,0,0,0.245
0.245,0.245,0,0,0.245
0.245,0.245,0,0,0.245
0.245,0.245,0,0,0.245
0.245,0.245,0,0,0.245
0.245,0.245,0,0,0.245
0.245,0.245,0,0,0.245
0.245,0.245,0,0,0.245
0.245,0.245,0,0,0.245
0.245,0.245,0,0,0.245
0.245,0.245,0,0,0.245
0.245,0.245,0,0,0.245
0.245,0.245,0,0,0.245
0.245,0.245,0,0,0.245
0.245,0.245,0,0,0.245
0.245,0.245,0,0,0.245
0.245,0.245,0,0,0.245
0.245,0.245,0,0,0.245
0.245,0.245,0,0,0.245
0.245,0.245,0,0,0.245
0.245,0.245,0,0,0.245
0.245,0.245,0,0,0.245
0.245,0.245,0,0,0.245
0.245,0.245,0,0,0.245
0.245,0.245,0,0,0.245
0.245,0.245,0,0,0.245
0.245,0.245,0,0,0.245
0.245,0.245,0,0,0.245
0.245,0.245,0,0,0.245
0.245,0.245,0,0,0.245
0.245,0.245,0,0,0.245
0.245,0.245,0,0,0.245
0.245,0.245,0,0,0.245
0.245,0.245,0,0,0.245
0.245,0.245,0,0,0.245
0.245,0.245,0,0,0.245
0.245,0.245,0,0,0.245
0.245,0.245,0,0,0.245
0.245,0.245,0,0,0.245
0.245,0.245,0,0,0.245
0.245,0.245,0,0,0.245
0.245,0.245,0,0,0.245
0.245,0.245,0,0,0.245
0.245,0.245,0,0,0.245
0.245,0.245,0,0,0.245
0.245,0.245,0,0,0.245
0.245,0.245,0,0,0.245
0.245,0.245,0,0,0.245
0.245,0.245,0,0,0.245
0.245,0.245,0,0,0.245
0.245,0.245,0,0,0.245
0.245,0.245,0,0,0.245
0.245,0.245,0,0,0.245
0.245,0.245,0,0,0.245
0.245,0.245,0,0,0.245
0.245,0.245,0,0,0.245
