-0.10204,-0.0636161,4.01039e-05,0,-0.015695,-0.102038,-0.0990415
-0.10204,-0.0585689,3.56907e-05,-3.00779e-07,-0.0156829,-0.102033,-0.0994889
-0.10204,-0.0564993,3.07572e-05,-1.08741e-06,-0.0157075,-0.102027,-0.0991496
-0.10204,-0.056938,2.53981e-05,-1.78396e-06,-0.0156911,-0.102021,-0.0993673
-0.10204,-0.0576631,2.08648e-05,-2.38035e-06,-0.015701,-0.102014,-0.0995433
-0.10204,-0.0583778,1.71396e-05,-2.87244e-06,-0.0157009,-0.102008,-0.0997023
-0.10204,-0.0587007,1.43322e-05,-3.2767e-06,-0.0157005,-0.102001,-0.099752
-0.10204,-0.0589988,1.20161e-05,-3.60966e-06,-0.0157006,-0.101995,-0.0998134
-0.10204,-0.0593453,1.00175e-05,-3.8882e-06,-0.0156911,-0.101988,-0.0998894
-0.10204,-0.0597224,8.28037e-06,-4.12153e-06,-0.0156757,-0.10198,-0.0999712
-0.10204,-0.0603849,6.55478e-06,-4.3158e-06,-0.0156967,-0.101973,-0.100131
-0.10204,-0.0613974,4.75115e-06,-4.47537e-06,-0.0157424,-0.101965,-0.100374
-0.10204,-0.062792,2.83116e-06,-4.60015e-06,-0.0157789,-0.101956,-0.100707
-0.10204,-0.0650526,4.09457e-07,-4.68845e-06,-0.015724,-0.101947,-0.101264
-0.10204,-0.0678315,-2.23777e-06,-4.7366e-06,-0.0156767,-0.101938,-0.101924
-0.10204,-0.0713126,-5.16546e-06,-4.72229e-06,-0.0155561,-0.101929,-0.102755
-0.10204,-0.0751501,-8.11341e-06,-4.65265e-06,-0.0154103,-0.10192,-0.103651
-0.10204,-0.0782555,-1.02039e-05,-4.52428e-06,-0.0155113,-0.10191,-0.104325
-0.10204,-0.0819047,-1.23931e-05,-4.34424e-06,-0.0155499,-0.1019,-0.105186
-0.10204,-0.0855658,-1.43241e-05,-4.12156e-06,-0.0155175,-0.10189,-0.106023
-0.10204,-0.0894797,-1.6125e-05,-3.85728e-06,-0.0154784,-0.101879,-0.106929
-0.10204,-0.093517,-1.76706e-05,-3.55549e-06,-0.0154903,-0.101867,-0.107858
-0.10204,-0.0974671,-1.87705e-05,-3.21986e-06,-0.015526,-0.101855,-0.108755
-0.10204,-0.101063,-1.92369e-05,-2.85709e-06,-0.0156129,-0.101842,-0.109556
-0.10204,-0.104507,-1.93082e-05,-2.47772e-06,-0.0157565,-0.101828,-0.110331
-0.10204,-0.109463,-2.03548e-05,-2.09238e-06,-0.0157552,-0.101812,-0.111535
-0.10204,-0.114272,-2.10358e-05,-1.69732e-06,-0.015633,-0.101796,-0.112624
-0.10204,-0.119777,-2.2139e-05,-1.28443e-06,-0.015607,-0.101778,-0.113913
-0.10204,-0.124738,-2.27671e-05,-8.54338e-07,-0.0156272,-0.101759,-0.115014
-0.10204,-0.129243,-2.31223e-05,-4.0622e-07,-0.0156525,-0.101738,-0.116011
-0.10204,-0.133414,-2.33579e-05,5.21408e-08,-0.0155674,-0.101715,-0.116935
-0.10204,-0.135876,-2.23816e-05,5.16589e-07,-0.0155839,-0.101689,-0.117394
-0.10204,-0.136303,-1.99495e-05,9.75449e-07,-0.0159284,-0.101661,-0.117365
-0.10204,-0.135555,-1.68178e-05,1.40241e-06,-0.0160032,-0.10163,-0.117103
-0.10204,-0.133342,-1.2833e-05,1.77478e-06,-0.0161083,-0.101597,-0.116486
-0.10204,-0.129254,-7.73607e-06,2.07726e-06,-0.0161791,-0.10156,-0.115413
-0.10204,-0.122771,-1.20995e-06,2.2906e-06,-0.0163777,-0.101521,-0.113758
-0.10204,-0.115128,5.63424e-06,2.38985e-06,-0.0164603,-0.101478,-0.111891
-0.10204,-0.105782,1.29518e-05,2.35587e-06,-0.0166965,-0.101432,-0.109601
-0.10204,-0.096368,1.91708e-05,2.18831e-06,-0.0164933,-0.101382,-0.107371
-0.10204,-0.0847491,2.57793e-05,1.87641e-06,-0.0165921,-0.101329,-0.104524
-0.10204,-0.0736647,3.08761e-05,1.43682e-06,-0.0165886,-0.101271,-0.101929
-0.10204,-0.0630552,3.52111e-05,8.77913e-07,-0.0165542,-0.101209,-0.099437
-0.10204,-0.0537204,3.84428e-05,2.23544e-07,-0.0164335,-0.101143,-0.0972736
-0.10204,-0.0460557,4.02414e-05,-5.08147e-07,-0.0163072,-0.101071,-0.0955105
-0.10204,-0.0402894,4.04496e-05,-1.29229e-06,-0.0161607,-0.100994,-0.0941921
-0.10204,-0.0363806,3.91549e-05,-2.09889e-06,-0.0160042,-0.100911,-0.0932954
-0.10204,-0.0349131,3.59799e-05,-2.89688e-06,-0.0157181,-0.100822,-0.0929852
-0.10204,-0.0351223,3.16825e-05,-3.65299e-06,-0.0157644,-0.100726,-0.0930189
-0.10204,-0.0376495,2.5877e-05,-4.33606e-06,-0.0156892,-0.100622,-0.0936124
-0.10204,-0.0436086,1.77812e-05,-4.92036e-06,-0.015673,-0.100511,-0.0950457
-0.10204,-0.0521813,8.19535e-06,-5.36908e-06,-0.0156163,-0.100391,-0.0970351
-0.10204,-0.0643427,-3.48526e-06,-5.64323e-06,-0.01554,-0.100262,-0.0998925
-0.10204,-0.0778492,-1.5337e-05,-5.70785e-06,-0.0156312,-0.100124,-0.102942
-0.10204,-0.0928263,-2.73886e-05,-5.53741e-06,-0.0155929,-0.0999745,-0.106328
-0.10204,-0.109507,-3.92641e-05,-5.12823e-06,-0.0155223,-0.0998138,-0.110107
-0.10204,-0.12595,-4.78132e-05,-4.47951e-06,-0.0154873,-0.0996409,-0.113724
-0.10204,-0.141204,-5.3091e-05,-3.62156e-06,-0.0155033,-0.0994546,-0.117007
-0.10204,-0.15419,-5.63617e-05,-2.62044e-06,-0.0156367,-0.0992539,-0.119699
-0.10204,-0.164248,-5.75283e-05,-1.53082e-06,-0.015766,-0.0990375,-0.121665
-0.10204,-0.17204,-5.77565e-05,-3.93666e-07,-0.0157888,-0.0988039,-0.123199
-0.10204,-0.17204,-6.30667e-05,7.5884e-07,-0.0161636,-0.0985519,-0.123906
-0.10204,-0.17204,-6.46672e-05,1.95911e-06,-0.0165305,-0.09828,-0.123889
-0.10204,-0.17204,-5.50677e-05,3.23405e-06,-0.0170371,-0.0979868,-0.1228
-0.10204,-0.168076,-3.62591e-05,4.44579e-06,-0.0174694,-0.0976708,-0.120496
-0.10204,-0.156659,-1.71022e-05,5.38727e-06,-0.0178237,-0.0973302,-0.117153
-0.10204,-0.14181,8.51186e-07,5.94962e-06,-0.0181736,-0.0969634,-0.113185
-0.10204,-0.123769,1.85265e-05,6.13906e-06,-0.0182671,-0.0965682,-0.108462
-0.10204,-0.104377,3.52749e-05,5.9718e-06,-0.018238,-0.0961425,-0.103486
-0.10204,-0.0844248,4.94961e-05,5.45891e-06,-0.0182605,-0.095684,-0.098385
-0.10204,-0.0655273,5.8442e-05,4.63253e-06,-0.0181473,-0.0951902,-0.0935712
-0.10204,-0.0485678,6.44698e-05,3.56657e-06,-0.0178797,-0.0946584,-0.0892104
-0.10204,-0.0331776,6.93677e-05,2.34649e-06,-0.0175907,-0.0940857,-0.0851537
-0.10204,-0.0320401,9.18582e-05,1.01546e-06,-0.0172237,-0.0934689,-0.0815986
-0.10204,-0.0320401,0.000120411,-5.6306e-07,-0.0168168,-0.092805,-0.0787091
-0.10204,-0.0320401,0.000148183,-2.64292e-06,-0.0164413,-0.0920904,-0.0765711
-0.10204,-0.0320401,0.000153861,-5.2872e-06,-0.0162336,-0.0913212,-0.0759798
-0.10204,-0.0320401,0.000136533,-8.29913e-06,-0.0160801,-0.0904932,-0.0761132
-0.10204,-0.0320401,9.91844e-05,-1.12291e-05,-0.0159108,-0.0896016,-0.0772611
-0.10204,-0.0320401,4.72129e-05,-1.36423e-05,-0.0157815,-0.0886414,-0.079341
-0.10204,-0.0438504,1.41445e-07,-1.51842e-05,-0.0157513,-0.0876073,-0.0824759
-0.10204,-0.0621766,-3.43262e-05,-1.57283e-05,-0.0158401,-0.0864934,-0.0859197
-0.10204,-0.0836113,-6.08403e-05,-1.54382e-05,-0.0158806,-0.0852934,-0.0898297
-0.10204,-0.106268,-8.34218e-05,-1.45263e-05,-0.0159668,-0.0840007,-0.0938349
-0.10204,-0.129314,-9.81423e-05,-1.31176e-05,-0.0157599,-0.082608,-0.0977837
-0.10204,-0.150835,-0.000101576,-1.1324e-05,-0.0156919,-0.0811075,-0.10117
-0.10204,-0.170476,-0.000103393,-9.33196e-06,-0.0155582,-0.0794909,-0.103973
-0.10204,-0.17204,-0.000129414,-7.28499e-06,-0.0155766,-0.077749,-0.105887
-0.10204,-0.17204,-0.000170648,-4.99595e-06,-0.0157716,-0.0758723,-0.106613
-0.10204,-0.17204,-0.000209567,-2.11902e-06,-0.0159749,-0.0738502,-0.106025
-0.10204,-0.17204,-0.000239733,1.62475e-06,-0.0166736,-0.0716714,-0.104431
-0.10204,-0.17204,-0.000251855,6.07251e-06,-0.0170614,-0.0693238,-0.101753
-0.10204,-0.17204,-0.000243391,1.09702e-05,-0.0173793,-0.0667944,-0.0979998
-0.10204,-0.17204,-0.000217732,1.59354e-05,-0.0175365,-0.0640689,-0.0934742
-0.10204,-0.17204,-0.000175059,2.05851e-05,-0.0178737,-0.0611325,-0.0881072
-0.10204,-0.17204,-0.000115989,2.4577e-05,-0.018229,-0.0579691,-0.0818209
-0.10204,-0.163892,-6.32928e-05,2.75761e-05,-0.0181375,-0.0545625,-0.075517
-0.10204,-0.149358,-2.42924e-05,2.94479e-05,-0.0179962,-0.0508998,-0.0687655
-0.10204,-0.132556,6.13246e-06,3.03823e-05,-0.0177969,-0.0469831,-0.0618794
-0.10204,-0.114393,3.0764e-05,3.06095e-05,-0.0176226,-0.0428766,-0.0550357
-0.0887749,-0.0946036,5.21555e-05,3.02775e-05,-0.0173615,-0.0388863,-0.0482417
-0.0751695,-0.0749737,7.08798e-05,2.94804e-05,-0.0172283,-0.0353518,-0.0420886
-0.0615642,-0.051853,9.1458e-05,2.82781e-05,-0.0169614,-0.0324005,-0.0354805
-0.0479588,-0.0260082,0.000114805,2.66856e-05,-0.0165823,-0.0300999,-0.028787
-0.0343535,0.00025207,0.000138553,2.4658e-05,-0.0159672,-0.0285027,-0.0225688
-0.0207482,0.0271088,0.000158857,2.21601e-05,-0.0153305,-0.0276507,-0.0165926
-0.00714281,0.0527032,0.000164851,1.92164e-05,-0.0143927,-0.0275489,-0.0113009
0,0.0666224,0.000154975,1.59883e-05,-0.00889711,-0.0280546,-0.00942061
0,0.07,0.000150628,1.27753e-05,-0.00752006,-0.0288856,-0.00863495
0,0.07,0.000151194,9.7127e-06,-0.00737268,-0.0298517,-0.00843061
0,0.07,0.000153932,6.69532e-06,-0.00720888,-0.0309073,-0.00834996
0,0.07,0.00014841,3.64816e-06,-0.00655654,-0.0320448,-0.00934873
0,0.07,0.000137668,6.16461e-07,-0.00603962,-0.033267,-0.0105729
0,0.07,0.000121124,-2.26043e-06,-0.00589702,-0.0345797,-0.0122818
0,0.07,0.000101967,-4.87316e-06,-0.00606679,-0.0359901,-0.0141334
0,0.07,8.0794e-05,-7.1328e-06,-0.00624054,-0.0375057,-0.0162687
0,0.07,6.00994e-05,-8.99216e-06,-0.00652868,-0.0391351,-0.0184724
0,0.07,3.62604e-05,-1.04321e-05,-0.00647669,-0.0408872,-0.021286
0,0.0696804,1.34004e-05,-1.14315e-05,-0.00628466,-0.0427716,-0.0241476
0,0.0659897,-2.0297e-06,-1.19624e-05,-0.0057808,-0.0447986,-0.0271843
0,0.0624253,-1.12811e-05,-1.20992e-05,-0.00504114,-0.0469792,-0.0301775
0,0.0595844,-1.62485e-05,-1.198e-05,-0.0039854,-0.0493255,-0.0331442
0,0.0573749,-1.84129e-05,-1.17122e-05,-0.00269629,-0.0518506,-0.0361551
0,0.0562322,-1.82543e-05,-1.13688e-05,-0.00151419,-0.0545686,-0.0391021
0,0.0569635,-1.56103e-05,-1.10019e-05,-0.000285484,-0.0574946,-0.0418004
0,0.0597748,-1.06362e-05,-1.06593e-05,2.94733e-20,-0.0606452,-0.0442533
0,0.0649413,-3.36523e-06,-1.03894e-05,0,-0.0640377,-0.0464168
0,0.07,4.20563e-06,-1.02784e-05,0,-0.0676912,-0.0489753
0,0.07,2.09662e-05,-1.03171e-05,0,-0.0716261,-0.0517806
0,0.07,4.645e-05,-1.05521e-05,0,-0.0758642,-0.0543334
0,0.07,7.66656e-05,-1.12007e-05,0,-0.0804293,-0.0570721
0,0.07,0.000113236,-1.24017e-05,0,-0.0853466,-0.0605257
0,0.07,0.000180158,-1.42458e-05,0,-0.0906434,-0.0641162
0,0.07,0.000274274,-1.71129e-05,0,-0.0963482,-0.0686547
0,0.07,0.000353191,-2.15631e-05,0,-0.102489,-0.0738985
0,0.07,0.000394861,-2.77588e-05,-0.000618067,-0.109087,-0.0799747
0,0.07,0.00046527,-3.51768e-05,-0.00266073,-0.116127,-0.0859186
-0.00680833,0.0631917,0.000584676,-4.36373e-05,-0.0035404,-0.12345,-0.092327
-0.0211417,0.0488583,0.000696862,-5.39577e-05,-0.00406227,-0.130762,-0.0999882
-0.035475,0.034525,0.000965297,-6.64926e-05,-0.00721453,-0.137854,-0.105172
-0.0498083,0.0201917,0.00168412,-8.27115e-05,-0.005952,-0.144656,-0.108692
-0.0641416,0.00585835,0.00348261,-0.000107409,-0.00669966,-0.151132,-0.111798
-0.078475,-0.00847497,0.00746055,-0.000155479,-0.00768142,-0.157252,-0.115207
-0.0928083,-0.0228083,0.0142342,-0.000254966,-0.009217,-0.162986,-0.119686
-0.107142,-0.0371416,0.0731159,-0.00045498,-0.0108361,-0.168285,-0.119686
0.093525,0.163525,0.0603606,-0.000739665,0.0129094,0.0468214,0.0740609
0.0788333,0.143317,0.0300169,-0.00103147,0.015541,0.0423292,0.0625343
0.0648583,0.115998,0.0120464,-0.00197303,0.0178785,0.0385761,0.0543467
0.050525,0.0911463,0.001662,-0.00251047,0.0189949,0.0356069,0.0478264
0.0361917,0.067425,-0.00414521,-0.00271505,0.018755,0.0334769,0.0420517
0.0218583,0.0411075,-0.00721044,-0.00269893,0.0181629,0.0322323,0.0359612
0.007525,0.0110446,-0.00888167,-0.00258997,0.0169575,0.0318773,0.0293122
0,-0.016553,-0.0111801,-0.00243156,0.011088,0.0323687,0.0245044
0,-0.0348347,-0.0121749,-0.00223439,0.0096938,0.0332538,0.0209795
0,-0.053184,-0.0112984,-0.00200233,0.00930328,0.0341276,0.01755
0,-0.07,-0.0100078,-0.00176628,0.00858273,0.0350504,0.0139503
0,-0.07,-0.00873387,-0.00155129,0.00768716,0.036065,0.0109082
0,-0.07,-0.00760445,-0.00136196,0.00581497,0.0371833,0.0089835
0,-0.07,-0.00662828,-0.00119688,0.00404978,0.0384135,0.00828624
0,-0.07,-0.00579564,-0.00105309,0.00275268,0.0397747,0.00852074
0,-0.07,-0.00511627,-0.0009276,0.00216411,0.0412824,0.00842836
0,-0.07,-0.00454588,-0.000817462,0.00232879,0.0429437,0.00847816
0,-0.07,-0.00405257,-0.00072027,0.00291347,0.0447587,0.00920916
0,-0.07,-0.00364176,-0.000633546,0.0038003,0.0467305,0.00999606
0,-0.07,-0.00329357,-0.000556192,0.00444555,0.0488802,0.0110546
0,-0.07,-0.00300772,-0.00048649,0.0049621,0.0512495,0.012125
0,-0.07,-0.00275333,-0.000423049,0.00489237,0.0538686,0.0140562
0,-0.07,-0.00252459,-0.000365311,0.00417504,0.0567607,0.016667
0,-0.07,-0.00232797,-0.000312303,0.00368371,0.059948,0.0193712
0,-0.07,-0.00216714,-0.000263581,0.00274262,0.0634453,0.0223915
0,-0.07,-0.00205754,-0.000218388,0.00169718,0.0672871,0.0255217
0,-0.07,-0.00226688,-0.000176032,0.000884542,0.0716072,0.0287126
0,-0.07,-0.00268265,-0.000133102,1.0842e-19,0.0764565,0.0321683
0,-0.07,-0.00309291,-8.42301e-05,0,0.0817447,0.0352827
0,-0.07,-0.00367575,-2.68847e-05,0,0.0874198,0.0381365
0,-0.07,-0.00474007,3.96362e-05,0,0.0934785,0.0409187
0,-0.07,-0.00659802,0.000122198,0.000365389,0.0999591,0.0438035
0,-0.07,-0.0118953,0.000230934,0.00116611,0.106898,0.0468656
0,-0.07,-0.0431144,0.000397327,0.00247985,0.114327,0.0508279
0,-0.07,-2.35185,0.000791328,0.00414751,0.122263,0.0557637
0,-0.07,-7,0.00167517,0.00670284,0.130665,0.0610732
0.0203667,-0.0496333,-7,0.0663727,0.0118451,0.139245,0.0692913
0.041125,-0.028875,-7,0.249549,0.0193697,0.147627,0.0758324
0.0497417,-0.0202583,-7,0.326549,0.0205706,0.155605,0.0793391
0.0607083,-0.00929167,-7,0.424549,0.0224052,0.16309,0.0843384
0.076375,0.006375,-7,0.564549,0.0239111,0.170064,0.0926085
0.0920417,0.0220417,-7,0.704549,0.0263947,0.176505,0.101201
0.107708,0.0665733,-7,0.844549,0.028865,0.182378,0.11111
-0.0975426,-0.13878,-7,0.984549,0.028865,-0.0186546,-0.0670344
-0.0574988,-0.0861971,-5.4875,1.39405,-0.0410146,-0.0164237,-0.0325196
-0.0574988,-0.0624706,1.91082,1.39405,-0.0410146,-0.015247,-0.0256475
-0.0290917,-0.0437904,5.35961,1.59217,-0.0408629,-0.0148655,-0.0227634
-0.0154015,-0.0255953,6.82916,1.52636,-0.0402898,-0.0154618,-0.0196457
-0.00171127,0.00553805,7,1.40741,-0.037619,-0.0168092,-0.0133684
0,0.0314678,7,1.26955,-0.0317869,-0.0186167,-0.00933468
0,0.0574512,6.46339,1.12955,-0.0312635,-0.0205812,-0.00523902
0,0.07,5.64814,0.99411,-0.0303235,-0.022603,-0.00196351
0,0.07,4.8435,0.871772,-0.0284921,-0.0246643,-0.000784975
0,0.07,4.13781,0.765649,-0.0263669,-0.0267692,-0.000699217
0,0.07,3.55097,0.674777,-0.0241033,-0.0289274,-0.000516286
0,0.07,3.05674,0.597009,-0.0217702,-0.0311504,-0.00187349
0,0.07,2.65988,0.530191,-0.0201335,-0.0334505,-0.00316317
0,0.07,2.33136,0.472429,-0.0189265,-0.0358407,-0.00409692
0,0.07,2.05062,0.422024,-0.0181148,-0.0383341,-0.00427585
0,0.07,1.79754,0.377923,-0.0174194,-0.0409448,-0.00474906
0,0.07,1.57759,0.339062,-0.0160477,-0.0436871,-0.00521209
0,0.07,1.38341,0.305091,-0.0145194,-0.046576,-0.00584703
0,0.07,1.21375,0.27519,-0.0125855,-0.0496275,-0.00672435
0,0.07,1.06793,0.248963,-0.0105198,-0.0528586,-0.00676087
0,0.07,0.939372,0.225928,-0.00831443,-0.0562875,-0.00735028
0,0.07,0.831065,0.205662,-0.00605514,-0.0599333,-0.00798368
0,0.07,0.705276,0.187795,-0.00366361,-0.0638165,-0.00900467
0,0.07,0.589123,0.172243,-0.00171466,-0.0679587,-0.0105034
0,0.07,0.50036,0.159183,-0.000407751,-0.0723831,-0.0121951
0,0.07,0.434161,0.148111,0.000442327,-0.0771144,-0.0141889
0,0.07,0.38834,0.1386,0.00123816,-0.0821791,-0.0172294
0,0.07,0.357214,0.130283,0.00177714,-0.0876052,-0.0200938
0,0.07,0.329946,0.12275,0.00204825,-0.0931034,-0.0225742
0,0.07,0.31613,0.115837,0.00195974,-0.0986124,-0.0253789
0,0.07,1.13208,0.109328,0.00121094,-0.104465,-0.0282369
0,0.07,4.69045,0.102848,0.000299993,-0.110777,-0.0316485
0,0.07,7,0.0576427,-0.00113392,-0.117573,-0.0362153
-0.00608791,0.0639121,7,-0.0783804,-0.00424963,-0.124834,-0.0446438
-0.0250679,0.0449321,7,-0.262726,-0.00912092,-0.132274,-0.0530509
-0.0329463,0.0370537,7,-0.339726,-0.0117017,-0.139476,-0.056078
-0.0426154,0.0273846,7,-0.434226,-0.0129598,-0.146287,-0.0602182
-0.0569399,0.0130601,7,-0.574226,-0.0144645,-0.152682,-0.0665533
-0.0712644,-0.00126436,7,-0.714226,-0.015045,-0.158646,-0.0741272
-0.0855889,-0.0155889,7,-0.854226,-0.016324,-0.164148,-0.082396
-0.0999133,-0.0480016,7,-0.994226,-0.0180883,-0.169155,-0.0900988
0.10063,0.199279,7,-1.13423,-0.0180883,0.0412419,0.101544
0.0601629,0.130163,5.46065,-1.52973,0.0289577,0.0376555,0.0752813
0.0465546,0.116555,0.890027,-1.66273,0.0298821,0.0351211,0.0686915
0.0386761,0.108676,-1.33179,-1.72356,0.0301923,0.0333285,0.0665132
0.0290071,0.0990071,-2.70417,-1.73342,0.0302558,0.0321312,0.0631055
0.0146826,0.0846826,-3.53701,-1.69512,0.0302515,0.0316184,0.0581107
0.000358112,0.0703581,-4.08406,-1.63521,0.0271413,0.0318704,0.0517282
0,0.0687502,-4.49705,-1.56009,0.021838,0.0326344,0.0443064
0,0.0420089,-4.83214,-1.4751,0.0207889,0.033604,0.0378566
0,0.0128821,-4.99416,-1.38231,0.0197115,0.034697,0.0321069
0,-0.0116217,-5.75238,-1.28429,0.018594,0.0358965,0.0277196
0,-0.027584,-6.20823,-1.17797,0.0171622,0.0372032,0.0256886
0,-0.0352157,-5.87823,-1.05904,0.0157053,0.0386226,0.0258669
0,-0.0380608,-5.32558,-0.937684,0.0143425,0.0401623,0.0271411
0,-0.0336886,-4.7485,-0.824817,0.0131203,0.0418306,0.0303288
0,-0.023944,-4.23463,-0.723211,0.0115651,0.0436368,0.0347887
0,-0.018214,-3.80455,-0.632609,0.00956989,0.0455908,0.0379917
0,-0.0196094,-3.40919,-0.551572,0.00731391,0.0477034,0.0395437
0,-0.0199487,-3.0136,-0.478841,0.00469437,0.0499863,0.0419022
0,-0.0225761,-2.6392,-0.41402,0.00217552,0.0524516,0.0437467
0,-0.0259009,-2.28851,-0.35693,0.000105546,0.0551132,0.0456989
0,-0.0292965,-1.96874,-0.307127,-4.66549e-21,0.0579856,0.0478743
0,-0.0361003,-1.68619,-0.264075,0,0.0610851,0.0493281
0,-0.0467111,-1.43795,-0.228656,0,0.0644289,0.0501344
0,-0.0582838,-1.2205,-0.198408,0,0.0680357,0.0511352
0,-0.07,-1.03743,-0.172693,0,0.0719255,0.051517
0,-0.07,-0.881576,-0.150846,0,0.0761202,0.0514596
0,-0.07,-0.746079,-0.1315,0,0.080643,0.0512306
0,-0.07,-0.633781,-0.11502,0,0.0855193,0.0513543
0,-0.07,-0.48193,-0.101053,0,0.0910997,0.051983
0,-0.07,-0.396596,-0.0896685,0,0.0968652,0.0528169
0,-0.07,-0.3371,-0.0807552,0,0.102357,0.0542248
0,-0.07,-0.283448,-0.073329,0,0.108133,0.0564333
0,-0.07,-0.239525,-0.0670431,-0.0105542,0.114358,0.0587942
0,-0.07,-0.210463,-0.0617475,-0.00725295,0.121076,0.0614923
0.000361207,-0.0696388,-0.188981,-0.0571749,-0.00378608,0.128234,0.0658831
0.0148095,-0.0551905,-0.18372,-0.053116,0.000388297,0.135513,0.0706816
0.0292577,-0.0407423,-3.78561,-0.0493627,0.00598447,0.142571,0.0753045
0.0462345,-0.0237655,-5.72831,-0.0450453,0.00538947,0.1493,0.0829589
0.0581543,-0.0118457,-7,0.020473,0.00583663,0.155644,0.0879546
0.0787431,0.00874305,-7,0.18373,0.00658497,0.16155,0.0977061
0.0787431,0.00874305,-5.97912,0.18373,0.00658497,0.167011,0.107456
-0.087412,-0.157412,-4.79654,0.673094,-0.0135153,-0.0449305,-0.0808948
-0.0614051,-0.131405,-1.35353,0.925094,-0.0184687,-0.0411574,-0.0651079
-0.0530974,-0.123097,0.44044,0.981356,-0.0197263,-0.0382652,-0.061223
-0.0429836,-0.112984,1.6003,0.997542,-0.0208939,-0.0360291,-0.0560343
-0.0285353,-0.0985201,2.29791,0.978874,-0.0212829,-0.0345064,-0.0510282
-0.0140871,-0.0766083,2.67988,0.940939,-0.0205363,-0.0338082,-0.0455147
0,-0.0430572,2.87319,0.891925,-0.0172036,-0.033918,-0.0377887
0,-0.0169271,2.95449,0.836684,-0.0108133,-0.0345487,-0.0329152
0,0.0096706,3.27737,0.778529,-0.0105756,-0.0353891,-0.0276094
0,0.0361624,3.66687,0.716695,-0.0101501,-0.0363613,-0.0224491
0,0.0609047,3.47029,0.647836,-0.00982553,-0.0374491,-0.0180196
0,0.07,3.10415,0.57617,-0.00857661,-0.0386529,-0.0151793
0,0.07,2.73165,0.509327,-0.00750551,-0.0399776,-0.0139013
0,0.07,2.39134,0.45041,-0.00655547,-0.0414303,-0.013283
0,0.07,2.09138,0.39867,-0.00516273,-0.0430188,-0.0139635
0,0.07,1.83575,0.353393,-0.00398203,-0.044752,-0.0152437
0,0.07,1.61746,0.313738,-0.00317208,-0.0466393,-0.0169346
0,0.07,1.43042,0.278879,-0.00241592,-0.0486913,-0.0193043
0,0.07,1.27103,0.248119,-0.0018413,-0.0509191,-0.0209534
0,0.07,1.12812,0.220866,-0.00146443,-0.0533348,-0.0228986
0,0.07,1.00108,0.19666,-0.000897773,-0.0559516,-0.0250063
0,0.07,0.888075,0.175177,-1.70588e-05,-0.0587841,-0.0271525
0,0.07,0.787065,0.156116,-1.14563e-22,-0.0618481,-0.0294723
0,0.07,0.69648,0.139213,0,-0.0651609,-0.0319709
0,0.07,0.6157,0.124287,0,-0.0687407,-0.0343807
0,0.07,0.54434,0.111044,0,-0.0726076,-0.0361907
0,0.07,0.481744,0.0993368,0,-0.0767833,-0.0389685
0,0.07,0.429074,0.0890133,0,-0.0812908,-0.0416389
0,0.07,0.373355,0.0798261,0,-0.0861555,-0.0439176
0,0.07,0.293094,0.0717183,0,-0.091713,-0.0462648
0,0.07,0.252409,0.0649334,0,-0.0974892,-0.0489882
0,0.07,0.220662,0.0594173,0,-0.103053,-0.0521201
0,0.07,0.190101,0.054639,0,-0.108921,-0.0550819
0,0.07,0.167318,0.0504855,0.00946979,-0.115246,-0.0585742
0,0.07,0.151773,0.0468772,0.00792324,-0.12207,-0.0626486
-0.000364817,0.0696352,0.139729,0.0436552,0.00553523,-0.129337,-0.0678276
-0.0149575,0.0550425,0.132879,0.04071,0.00232422,-0.136726,-0.0735772
-0.0295502,0.0404498,1.77375,0.03796,-0.00398929,-0.14389,-0.0783373
-0.0470614,0.0229386,2.31137,0.0347709,-0.00273415,-0.15072,-0.088826
-0.0587356,0.0112644,2.23894,0.00532957,-0.00260616,-0.157161,-0.0965004
-0.0733282,-0.00332823,1.94356,-0.0403547,-0.00291006,-0.163169,-0.105686
-0.0879209,-0.0179209,1.85942,-0.0840997,-0.00465859,-0.168712,-0.114565
-0.102514,-0.0384294,1.62035,-0.122634,-0.0059158,-0.173752,-0.123597
0.101784,0.171784,1.30502,-0.159823,0.00736826,0.0406429,0.080486
0.0780709,0.148071,0.296518,-0.220254,0.0123364,0.0368315,0.0626226
0.0693152,0.139315,-0.311313,-0.235914,0.0137855,0.0337181,0.057336
0.0580059,0.117411,-0.645933,-0.238079,0.0149893,0.0311967,0.050521
0.0434132,0.0896523,-0.804661,-0.229008,0.0161373,0.0293412,0.0436215
0.0288205,0.0599339,-0.861418,-0.21474,0.0156543,0.0282564,0.0369352
0.0142279,0.0224271,-0.869184,-0.198165,0.0150243,0.0279921,0.0285467
0,-0.0163431,-0.92543,-0.18087,0.0108403,0.0285171,0.020443
0,-0.0444746,-0.937346,-0.163008,0.006074,0.0295389,0.0155562
0,-0.0678839,-0.833422,-0.144398,0.00544095,0.0307434,0.0115996
0,-0.07,-0.720405,-0.126535,0.0044471,0.0320536,0.00697964
0,-0.07,-0.612456,-0.110771,0.00343222,0.0334549,0.00360929
0,-0.07,-0.518159,-0.0972801,0.00199812,0.0349493,0.00205246
0,-0.07,-0.440696,-0.0858325,0.000835389,0.0365436,0.00221835
0,-0.07,-0.379739,-0.0761277,-2.77869e-20,0.0382462,0.00361985
0,-0.07,-0.331862,-0.0678319,0,0.0400665,0.0060496
0,-0.07,-0.293931,-0.0606441,7.93275e-05,0.0420145,0.00838513
0,-0.07,-0.262316,-0.0543103,0.000468772,0.044101,0.00896338
0,-0.07,-0.233285,-0.0487004,0.000918305,0.0463377,0.00913369
0,-0.07,-0.206217,-0.0436718,0.00111795,0.0487368,0.00890038
0,-0.07,-0.181393,-0.0392362,0.00108086,0.0513112,0.00878886
0,-0.07,-0.159081,-0.0353229,0.00050269,0.0540752,0.00913249
0,-0.07,-0.139652,-0.0318847,2.39547e-20,0.0570443,0.00930829
0,-0.07,-0.122998,-0.0288682,1.22251e-36,0.0602349,0.00949951
0,-0.07,-0.109183,-0.0262167,1.35726e-52,0.063665,0.0101371
0,-0.07,-0.0947851,-0.0238742,-3.47738e-69,0.0673537,0.0108104
0,-0.07,-0.0811089,-0.0218129,0,0.0713215,0.0120255
0,-0.07,-0.0711213,-0.0200403,0,0.0755907,0.0136953
0,-0.07,-0.064303,-0.018498,-0.00438892,0.080185,0.0160097
0,-0.07,-0.0606418,-0.0171301,-0.00808824,0.0851301,0.0183606
0,-0.07,-0.0573357,-0.0158734,-0.00879177,0.0901845,0.020912
0,-0.07,-0.057254,-0.0146886,-0.00851709,0.0952993,0.0236172
0,-0.07,-0.0666032,-0.0135425,-0.00703932,0.100758,0.026452
0,-0.07,-0.500724,-0.012332,-0.0052488,0.106655,0.0291247
0,-0.07,-3.30295,-0.0103488,-0.0040793,0.11303,0.0332878
0,-0.07,-6.73259,0.0136768,-0.0024322,0.119879,0.0387997
0.00392806,-0.0660719,-7,0.0797358,-0.00041912,0.127077,0.0455821
0.0264251,-0.0435749,-7,0.291812,0.00655376,0.134334,0.0533213
0.0342812,-0.0357188,-7,0.368679,0.00917986,0.14135,0.0557167
0.0467796,-0.0232204,-7,0.491179,0.0110771,0.147984,0.0609914
0.0610635,-0.00893653,-7,0.631179,0.0138289,0.154208,0.067274
0.0753473,0.00534732,-7,0.771179,0.0175344,0.159997,0.0741182
0.0896312,0.0196312,-7,0.911179,0.021524,0.165317,0.0814051
0.103915,0.0594179,-7,1.05118,0.0255028,0.170132,0.0886826
-0.0960589,-0.194627,-7,1.19118,0.0255028,-0.0398561,-0.094576
-0.055707,-0.125707,-5.44794,1.58668,-0.0397681,-0.0364963,-0.0689791
-0.040709,-0.110709,-0.318073,1.73368,-0.0395831,-0.0342432,-0.0656124
-0.0321387,-0.102139,1.8331,1.79983,-0.0395748,-0.0327885,-0.0634642
-0.0239255,-0.0939255,3.15164,1.80605,-0.039424,-0.0319294,-0.0613647
-0.0103558,-0.0803558,3.91708,1.76241,-0.0398028,-0.0316976,-0.0561676
0,-0.07,4.42628,1.69325,-0.0348873,-0.0321202,-0.0491605
0,-0.0576231,4.82552,1.61084,-0.0296166,-0.0329527,-0.0414604
0,-0.0256845,5.08389,1.51912,-0.0290443,-0.0339593,-0.0341302
0,-0.00733907,5.56665,1.42041,-0.0277542,-0.0350825,-0.0315929
0,0.019741,6.18696,1.31463,-0.0271753,-0.0363122,-0.0260424
0,0.0473147,6.36911,1.19803,-0.0247826,-0.0376507,-0.0209732
0,0.0644222,5.80853,1.07274,-0.0225479,-0.0391044,-0.0191508
0,0.068916,5.15548,0.950121,-0.0212039,-0.0406809,-0.0204813
0,0.0634689,4.5613,0.839501,-0.0202516,-0.0423889,-0.0240912
0,0.05834,4.06141,0.741442,-0.0197929,-0.0442378,-0.0272448
0,0.048697,3.62302,0.654465,-0.0187959,-0.0462379,-0.0318115
0,0.0406412,3.25283,0.576963,-0.0169508,-0.0484002,-0.0358594
0,0.0353979,2.92571,0.50765,-0.0141814,-0.0507365,-0.03936
0,0.02874,2.6233,0.445373,-0.0106145,-0.0532595,-0.0435744
0,0.0256099,2.35322,0.38943,-0.00643688,-0.0559831,-0.0469297
0,0.0271032,2.09742,0.339259,-0.00236065,-0.0589225,-0.0493818
0,0.0332163,1.84366,0.294369,0,-0.0620941,-0.0510086
0,0.0410492,1.59298,0.254578,0,-0.0655157,-0.052645
0,0.0609406,1.36568,0.220964,0,-0.0692064,-0.0512794
0,0.07,1.15338,0.192286,0,-0.0731866,-0.0504977
0,0.07,0.972481,0.167945,0,-0.0774787,-0.0495309
0,0.07,0.818255,0.146415,0,-0.0821066,-0.0478431
0,0.07,0.688458,0.128276,0,-0.0870961,-0.0467288
0,0.07,0.541018,0.113014,0,-0.0924749,-0.0459204
0,0.07,0.440767,0.100498,0,-0.0976541,-0.0453458
0,0.07,0.376139,0.0905802,0,-0.102486,-0.0455758
0,0.07,0.313759,0.0823142,0.00337357,-0.107583,-0.0470987
0,0.07,0.267429,0.0753216,0.00716395,-0.113123,-0.0494123
0,0.07,0.236149,0.0694171,0.000955217,-0.119156,-0.0520522
0,0.07,0.222342,0.0642874,-0.00473502,-0.125644,-0.0564241
-0.012168,0.057832,4.36774,0.0596335,-0.0109408,-0.132314,-0.0615908
-0.0278125,0.0421875,7,0.0546308,-0.019461,-0.138841,-0.0672796
-0.0521484,0.0178516,7,-0.0961676,-0.0175488,-0.1451,-0.0836655
-0.0597969,0.0102031,7,-0.171851,-0.017894,-0.15101,-0.088847
-0.067793,0.00220702,7,-0.252351,-0.0181682,-0.156516,-0.0940816
-0.0816992,-0.0116992,7,-0.392351,-0.0184556,-0.161596,-0.101568
-0.0956055,-0.0449922,7,-0.532351,-0.0193867,-0.166218,-0.107539
0.0990821,0.163602,7,-0.672351,-0.0193867,0.0382514,0.0837447
0.0990821,0.130602,5.63862,-0.672351,0.0213484,0.0345531,0.0539053
0.045543,0.0968893,-0.175808,-1.21135,0.031785,0.0317769,0.0462299
0.0378945,0.0858302,-2.44452,-1.27406,0.0316085,0.0301406,0.0439483
0.0295508,0.0792748,-3.65976,-1.27372,0.0309711,0.0291584,0.0423537
0.0156445,0.0699743,-4.1834,-1.2145,0.030587,0.0288272,0.040569
0.00173828,0.0505974,-4.32458,-1.13685,0.0283495,0.0292259,0.0364478
0,0.0266474,-4.30247,-1.05199,0.0228013,0.0301352,0.0317422
0,-0.0011608,-4.39052,-0.965682,0.0220925,0.0312625,0.0262554
0,-0.0241095,-4.8127,-0.878885,0.0206351,0.032507,0.0223347
0,-0.0450914,-4.55313,-0.787486,0.0197026,0.0338473,0.0189809
0,-0.0604842,-4.01055,-0.693438,0.018442,0.0352836,0.0172498
0,-0.069568,-3.47427,-0.606988,0.0169042,0.0368219,0.0171077
0,-0.07,-3.00414,-0.531335,0.0152173,0.0384702,0.0182212
0,-0.07,-2.61001,-0.465846,0.0138257,0.0402374,0.0201802
0,-0.07,-2.28092,-0.409113,0.0120038,0.0421335,0.022529
0,-0.07,-2.00294,-0.35971,0.0100477,0.0441688,0.0243178
0,-0.07,-1.76028,-0.316455,0.00796334,0.0463548,0.0266209
0,-0.07,-1.55007,-0.278458,0.00585531,0.0487033,0.0284022
0,-0.07,-1.36351,-0.24504,0.00365431,0.051227,0.0300072
0,-0.07,-1.19777,-0.215624,0.00137,0.05394,0.031867
0,-0.07,-1.05109,-0.189763,-9.69233e-20,0.0568573,0.0331453
0,-0.07,-0.917863,-0.167054,-3.76158e-36,0.0599951,0.0346667
0,-0.07,-0.799497,-0.147165,0,0.0633711,0.0365756
0,-0.07,-0.695965,-0.129873,0,0.0670041,0.0384905
0,-0.07,-0.604747,-0.114815,0,0.0709143,0.0406492
0,-0.07,-0.52699,-0.101671,0,0.0751236,0.0428138
0,-0.07,-0.461328,-0.0902754,0,0.0796555,0.0451293
0,-0.07,-0.405578,-0.0802938,0,0.0845352,0.0479939
0,-0.07,-0.317505,-0.071569,0,0.0895937,0.0510688
0,-0.07,-0.273328,-0.064118,0,0.094803,0.0532601
0,-0.07,-0.232913,-0.0581434,0,0.100378,0.0561648
0,-0.07,-0.197943,-0.0530203,0,0.106397,0.0598058
0,-0.07,-0.169127,-0.0486593,0,0.112896,0.0642256
0,-0.07,-0.149575,-0.0449454,-0.00843793,0.119883,0.0686462
0.00181357,-0.0681864,-0.136129,-0.0417291,-0.00600154,0.127268,0.0739133
0.0163221,-0.0536779,-0.125304,-0.0388451,-0.00281081,0.134728,0.080337
0.0308307,-0.0391693,-0.125189,-0.0362091,0.0040985,0.141943,0.0849401
0.0453393,-0.0246607,-0.191137,-0.0337036,0.00544698,0.148807,0.0923578
0.0598478,-0.0101522,-0.283225,-0.0308371,0.00559579,0.15527,0.101083
0.0743564,0.00435642,-0.321967,-0.0262317,0.00640673,0.161296,0.110715
0.088865,0.018865,-0.349978,-0.0202572,0.00747389,0.166848,0.119444
0.103374,0.0424748,-0.393373,-0.0135798,0.00910122,0.171889,0.127955
-0.0997464,-0.169746,-0.326311,-0.00658021,-0.0106558,-0.0412498,-0.0727323
-0.0739937,-0.117969,-0.151433,0.005844,-0.0163764,-0.0374745,-0.0525581
-0.0652886,-0.0940066,-0.0560736,0.00977157,-0.0177659,-0.0344373,-0.0469103
-0.0562207,-0.0753663,-0.00414633,0.0115215,-0.0189765,-0.0319809,-0.0418359
-0.0417121,-0.0466098,0.0238559,0.0121756,-0.0204321,-0.0301605,-0.0345253
-0.0272036,-0.0178967,0.0394679,0.0120205,-0.0214423,-0.0291054,-0.0281666
-0.012695,0.0159814,0.0520869,0.0114107,-0.0203472,-0.0288654,-0.0207246
0,0.0515387,0.0572671,0.010514,-0.0152229,-0.0293847,-0.0133295
0,0.07,0.0521787,0.00942828,-0.00981071,-0.0303701,-0.00908365
0,0.07,0.0459464,0.00832619,-0.010057,-0.0315337,-0.00477428
0,0.07,0.0396562,0.00733559,-0.00884776,-0.0328051,-0.00164209
0,0.07,0.034024,0.00647013,-0.0072954,-0.0341712,0.000313079
0,0.07,0.0292557,0.00572488,-0.00566025,-0.0356343,0.000670151
0,0.07,0.0253811,0.00508731,-0.00398899,-0.0372011,6.05968e-05
0,0.07,0.0222444,0.00453707,-0.00302367,-0.03888,-0.00119433
0,0.07,0.0197053,0.00405768,-0.00255599,-0.0406801,-0.00218839
0,0.07,0.0175716,0.00363437,-0.00257514,-0.0426115,-0.00297103
0,0.07,0.0157035,0.00325947,-0.00295568,-0.0446847,-0.00426698
0,0.07,0.0140913,0.00292485,-0.00323152,-0.0469114,-0.00543114
0,0.07,0.0126897,0.00262529,-0.00340627,-0.0493036,-0.00652007
0,0.07,0.0114664,0.00235538,-0.00327287,-0.0518744,-0.00759656
0,0.07,0.0103871,0.00211259,-0.00273681,-0.054638,-0.00897649
0,0.07,0.00949413,0.00189244,-0.00206371,-0.0576098,-0.0101664
0,0.07,0.00877578,0.00169273,-0.00120916,-0.0608064,-0.0114086
0,0.07,0.00821445,0.00150896,-6.76144e-21,-0.0642456,-0.0130984
0,0.07,0.0078433,0.00133821,0,-0.0679467,-0.0150241
0,0.07,0.00790436,0.00117726,0,-0.0719303,-0.0168441
0,0.07,0.00825821,0.00101988,0,-0.0762186,-0.0192956
0,0.07,0.00888524,0.000858608,0,-0.0808356,-0.0220725
0,0.07,0.0100381,0.000688114,0,-0.0858071,-0.0249222
0,0.07,0.0108445,0.00050061,0.00589962,-0.0910637,-0.0274348
0,0.07,0.0138248,0.000293398,0.00687099,-0.0966068,-0.0301187
0,0.07,0.0229927,5.41558e-05,0.00717443,-0.102559,-0.0326395
0,0.07,0.0801811,-0.000291099,0.00709679,-0.108972,-0.0349063
0,0.07,2.79967,-0.0010083,0.00635282,-0.115876,-0.038318
0,0.07,6.36106,-0.00397167,0.00555025,-0.123253,-0.0433806
-0.00628006,0.0637199,7,-0.0688686,0.00402052,-0.130933,-0.0495376
-0.0317697,0.0382303,7,-0.288325,-0.00290062,-0.138619,-0.0600875
-0.0398968,0.0301032,7,-0.365006,-0.00420019,-0.146033,-0.0640483
-0.0506099,0.0193901,7,-0.466506,-0.00567293,-0.153028,-0.0692659
-0.0653865,0.00461354,7,-0.606506,-0.00809282,-0.159575,-0.0770198
-0.0801631,-0.0101631,7,-0.746506,-0.00995032,-0.165653,-0.085083
-0.0949397,-0.0249397,7,-0.886506,-0.0129961,-0.171232,-0.0930607
-0.109716,-0.05569,7,-1.02651,-0.0159737,-0.176272,-0.10133
0.0971562,0.196709,7,-1.16651,-0.0159737,0.0409146,0.0910298
0.0554123,0.125412,5.45295,-1.56201,0.0289307,0.0374202,0.0678608
0.0402662,0.110266,0.313051,-1.70551,0.0292666,0.0350927,0.0607106
0.0321391,0.102139,-1.93503,-1.76626,0.0291439,0.0335813,0.058237
0.0232731,0.0932731,-3.33974,-1.77146,0.028581,0.0326797,0.0560568
0.00849655,0.0784965,-4.12816,-1.72012,0.0276487,0.0324475,0.0512331
0,0.07,-4.60084,-1.64662,0.0219094,0.0328745,0.0456902
0,0.0456615,-4.89751,-1.56028,0.0196356,0.0336851,0.0386741
0,0.0120418,-5.04296,-1.46574,0.0182901,0.0346659,0.0314672
0,-0.0188318,-5.98747,-1.36656,0.0171767,0.0357654,0.0253822
0,-0.0416581,-6.4321,-1.25767,0.0161514,0.0369745,0.021655
0,-0.0562593,-6.02561,-1.13414,0.0150609,0.0382961,0.0201515
0,-0.0614936,-5.4311,-1.00895,0.0138803,0.0397364,0.0210169
0,-0.059792,-4.84612,-0.893493,0.0128625,0.0413031,0.0234836
0,-0.0567304,-4.32074,-0.789843,0.0118427,0.0430049,0.0261102
0,-0.0496331,-3.8517,-0.697387,0.0107525,0.044851,0.0299277
0,-0.0404995,-3.44878,-0.614959,0.00923731,0.0468517,0.0342553
0,-0.0307099,-3.10246,-0.54135,0.00713362,0.0490181,0.0388176
0,-0.0237352,-2.80261,-0.475318,0.00487859,0.0513618,0.042726
0,-0.0175301,-2.52775,-0.415817,0.00210196,0.0538957,0.0467407
0,-0.0135144,-2.26897,-0.362101,1.92038e-19,0.0566339,0.0503841
0,-0.010867,-2.01742,-0.313746,0,0.0595915,0.0539751
0,-0.0128729,-1.78046,-0.271888,0,0.0627851,0.0565746
0,-0.0226617,-1.55887,-0.234857,0,0.0662325,0.0574905
0,-0.0366341,-1.33476,-0.20235,0,0.069953,0.0579122
0,-0.0545724,-1.11785,-0.174311,0,0.0739673,0.0577521
0,-0.07,-0.93135,-0.150652,0,0.0782978,0.0568673
0,-0.07,-0.778044,-0.130906,0,0.0829687,0.0560277
0,-0.07,-0.652959,-0.113582,0,0.0880059,0.0553381
0,-0.07,-0.510984,-0.0990845,0,0.0931272,0.0550815
0,-0.07,-0.421879,-0.0872321,0,0.0982722,0.0549688
0,-0.07,-0.345328,-0.0777698,0,0.103764,0.055907
0,-0.07,-0.281502,-0.0699446,0,0.109706,0.0577588
0,-0.07,-0.234909,-0.0635487,-0.0167823,0.11614,0.0605472
0,-0.07,-0.204201,-0.0583147,-0.0128446,0.123055,0.0635912
0.00541841,-0.0645816,-0.182614,-0.0538468,-0.00723641,0.130297,0.0673719
0.0198675,-0.0501325,-0.233709,-0.0499139,-0.000232753,0.137536,0.0708481
0.0343166,-0.0356834,-7,-0.046185,0.00809866,0.144512,0.0743992
0.0610474,-0.00895255,-7,-0.0375378,0.00823688,0.151144,0.0902528
0.0610474,-0.00895255,-5.81662,-0.0375378,0.00823688,0.157379,0.103765
0.0610474,-0.00895255,-3.9914,-0.0375378,0.00823688,0.163183,0.103765
0.0610474,-0.00895255,-2.95323,-0.0375378,0.00823688,0.16857,0.103765
-0.0812762,-0.151276,-2.29592,0.680079,-0.0130715,-0.0539132,-0.074486
-0.055629,-0.115661,-0.328949,0.928579,-0.0151166,-0.0496441,-0.0628577
-0.0473208,-0.107375,0.593125,0.957334,-0.015508,-0.0463512,-0.0604397
-0.0379289,-0.100834,1.23935,0.961211,-0.0155699,-0.043771,-0.0577765
-0.0234798,-0.0774814,1.6729,0.944179,-0.0158042,-0.0419479,-0.0511552
-0.00903069,-0.0518251,1.92864,0.915706,-0.0152619,-0.0409785,-0.0451033
0,-0.0292854,2.06214,0.880075,-0.00930824,-0.0407548,-0.0403465
0,-0.00847002,2.12465,0.840367,-0.00593076,-0.0409781,-0.0361255
0,0.0167513,2.64087,0.798593,-0.00636732,-0.0414182,-0.0306136
0,0.0430916,3.17646,0.751712,-0.00581388,-0.0420167,-0.025126
0,0.065858,3.1929,0.694342,-0.00499719,-0.0427611,-0.0209544
0,0.07,3.00687,0.630673,-0.00448341,-0.0436511,-0.0179478
0,0.07,2.76981,0.568397,-0.00336279,-0.0446904,-0.0166768
0,0.07,2.5171,0.510274,-0.00220805,-0.0458845,-0.0165585
0,0.07,2.26837,0.457026,-0.00119393,-0.0472398,-0.0177148
0,0.07,2.03999,0.408798,-0.00109615,-0.0487637,-0.0199206
0,0.07,1.83521,0.365372,-0.00159764,-0.0504646,-0.0228838
0,0.07,1.65388,0.326313,-0.00171541,-0.0523518,-0.0262261
0,0.07,1.49362,0.29115,-0.00165049,-0.0544354,-0.0295449
0,0.07,1.34834,0.259435,-0.00122685,-0.0567269,-0.0329127
0,0.07,1.21481,0.230797,-0.000196633,-0.0592387,-0.0364998
0,0.07,1.0918,0.204965,-2.71051e-20,-0.061985,-0.0405747
0,0.07,0.980106,0.181714,0,-0.0649809,-0.0447679
0,0.0673472,0.878475,0.160828,0,-0.0682432,-0.0492917
0,0.0608,0.786458,0.14209,0,-0.07179,-0.0546918
0,0.0543755,0.705878,0.125808,0,-0.0756412,-0.0601989
0,0.0510366,0.6334,0.111207,0,-0.0798182,-0.0652069
0,0.0490688,0.566536,0.0981045,0,-0.0843443,-0.070364
0,0.0494929,0.505562,0.0863726,0,-0.0892446,-0.0753198
0,0.0528755,0.450158,0.0758955,0,-0.0945465,-0.0799736
0,0.059326,0.401019,0.0665599,0,-0.100207,-0.0838992
0,0.0682655,0.356485,0.0582447,0,-0.106236,-0.0878602
0,0.07,0.306823,0.0508478,0,-0.112734,-0.0922333
0,0.07,0.246962,0.0444134,0,-0.119752,-0.0969762
0,0.07,0.196558,0.0387857,0,-0.127311,-0.10188
0,0.07,0.158401,0.0342749,0,-0.135376,-0.106933
-0.0106749,0.0593251,0.129125,0.030649,0,-0.143687,-0.113047
-0.0264895,0.0435105,0.107729,0.0277299,0.00185239,-0.151868,-0.117756
-0.0423041,0.0276959,0.0939298,0.0253185,0.02475,-0.15971,-0.120798
-0.0581186,0.0118814,0.084774,0.0232812,0.0254255,-0.167133,-0.124229
-0.0739332,-0.00393325,0.077678,0.0214805,0.0248177,-0.174093,-0.127268
-0.0897478,-0.0197478,0.0708883,0.0198417,0.0238615,-0.180548,-0.130987
-0.105562,-0.0130831,0.0640601,0.0183459,0.0224794,-0.186458,-0.136723
0.115842,0.185842,0.0604293,0.0169862,-5.65431e-10,0.0454373,0.0967145
0.0956783,0.165678,0.0526531,0.0153526,0,0.0407824,0.082277
0.0842127,0.154213,0.0487024,0.0144902,0,0.0368172,0.0736593
0.0683981,0.138398,0.0464914,0.0134707,0,0.0335497,0.0592079
0.0525835,0.0969462,0.0483474,0.0125132,0,0.0310634,0.0454692
0.0367689,0.0478851,0.0487868,0.0115685,0,0.0294219,0.0337741
0.0209543,-0.000130602,0.0490075,0.0105954,0,0.0286725,0.0231815
0.00513974,-0.0424537,0.0545131,0.0096166,0,0.0288074,0.0144673
0,-0.07,0.0488451,0.00855937,0,0.0295985,0.00944895
0,-0.07,0.0423333,0.00754846,0,0.0307027,0.0041708
0,-0.07,0.0358647,0.00662691,0,0.0319467,0.000302081
0,-0.07,0.030114,0.00583523,0,0.03329,-0.00249881
0,-0.07,0.0252928,0.00516682,0,0.0347279,-0.00366319
0,-0.07,0.0214489,0.00460552,0,0.0362651,-0.00345011
0,-0.07,0.0184438,0.00413426,0,0.0379093,-0.0027699
0,-0.07,0.0160004,0.00373233,0,0.0396693,-0.0028468
0,-0.07,0.0138991,0.00338422,0,0.0415549,-0.00259972
0,-0.07,0.0120424,0.00308312,0,0.0435766,-0.00256571
0,-0.07,0.0102853,0.00282092,0,0.0457455,-0.00357426
0,-0.07,0.00857915,0.00259501,0,0.0480735,-0.0034527
0,-0.07,0.00699944,0.00240381,0,0.0505733,-0.00323797
0,-0.07,0.0054309,0.00224565,0,0.0532587,-0.00347676
0,-0.07,0.00386555,0.00211899,0,0.0561446,-0.00329027
0,-0.07,0.00117239,0.00202368,0,0.059247,-0.00370017
0,-0.07,-0.00306415,0.00196926,0,0.0625834,-0.00344698
0,-0.07,-0.00847956,0.00197971,-9.30535e-05,0.0661723,-0.00288732
0,-0.07,-0.0148679,0.00208431,-0.0116142,0.0700338,-0.00209161
0,-0.07,-0.0246975,0.00230501,-0.0107284,0.0741895,-0.000804522
0,-0.07,-0.0720947,0.00267609,-0.00841296,0.0786625,-0.000156818
0,-0.07,-4.17758,0.00343073,-0.00424616,0.0834778,0.000189609
0,-0.07,-7,0.00897811,-0.000511291,0.0886622,0.00180714
0,-0.07,-7,0.134306,0.00285149,0.0938464,0.00761175
0,-0.07,-7,0.346394,0.00707009,0.0991092,0.0143192
0,-0.07,-7,0.545894,0.0107889,0.105045,0.0206438
0,-0.07,-7,0.724394,0.0138583,0.111742,0.027099
0,-0.07,-7,0.801394,0.0149941,0.118878,0.0300775
0.00524745,-0.0647525,-7,0.902894,0.0161893,0.126046,0.0341564
0.0192407,-0.0507593,-7,1.04289,0.0183986,0.133043,0.039252
0.0332339,-0.0367661,-7,1.18289,0.0209327,0.139743,0.0438459
0.0472271,-0.0227729,-7,1.32289,0.0213797,0.146092,0.0496063
0.0612203,-0.0087797,-7,1.46289,0.0220745,0.152053,0.0563935
0.0752135,0.00521351,-7,1.60289,0.0233397,0.157592,0.0634653
0.0892067,0.0192067,-7,1.74289,0.0253275,0.162673,0.0690148
0.1032,0.0600866,-7,1.88289,0.0268867,0.167261,0.0759683
-0.092705,-0.190691,-7,2.02289,0.0268867,-0.0385835,-0.107683
-0.0531742,-0.123174,-5.27738,2.41839,-0.038804,-0.035429,-0.0804424
-0.0388312,-0.108831,-0.551646,2.56189,-0.0393602,-0.033362,-0.0723558
-0.0388312,-0.108831,1.95626,2.56189,-0.0393602,-0.0319122,-0.0688017
-0.022739,-0.092739,3.78425,2.63215,-0.0390983,-0.0309984,-0.0658269
-0.00874576,-0.0787458,4.86244,2.57966,-0.0392055,-0.0308578,-0.0607404
0,-0.07,5.6501,2.49535,-0.0328897,-0.0313844,-0.0570561
0,-0.07,6.17935,2.3914,-0.027619,-0.0322933,-0.0521282
0,-0.07,6.58994,2.27443,-0.0260493,-0.0333664,-0.0458661
0,-0.0509419,6.90671,2.14982,-0.0243767,-0.0345512,-0.0409576
0,-0.0328253,6.98818,2.01707,-0.0224548,-0.035839,-0.0381094
0,-0.0234242,6.9804,1.87865,-0.0203326,-0.0372327,-0.0377753
0,-0.0188598,6.97625,1.73891,-0.0184212,-0.0387392,-0.0384854
0,-0.0185986,6.89104,1.59932,-0.017026,-0.0403663,-0.040305
0,-0.0208751,6.56154,1.46009,-0.016147,-0.0421232,-0.0428104
0,-0.0263958,6.04796,1.32507,-0.0158295,-0.0440194,-0.0462754
0,-0.0341114,5.40362,1.19821,-0.01563,-0.0460655,-0.0503719
0,-0.0406427,4.80933,1.08272,-0.0146985,-0.0482728,-0.0541752
0,-0.0487077,4.32875,0.979704,-0.0123894,-0.0506533,-0.0586091
0,-0.0536826,3.91984,0.887602,-0.00846657,-0.0532199,-0.0622764
0,-0.0539525,3.57447,0.804503,-0.00383848,-0.0559869,-0.0649671
0,-0.0514123,3.27633,0.729042,-4.33681e-19,-0.0589697,-0.0673129
0,-0.0403615,3.01051,0.660087,0,-0.062185,-0.0676526
0,-0.0295167,2.8054,0.598282,0,-0.0656507,-0.0687169
0,-0.0239102,2.65045,0.540943,0,-0.0693861,-0.0715222
0,-0.0218033,2.49718,0.487004,0,-0.0734122,-0.0753781
0,-0.0137393,2.31772,0.436141,0,-0.0777513,-0.0777544
0,-0.00131928,2.21582,0.38871,0,-0.0824278,-0.0795574
0,0.0138021,2.13596,0.343782,0,-0.0874675,-0.0812075
0,0.0316606,1.9557,0.300584,0,-0.0928987,-0.0826487
0,0.0495646,1.67198,0.259487,0,-0.0985903,-0.0836588
0,0.07,1.42667,0.222926,0,-0.104528,-0.0841335
0,0.07,1.18989,0.191694,0,-0.110897,-0.0846799
0,0.07,0.916332,0.16399,0,-0.117769,-0.0862599
0,0.07,0.709442,0.142654,0,-0.125179,-0.0882574
0,0.07,0.555784,0.125982,0,-0.133119,-0.0910947
-0.00516318,0.0648368,0.451205,0.1131,0.0180221,-0.141431,-0.0944736
-0.0210499,0.0489501,0.382818,0.102821,0.0346805,-0.149748,-0.0956174
-0.0369366,0.0330634,0.336096,0.0943094,0.0284181,-0.157768,-0.0935613
-0.0528233,0.0171767,0.296307,0.0869801,0.0279967,-0.165388,-0.0938627
-0.06871,0.00129003,0.316847,0.0805367,0.0272434,-0.172555,-0.0939171
-0.0845967,-0.0145967,2.68446,0.0745079,0.0261046,-0.17923,-0.0951197
-0.100881,-0.0308805,5.24595,0.0680125,0.0242945,-0.18537,-0.0989191
-0.11637,-0.0255656,7,0.00148044,0.0208044,-0.190935,-0.103901
0.0929372,0.162937,6.43987,-0.189997,0.0629486,0.0425318,0.112531
0.0536176,0.123618,4.79182,-0.449671,0.00416555,0.0388691,0.076091
0.0329649,0.102965,2.10246,-0.616511,0.00631855,0.0365754,0.0629602
0.0234329,0.0934329,0.367025,-0.674837,0.00544849,0.035305,0.0592659
0.0107235,0.0807235,-0.717521,-0.702011,0.00391863,0.0347999,0.0556003
0,0.07,-1.36929,-0.700133,-5.85412e-19,0.0349862,0.05213
0,0.07,-1.75564,-0.680569,4.81482e-35,0.0356133,0.0483957
0,0.0491219,-1.97914,-0.649899,0,0.0364335,0.042637
0,0.0185075,-2.08623,-0.612886,0,0.0373856,0.0361026
0,-0.00983986,-2.3812,-0.571804,0,0.0384574,0.0307358
0,-0.0328771,-2.69143,-0.52595,0,0.0396504,0.0268621
0,-0.0452713,-2.56172,-0.473983,0,0.0409698,0.0259346
0,-0.049968,-2.32437,-0.42197,0,0.0424228,0.0267932
0,-0.0481503,-2.07839,-0.37394,0,0.0440172,0.0292362
0,-0.0458133,-1.85715,-0.330896,0,0.0457617,0.0316468
0,-0.0403378,-1.65839,-0.292426,0,0.0476662,0.0350601
0,-0.0385563,-1.48508,-0.258066,0,0.0497409,0.0374476
0,-0.0394119,-1.32473,-0.227324,0,0.0519972,0.0394514
0,-0.0407977,-1.17455,-0.199868,0,0.0544473,0.041625
0,-0.0445997,-1.0369,-0.175475,0,0.0571049,0.0433544
0,-0.0505267,-0.909844,-0.153912,0,0.0599846,0.0448319
0,-0.0589096,-0.793738,-0.134952,0,0.0631026,0.0459719
0,-0.0690526,-0.689868,-0.118381,0,0.0664763,0.0470083
0,-0.07,-0.597636,-0.10396,0,0.0701244,0.0480514
0,-0.07,-0.516666,-0.0914542,0,0.0740674,0.0493166
0,-0.07,-0.444722,-0.0801897,0,0.0783273,0.0514331
0,-0.07,-0.384807,-0.0704679,0,0.0829277,0.0543607
0,-0.07,-0.336242,-0.0621127,0,0.0878943,0.0571481
0,-0.07,-0.277701,-0.0548294,0,0.0930311,0.0600926
0,-0.07,-0.239227,-0.0486314,0,0.0983028,0.0638014
0,-0.07,-0.201107,-0.0434044,0,0.10395,0.0676922
0,-0.07,-0.1693,-0.038963,0,0.110058,0.0730044
0,-0.07,-0.14431,-0.0352112,0,0.116663,0.0781755
0,-0.07,-0.122353,-0.0320251,0,0.12376,0.0834611
0.00404565,-0.0659544,-0.105271,-0.0293255,0,0.13122,0.0898661
0.0187571,-0.0512429,-0.0939064,-0.0270237,-0.000452987,0.138708,0.0965981
0.0334685,-0.0365315,-0.0861519,-0.0250148,0.00222597,0.145934,0.101588
0.04818,-0.02182,-0.0786932,-0.0231949,0.00161847,0.152801,0.107386
0.0628914,-0.0071086,-0.0730123,-0.0215352,0.00182362,0.15926,0.111982
0.0776028,0.00760283,-0.0719014,-0.0200068,0.00261545,0.165273,0.116955
0.0923143,0.0223143,-0.0896444,-0.0185549,0.00411422,0.170803,0.121995
0.107026,0.0428599,-0.22178,-0.0170104,0.00583423,0.175811,0.127716
-0.0989344,-0.168934,-0.186683,-0.0152175,-0.00827661,-0.0404154,-0.076261
-0.0746605,-0.13374,-0.116368,-0.0122593,-0.0128788,-0.03668,-0.0564092
-0.0658337,-0.110219,-0.0774565,-0.0100676,-0.0142961,-0.0336703,-0.0501194
-0.0548001,-0.0839876,-0.0552227,-0.0084231,-0.0158544,-0.0312712,-0.043096
-0.0400887,-0.0465779,-0.0419099,-0.00706296,-0.0170962,-0.0295539,-0.0338145
-0.0253772,-0.0120255,-0.0344116,-0.00607166,-0.0166024,-0.0286247,-0.0263156
-0.0106658,0.0254798,-0.0324144,-0.0052972,-0.0154453,-0.0285184,-0.0182048
0,0.0578698,-0.0285821,-0.00462594,-0.00948668,-0.0291366,-0.0119177
0,0.07,-0.0239144,-0.00401023,-0.00543083,-0.0301768,-0.00667068
0,0.07,-0.0197873,-0.00347826,-0.00569773,-0.031383,-0.00193104
0,0.07,-0.0162385,-0.00303299,-0.0042294,-0.0326932,0.0016705
0,0.07,-0.0132967,-0.00266741,-0.00308082,-0.0340966,0.00427151
0,0.07,-0.0109232,-0.00236765,-0.00120782,-0.0355964,0.005217
0,0.07,-0.0090869,-0.00212307,6.07447e-20,-0.0371996,0.00483311
0,0.07,-0.00767499,-0.00192022,0,-0.0389147,0.00440854
0,0.07,-0.00653904,-0.00175119,0,-0.0407513,0.00375803
0,0.07,-0.00561077,-0.00160791,-0.00079743,-0.0427194,0.00258008
0,0.07,-0.00483209,-0.00148502,-0.00240398,-0.04483,0.00145976
0,0.07,-0.00411556,-0.00137981,-0.00364521,-0.0470948,0.000727172
0,0.07,-0.0033928,-0.00128926,-0.00443957,-0.0495261,5.69829e-05
0,0.07,-0.00268611,-0.00121309,-0.00505832,-0.0521371,-0.000916185
0,0.07,-0.00196911,-0.00115089,-0.00514945,-0.0549424,-0.00169785
0,0.07,-0.00134931,-0.00110326,-0.00433233,-0.0579575,-0.00366157
0,0.07,-0.000719918,-0.00106915,-0.0029807,-0.0611994,-0.00538904
0,0.07,0.000643758,-0.00104751,-0.00187461,-0.0646861,-0.0064878
0,0.07,0.00267863,-0.0010447,-0.000338166,-0.0684371,-0.00830991
0,0.07,0.00480103,-0.00107488,5.18288e-20,-0.0724733,-0.0103976
0,0.07,0.00757471,-0.00114543,0.00274673,-0.0768174,-0.0121818
0,0.07,0.010702,-0.00126364,0.00382564,-0.0814934,-0.0145274
0,0.07,0.0172401,-0.00144015,0.00457873,-0.0865274,-0.0161414
0,0.07,0.0219061,-0.00169996,0.00452934,-0.0915951,-0.0167928
0,0.07,0.0522446,-0.00208675,0.00354916,-0.0966236,-0.0183715
0,0.07,1.55814,-0.00269174,0.00192979,-0.101975,-0.0218018
0,0.07,4.7256,-0.00448958,-0.0004899,-0.107764,-0.0260259
0,0.07,7,-0.0562409,-0.00361825,-0.114032,-0.0296677
0,0.07,7,-0.198009,-0.00783025,-0.120921,-0.0380636
-0.0180213,0.0519787,7,-0.385872,-0.0127001,-0.128207,-0.0444601
-0.0257952,0.0442048,7,-0.462872,-0.0149458,-0.135349,-0.0467506
-0.0342758,0.0357242,7,-0.546872,-0.0167145,-0.142131,-0.0491156
-0.0484101,0.0215899,7,-0.686872,-0.0180683,-0.148517,-0.0538871
-0.0625444,0.00745558,7,-0.826872,-0.0199902,-0.154501,-0.0587328
-0.0766787,-0.00667875,7,-0.966872,-0.02136,-0.160057,-0.0651543
-0.0908131,-0.0208131,7,-1.10687,-0.0235896,-0.165151,-0.0716375
-0.104947,-0.0605003,7,-1.24687,-0.0255529,-0.169745,-0.0788768
0.0929332,0.191202,7,-1.38687,-0.0255529,0.0382156,0.106008
0.0530037,0.123004,5.41267,-1.78237,0.0360176,0.0350739,0.0832663
0.0406362,0.110636,1.54109,-1.90487,0.0366194,0.032997,0.0776498
0.032509,0.102509,-0.610796,-1.96791,0.0368782,0.0316469,0.0742235
0.0222616,0.0922616,-2.09344,-1.98681,0.0370636,0.0309015,0.0706639
0.00812724,0.0781272,-3.09392,-1.96199,0.0368768,0.0308291,0.0648665
0,0.07,-3.88571,-1.91212,0.0312116,0.0313887,0.0579002
0,0.07,-4.57287,-1.84391,0.0287116,0.0323112,0.0512522
0,0.0668389,-5.12868,-1.7607,0.0275778,0.033393,0.0446642
0,0.0403655,-5.52246,-1.66479,0.0256107,0.0345853,0.0385332
0,0.0204154,-5.72775,-1.55887,0.0235876,0.0358803,0.0355077
0,0.0081107,-6.10638,-1.44668,0.0220716,0.0372815,0.0343685
0,0.00254252,-6.46251,-1.32891,0.0204169,0.0387956,0.0348711
0,0.00537743,-6.42764,-1.20375,0.0190528,0.0404307,0.0376096
0,0.00803402,-5.94407,-1.0748,0.0175626,0.0421958,0.0401184
0,0.0124963,-5.34345,-0.950355,0.0158743,0.0441008,0.0432942
0,0.0199046,-4.66731,-0.836579,0.0136997,0.0461561,0.0473696
0,0.0296487,-3.94848,-0.735457,0.0103225,0.048373,0.0521223
0,0.0358977,-3.29749,-0.648221,0.00654809,0.0507636,0.0559387
0,0.0364461,-2.82725,-0.574784,0.0021788,0.053341,0.0584753
0,0.0330947,-2.49011,-0.512832,0,0.0561195,0.0603734
0,0.0243496,-2.24128,-0.459152,0,0.0591145,0.0611577
0,0.0153006,-2.09982,-0.412834,0,0.0623428,0.0623409
0,0.0110313,-2.02198,-0.369989,0,0.0658224,0.0651354
0,0.00417251,-1.9041,-0.329082,0,0.0695726,0.0672815
0,-0.000761881,-1.78877,-0.290293,0,0.0736146,0.0704144
0,-0.00995699,-1.63915,-0.253768,0,0.0779707,0.0726218
0,-0.0253662,-1.46739,-0.220087,0,0.0826654,0.0736778
0,-0.0445888,-1.25263,-0.189709,0,0.0877247,0.0743728
0,-0.07,-1.04747,-0.163367,0,0.0931768,0.0738305
0,-0.07,-0.872675,-0.141187,0,0.0987302,0.0727114
0,-0.07,-0.732236,-0.121811,0,0.104324,0.0712527
0,-0.07,-0.571211,-0.105551,0,0.110293,0.0717614
0,-0.07,-0.449119,-0.092275,0,0.116747,0.0734318
0,-0.07,-0.35485,-0.0818275,0,0.123725,0.0760995
0,-0.07,-0.289665,-0.0736464,-0.0233151,0.131201,0.079802
0.00874354,-0.0612565,-0.247147,-0.0670709,-0.019984,0.138958,0.0843244
0.0239497,-0.0460503,-0.217134,-0.0616177,-0.0173225,0.146638,0.0881645
0.0391558,-0.0308442,-0.19246,-0.0569149,-0.0138769,0.154014,0.0921166
0.054362,-0.015638,-0.176911,-0.0527572,-0.0140886,0.161005,0.0958811
0.0695681,-0.000431866,-0.19598,-0.0490246,-0.0131307,0.167564,0.0991169
0.0847743,0.0147743,-0.734266,-0.045372,-0.0119605,0.173651,0.103314
0.100361,0.0199458,-2.06994,-0.0413544,-0.0104148,0.179227,0.109134
-0.112906,-0.182906,-1.77003,-0.0179557,1.99696e-09,-0.0438405,-0.112061
-0.0927575,-0.162758,-1.22862,0.0368977,-5.16988e-26,-0.0394504,-0.0960689
-0.0821132,-0.152113,-0.735544,0.0618282,-7.17465e-42,-0.0357152,-0.087004
-0.0672872,-0.137287,-0.363196,0.0826054,-0.00239766,-0.0326315,-0.0740562
-0.0520811,-0.122081,-0.0791081,0.0947099,-0.00581167,-0.0302798,-0.0617106
-0.0368749,-0.106875,0.123695,0.0997011,-0.00905751,-0.0287257,-0.0496254
-0.0216688,-0.0625727,0.274362,0.0995595,-0.0110221,-0.0280179,-0.0372465
-0.00646261,-0.0201184,0.361045,0.0958802,-0.00909509,-0.0281565,-0.0283109
0,0.0115059,0.438197,0.0896562,-0.00164511,-0.0289521,-0.0225386
0,0.0444885,0.46616,0.0817795,-2.18396e-19,-0.0300804,-0.0160038
0,0.07,0.416692,0.0727779,1.50463e-35,-0.031351,-0.010784
0,0.07,0.360836,0.0641472,1.33638e-51,-0.0327193,-0.00471571
0,0.07,0.304997,0.0562881,3.70921e-68,-0.0341792,0.000420167
0,0.07,0.255476,0.0495181,0,-0.0357355,0.00168651
0,0.07,0.216497,0.0438391,0,-0.0373958,0.0013083
0,0.07,0.186608,0.0390609,0,-0.0391691,-0.000353233
0,0.07,0.163673,0.035,0,-0.0410651,-0.00130572
0,0.07,0.144609,0.0314742,0,-0.0430943,-0.00221477
0,0.07,0.128351,0.0283724,0,-0.0452681,-0.00194286
0,0.07,0.113587,0.0256184,0,-0.0475984,-0.00168744
0,0.07,0.100422,0.0231842,0,-0.0500979,-0.000582466
0,0.07,0.0883331,0.0210244,0,-0.0527802,-0.000781942
0,0.07,0.0783582,0.0191187,0,-0.0556603,-0.00110233
0,0.07,0.0702372,0.0174368,0,-0.0587543,-0.00215911
0,0.07,0.0624622,0.0159387,0,-0.0620794,-0.00320452
0,0.07,0.0551191,0.0146,0,-0.0656543,-0.00460426
0,0.07,0.0498697,0.0134169,0,-0.0694988,-0.0061653
0,0.07,0.0467679,0.0123591,5.17603e-05,-0.0736345,-0.00803306
0,0.07,0.0452519,0.0113865,0.00780235,-0.0780844,-0.0106366
0,0.07,0.045698,0.0104641,0.0073691,-0.0828734,-0.0133461
0,0.07,0.0542816,0.00955568,0.00552462,-0.0880281,-0.0152425
0,0.07,0.0579675,0.00862455,0.00207977,-0.093136,-0.0165388
0,0.07,0.113316,0.00753155,-0.000603502,-0.0980994,-0.0190481
0,0.07,2.56168,0.0063722,-0.00332431,-0.103364,-0.0231835
0,0.07,6.90269,0.0036803,-0.00770353,-0.109131,-0.028925
0,0.07,7,-0.055295,-0.0113572,-0.115515,-0.0358641
-0.00764245,0.0623576,7,-0.253303,-0.016364,-0.122427,-0.0445653
-0.0152849,0.0547151,7,-0.330254,-0.0183397,-0.129458,-0.0476697
-0.0239695,0.0460305,7,-0.417754,-0.0212856,-0.136215,-0.0505026
-0.0378648,0.0321352,7,-0.557754,-0.0237748,-0.142622,-0.0550411
-0.0517602,0.0182398,7,-0.697754,-0.024933,-0.148664,-0.0606787
-0.0656556,0.00434444,7,-0.837754,-0.0267598,-0.154316,-0.0677574
-0.0795509,-0.00955091,7,-0.977754,-0.0282935,-0.159544,-0.0756119
-0.0934463,-0.0542429,7,-1.11775,-0.0307967,-0.164314,-0.0833873
0.101089,0.154187,7,-1.25775,-0.0307967,0.039843,0.095922
0.0618343,0.131834,5.43397,-1.65325,0.0425449,0.0363886,0.0699561
0.0458547,0.115855,0.0672301,-1.81425,0.0421891,0.0339551,0.066744
0.0375175,0.107517,-2.08313,-1.88024,0.0422045,0.0322869,0.0656369
0.0295276,0.0995276,-3.33476,-1.8837,0.0419738,0.0311894,0.0639303
0.0177166,0.0877166,-4.03836,-1.8414,0.0416779,0.030679,0.0607698
0.00382122,0.0738212,-4.44846,-1.76908,0.0398222,0.0308518,0.053812
0,0.07,-4.82673,-1.68524,0.0330498,0.03157,0.0468305
0,0.052986,-5.15002,-1.59324,0.0317834,0.0325563,0.0399572
0,0.0276782,-5.32264,-1.49396,0.0301784,0.0336781,0.0348164
0,0.00599636,-5.58222,-1.38949,0.0290374,0.0349054,0.0311648
0,-0.00563145,-6.26056,-1.28083,0.0278367,0.0362355,0.0301626
0,-0.0107721,-6.39231,-1.16342,0.0267859,0.0376733,0.0307331
0,-0.0108845,-6.07406,-1.03709,0.0254369,0.039226,0.032605
0,-0.00818085,-5.55103,-0.91195,0.0241954,0.0409021,0.0351837
0,-0.00464226,-4.96129,-0.794914,0.0222508,0.0427108,0.0380015
0,0.00222416,-4.36592,-0.688907,0.0198882,0.0446622,0.0418488
0,0.00924897,-3.75198,-0.594741,0.0167141,0.046767,0.0457339
0,0.00971075,-3.15752,-0.512642,0.0129153,0.0490368,0.0479304
0,0.00785766,-2.7116,-0.442655,0.00849776,0.0514839,0.0499383
0,0.00361335,-2.36868,-0.383295,0.00428277,0.0541218,0.0515608
0,-0.00548795,-2.10175,-0.331978,0.000652004,0.056965,0.0521348
0,-0.012909,-1.87844,-0.286873,-3.40317e-21,0.0600295,0.0536355
0,-0.0208972,-1.64338,-0.246736,0,0.0633324,0.0551527
0,-0.0306265,-1.40989,-0.212458,0,0.0668921,0.0564873
0,-0.0392385,-1.1894,-0.182859,0,0.0707285,0.0585211
0,-0.0515204,-1.00204,-0.157748,0,0.074863,0.0597995
0,-0.0685312,-0.843036,-0.136583,0,0.0793187,0.0602868
0,-0.07,-0.710982,-0.118769,0,0.0841203,0.0602218
0,-0.07,-0.60292,-0.103757,0,0.0892948,0.0600136
0,-0.07,-0.507162,-0.0905096,0,0.0948708,0.0599739
0,-0.07,-0.402127,-0.0792651,0,0.100353,0.0604879
0,-0.07,-0.336491,-0.0700147,0,0.105622,0.0625283
0,-0.07,-0.280887,-0.0625628,0,0.111206,0.0659527
0,-0.07,-0.23516,-0.0562779,0,0.11726,0.0700149
0,-0.07,-0.196516,-0.0510488,0,0.123828,0.0748929
0,-0.07,-0.168833,-0.0466741,-0.00603809,0.130866,0.0805887
0.0134884,-0.0565116,-0.150178,-0.0429375,-0.00199552,0.138073,0.0861047
0.0280705,-0.0419295,-0.135886,-0.0397101,0.00201547,0.145096,0.0915288
0.0426526,-0.0273474,-0.121993,-0.0368137,0.00202132,0.151803,0.0979943
0.0572347,-0.0127653,-0.114036,-0.0342072,0.00229066,0.158136,0.104036
0.0718168,0.00181675,-0.117147,-0.031827,0.00299199,0.164056,0.11008
0.0863988,0.0163988,-0.199196,-0.0295245,0.00460936,0.169523,0.115973
0.100981,0.0373834,-0.895299,-0.0266893,0.00640247,0.1745,0.122311
-0.103168,-0.173168,-0.74482,-0.0227053,-0.00793399,-0.0397847,-0.081741
-0.0787432,-0.148743,-0.412699,-0.0160322,-0.0128135,-0.0360158,-0.0621587
-0.0696294,-0.135114,-0.215718,-0.00699481,-0.0145792,-0.0329456,-0.055548
-0.059422,-0.113503,-0.106397,-0.00144493,-0.0163335,-0.0304527,-0.0491887
-0.0448399,-0.0775521,-0.046,0.0019402,-0.0187624,-0.0286006,-0.0400019
-0.0302578,-0.0424975,-0.0131332,0.00355477,-0.0198505,-0.027505,-0.0322257
-0.0156757,-0.005346,0.00489004,0.0041954,-0.0186962,-0.0272215,-0.0241996
-0.00109366,0.0337761,0.0170026,0.00430487,-0.0153145,-0.0277314,-0.0160052
0,0.0608817,0.019716,0.00410411,-0.00807046,-0.0287633,-0.0114437
0,0.07,0.0192566,0.00374099,-0.00803595,-0.03,-0.00585097
0,0.07,0.0175537,0.00335058,-0.00718631,-0.0313452,-0.00121161
0,0.07,0.0155251,0.00297907,-0.00633919,-0.0327792,0.00237032
0,0.07,0.0135969,0.00264524,-0.00486402,-0.034303,0.00448309
0,0.07,0.0119369,0.00235113,-0.00306496,-0.0359231,0.00516942
0,0.07,0.0105544,0.0020933,-0.00170176,-0.0376481,0.00458947
0,0.07,0.00942105,0.001867,-0.00140043,-0.0394873,0.00347736
0,0.07,0.00849132,0.00166612,-0.00190695,-0.041451,0.0025004
0,0.07,0.00770914,0.00148606,-0.00312117,-0.04355,0.00146853
0,0.07,0.00704303,0.00132288,-0.00400409,-0.0457961,0.000162017
0,0.07,0.00649472,0.0011747,-0.00423654,-0.0482015,-0.000895245
0,0.07,0.00602791,0.00103877,-0.00410861,-0.0507793,-0.00235186
0,0.07,0.00564029,0.000912845,-0.00391172,-0.0535436,-0.00406097
0,0.07,0.00532571,0.000795775,-0.00324168,-0.05651,-0.00588193
0,0.07,0.00511919,0.000685643,-0.00251841,-0.059695,-0.00754316
0,0.07,0.00504529,0.000580988,-0.000878564,-0.0631164,-0.00934982
0,0.07,0.00541445,0.000479232,6.40891e-20,-0.0667933,-0.0112392
0,0.07,0.00626605,0.000375189,0,-0.0707462,-0.0132567
0,0.07,0.00737799,0.000259661,0,-0.0749972,-0.0153331
0,0.07,0.00900096,0.000124889,0,-0.07957,-0.0176487
0,0.07,0.0114487,-3.64664e-05,0.00587096,-0.0844902,-0.0194621
0,0.07,0.0126076,-0.000236068,0.00711308,-0.0895652,-0.0212882
0,0.07,0.0202237,-0.000474893,0.00711881,-0.0947605,-0.0219261
0,0.07,0.113893,-0.000776551,0.00584244,-0.100313,-0.02276
0,0.07,2.78304,-0.0014152,0.00472413,-0.106307,-0.0263522
0,0.07,6.77913,-0.0103659,0.00249178,-0.112778,-0.0304273
0,0.07,7,-0.0702012,-0.000728643,-0.11975,-0.0357542
-0.0111525,0.0588475,7,-0.270185,-0.00485424,-0.127134,-0.0439109
-0.0190671,0.0509329,7,-0.347075,-0.00759731,-0.134548,-0.0462852
-0.0320183,0.0379817,7,-0.473075,-0.0124203,-0.141659,-0.0498664
-0.0464086,0.0235914,7,-0.613075,-0.0140925,-0.148399,-0.0549403
-0.0607989,0.00920114,7,-0.753075,-0.0168692,-0.154735,-0.0605585
-0.0751891,-0.00518913,7,-0.893075,-0.0192134,-0.160633,-0.0671826
-0.0895794,-0.0195794,7,-1.03308,-0.0216454,-0.16606,-0.0743689
-0.10397,-0.0584501,7,-1.17308,-0.0244804,-0.170977,-0.0815508
0.097494,0.196275,7,-1.31308,-0.0244804,0.0405099,0.104157
0.0568415,0.126842,5.42624,-1.70858,0.0357992,0.0370554,0.0819991
0.0431708,0.113171,1.41274,-1.84158,0.0354429,0.034684,0.077339
0.0341769,0.104177,-0.680749,-1.91019,0.0353279,0.0330922,0.0752667
0.0255427,0.0955427,-2.03733,-1.92915,0.0349984,0.0321119,0.0720064
0.0111525,0.0811525,-2.95364,-1.904,0.0347676,0.0317922,0.0659708
0,0.07,-3.68818,-1.85593,0.0303828,0.0321703,0.0589547
0,0.07,-4.32988,-1.79098,0.0267664,0.0329834,0.0513636
0,0.0611883,-4.87858,-1.71208,0.0256266,0.0339773,0.043492
0,0.0290708,-5.25332,-1.62109,0.024478,0.0350898,0.0360003
0,-0.000696277,-5.71138,-1.52034,0.0232285,0.0363092,0.0303757
0,-0.01475,-6.84327,-1.41138,0.0220813,0.0376375,0.0289915
0,-0.017106,-6.95916,-1.28753,0.021095,0.039081,0.0304888
0,-0.0138354,-6.58109,-1.14968,0.0206247,0.0406471,0.0332159
0,-0.00893934,-6.03439,-1.01371,0.0197783,0.0423446,0.0362845
0,0.00061239,-5.42391,-0.886733,0.0184904,0.0441828,0.0407249
0,0.00946745,-4.72091,-0.771234,0.0161459,0.0461718,0.0449125
0,0.0136866,-3.98661,-0.668732,0.0125295,0.0483227,0.0479967
0,0.0175113,-3.37693,-0.580555,0.00852826,0.0506472,0.0513344
0,0.0167013,-2.86073,-0.506005,0.00396369,0.0531579,0.0535608
0,0.00755635,-2.49556,-0.442854,2.45832e-20,0.0558686,0.0538485
0,-0.00390137,-2.30764,-0.388743,0,0.0587945,0.0540764
0,-0.0124555,-2.14703,-0.341463,0,0.0619519,0.0554684
0,-0.0203818,-1.92931,-0.297559,0,0.0653585,0.0571754
0,-0.0267109,-1.68276,-0.257666,0,0.0690333,0.0595967
0,-0.0361476,-1.44392,-0.222532,0,0.0729967,0.0613889
0,-0.051356,-1.22312,-0.192221,0,0.0772709,0.0620605
0,-0.07,-1.02805,-0.166433,0,0.0818798,0.0618334
0,-0.07,-0.865563,-0.144702,0,0.0868489,0.061173
0,-0.07,-0.731356,-0.125522,0,0.092206,0.0614808
0,-0.07,-0.576657,-0.109351,0,0.0976594,0.0615199
0,-0.07,-0.473426,-0.0960392,0,0.103147,0.0618853
0,-0.07,-0.385497,-0.0853835,0,0.109004,0.0636965
0,-0.07,-0.314008,-0.0766185,0,0.115337,0.0662858
0,-0.07,-0.260602,-0.0695162,-0.0148213,0.122181,0.0695273
0,-0.07,-0.225344,-0.06369,-0.0117866,0.129494,0.0743225
0.0121959,-0.0578041,-0.200101,-0.0587424,-0.00828284,0.136996,0.0799695
0.0269789,-0.0430211,-0.179782,-0.0544374,-0.00343053,0.144335,0.0853118
0.0417618,-0.0282382,-0.168669,-0.0505776,-0.00276939,0.151352,0.0910995
0.0565447,-0.0134553,-0.200368,-0.0470598,-0.00276758,0.157984,0.0960611
0.0713277,0.00132768,-1.15377,-0.0435121,-0.00207193,0.164188,0.100867
0.0861106,0.0161106,-3.17481,-0.0395047,-0.00081046,0.169928,0.106339
0.100894,0.031625,-4.70081,-0.00174821,0.000731391,0.175164,0.112943
-0.106068,-0.176068,-3.8704,0.073193,-0.00255786,-0.041887,-0.0965083
-0.0820453,-0.152045,-2.01716,0.225969,-0.00705438,-0.0378737,-0.0778591
-0.0731755,-0.143176,-0.762324,0.272414,-0.00905231,-0.0345512,-0.0710025
-0.0617188,-0.131719,0.031624,0.299587,-0.0114661,-0.0318248,-0.0627468
-0.0469358,-0.116936,0.538659,0.308085,-0.0139027,-0.0297722,-0.0535103
-0.0321529,-0.0927029,0.879402,0.303903,-0.0164205,-0.0284936,-0.0447012
-0.01737,-0.0539242,1.06588,0.290404,-0.0164553,-0.0280422,-0.0355734
-0.00258701,-0.0147788,1.15325,0.271231,-0.0129161,-0.0284039,-0.027368
0,0.0141307,1.30443,0.249171,-0.00560777,-0.0293292,-0.0222172
0,0.0438131,1.3147,0.224821,-0.00485306,-0.030498,-0.0165007
0,0.07,1.15794,0.198645,-0.00387464,-0.0317874,-0.0114203
0,0.07,0.991389,0.173684,-0.00343819,-0.0331706,-0.00618208
0,0.07,0.8356,0.15194,-0.00264477,-0.0346464,-0.00267024
0,0.07,0.702575,0.133437,-0.00130581,-0.0362207,-0.000896732
0,0.07,0.595253,0.117856,0,-0.0379016,-0.000850171
0,0.07,0.510827,0.104716,0,-0.0396983,-0.00185834
0,0.07,0.444847,0.0935289,0,-0.0416207,-0.00270686
0,0.07,0.39089,0.0838732,0,-0.0436794,-0.00390302
0,0.07,0.345769,0.0754619,0,-0.045886,-0.00517968
0,0.07,0.307077,0.0680502,0,-0.0482524,-0.00561697
0,0.07,0.272197,0.0614637,0,-0.0507915,-0.00634538
0,0.07,0.241006,0.0556361,0,-0.0535174,-0.00688908
0,0.07,0.21331,0.0504572,0,-0.0564452,-0.00752929
0,0.07,0.189496,0.0458725,0,-0.0595913,-0.00877617
0,0.07,0.169755,0.0418088,0,-0.0629731,-0.0104451
0,0.07,0.150431,0.0381965,0,-0.0666097,-0.0125704
0,0.07,0.128667,0.0349657,0,-0.0705214,-0.0148272
0,0.07,0.110772,0.0321529,0,-0.0747298,-0.0168989
0,0.07,0.0970838,0.0297317,0,-0.0792587,-0.0196879
0,0.07,0.0867685,0.0276326,0,-0.0841331,-0.0227367
0,0.07,0.0812588,0.0257786,0.00818983,-0.0893257,-0.0255246
0,0.07,0.0777481,0.0240873,0.00894634,-0.0948495,-0.0287253
0,0.07,0.0784836,0.0224709,0.00926272,-0.100787,-0.0318359
0,0.07,0.101935,0.0209101,0.00884238,-0.107181,-0.0342673
0,0.07,1.74411,0.0191997,0.00847942,-0.114061,-0.037347
0,0.07,4.99011,0.017161,0.00749056,-0.121424,-0.04216
-0.00333351,0.0666665,7,-0.0379991,0.00557809,-0.129153,-0.0477675
-0.0248161,0.0451839,7,-0.182712,0.000250505,-0.136941,-0.0565402
-0.0444468,0.0255532,7,-0.367207,-0.00411975,-0.144496,-0.0651206
-0.0525954,0.0174046,7,-0.444207,-0.00469599,-0.151662,-0.0693573
-0.0625959,0.00740406,7,-0.538707,-0.0049562,-0.158367,-0.0750642
-0.0774116,-0.00741155,7,-0.678707,-0.00506018,-0.164596,-0.0828352
-0.0922272,-0.0222272,7,-0.818707,-0.00621408,-0.170326,-0.0900853
-0.107043,-0.0455073,7,-0.958707,-0.00846455,-0.175522,-0.0971922
0.100376,0.200007,7,-1.09871,-0.00846455,0.0420894,0.105845
0.0585217,0.128522,5.46916,-1.49421,0.0199084,0.0384141,0.0787003
0.0451876,0.115188,1.33512,-1.62021,0.0214247,0.0358491,0.0715843
0.037039,0.107039,-0.861873,-1.68113,0.0220337,0.0340573,0.0674913
0.0262977,0.0962977,-2.33171,-1.69597,0.0224716,0.0329073,0.0644446
0.0114821,0.0814821,-3.21898,-1.6655,0.0226306,0.0324829,0.0590315
0,0.07,-3.83322,-1.61177,0.0172435,0.0327923,0.053441
0,0.07,-4.26512,-1.54217,0.0134487,0.0335554,0.0476433
0,0.0509006,-4.57067,-1.46205,0.0123672,0.0345065,0.0410803
0,0.0207916,-4.71863,-1.37415,0.0110676,0.0355802,0.0346779
0,-0.0046691,-5.24004,-1.28155,0.00961862,0.0367637,0.0301164
0,-0.0231448,-5.96824,-1.18275,0.00824058,0.0380583,0.0273583
0,-0.0330188,-5.84284,-1.07176,0.00680083,0.0394699,0.0269853
0,-0.0349586,-5.35757,-0.953459,0.00554404,0.0410058,0.0286127
0,-0.0354165,-4.8176,-0.840727,0.00474216,0.0426746,0.0304063
0,-0.031206,-4.28988,-0.738166,0.00394666,0.0444854,0.0335674
0,-0.0245372,-3.82127,-0.646299,0.00280904,0.0464485,0.037325
0,-0.0216914,-3.41499,-0.564485,0.000923882,0.0485747,0.0400404
0,-0.0191564,-3.03755,-0.491513,2.03686e-19,0.050876,0.0430203
0,-0.0155985,-2.68703,-0.426421,0,0.0533651,0.0464827
0,-0.0161022,-2.37338,-0.370578,0,0.056056,0.0489545
0,-0.0192548,-2.08363,-0.321228,0,0.0589636,0.0510984
0,-0.0241375,-1.8122,-0.277817,0,0.0621041,0.0531262
0,-0.0322755,-1.55951,-0.239944,0,0.065495,0.0545901
0,-0.0470379,-1.3259,-0.207238,0,0.0691552,0.0546477
0,-0.0648512,-1.11393,-0.179318,0,0.073105,0.0544892
0,-0.07,-0.935582,-0.155768,0,0.0773666,0.0535636
0,-0.07,-0.785836,-0.135986,0,0.0819635,0.0530877
0,-0.07,-0.663882,-0.118547,0,0.0869214,0.0528939
0,-0.07,-0.515447,-0.103867,0,0.0919961,0.053184
0,-0.07,-0.428499,-0.0919255,0,0.0971379,0.0540495
0,-0.07,-0.35462,-0.0823557,0,0.102633,0.0559499
0,-0.07,-0.292848,-0.0744137,0,0.108577,0.0588969
0,-0.07,-0.245723,-0.0678463,-0.00679388,0.115007,0.06241
0,-0.07,-0.214414,-0.0623899,-0.00805513,0.121918,0.0659776
0.0046873,-0.0653127,-0.192036,-0.057726,-0.0043342,0.129168,0.0707433
0.0191098,-0.0508902,-0.178601,-0.0536167,0.000839419,0.13643,0.0752234
0.0335322,-0.0364678,-2.87841,-0.0498566,0.00673596,0.143431,0.07944
0.0511997,-0.0188003,-4.64323,-0.0454808,0.00565739,0.150084,0.0872114
0.0623772,-0.00762284,-6.7926,0.0013142,0.00630949,0.156339,0.0927194
0.0767996,0.00679962,-7,0.101702,0.00718347,0.162151,0.101445
0.0912221,0.0212221,-7,0.238176,0.00846046,0.16749,0.109146
0.105645,0.0456479,-7,0.378176,0.0100033,0.172317,0.116916
-0.09627,-0.16627,-5.67182,0.518176,-0.0119751,-0.0397464,-0.0819367
-0.0638194,-0.129087,-1.54471,0.833176,-0.0193061,-0.0362824,-0.0559251
-0.0530026,-0.104576,0.840538,0.909999,-0.0210926,-0.0337108,-0.049465
-0.0385801,-0.0712607,2.1278,0.920618,-0.0227966,-0.0318953,-0.0409084
-0.0241576,-0.0444262,2.76994,0.892866,-0.0241353,-0.0308851,-0.0351676
-0.00973516,-0.0187475,3.06857,0.844852,-0.0236067,-0.0306961,-0.0298553
0,0.00847243,3.4803,0.786915,-0.0174661,-0.0312147,-0.0242702
0,0.0353888,3.86986,0.722043,-0.0140736,-0.0321429,-0.0190099
0,0.0603104,3.61052,0.649126,-0.0138002,-0.0332415,-0.0145485
0,0.07,3.18997,0.573934,-0.0131497,-0.0344527,-0.0104294
0,0.07,2.76589,0.505298,-0.0113032,-0.0357665,-0.00800007
0,0.07,2.38371,0.445103,-0.00933289,-0.0371858,-0.00678543
0,0.07,2.05411,0.393034,-0.00672443,-0.0387173,-0.00585154
0,0.07,1.77541,0.348161,-0.00412523,-0.0403694,-0.00596895
0,0.07,1.54283,0.309448,-0.0020844,-0.042151,-0.00633299
0,0.07,1.34873,0.275917,-0.001086,-0.044072,-0.00630988
0,0.07,1.18027,0.246516,-0.000880224,-0.0461433,-0.00683002
0,0.07,1.03657,0.220973,-0.0014873,-0.0483762,-0.00766687
0,0.07,0.913678,0.198661,-0.00224073,-0.0507832,-0.00846181
0,0.07,0.805837,0.179036,-0.00295992,-0.0533777,-0.00981601
0,0.07,0.713096,0.161679,-0.00342669,-0.0561741,-0.0112046
0,0.07,0.631902,0.146397,-0.00345479,-0.059188,-0.0127697
0,0.07,0.562664,0.132825,-0.00248191,-0.0624361,-0.0150633
0,0.07,0.505481,0.12081,-0.000977234,-0.0659365,-0.0175232
0,0.07,0.456172,0.110043,2.94391e-20,-0.0697088,-0.019818
0,0.07,0.399137,0.100352,-1.50463e-36,-0.0737738,-0.0221693
0,0.07,0.336981,0.0917135,0,-0.0781542,-0.0253959
0,0.07,0.286909,0.0842901,0,-0.0828744,-0.028864
0,0.07,0.248113,0.0780012,0,-0.0879606,-0.0325417
0,0.07,0.222872,0.0725734,0,-0.0932665,-0.0360568
0,0.07,0.201197,0.0678383,0.00474756,-0.0987713,-0.0391002
0,0.07,0.186375,0.0635542,0.00486281,-0.10467,-0.0423165
0,0.07,0.175195,0.0596489,0.00436368,-0.111035,-0.0459782
0,0.07,0.16914,0.0560052,0.00333604,-0.117894,-0.0502393
0,0.07,0.208613,0.0525437,0.00211686,-0.125216,-0.0557577
-0.00978151,0.0602185,1.86485,0.0489636,0.000478074,-0.132768,-0.0624436
-0.0242726,0.0457274,7,0.0447913,-0.00394767,-0.14021,-0.0682984
-0.0441979,0.0258021,7,-0.00649194,-0.00713606,-0.147372,-0.0772969
-0.0648478,0.00515222,7,-0.203424,-0.00654474,-0.154179,-0.0905106
-0.0753538,-0.00535384,7,-0.304924,-0.0065515,-0.160557,-0.0979061
-0.083324,-0.013324,7,-0.381924,-0.00702624,-0.166473,-0.10234
-0.0967283,-0.0348938,7,-0.511424,-0.00816553,-0.171907,-0.108394
0.106147,0.176147,5.64783,-0.651424,0.00967029,0.0405419,0.0957063
0.0695574,0.139557,2.25077,-1.00492,0.017224,0.0363965,0.0692195
0.0605004,0.1305,0.0176406,-1.0762,0.01856,0.0330928,0.0623988
0.048183,0.118183,-1.46758,-1.10218,0.0200728,0.0304622,0.0549434
0.0336919,0.103692,-2.42163,-1.08991,0.0206127,0.0285589,0.0495141
0.0192007,0.0892007,-2.94466,-1.05245,0.0198759,0.0274523,0.0438837
0.00470962,0.0649183,-3.23597,-0.999568,0.0181807,0.0271404,0.0368909
0,0.038594,-3.38227,-0.938199,0.0116409,0.027417,0.0312089
0,0.0137344,-3.4286,-0.872236,0.0107993,0.0279708,0.0261662
0,-0.00988184,-3.77654,-0.804197,0.00943892,0.0286428,0.0214002
0,-0.0294418,-4.00405,-0.732667,0.00801047,0.0293945,0.0178105
0,-0.0433727,-3.72328,-0.655203,0.00625211,0.0302189,0.0157842
0,-0.0532321,-3.30822,-0.577508,0.00438785,0.0311175,0.0147221
0,-0.0540217,-2.89319,-0.50657,0.00238242,0.0320948,0.0160728
0,-0.0522717,-2.53502,-0.443934,0.000213019,0.0331559,0.0177607
0,-0.0504361,-2.22808,-0.389115,1.87871e-20,0.0343066,0.0194246
0,-0.0479337,-1.9616,-0.341023,0,0.0355534,0.0213555
0,-0.0453197,-1.73393,-0.300192,0,0.0369031,0.023377
0,-0.0431478,-1.53606,-0.264148,0,0.0383634,0.0253718
0,-0.0396816,-1.36109,-0.232239,0,0.0399422,0.0278637
0,-0.0385066,-1.20766,-0.203968,0,0.0416484,0.0297764
0,-0.0413705,-1.06799,-0.178894,0,0.0434915,0.0308095
0,-0.0458599,-0.936869,-0.156696,0,0.0454817,0.0317387
0,-0.0528898,-0.815862,-0.137041,0,0.0476302,0.0322072
0,-0.0642835,-0.706208,-0.119998,0,0.0499488,0.0317673
0,-0.07,-0.607531,-0.105216,0,0.0524504,0.0315831
0,-0.07,-0.521822,-0.0924729,0,0.055149,0.0314034
0,-0.07,-0.446846,-0.0810936,0,0.0580597,0.0312214
0,-0.07,-0.384567,-0.0712945,0,0.0611985,0.0313576
0,-0.07,-0.316072,-0.0628869,0,0.0648495,0.0316368
0,-0.07,-0.252442,-0.0557778,0,0.069109,0.0327046
0,-0.07,-0.21161,-0.050029,0,0.0737468,0.0340729
0,-0.07,-0.184542,-0.0453273,0,0.0787202,0.0360474
0,-0.07,-0.163987,-0.0413251,0,0.0840316,0.0383363
0,-0.07,-0.145191,-0.037809,0,0.0896755,0.0407341
0.000408333,-0.0695917,-0.128187,-0.0346797,0,0.0955658,0.0436032
0.0167417,-0.0532583,-0.114158,-0.0318354,0,0.101319,0.0470769
0.033075,-0.036925,-0.104287,-0.0293137,0,0.106523,0.049514
0.0494083,-0.0205917,-0.0983639,-0.0270552,0,0.111034,0.0529227
0.0657417,-0.00425833,-0.0950872,-0.0250169,0,0.114774,0.0568517
0.082075,0.012075,-0.0917186,-0.0230774,0,0.117686,0.0609349
0.0984083,0.0284083,-0.0857253,-0.021206,0,0.119724,0.0653316
0.114742,0.0447417,-0.0767551,-0.0194226,0,0.120891,0.0702969
0.1225,0.0525,-0.0667005,-0.0177799,0,0.121384,0.0762942
0.1225,0.0525,-0.0585419,-0.0163252,0,0.121563,0.0822943
0.1225,0.0525,-0.0532817,-0.0150564,0,0.121656,0.0883066
0.1225,0.0525,-0.0504269,-0.0139303,0,0.121724,0.0941102
0.1225,0.0525,-0.0490859,-0.0128889,0,0.121781,0.0998347
0.1225,0.0525,-0.0484849,-0.0118918,0,0.121833,0.105318
0.1225,0.0525,-0.047923,-0.0109152,0,0.121881,0.1107
0.1225,0.0594419,-0.0471427,-0.00995028,0,0.121925,0.117154
0.1225,0.0822209,-0.0461426,-0.00899845,0,0.121967,0.123219
0.1225,0.105138,-0.0447008,-0.0080696,0,0.122005,0.128553
0.1225,0.126035,-0.0437311,-0.00716693,0,0.12204,0.133313
0.1225,0.149604,-0.0408895,-0.00628649,0,0.122073,0.138917
0.1225,0.171965,-0.0343371,-0.00545166,0,0.122104,0.144053
0.1225,0.1925,-0.028419,-0.0047256,0,0.122132,0.148782
0.1225,0.1925,-0.0237738,-0.00412171,0,0.122158,0.152672
0.1225,0.1925,-0.0198274,-0.00359514,0,0.122183,0.155179
0.1225,0.1925,-0.0166513,-0.0031532,0,0.122206,0.156902
0.1225,0.1925,-0.0141535,-0.00278365,0,0.122227,0.157786
0.1225,0.1925,-0.0121854,-0.00247311,0,0.122246,0.157983
0.1225,0.1925,-0.0106555,-0.00220775,0,0.122264,0.157215
0.1225,0.1925,-0.00948971,-0.00197705,0,0.122281,0.155386
0.1225,0.1925,-0.00860258,-0.00177384,0,0.122297,0.152659
0.1225,0.1925,-0.00792692,-0.00159159,0,0.122311,0.14904
0.1225,0.183114,-0.0073813,-0.00142562,0,0.122325,0.145255
0.1225,0.167361,-0.00686078,-0.00127172,0,0.122338,0.141312
0.1225,0.149707,-0.00637073,-0.00113138,0,0.122349,0.137146
0.1225,0.133606,-0.00598472,-0.00100103,0,0.122358,0.133495
0.1225,0.118389,-0.0056532,-0.000879015,0,0.122363,0.13002
0.1225,0.104339,-0.00512324,-0.000763962,0,0.122367,0.126831
0.1225,0.0906079,-0.00437299,-0.000658317,0,0.122371,0.123674
0.1225,0.0788906,-0.00362172,-0.000565606,0,0.122374,0.121065
0.1225,0.0709955,-0.00302156,-0.000488664,0,0.122377,0.119428
0.1225,0.0639761,-0.00256174,-0.000424632,0,0.12238,0.11785
0.1225,0.0598514,-0.0021951,-0.000370638,0,0.122383,0.117039
0.1225,0.0593321,-0.00189994,-0.000324536,0,0.122386,0.117097
0.1225,0.0622458,-0.00165771,-0.000284766,0,0.122389,0.117939
0.1225,0.068244,-0.00145525,-0.000250159,0,0.122392,0.119478
0.1225,0.0767095,-0.00128464,-0.000219839,0,0.122395,0.121557
0.1225,0.0872122,-0.00113952,-0.000193122,0,0.122397,0.124086
0.1225,0.0992515,-0.00101853,-0.000169461,0,0.122399,0.126945
0.1225,0.111008,-0.000924262,-0.000148365,0,0.1224,0.129651
0.1225,0.12279,-0.000842171,-0.000129314,0,0.122401,0.132377
0.1225,0.134099,-0.000749764,-0.000111978,0,0.122402,0.134969
0.1225,0.14472,-0.000638307,-9.6428e-05,0,0.122403,0.137391
0.1225,0.153492,-0.000525225,-8.29932e-05,0,0.122403,0.13933
0.1225,0.161924,-0.000427941,-7.18102e-05,0,0.122403,0.141264
0.1225,0.169106,-0.000350387,-6.26676e-05,0,0.122403,0.142864
0.1225,0.174456,-0.000290616,-5.51946e-05,0,0.122403,0.144012
0.1225,0.178218,-0.000244479,-4.90237e-05,0,0.122403,0.144805
0.1225,0.179918,-0.000208934,-4.38572e-05,0,0.122404,0.145098
0.1225,0.179539,-0.000181734,-3.94653e-05,0,0.122404,0.14491
0.1225,0.176607,-0.000161509,-3.56674e-05,0,0.122404,0.144108
0.1225,0.172087,-0.000146323,-3.23159e-05,0,0.122404,0.142986
0.1225,0.16611,-0.000134934,-2.92983e-05,0,0.122404,0.141533
0.1225,0.157855,-0.00012733,-2.65313e-05,0,0.122404,0.139514
0.1225,0.148501,-0.000122544,-2.39391e-05,0,0.122404,0.137297
0.1225,0.138867,-0.00011963,-2.14595e-05,0,0.122404,0.135056
0.1225,0.128528,-0.000118081,-1.90494e-05,0,0.122404,0.132631
0.1225,0.118437,-0.000115139,-1.66785e-05,0,0.122404,0.13031
0.1225,0.109346,-0.000108336,-1.4358e-05,0,0.122404,0.128256
0.1225,0.101178,-9.87848e-05,-1.21505e-05,0,0.122404,0.126412
0.1225,0.0941204,-8.86159e-05,-1.01175e-05,0,0.122404,0.124834
0.1225,0.0884243,-7.91491e-05,-8.28415e-06,0,0.122404,0.123583
0.1225,0.0840289,-7.08509e-05,-6.64437e-06,0,0.122404,0.12263
0.1225,0.080715,-6.35679e-05,-5.17756e-06,0,0.122405,0.121916
0.1225,0.0790121,-5.64634e-05,-3.8625e-06,0,0.122405,0.1216
0.1225,0.0792811,-4.90025e-05,-2.69061e-06,0,0.122405,0.121758
0.1225,0.0811647,-4.13367e-05,-1.66579e-06,0,0.122405,0.122272
0.1225,0.0851292,-3.30037e-05,-7.93065e-07,0,0.122405,0.12329
0.1225,0.0900952,-2.48603e-05,-8.29929e-08,0,0.122405,0.124487
0.1225,0.0961684,-1.6785e-05,4.63074e-07,0,0.122405,0.125945
