-6.3349,-1.9373,156.41,-0.17839,1.98832,0.0007
-6.3971,-1.7307,156.153,-0.16881,1.99782,0.001
-6.3711,-1.8374,156.288,-0.17705,1.99211,0.00173
-6.4102,-1.6876,156.38,-0.16823,1.99309,9e-05
-6.3114,-1.8021,156.332,-0.17006,1.99196,0.00117
-6.4239,-1.6999,156.175,-0.16939,1.99688,0.00345
-6.374,-1.7772,156.268,-0.17297,1.99282,0.00266
-6.4136,-1.7184,156.139,-0.17131,1.99937,0.00239
-6.4133,-1.7348,156.181,-0.17137,1.99825,0.00338
-6.3678,-1.7927,156.281,-0.17027,1.99357,0.00063
-6.3348,-1.9665,156.376,-0.17817,1.99096,0.00179
-6.3779,-1.8915,156.325,-0.18134,1.99218,0.00266
-6.3785,-1.7124,156.339,-0.16841,1.9936,3e-05
-6.3798,-1.7116,156.312,-0.16494,1.99376,0.00144
-6.3468,-1.8681,156.395,-0.17355,1.99151,0.00189
-6.4342,-1.7897,156.265,-0.18148,2.00055,0.00377
-6.3613,-1.808,156.42,-0.17319,1.99371,0.00065
-6.3131,-2.0042,156.479,-0.18097,1.98881,0.00122
-6.351,-1.9349,156.366,-0.18191,1.99184,0.00234
-6.3477,-1.9785,156.344,-0.17902,1.99001,0.00163
-6.4397,-1.7509,156.325,-0.17189,1.99692,0.00167
-6.3731,-1.8319,156.379,-0.17607,1.99232,0.00153
-6.362,-1.8676,156.4,-0.17413,1.99315,0.00175
-6.3502,-1.9088,156.454,-0.1799,1.98864,0.00185
-6.4252,-1.7868,156.208,-0.17627,1.99788,0.00294
-6.4241,-1.7908,156.227,-0.17575,1.99907,0.00274
-6.3809,-1.7998,156.361,-0.17328,1.99286,-0.00025
-6.4013,-1.7914,156.276,-0.1723,1.99653,0.00101
-6.3361,-1.8577,156.34,-0.17444,1.9885,0.00138
-6.4102,-1.8716,156.255,-0.18166,1.99453,0.00151
-6.3189,-1.9711,156.485,-0.18023,1.98405,0.00019
-6.4034,-1.898,156.286,-0.17888,1.99443,0.00292
-6.3688,-1.8797,156.394,-0.17523,1.99534,0.00222
-6.4135,-1.7373,156.419,-0.16911,1.99475,0.00073
-6.4014,-1.736,156.342,-0.17235,1.99585,0.00126
-6.448,-1.7268,156.179,-0.17337,2.0016,0.00316
-6.327,-1.8696,156.349,-0.17372,1.99159,0.00225
-6.397,-1.727,156.284,-0.17217,1.99687,0.00201
-6.3509,-1.7081,156.238,-0.16704,1.99257,0.00093
-6.3773,-1.8534,156.358,-0.1763,1.99453,0.00179
-6.3637,-1.737,156.333,-0.16878,1.99099,0.00033
-6.3935,-1.7849,156.195,-0.17472,1.99695,0.00247
-6.3305,-1.8837,156.361,-0.1771,1.9911,0.00073
-6.3084,-1.977,156.384,-0.17699,1.98851,0.00033
-6.3049,-1.9082,156.36,-0.17586,1.98771,0.00137
-6.3794,-1.836,156.289,-0.17794,1.99398,0.00325
-6.256,-2.0649,156.478,-0.18168,1.98542,0.00149
-6.4109,-1.8437,156.245,-0.17542,1.99424,0.00257
-6.3685,-1.8418,156.265,-0.17574,1.99725,0.00292
-6.3848,-1.722,156.254,-0.17073,1.99607,0.00233
-6.4423,-1.739,156.26,-0.17414,1.99597,0.00264
-6.3669,-1.8179,156.375,-0.16778,1.98953,-0.00012
-6.323,-1.9592,156.374,-0.17943,1.98578,0.00168
-6.4123,-1.8057,156.291,-0.1788,1.99682,0.00236
-6.3903,-1.8635,156.4,-0.17595,1.98907,0.00143
-6.4265,-1.7112,156.389,-0.1717,1.9928,0.00034
-6.3824,-1.8323,156.336,-0.17414,1.99485,0.00229
-6.429,-1.7711,156.298,-0.1701,1.99311,0.0014
-6.3733,-1.7596,156.357,-0.17015,1.99307,0.00058
-6.3878,-1.84,156.326,-0.17922,1.99456,0.00256
-6.3602,-1.9545,156.395,-0.18155,1.98885,0.00273
-6.3266,-1.9805,156.533,-0.17666,1.98344,0.00061
-6.337,-1.9398,156.421,-0.18013,1.986,0.00178
-6.3687,-1.791,156.196,-0.17633,1.99451,0.00207
-6.4157,-1.6933,156.205,-0.17349,1.99672,0.002
-6.367,-1.8141,156.276,-0.17292,1.99526,0.00213
-6.394,-1.7623,156.206,-0.17153,1.99515,0.00225
-6.4594,-1.7681,156.227,-0.17412,1.9986,0.00261
-6.3542,-1.9184,156.327,-0.17736,1.99013,0.00262
-6.3325,-1.9531,156.318,-0.18046,1.99253,0.00235
-6.3077,-1.8223,156.389,-0.17136,1.98676,-0.00019
-6.3118,-1.8679,156.271,-0.17235,1.98925,0.00143
-6.38,-1.7978,156.256,-0.17412,1.99485,0.00155
-6.4004,-1.7289,156.316,-0.16692,1.98966,0.00098
-6.3329,-1.8917,156.357,-0.17529,1.98857,0.00217
-6.3591,-1.6612,156.271,-0.16269,1.99472,0.00085
-6.3273,-1.8258,156.261,-0.17193,1.99375,0.00168
-6.4275,-1.8038,156.222,-0.17133,1.9951,0.00264
-6.3298,-1.9162,156.398,-0.1749,1.98777,0.00128
-6.3976,-1.8771,156.292,-0.1754,1.99571,0.00169
-6.3753,-1.9071,156.386,-0.18114,1.99365,0.00245
-6.3672,-1.8875,156.214,-0.18105,1.99359,0.00151
-6.3615,-1.9671,156.302,-0.18262,1.99349,0.00246
-6.3951,-1.7337,156.276,-0.16971,1.99716,0.00164
-6.3357,-1.8183,156.188,-0.17352,1.98956,0.0024
-6.4036,-1.761,156.214,-0.17482,1.99706,0.00361
-6.3396,-1.949,156.486,-0.17997,1.99044,0.00183
-6.4232,-1.7822,156.347,-0.17595,1.99364,0.00158
-6.364,-1.8156,156.309,-0.17035,1.98845,0.00158
-6.3491,-1.8367,156.315,-0.17333,1.99095,0.00081
-6.3767,-1.8681,156.474,-0.17743,1.99345,0.00121
-6.3898,-1.8539,156.259,-0.17717,1.99895,0.00326
-6.4148,-1.8491,156.339,-0.18005,1.99355,0.00212
-6.3238,-1.9996,156.616,-0.17961,1.98486,0.00011
-6.2878,-2.0962,156.53,-0.18542,1.98255,0.00065
-6.4319,-1.6682,156.265,-0.17022,1.99714,0.00243
-6.3822,-1.8773,156.419,-0.1817,1.99167,0.00217
-6.3826,-1.775,156.301,-0.17202,1.99335,0.00174
-6.4656,-1.5969,156.183,-0.16571,1.99604,0.00181
-6.368,-1.9353,156.386,-0.18118,1.99045,0.00276
-6.295,-1.9481,156.411,-0.17804,1.98293,0.00243
-6.3866,-1.8691,156.322,-0.18089,1.98893,0.00301
-6.3876,-1.8083,156.211,-0.17383,1.99389,0.00206
-6.3066,-1.9178,156.381,-0.17487,1.98446,0.00134
-6.4077,-1.8914,156.218,-0.18384,1.99625,0.00415
-6.3807,-1.8658,156.215,-0.17677,1.99352,0.00233
-6.3989,-1.8123,156.229,-0.17904,1.99898,0.0033
-6.3793,-1.8858,156.45,-0.1765,1.9932,0.00172
-6.3391,-1.8104,156.442,-0.16703,1.98957,-0.00134
-6.3962,-1.8769,156.446,-0.17679,1.99357,0.00167
-6.3995,-1.7829,156.379,-0.17274,1.99245,0.00091
-6.3329,-1.8621,156.459,-0.17449,1.98895,0.00011
-6.4193,-1.7799,156.242,-0.17654,1.99487,0.00238
-6.3714,-1.848,156.246,-0.17701,1.99316,0.00334
-6.3331,-1.9191,156.412,-0.1801,1.98918,0.00236
-6.3879,-1.8069,156.258,-0.17053,1.99719,0.00201
-6.3601,-1.8099,156.231,-0.17143,1.99474,0.00218
-6.4119,-1.7099,156.209,-0.16706,1.99207,0.00207
-6.3631,-1.8576,156.28,-0.17465,1.99169,0.00123
-6.3513,-1.891,156.299,-0.1794,1.99199,0.00199
-6.3606,-1.9617,156.429,-0.18055,1.98811,0.00125
-6.3627,-1.8266,156.38,-0.1752,1.99387,0.00162
-6.3916,-1.8868,156.355,-0.1765,1.99289,0.00083
-6.3862,-1.7924,156.399,-0.16962,1.99271,4e-05
-6.3905,-1.7564,156.355,-0.17085,1.9937,0.00052
-6.3765,-1.7906,156.395,-0.17656,1.9956,0.00144
-6.3499,-1.743,156.352,-0.17148,1.99383,0.00123
-6.3273,-1.9436,156.343,-0.17996,1.99064,0.00226
-6.3962,-1.7092,156.336,-0.16576,1.99169,0.00045
-6.3146,-1.9109,156.355,-0.17931,1.98807,0.00182
-6.3902,-1.9366,156.342,-0.18167,1.99268,0.00301
-6.3111,-1.8445,156.437,-0.17131,1.99154,0.00069
-6.3939,-1.8004,156.341,-0.1759,1.99425,0.00119
-6.3719,-1.7105,156.362,-0.16702,1.99341,0.00049
-6.3486,-1.8097,156.404,-0.17292,1.99168,0.00064
-6.3752,-1.7877,156.343,-0.17667,1.9941,0.00156
-6.3934,-1.8141,156.346,-0.17478,1.99808,0.00204
-6.3185,-1.8857,156.457,-0.17505,1.9927,0.00019
-6.3759,-1.9258,156.431,-0.17876,1.99498,0.00268
-6.3927,-1.9433,156.431,-0.18248,1.99547,0.00362
-6.3407,-1.9031,156.361,-0.18135,1.9927,0.0031
-6.3315,-1.8951,156.358,-0.17721,1.99132,0.00213
-6.4035,-1.9231,156.332,-0.1845,1.99642,0.00327
-6.3103,-1.9577,156.416,-0.18242,1.98746,0.00226
-6.318,-1.8418,156.365,-0.17257,1.99313,0.00034
-6.378,-1.7088,156.187,-0.16976,1.99705,0.00172
-6.3952,-1.7279,156.226,-0.16934,1.99623,0.00208
-6.2954,-1.9301,156.451,-0.17577,1.98828,-0.00014
-6.287,-1.9034,156.38,-0.17436,1.9883,0.00045
-6.4212,-1.7802,156.364,-0.17165,1.99443,0.00098
-6.4381,-1.78,156.157,-0.17723,1.99885,0.00381
-6.316,-1.85,156.207,-0.17347,1.99206,0.00306
-6.3095,-1.8596,156.248,-0.17298,1.99462,0.00267
-6.3738,-1.675,156.275,-0.1651,1.99616,0.00145
-6.3753,-1.7148,156.258,-0.16893,1.99123,0.00216
-6.3811,-1.8758,156.321,-0.18123,1.99143,0.00266
-6.3215,-1.9268,156.394,-0.17814,1.99219,0.00193
-6.3786,-1.829,156.261,-0.17428,1.9946,0.0023
-6.4195,-1.7093,156.279,-0.16738,1.99833,0.00143
-6.3118,-1.9618,156.391,-0.17833,1.98968,0.00118
-6.3784,-1.8804,156.218,-0.17896,1.99621,0.00313
-6.3763,-1.8252,156.239,-0.17443,1.99064,0.00244
-6.3366,-1.9299,156.36,-0.17677,1.98673,0.0021
-6.3515,-1.9027,156.248,-0.17659,1.99131,0.00287
-6.3847,-1.8731,156.307,-0.17782,1.99276,0.00238
-6.3068,-1.9058,156.329,-0.16787,1.98962,0.00034
-6.3787,-1.7643,156.313,-0.16798,1.9912,0.00135
-6.3793,-1.7526,156.271,-0.1701,1.99552,0.00163
-6.3612,-1.8641,156.253,-0.17266,1.99123,0.00096
-6.3612,-1.8641,156.253,-0.17266,1.99123,0.00096
-6.3234,-1.9028,156.376,-0.17614,1.9861,0.00129
-6.2968,-1.8548,156.479,-0.17035,1.98772,-7e-05
-6.4074,-1.7233,156.313,-0.16738,1.99369,0.0012
-6.3808,-1.8368,156.415,-0.17514,1.98839,0.00069
-6.4238,-1.8333,156.363,-0.17585,1.99481,0.00292
-6.2582,-1.9975,156.503,-0.17916,1.98455,-0.00015
-6.3985,-1.778,156.341,-0.17176,1.99541,0.00138
-6.3458,-1.7267,156.434,-0.16528,1.98676,-0.00175
-6.3388,-1.8299,156.301,-0.17222,1.98673,0.00108
-6.3054,-1.9122,156.354,-0.17652,1.98957,0.00175
-6.3469,-1.8393,156.288,-0.17219,1.9935,0.00215
-6.2929,-1.9829,156.448,-0.17712,1.98489,0.00046
-6.3933,-1.8287,156.339,-0.17462,1.99175,0.00146
-6.3726,-1.8046,156.393,-0.17237,1.99198,0.00062
-6.4233,-1.7076,156.339,-0.17005,1.99404,0.00149
-6.4562,-1.6541,156.117,-0.16899,2.00026,0.00219
-6.3683,-1.8093,156.307,-0.17254,1.99438,0.00196
-6.3804,-1.7103,156.235,-0.16872,1.99509,0.00135
-6.342,-1.8149,156.272,-0.17343,1.98755,0.00112
-6.3794,-1.8216,156.393,-0.17626,1.98976,0.00146
-6.3802,-1.7625,156.459,-0.17071,1.99348,1e-05
-6.3375,-1.8702,156.565,-0.17488,1.98715,-0.00039
-6.353,-1.8463,156.356,-0.1738,1.99196,0.00136
-6.3943,-1.7136,156.216,-0.1692,1.99147,-0.00013
-6.3704,-1.738,156.291,-0.17109,1.9916,0.00095
-6.3927,-1.8027,156.279,-0.17232,1.99724,0.00204
-6.4382,-1.7006,156.164,-0.17089,2.00147,0.00321
-6.4334,-1.7745,156.334,-0.1704,1.99909,0.00145
-6.39,-1.8261,156.35,-0.17645,1.99304,0.00178
-6.3823,-1.8484,156.296,-0.17815,1.99361,0.00227
-6.4107,-1.7799,156.172,-0.17783,1.9952,0.00206
-6.3379,-1.8251,156.261,-0.17318,1.98978,0.00134
-6.3542,-1.8848,156.342,-0.17845,1.99026,0.00237
-6.3756,-1.8399,156.42,-0.17431,1.99138,0.00063
-6.4017,-1.6983,156.261,-0.16679,1.99684,0.00276
-6.3925,-1.7582,156.333,-0.17142,1.99641,0.00171
-6.3601,-1.8318,156.334,-0.17105,1.9927,0.00267
-6.3958,-1.7193,156.234,-0.17115,1.9988,0.00301
-6.3417,-1.8457,156.409,-0.17177,1.99413,0.00116
-6.3619,-1.855,156.384,-0.17452,1.9927,0.00092
-6.4152,-1.8638,156.307,-0.18163,1.99448,0.0033
-6.4267,-1.7559,156.248,-0.17538,1.99537,0.00397
-6.4014,-1.7609,156.239,-0.17323,1.99522,0.00182
-6.3794,-1.7962,156.36,-0.17544,1.99613,0.00282
-6.3704,-1.7868,156.395,-0.1728,1.99048,0.00207
-6.367,-1.8273,156.24,-0.17778,1.99958,0.0032
-6.334,-1.8991,156.397,-0.17959,1.9892,0.00172
-6.2873,-1.9999,156.42,-0.17813,1.98928,0.00127
-6.3042,-1.9064,156.529,-0.17144,1.9896,0.00014
-6.3905,-1.832,156.283,-0.16936,1.99603,0.00116
-6.3303,-1.9406,156.386,-0.17646,1.98832,0.0013
-6.4215,-1.7291,156.25,-0.17252,1.99735,0.00261
-6.3609,-1.8569,156.356,-0.17486,1.98992,0.00139
-6.3285,-1.8766,156.283,-0.17618,1.98816,0.00232
-6.3802,-1.8228,156.239,-0.17535,1.99824,0.00227
-6.4279,-1.7821,156.2,-0.17441,1.99716,0.00344
-6.4313,-1.8154,156.275,-0.1732,1.99515,0.00202
-6.3498,-1.8143,156.42,-0.17289,1.99107,0.00083
-6.4566,-1.847,156.23,-0.17939,2.00147,0.00358
-6.4116,-1.8794,156.318,-0.17924,1.99511,0.00318
-6.3863,-1.7298,156.171,-0.17147,1.99655,0.00136
-6.3551,-1.7519,156.208,-0.17045,1.9907,0.00071
-6.3688,-1.7821,156.178,-0.17369,1.99422,0.00251
-6.3871,-1.8386,156.29,-0.17512,1.99222,0.00204
-6.3463,-1.8358,156.355,-0.17363,1.99008,0.00196
-6.4329,-1.6769,156.141,-0.17366,2.00213,0.0039
-6.3333,-1.9136,156.422,-0.17873,1.99222,0.00231
-6.2779,-2.0008,156.499,-0.17922,1.9847,-0.00078
-6.3473,-1.8487,156.333,-0.17287,1.98798,0.00095
-6.3413,-1.8052,156.217,-0.17486,1.98903,0.00255
-6.4251,-1.731,156.226,-0.17097,1.99583,0.00145
-6.3181,-1.9549,156.381,-0.17979,1.98726,0.00241
-6.4126,-1.7963,156.311,-0.17493,1.99747,0.00242
-6.3629,-1.8035,156.413,-0.17324,1.99072,6e-05
-6.3602,-1.7691,156.378,-0.17282,1.99646,0.00107
-6.3444,-1.858,156.321,-0.17524,1.99366,0.0024
-6.3687,-1.8561,156.21,-0.17686,1.99081,0.00215
-6.4673,-1.749,156.121,-0.1757,2.00147,0.00419
-6.3366,-1.914,156.321,-0.17729,1.9884,0.00237
-6.344,-1.8373,156.356,-0.17311,1.98835,0.00175
-6.4037,-1.9149,156.326,-0.17968,1.99678,0.00293
-6.3532,-1.8194,156.311,-0.17247,1.98916,0.00111
-6.2789,-1.9898,156.398,-0.18225,1.98112,0.00089
-6.3698,-1.752,156.174,-0.17191,1.9967,0.00252
-6.3828,-1.7516,156.239,-0.17181,1.99374,0.00131
-6.3483,-1.854,156.443,-0.17039,1.98971,-0.00065
-6.2689,-1.9462,156.6,-0.16949,1.98277,-0.00177
-6.3328,-1.8668,156.269,-0.17162,1.99106,0.00235
-6.3967,-1.7871,156.297,-0.16986,1.992,0.00193
-6.3386,-1.9002,156.43,-0.17703,1.9895,0.00066
-6.3871,-1.8608,156.409,-0.17487,1.9925,0.00172
-6.3379,-1.8921,156.302,-0.1744,1.98929,0.00212
-6.3981,-1.7796,156.153,-0.17306,1.99646,0.0033
-6.3354,-1.7158,156.265,-0.16803,1.9947,0.00039
-6.339,-1.8022,156.25,-0.17176,1.98895,0.00041
-6.429,-1.7369,156.141,-0.1764,1.99711,0.00256
-6.389,-1.9074,156.256,-0.18102,1.99494,0.00357
-6.3804,-1.785,156.274,-0.1735,1.99583,0.00198
-6.3411,-1.8858,156.32,-0.1771,1.99047,0.00243
-6.3976,-1.8703,156.266,-0.17855,1.99314,0.00257
-6.4124,-1.8598,156.34,-0.17742,1.99481,0.0032
-6.3854,-1.8882,156.355,-0.1792,1.99168,0.0028
-6.3734,-1.7775,156.365,-0.17364,1.99268,0.00137
-6.406,-1.7975,156.164,-0.17714,1.99298,0.00229
-6.3483,-1.9148,156.356,-0.17766,1.98573,0.00185
-6.3678,-1.9168,156.273,-0.17973,1.99409,0.00313
-6.3407,-1.7842,156.281,-0.16678,1.99193,0.00112
-6.4347,-1.6655,156.116,-0.17069,2.00281,0.00373
-6.3642,-1.7732,156.327,-0.16701,1.99094,0.0009
-6.3809,-1.7829,156.202,-0.17059,1.99758,0.00203
-6.349,-1.8799,156.46,-0.1752,1.98807,0.0014
-6.2896,-1.9755,156.521,-0.1758,1.98571,0.00078
-6.3202,-1.9817,156.434,-0.17968,1.98783,0.00164
-6.3064,-2.017,156.415,-0.1817,1.98684,0.00281
-6.3981,-1.8623,156.204,-0.17827,1.99701,0.00243
-6.4173,-1.754,156.258,-0.17293,1.99744,0.00168
-6.3923,-1.7916,156.29,-0.17265,1.99389,0.00217
-6.4205,-1.7631,156.234,-0.17097,1.99791,0.00164
-6.4581,-1.6171,156.085,-0.16696,2.00079,0.00182
-6.3334,-1.852,156.355,-0.17047,1.99157,0.00038
-6.4412,-1.6537,156.187,-0.16646,1.99819,0.00219
-6.431,-1.7407,156.205,-0.17477,1.99523,0.00281
-6.3489,-1.8765,156.316,-0.17583,1.99178,0.00104
-6.3788,-1.941,156.31,-0.18416,1.99493,0.00332
-6.3773,-1.7993,156.266,-0.17257,1.99293,0.00235
-6.3662,-1.8687,156.287,-0.17943,1.99185,0.00326
-6.412,-1.7668,156.217,-0.17344,1.9952,0.00359
-6.3691,-1.7659,156.39,-0.17138,1.99048,0.00115
-6.3136,-1.9057,156.516,-0.17796,1.98438,0.00078
-6.311,-1.9575,156.419,-0.18045,1.98855,0.00176
-6.3735,-1.8243,156.433,-0.17602,1.99247,0.00067
-6.3477,-1.8818,156.386,-0.17864,1.99602,0.00243
-6.3348,-1.9692,156.515,-0.17991,1.98942,0.00195
-6.435,-1.7049,156.298,-0.16804,1.99979,0.00168
-6.326,-1.9318,156.386,-0.17923,1.98725,0.00128
-6.3622,-1.9607,156.441,-0.18302,1.98739,0.00169
-6.3727,-1.8416,156.364,-0.17336,1.98951,0.00102
-6.3354,-1.9244,156.378,-0.18056,1.98505,0.00171
-6.3245,-1.817,156.367,-0.17258,1.9852,0.00065
-6.3828,-1.7134,156.297,-0.16593,1.99328,-2e-05
-6.3636,-1.7226,156.271,-0.16734,1.99186,0.0009
-6.4305,-1.7132,156.247,-0.16787,1.99646,0.00144
-6.3501,-1.7693,156.24,-0.16717,1.99435,0.00029
-6.3737,-1.7273,156.31,-0.16666,1.99507,0.00045
-6.3341,-1.8739,156.504,-0.17397,1.98888,0.00049
-6.364,-1.8749,156.261,-0.17718,1.99075,0.0028
-6.3606,-1.7859,156.298,-0.17174,1.99041,0.00118
-6.3366,-1.794,156.358,-0.16751,1.98955,-0.00039
-6.4167,-1.6904,156.303,-0.16377,1.99379,0.00191
-6.3034,-1.9171,156.408,-0.17094,1.98853,0.00068
-6.4363,-1.7264,156.181,-0.17594,1.99617,0.00279
-6.3605,-1.8699,156.42,-0.17527,1.98824,0.00048
-6.3578,-1.903,156.456,-0.17713,1.98589,0.00053
-6.3313,-1.8379,156.298,-0.17537,1.98922,0.00103
-6.3408,-1.9198,156.397,-0.1752,1.99102,0.00028
-6.3637,-1.8628,156.339,-0.17743,1.9905,0.00139
-6.3855,-1.8422,156.276,-0.17738,1.9967,0.00294
-6.428,-1.7887,156.365,-0.17518,1.99419,0.00285
-6.3897,-1.7894,156.306,-0.17399,1.99217,0.00102
-6.3295,-1.8734,156.446,-0.17657,1.99309,0.00098
-6.3922,-1.8523,156.39,-0.17734,1.99045,0.00027
-6.3751,-1.8468,156.326,-0.17639,1.99277,0.00133
-6.3703,-1.7555,156.427,-0.16675,1.99261,-4e-05
-6.3706,-1.8416,156.21,-0.17489,1.99078,0.00284
-6.4289,-1.8134,156.345,-0.17409,1.99258,0.00133
-6.4228,-1.8325,156.272,-0.17862,1.99475,0.00326
-6.386,-1.8279,156.349,-0.17594,1.99535,0.00166
-6.3229,-1.9978,156.345,-0.18254,1.99083,0.00211
-6.4316,-1.7367,156.286,-0.17512,2.00051,0.00191
-6.4502,-1.7004,156.204,-0.175,2.00413,0.00338
-6.3326,-1.7934,156.328,-0.17067,1.99319,0.00073
-6.3982,-1.7699,156.197,-0.17303,1.99674,0.00207
-6.4125,-1.7829,156.335,-0.17454,1.99376,0.00264
-6.3282,-1.8939,156.359,-0.17504,1.99003,0.00104
-6.3349,-1.7763,156.321,-0.16789,1.98872,-0.00017
-6.391,-1.8244,156.292,-0.17492,1.9963,0.00251
-6.3784,-1.9101,156.112,-0.18046,1.99705,0.00419
-6.412,-1.7411,156.191,-0.17132,1.99562,0.00203
-6.4222,-1.7324,156.143,-0.17554,1.99737,0.00321
-6.3342,-1.913,156.276,-0.17753,1.98406,0.00205
-6.3926,-1.7566,156.225,-0.17147,1.99743,0.00206
-6.3609,-1.7621,156.391,-0.16924,1.99185,-0.00041
-6.3698,-1.7082,156.306,-0.16705,1.99214,-0.00094
-6.3832,-1.7186,156.338,-0.16633,1.99608,0.00046
-6.4534,-1.6892,156.275,-0.17471,1.99828,0.00278
-6.384,-1.8149,156.321,-0.17415,1.99576,0.00218
-6.3452,-1.7867,156.373,-0.16714,1.99221,0.00034
-6.4164,-1.8012,156.211,-0.17543,1.99836,0.00374
-6.3469,-1.771,156.26,-0.1698,1.99292,0.00035
-6.3624,-1.8096,156.403,-0.16894,1.98979,0.00031
-6.4317,-1.7695,156.18,-0.17618,1.99482,0.00311
-6.3945,-1.7922,156.229,-0.17397,1.99504,0.00207
-6.3211,-1.9794,156.478,-0.18022,1.98324,-0.00045
-6.3813,-1.7912,156.275,-0.17268,1.99532,0.00141
-6.3731,-1.8803,156.344,-0.18097,1.9948,0.00247
-6.3764,-1.8241,156.324,-0.1745,1.99698,0.00181
-6.4377,-1.6748,156.195,-0.16708,1.99615,0.0021
-6.3856,-1.7662,156.314,-0.17166,1.99259,0.00301
-6.3174,-1.8378,156.308,-0.17499,1.9912,0.00265
-6.4081,-1.8211,156.253,-0.17496,1.99575,0.00324
-6.4387,-1.7018,156.231,-0.17056,1.99807,0.00227
-6.3527,-1.766,156.296,-0.17043,1.9938,0.00288
-6.4355,-1.704,156.202,-0.17577,2.00056,0.00342
-6.3471,-1.8361,156.314,-0.17229,1.99099,0.0021
-6.3289,-1.9284,156.446,-0.17602,1.98846,0.00115
-6.3963,-1.8876,156.362,-0.17822,1.99205,0.00186
-6.3266,-1.9242,156.433,-0.18025,1.9922,0.001
-6.3726,-1.8312,156.34,-0.17191,1.99506,0.00103
-6.3966,-1.7642,156.302,-0.16933,1.99554,0.00118
-6.341,-1.97,156.415,-0.17747,1.98718,0.00117
-6.3374,-1.8969,156.331,-0.1755,1.98991,0.00191
-6.3955,-1.7175,156.31,-0.17078,1.99528,0.00114
-6.3494,-1.8584,156.277,-0.17582,1.9874,0.00113
-6.3842,-1.7582,156.255,-0.17115,1.99359,0.00165
-6.396,-1.8744,156.281,-0.18013,1.99472,0.00342
-6.3274,-1.9031,156.211,-0.18127,1.99401,0.00241
-6.3707,-1.6926,156.276,-0.16852,1.99471,0.00016
-6.3832,-1.7639,156.275,-0.17152,1.99399,0.00172
-6.3515,-1.7946,156.227,-0.17053,1.9898,0.00102
-6.378,-1.8737,156.239,-0.18096,1.9911,0.00344
-6.376,-1.7248,156.202,-0.16698,1.9989,0.0023
-6.3191,-1.8729,156.336,-0.17412,1.98987,0.00179
-6.3396,-1.8013,156.299,-0.17224,1.992,0.00236
-6.3042,-1.9361,156.383,-0.17805,1.9883,0.00204
-6.4306,-1.7453,156.225,-0.17414,1.99778,0.00304
-6.3808,-1.8134,156.268,-0.17116,1.99316,0.00139
-6.4317,-1.7962,156.189,-0.17977,1.99587,0.00363
-6.4019,-1.7778,156.304,-0.17611,1.99176,0.00213
-6.3725,-1.8257,156.319,-0.17287,1.99057,0.00176
-6.3784,-1.775,156.244,-0.17494,1.98965,0.00295
-6.4725,-1.7426,156.203,-0.17449,1.99784,0.00382
-6.4017,-1.8331,156.219,-0.17911,1.99663,0.00173
-6.3265,-1.8933,156.268,-0.17607,1.99451,0.00143
-6.4052,-1.6911,156.287,-0.16999,1.99468,0.0013
-6.3402,-1.8422,156.349,-0.17465,1.98882,0.00147
-6.468,-1.6847,156.189,-0.17382,2.00381,0.00372
-6.4861,-1.7889,156.176,-0.17998,2.00701,0.00438
-6.3775,-1.8465,156.197,-0.17732,1.99474,0.00357
-6.3621,-1.8063,156.317,-0.17204,1.99092,0.00177
-6.4155,-1.7452,156.255,-0.1734,1.99712,0.00211
-6.3231,-1.8496,156.35,-0.17429,1.98663,0.00083
-6.4073,-1.7275,156.226,-0.1738,1.99673,0.00251
-6.42,-1.7548,156.214,-0.17431,1.9945,0.00142
-6.3689,-1.8559,156.352,-0.17943,1.99375,0.00325
-6.3318,-1.903,156.375,-0.17816,1.98861,0.00106
-6.3779,-1.8228,156.363,-0.17176,1.99614,0.00153
-6.4001,-1.7955,156.31,-0.17018,1.99336,0.00126
-6.4221,-1.8286,156.356,-0.17871,1.99804,0.00231
-6.4206,-1.7452,156.299,-0.17136,2.00073,0.00107
-6.3676,-1.7553,156.249,-0.17187,1.99313,0.00154
-6.3715,-1.9033,156.394,-0.1789,1.99074,0.00161
-6.4665,-1.6969,156.105,-0.177,2.00371,0.00362
-6.4034,-1.7194,156.169,-0.17249,2.00027,0.00297
-6.4093,-1.7731,156.282,-0.17692,1.99689,0.00247
-6.395,-1.7715,156.164,-0.17316,1.99863,0.00278
-6.4132,-1.7724,156.311,-0.17289,1.99497,0.00125
-6.4434,-1.7001,156.362,-0.16999,1.99861,0.00103
-6.3856,-1.8433,156.231,-0.17876,1.99542,0.00386
-6.4239,-1.769,156.144,-0.17857,1.99706,0.00396
-6.3436,-1.8047,156.295,-0.17286,1.98938,0.00077
-6.251,-2.0368,156.52,-0.18074,1.98094,-0.00023
-6.3792,-1.8273,156.232,-0.17361,1.99393,0.00137
-6.376,-1.8453,156.32,-0.17838,1.99248,0.00287
-6.44,-1.6897,156.267,-0.16783,1.99773,0.00246
-6.3465,-1.8874,156.315,-0.17841,1.99521,0.00338
-6.3719,-2.0065,156.302,-0.18795,1.99048,0.00351
-6.4074,-1.8936,156.267,-0.18058,1.99431,0.00302
-6.4058,-1.8054,156.327,-0.17515,1.99525,0.0017
-6.3612,-1.9283,156.361,-0.17765,1.99074,0.00125
-6.3759,-1.7487,156.278,-0.17472,1.99589,0.00168
-6.3831,-1.7264,156.189,-0.17123,1.99429,0.00282
-6.352,-1.8648,156.378,-0.17511,1.9897,0.00122
-6.4324,-1.7542,156.217,-0.17185,1.99822,0.00192
-6.4257,-1.7664,156.312,-0.16995,1.99529,0.00042
-6.3553,-1.9291,156.306,-0.17908,1.99091,0.00183
-6.3498,-1.8991,156.36,-0.178,1.99218,0.00204
-6.3493,-1.9777,156.269,-0.17952,1.98843,0.00211
-6.4202,-1.8958,156.186,-0.18267,1.99235,0.00378
-6.4256,-1.9124,156.161,-0.18515,1.99627,0.00472
-6.4016,-1.7436,156.143,-0.17207,1.99294,0.00277
-6.424,-1.7259,156.111,-0.17087,2.00016,0.00364
-6.4376,-1.6519,156.23,-0.16484,1.99922,0.00166
-6.333,-1.9446,156.295,-0.17909,1.98835,0.00273
-6.3219,-1.9427,156.443,-0.17586,1.98816,0.00078
-6.4014,-1.8849,156.249,-0.18061,1.99531,0.0035
-6.4044,-1.723,156.307,-0.16923,1.99632,0.00158
-6.3978,-1.7142,156.249,-0.16875,1.99368,0.00161
-6.4301,-1.7455,156.282,-0.17513,1.99934,0.0014
-6.3743,-1.7339,156.322,-0.17253,1.99448,0.00126
-6.2766,-1.8895,156.441,-0.17381,1.98931,-0.00046
-6.3996,-1.6798,156.288,-0.16682,1.99195,0.00066
-6.3918,-1.7733,156.27,-0.16973,1.99605,0.00223
-6.361,-1.8645,156.292,-0.17518,1.9917,0.00273
-6.3298,-1.8538,156.402,-0.17183,1.98806,0.00117
-6.3982,-1.8959,156.282,-0.18066,1.99667,0.00343
-6.3002,-2.0713,156.489,-0.18411,1.98907,0.00199
-6.4117,-1.802,156.33,-0.17374,1.99674,0.00259
-6.3646,-1.8903,156.3,-0.17731,1.99331,0.00295
-6.4122,-1.7567,156.275,-0.17384,1.99569,0.00208
-6.3863,-1.6955,156.364,-0.16723,1.99519,0.00079
-6.3512,-1.882,156.278,-0.1785,1.99045,0.00263
-6.322,-1.8608,156.23,-0.17237,1.9929,0.00115
-6.4215,-1.7537,156.186,-0.17105,1.99606,0.00221
-6.3903,-1.8616,156.242,-0.17511,1.99334,0.00302
-6.3952,-1.7995,156.289,-0.17429,1.99305,0.00233
-6.4611,-1.7148,156.177,-0.17461,2.0011,0.00241
-6.3678,-1.7799,156.255,-0.17235,1.99342,9e-05
-6.2901,-1.8885,156.378,-0.17435,1.98778,0.00077
-6.3878,-1.8575,156.232,-0.1767,1.99443,0.00304
-6.3351,-1.9002,156.412,-0.17602,1.9893,0.00011
-6.3624,-1.9259,156.404,-0.17804,1.98744,0.00101
-6.4069,-1.8606,156.233,-0.18098,1.99591,0.00352
-6.3591,-1.8679,156.261,-0.18029,1.99203,0.00241
-6.3481,-1.9018,156.236,-0.18021,1.99774,0.00333
-6.4485,-1.7626,156.109,-0.17539,2.00117,0.00307
-6.3924,-1.8466,156.274,-0.17779,1.99643,0.00295
-6.3467,-1.9551,156.378,-0.18412,1.99009,0.0031
-6.3592,-1.9041,156.306,-0.18018,1.99087,0.00332
-6.3608,-1.8235,156.227,-0.17594,1.99203,0.00255
-6.3449,-1.8119,156.241,-0.17307,1.99806,0.00149
-6.3242,-1.8741,156.327,-0.1717,1.99055,0.00091
-6.3321,-1.8009,156.311,-0.16976,1.98922,0.00051
-6.3887,-1.7681,156.276,-0.17266,1.99448,0.00149
-6.3884,-1.8153,156.283,-0.17822,1.9958,0.00313
-6.3413,-1.7768,156.358,-0.16676,1.98971,0.00111
-6.4004,-1.7793,156.259,-0.17119,1.99681,0.0026
-6.3952,-1.7559,156.266,-0.16931,1.99497,0.00168
-6.3466,-1.8746,156.313,-0.17535,1.99338,0.00152
-6.408,-1.7445,156.228,-0.17561,1.99311,0.00232
-6.3254,-1.9088,156.411,-0.17617,1.98815,0.00132
-6.3873,-1.6318,156.303,-0.16082,1.99229,-0.00027
-6.351,-1.7845,156.391,-0.17131,1.99042,0.00083
-6.3669,-1.7005,156.286,-0.16741,1.99211,0.00131
-6.3148,-1.8144,156.397,-0.16961,1.98953,-0.00071
-6.3832,-1.826,156.35,-0.17322,1.99366,0.00042
-6.4207,-1.8109,156.154,-0.17492,1.99766,0.00281
-6.384,-1.8604,156.38,-0.17661,1.99291,0.00221
-6.399,-1.7752,156.201,-0.17621,1.99316,0.00283
-6.4159,-1.6931,156.222,-0.17072,1.9961,0.00167
-6.3737,-1.7867,156.367,-0.17108,1.99026,0.00046
-6.4459,-1.7353,156.283,-0.1714,1.99738,0.00199
-6.4132,-1.777,156.32,-0.17827,1.99808,0.00358
-6.4096,-1.7537,156.262,-0.1711,1.99835,0.00241
-6.3931,-1.8842,156.405,-0.17863,1.99937,0.00152
-6.3447,-1.8275,156.4,-0.17029,1.9934,0.00163
-6.3724,-1.8585,156.389,-0.17781,1.99001,0.00209
-6.3522,-1.8693,156.426,-0.17588,1.99109,0.00095
-6.376,-1.7525,156.333,-0.16965,1.99592,0.00165
-6.3842,-1.6906,156.233,-0.16892,1.99626,0.00286
-6.3979,-1.7766,156.3,-0.17458,1.99584,0.00301
-6.3728,-1.8573,156.346,-0.17328,1.99194,0.00133
-6.3332,-1.8766,156.456,-0.1729,1.98702,0.0011
-6.331,-1.8905,156.416,-0.17301,1.9897,0.00056
-6.3869,-1.82,156.336,-0.17135,1.99324,0.00112
-6.3569,-1.7915,156.465,-0.16914,1.99198,0.00025
-6.3776,-1.7468,156.389,-0.16816,1.99232,0.00155
-6.4098,-1.759,156.288,-0.17028,1.99037,0.00106
-6.4351,-1.662,156.243,-0.17034,1.99859,0.00158
-6.3203,-1.9191,156.285,-0.17525,1.98938,0.00158
-6.4202,-1.7656,156.265,-0.17378,1.99571,0.00187
-6.4124,-1.7338,156.345,-0.16907,1.99412,0.00071
-6.3706,-1.8375,156.22,-0.18073,1.99837,0.00363
-6.3949,-1.7953,156.246,-0.17611,1.99744,0.00265
-6.3456,-1.8777,156.342,-0.1763,1.99271,0.00199
-6.4066,-1.7694,156.294,-0.17186,1.99253,0.00107
-6.3959,-1.8296,156.38,-0.17351,1.99221,0.00272
-6.457,-1.7646,156.151,-0.17499,2.00306,0.00352
-6.3272,-1.8586,156.341,-0.17249,1.99457,0.00024
-6.3683,-1.7917,156.254,-0.17538,1.99254,0.00245
-6.3963,-1.7563,156.39,-0.17135,1.99387,0.00071
-6.4169,-1.7407,156.309,-0.172,1.99552,0.00068
-6.3335,-1.8275,156.32,-0.17287,1.99352,0.00144
-6.3211,-1.8051,156.351,-0.16935,1.98807,0.0002
-6.3367,-1.8682,156.374,-0.17331,1.98548,0.00155
-6.3498,-1.8623,156.29,-0.17489,1.99468,0.00199
-6.3317,-1.8159,156.321,-0.16872,1.99082,0.00075
-6.3715,-1.7023,156.255,-0.16502,1.99006,2e-05
-6.3302,-1.8852,156.309,-0.17729,1.99023,0.00115
-6.3689,-1.8477,156.317,-0.17747,1.99431,0.00284
-6.4013,-1.7412,156.353,-0.16891,1.9959,0.00036
-6.4122,-1.7285,156.243,-0.17358,1.99628,0.00197
-6.372,-1.8293,156.375,-0.17308,1.99263,0.00153
-6.3671,-1.7837,156.324,-0.17342,1.99033,0.00267
-6.3482,-1.8467,156.31,-0.17593,1.99131,0.00015
-6.3315,-1.8991,156.302,-0.17594,1.99187,0.00157
-6.4157,-1.8064,156.282,-0.17525,1.99202,0.00197
-6.3672,-1.918,156.395,-0.17668,1.99011,0.00159
-6.3389,-1.8698,156.392,-0.17585,1.98437,0.00104
-6.4128,-1.6825,156.159,-0.16642,1.9966,0.00235
-6.4046,-1.8925,156.294,-0.17809,1.9946,0.00263
-6.3791,-1.714,156.336,-0.16803,1.99029,-0.00092
-6.392,-1.824,156.224,-0.17604,1.99306,0.0027
-6.336,-1.8322,156.391,-0.17292,1.99116,5e-05
-6.3207,-1.7981,156.378,-0.16793,1.98742,-0.00048
-6.334,-1.8206,156.332,-0.17174,1.99426,-3e-05
-6.3268,-1.878,156.365,-0.17394,1.9842,0.00052
-6.3336,-1.9542,156.369,-0.17924,1.98758,0.00129
-6.4033,-1.8134,156.178,-0.17895,1.99328,0.00285
-6.36,-1.8057,156.344,-0.17489,1.99217,0.00145
-6.3886,-1.7975,156.389,-0.17526,1.99165,0.00112
-6.3558,-1.9244,156.337,-0.18144,1.98972,0.00278
-6.3164,-1.9421,156.359,-0.17827,1.98771,0.00169
-6.3611,-1.8972,156.318,-0.1756,1.99122,0.00276
-6.3775,-1.7988,156.292,-0.17268,1.99226,0.00135
-6.332,-1.827,156.407,-0.1716,1.99172,-0.00011
-6.2941,-1.8467,156.451,-0.17244,1.9863,-0.00033
-6.3345,-1.7184,156.418,-0.16439,1.99092,-0.00082
-6.3998,-1.8462,156.361,-0.17854,1.99348,0.00203
-6.3357,-1.8579,156.369,-0.16955,1.99022,0.00098
-6.3441,-1.7913,156.369,-0.17182,1.98942,0.0008
-6.316,-1.8628,156.327,-0.17282,1.98897,0.00062
-6.4107,-1.7285,156.248,-0.17167,1.99692,0.00179
-6.3805,-1.8822,156.322,-0.17968,1.99281,0.00253
-6.3229,-1.8558,156.361,-0.17391,1.99091,0.00111
-6.3564,-1.8872,156.308,-0.17761,1.99299,0.0016
-6.3628,-1.8011,156.458,-0.17212,1.99603,0.00111
-6.4338,-1.7958,156.221,-0.1797,2.0001,0.00412
-6.3454,-1.8205,156.297,-0.17506,1.99127,0.00145
-6.354,-1.8285,156.355,-0.1735,1.99336,0.00073
-6.3941,-1.813,156.331,-0.17521,1.99468,0.00204
-6.3525,-1.862,156.437,-0.17368,1.99318,0.00121
-6.3983,-1.7686,156.342,-0.17071,1.99287,0.00174
-6.3922,-1.8056,156.381,-0.17047,1.99447,0.00123
-6.3344,-1.848,156.432,-0.17301,1.98888,0.00047
-6.2954,-1.8917,156.396,-0.17217,1.99217,0.00086
-6.4283,-1.6982,156.327,-0.1655,1.9987,0.00079
-6.359,-1.8853,156.371,-0.17755,1.98975,0.00252
-6.4451,-1.7939,156.271,-0.17832,2.00129,0.00306
-6.3858,-1.8354,156.316,-0.17861,1.99303,0.00176
-6.3713,-2.0021,156.377,-0.18361,1.99166,0.00172
-6.3542,-1.8756,156.357,-0.17689,1.99555,0.0018
-6.4104,-1.8292,156.302,-0.18048,1.99707,0.0019
-6.4196,-1.8112,156.316,-0.17735,1.9979,0.00175
-6.3179,-1.8624,156.385,-0.17568,1.9903,-0.00044
-6.3828,-1.8457,156.355,-0.17374,1.9935,0.00023
-6.3662,-1.7641,156.459,-0.16785,1.98874,0.0006
-6.407,-1.8413,156.297,-0.18176,1.9942,0.0035
-6.3646,-1.947,156.449,-0.18458,1.98972,0.00258
-6.3604,-1.9228,156.424,-0.18116,1.98868,0.00254
-6.3122,-1.9063,156.361,-0.17873,1.99083,0.0022
-6.288,-1.8982,156.482,-0.17346,1.98736,0.00077
-6.3505,-1.9214,156.316,-0.18025,1.99727,0.00201
-6.361,-1.9633,156.403,-0.18346,1.99051,0.00179
-6.4149,-1.8083,156.307,-0.17697,1.99577,0.00242
-6.4548,-1.6941,156.196,-0.17422,1.99882,0.00349
-6.4077,-1.7698,156.3,-0.17223,1.9939,0.00178
-6.4025,-1.7805,156.353,-0.17312,1.9943,0.00172
-6.3258,-1.9018,156.57,-0.17454,1.9864,0.00042
-6.3642,-1.7705,156.225,-0.16876,1.99351,0.00155
-6.4236,-1.6572,156.242,-0.16474,1.99295,0.00154
-6.3066,-1.8097,156.376,-0.17013,1.98883,0.00049
-6.3435,-1.8622,156.38,-0.17534,1.98912,0.00174
-6.2966,-1.9703,156.466,-0.18381,1.98454,0.00059
-6.4143,-1.7285,156.262,-0.16777,1.99755,0.00053
-6.3671,-1.9178,156.388,-0.17859,1.98981,0.0012
-6.3852,-1.8189,156.363,-0.17603,1.99584,0.00212
-6.3611,-1.809,156.452,-0.17026,1.98624,-0.00031
-6.4492,-1.7615,156.23,-0.17513,1.99867,0.00304
-6.4498,-1.6483,156.206,-0.17112,1.99662,0.00208
-6.3967,-1.8287,156.273,-0.17745,1.99373,0.00309
-6.3773,-1.7698,156.371,-0.17079,1.99275,0.00183
-6.3366,-1.9152,156.38,-0.17933,1.98894,0.00191
-6.475,-1.6834,156.177,-0.1722,2.00202,0.00327
-6.3452,-1.803,156.397,-0.1734,1.99014,-0.00027
-6.4542,-1.7033,156.192,-0.17286,1.99748,0.00282
-6.4369,-1.7792,156.174,-0.17702,1.99593,0.00339
-6.2759,-1.97,156.507,-0.17429,1.98386,-0.00049
-6.311,-1.9176,156.304,-0.17629,1.98937,0.00265
-6.3404,-1.9219,156.358,-0.17623,1.9927,0.00239
-6.3677,-1.8218,156.386,-0.17408,1.98924,0.00171
-6.3545,-1.9116,156.381,-0.17783,1.98943,0.00108
-6.3836,-1.8131,156.348,-0.17188,1.99241,0.00126
-6.3709,-1.874,156.41,-0.17373,1.99234,0.00109
-6.3941,-1.7927,156.247,-0.17092,1.99559,0.00173
-6.3799,-1.859,156.236,-0.17859,1.99092,0.00296
-6.4779,-1.6527,156.159,-0.17254,2.00178,0.00316
-6.3359,-1.8299,156.404,-0.17276,1.99013,0.0005
-6.3652,-1.8161,156.397,-0.17222,1.99326,0.00079
-6.4232,-1.7255,156.275,-0.17154,1.99748,0.00204
-6.3665,-1.8789,156.368,-0.18115,1.99286,0.00205
-6.3398,-1.7757,156.373,-0.16952,1.98845,0.00044
-6.3442,-1.806,156.332,-0.1727,1.99055,0.00027
-6.4004,-1.8292,156.358,-0.17813,1.99244,0.00135
-6.2548,-2.0091,156.564,-0.17852,1.98219,6e-05
-6.3163,-1.8484,156.351,-0.17135,1.98887,0.00065
-6.3514,-1.9261,156.367,-0.17742,1.9884,0.00153
-6.3882,-1.8168,156.235,-0.17605,1.99317,0.0025
-6.3677,-1.8155,156.277,-0.17308,1.99223,0.00153
-6.405,-1.7667,156.315,-0.17355,1.99699,0.00185
-6.3518,-1.8958,156.372,-0.17561,1.99244,0.00183
-6.3787,-1.8189,156.273,-0.17773,1.99443,0.00264
-6.332,-1.9118,156.292,-0.17938,1.99373,0.00216
-6.3578,-1.9326,156.443,-0.1809,1.98804,0.00207
-6.3506,-1.816,156.379,-0.17101,1.99084,0.00166
-6.3678,-1.8808,156.535,-0.17497,1.98561,0.00032
-6.4012,-1.8299,156.313,-0.17644,1.99501,0.00178
-6.3506,-1.8148,156.27,-0.17587,1.99371,0.00191
-6.3545,-1.8705,156.323,-0.17675,1.9933,0.00211
-6.395,-1.7973,156.273,-0.17194,1.98917,0.00157
-6.3372,-1.8226,156.46,-0.17178,1.9894,0.00107
-6.416,-1.6536,156.257,-0.16651,1.9954,0.00277
-6.4239,-1.6646,156.189,-0.16849,1.99938,0.00224
-6.4174,-1.7018,156.266,-0.16951,2.00053,0.00173
-6.4281,-1.6836,156.351,-0.16752,1.99661,0.00025
-6.397,-1.7293,156.251,-0.17182,1.99285,0.0018
-6.4058,-1.6779,156.326,-0.16663,1.99401,0.00061
-6.3997,-1.7096,156.248,-0.1676,1.99558,0.00097
-6.4378,-1.8008,156.271,-0.17314,1.9948,0.00146
-6.4269,-1.7918,156.278,-0.17437,1.99902,0.00292
-6.3448,-1.8105,156.384,-0.17015,1.99248,0.00061
-6.3621,-1.8832,156.412,-0.17937,1.9922,0.00263
-6.3693,-1.8769,156.36,-0.17959,1.99327,0.00198
-6.3696,-1.8238,156.305,-0.17645,1.99372,0.00183
-6.3695,-1.6811,156.274,-0.16519,1.99246,0.00038
-6.4256,-1.7076,156.098,-0.17173,2.00042,0.00314
-6.4189,-1.6531,156.193,-0.16417,1.99876,0.00068
-6.3549,-1.8686,156.483,-0.16921,1.98976,0.00024
-6.3691,-1.8232,156.445,-0.16975,1.9899,-0.00014
-6.3393,-1.935,156.368,-0.18015,1.98989,0.0018
-6.3513,-1.9712,156.368,-0.18276,1.98936,0.00254
-6.3637,-1.836,156.289,-0.17614,1.99828,0.00363
-6.3826,-1.9029,156.313,-0.17726,1.99148,0.00257
-6.3918,-1.842,156.293,-0.17915,1.99501,0.00309
-6.3616,-1.836,156.231,-0.17704,2.00007,0.00293
-6.3677,-1.6799,156.18,-0.16744,1.99421,0.00154
-6.4022,-1.7177,156.297,-0.169,1.99421,0.00106
-6.3738,-1.7223,156.371,-0.16951,1.98796,0.00102
-6.4172,-1.687,156.266,-0.17035,1.9946,0.00218
-6.3133,-1.8556,156.437,-0.17111,1.98772,0.00069
-6.4477,-1.6446,156.099,-0.16652,2.00002,0.00185
-6.4552,-1.6637,156.183,-0.16726,2.00062,0.00224
-6.3492,-1.9062,156.295,-0.17526,1.99047,0.00102
-6.4316,-1.7094,156.161,-0.17188,1.99478,0.0027
-6.4047,-1.7512,156.311,-0.16902,1.99392,0.00162
-6.407,-1.8324,156.083,-0.17951,1.99702,0.00407
-6.366,-1.9239,156.263,-0.18053,1.99443,0.00221
-6.4066,-1.8617,156.144,-0.18283,1.99916,0.00393
-6.3843,-1.9005,156.337,-0.18328,1.995,0.00233
-6.391,-1.7846,156.237,-0.17332,1.99488,0.00223
-6.3897,-1.6579,156.179,-0.16526,1.9913,0.00142
-6.3926,-1.8306,156.308,-0.17548,1.99819,0.00248
-6.3542,-1.8519,156.235,-0.1736,1.99316,0.00202
-6.3739,-1.8182,156.264,-0.17266,1.9944,0.00113
-6.3269,-1.8386,156.277,-0.17289,1.99096,0.00103
-6.3072,-1.8595,156.295,-0.17256,1.99082,0.00161
-6.3537,-1.9082,156.506,-0.17553,1.98718,-0.0003
-6.3555,-1.9111,156.336,-0.17915,1.98772,0.00246
-6.3498,-1.8128,156.383,-0.17275,1.98889,0.00058
-6.3105,-1.8977,156.371,-0.17168,1.98456,0.00046
-6.3824,-1.6681,156.303,-0.16356,1.99581,0.00078
-6.3997,-1.6831,156.273,-0.16445,1.99489,-0.00025
-6.3861,-1.7075,156.301,-0.17072,1.99357,0.00216
-6.4203,-1.7042,156.273,-0.16968,1.99913,0.00162
-6.4068,-1.7684,156.305,-0.16868,1.99764,0.0024
-6.3519,-1.8419,156.457,-0.16841,1.98863,0.00031
-6.4687,-1.7235,156.108,-0.17702,1.99662,0.00422
-6.4275,-1.7018,156.189,-0.17157,1.99702,0.00132
-6.4452,-1.812,156.239,-0.1761,1.99656,0.00278
-6.4029,-1.7776,156.218,-0.17383,1.99648,0.00148
-6.3921,-1.732,156.161,-0.16829,1.99527,0.00151
-6.3403,-1.857,156.369,-0.17193,1.98905,0.00135
-6.4152,-1.687,156.256,-0.16894,1.99971,0.00181
-6.4006,-1.7228,156.35,-0.16679,1.99601,7e-05
-6.4052,-1.8663,156.261,-0.18029,1.99693,0.00282
-6.3717,-1.8907,156.231,-0.17997,1.98786,0.00285
-6.3178,-1.8877,156.347,-0.17769,1.98624,0.00152
-6.3743,-1.8538,156.219,-0.1761,1.99243,0.00287
-6.3681,-1.7418,156.206,-0.1704,1.99642,0.0016
-6.3293,-1.8889,156.302,-0.17915,1.99272,0.00172
-6.3097,-2.0232,156.475,-0.18076,1.98573,0.0014
-6.3469,-1.9559,156.417,-0.1806,1.99003,0.00191
-6.4097,-1.7378,156.152,-0.17326,1.99655,0.00238
-6.3909,-1.867,156.135,-0.18141,1.99488,0.0039
-6.3607,-1.8283,156.243,-0.17749,1.99323,0.00268
-6.4192,-1.8452,156.274,-0.17991,1.99669,0.00336
-6.4103,-1.8003,156.31,-0.17774,1.99461,0.00251
-6.3515,-1.755,156.311,-0.16983,1.99046,0.00154
-6.3912,-1.7276,156.273,-0.17124,1.99477,0.00144
-6.3048,-1.922,156.333,-0.1795,1.98983,0.00303
-6.4013,-1.7164,156.116,-0.1718,1.99876,0.00172
-6.3911,-1.8278,156.213,-0.17566,1.9971,0.00277
-6.3702,-1.935,156.241,-0.18225,1.993,0.0031
-6.3298,-1.9497,156.341,-0.18271,1.99009,0.0027
-6.3836,-1.8495,156.394,-0.17328,1.99021,0.00086
-6.3541,-1.9089,156.363,-0.17787,1.9871,0.00188
-6.4272,-1.7062,156.246,-0.17321,1.99823,0.00206
-6.3923,-1.7988,156.224,-0.17538,1.99846,0.00271
-6.4237,-1.6175,156.188,-0.1642,2.00017,0.00155
-6.4076,-1.7275,156.183,-0.1708,2.00044,0.00245
-6.3439,-1.8049,156.375,-0.17361,1.99389,0.00017
-6.3716,-1.8684,156.261,-0.17656,1.99493,0.00191
-6.3336,-1.8166,156.405,-0.17155,1.99171,-0.00012
-6.4037,-1.6767,156.236,-0.16866,1.99824,0.0026
-6.381,-1.7379,156.364,-0.16937,1.99139,0.00202
-6.4369,-1.7263,156.279,-0.17266,1.99667,0.0026
-6.4334,-1.6665,156.185,-0.1662,1.99687,0.00177
-6.3454,-1.8865,156.369,-0.17657,1.98834,0.00054
-6.3352,-2.0053,156.315,-0.18633,1.9898,0.00348
-6.37,-1.7964,156.249,-0.17505,1.99163,0.00179
-6.4221,-1.7067,156.152,-0.1722,1.99992,0.00367
-6.3749,-1.8238,156.398,-0.17355,1.99572,0.00062
-6.4078,-1.8276,156.204,-0.1763,1.99762,0.00118
-6.413,-1.7456,156.268,-0.17477,1.99511,0.00294
-6.3557,-1.8762,156.347,-0.17425,1.9905,0.00311
-6.3609,-1.779,156.427,-0.17014,1.98863,0.00028
-6.356,-1.8113,156.426,-0.17223,1.9908,1e-05
-6.4051,-1.8029,156.437,-0.17319,1.99552,0.00071
-6.3192,-1.9038,156.389,-0.1782,1.99326,0.00216
-6.3867,-1.7638,156.291,-0.16865,1.99466,0.00069
-6.3463,-1.9185,156.398,-0.17643,1.99483,0.00164
-6.3438,-1.9424,156.401,-0.18167,1.98788,0.00284
-6.397,-1.7828,156.278,-0.17737,1.99333,0.00301
-6.367,-1.9564,156.396,-0.18297,1.98943,0.00205
-6.3307,-1.8621,156.444,-0.1734,1.99026,0.00099
-6.4184,-1.8269,156.352,-0.17648,1.99777,0.00286
-6.3988,-1.7766,156.311,-0.17021,1.99327,0.00182
-6.396,-1.7539,156.297,-0.17078,1.99918,0.00197
-6.3654,-1.8333,156.356,-0.17418,1.99086,0.00162
-6.393,-1.7818,156.317,-0.17412,1.99843,0.00197
-6.3664,-1.8709,156.426,-0.1764,1.99335,0.00098
-6.4227,-1.7264,156.422,-0.17108,1.99387,0.00082
-6.342,-1.8584,156.438,-0.17479,1.99359,0.0016
-6.3044,-1.9114,156.394,-0.17836,1.99131,0.00106
-6.3483,-1.9189,156.368,-0.1843,1.99608,0.002
-6.397,-1.8709,156.297,-0.1781,1.99632,0.0029
-6.3992,-1.8778,156.426,-0.17929,1.99646,0.00184
-6.2964,-2.0612,156.513,-0.17899,1.98275,0.00122
-6.4528,-1.7135,156.298,-0.17184,1.99733,0.00142
-6.3929,-1.7765,156.259,-0.17466,1.99469,0.00113
-6.3467,-1.9125,156.413,-0.17728,1.99244,0.00237
-6.3695,-1.7171,156.331,-0.16805,1.99209,0.00165
-6.3385,-1.7893,156.36,-0.16854,1.98722,0.00046
-6.3377,-1.8722,156.429,-0.16832,1.98923,0.00021
-6.4606,-1.6959,156.214,-0.17442,2.00054,0.00276
-6.3872,-1.8059,156.308,-0.17749,1.99418,0.00152
-6.3872,-1.8059,156.308,-0.17749,1.99418,0.00152
-6.3872,-1.8059,156.308,-0.17749,1.99418,0.00152
-6.3872,-1.8059,156.308,-0.17749,1.99418,0.00152
-6.3872,-1.8059,156.308,-0.17749,1.99418,0.00152
-6.3872,-1.8059,156.308,-0.17749,1.99418,0.00152
-6.3872,-1.8059,156.308,-0.17749,1.99418,0.00152
-6.3872,-1.8059,156.308,-0.17749,1.99418,0.00152
-6.3872,-1.8059,156.308,-0.17749,1.99418,0.00152
-6.3872,-1.8059,156.308,-0.17749,1.99418,0.00152
-6.3872,-1.8059,156.308,-0.17749,1.99418,0.00152
-6.3872,-1.8059,156.308,-0.17749,1.99418,0.00152
-6.3872,-1.8059,156.308,-0.17749,1.99418,0.00152
-6.3872,-1.8059,156.308,-0.17749,1.99418,0.00152
-6.3872,-1.8059,156.308,-0.17749,1.99418,0.00152
-6.3872,-1.8059,156.308,-0.17749,1.99418,0.00152
-6.3872,-1.8059,156.308,-0.17749,1.99418,0.00152
-6.3872,-1.8059,156.308,-0.17749,1.99418,0.00152
-6.3872,-1.8059,156.308,-0.17749,1.99418,0.00152
-6.3872,-1.8059,156.308,-0.17749,1.99418,0.00152
-6.3872,-1.8059,156.308,-0.17749,1.99418,0.00152
-6.3872,-1.8059,156.308,-0.17749,1.99418,0.00152
-6.3872,-1.8059,156.308,-0.17749,1.99418,0.00152
-6.3872,-1.8059,156.308,-0.17749,1.99418,0.00152
-6.3872,-1.8059,156.308,-0.17749,1.99418,0.00152
-6.3872,-1.8059,156.308,-0.17749,1.99418,0.00152
-6.3872,-1.8059,156.308,-0.17749,1.99418,0.00152
-6.3872,-1.8059,156.308,-0.17749,1.99418,0.00152
-6.3872,-1.8059,156.308,-0.17749,1.99418,0.00152
-6.3872,-1.8059,156.308,-0.17749,1.99418,0.00152
-6.3872,-1.8059,156.308,-0.17749,1.99418,0.00152
-6.3872,-1.8059,156.308,-0.17749,1.99418,0.00152
-6.3872,-1.8059,156.308,-0.17749,1.99418,0.00152
-6.3986,-1.7962,156.269,-0.17788,1.9962,0.00245
-6.3218,-1.9306,156.363,-0.17931,1.98631,0.0014
-6.3175,-1.9585,156.526,-0.17917,1.98862,0.0009
-6.4428,-1.7038,156.162,-0.17155,2.00209,0.00275
-6.4477,-1.7573,156.099,-0.17636,2.00212,0.00451
-6.3773,-1.7857,156.322,-0.17385,1.99342,0.00244
-6.3477,-1.8533,156.39,-0.17431,1.98996,0.00135
-6.3188,-1.8676,156.398,-0.17162,1.99106,-0.0001
-6.392,-1.7869,156.38,-0.17114,1.9912,0.00105
-6.3239,-1.8635,156.328,-0.17196,1.98899,0.00121
-6.3854,-1.8762,156.28,-0.17648,1.99005,0.00193
-6.3084,-1.9134,156.455,-0.17327,1.98879,-8e-05
-6.3136,-1.9594,156.357,-0.17751,1.98928,0.00148
-6.3431,-1.9011,156.413,-0.17652,1.98915,0.00197
-6.343,-1.8945,156.518,-0.17809,1.98688,0.00143
-6.3483,-1.8256,156.406,-0.1715,1.99354,0.00064
-6.3483,-1.9203,156.421,-0.17767,1.99011,0.00209
-6.3624,-1.8359,156.429,-0.16991,1.99387,0.00112
-6.3534,-1.9377,156.369,-0.17816,1.98893,0.00287
-6.3947,-1.8245,156.373,-0.17528,1.99463,0.00157
-6.3215,-1.9846,156.545,-0.17798,1.98631,0.00062
-6.3907,-1.7575,156.341,-0.17228,1.99722,0.00221
-6.2881,-1.9261,156.415,-0.17603,1.9904,0.00074
-6.3515,-1.7484,156.408,-0.16776,1.99131,0.00153
-6.3676,-1.7801,156.317,-0.17016,1.99393,0.00087
-6.3886,-1.8143,156.3,-0.17201,1.99497,0.00158
-6.4564,-1.7665,156.312,-0.17369,2.00107,0.0017
-6.4564,-1.7665,156.312,-0.17369,2.00107,0.0017
-6.326,-2.0446,156.541,-0.18419,1.99347,0.00196
-6.3865,-1.9085,156.347,-0.17902,1.99614,0.00216
-6.3899,-1.8955,156.302,-0.17959,1.99393,0.0029
-6.3577,-1.8441,156.28,-0.17591,1.99751,0.0011
-6.41,-1.7824,156.163,-0.17671,2.00199,0.00427
-6.342,-1.7993,156.416,-0.16959,1.98981,0.00118
-6.4113,-1.8375,156.37,-0.17832,1.99685,0.00219
-6.375,-1.8244,156.259,-0.17411,1.99719,0.00163
-6.4488,-1.7346,156.228,-0.17344,2.00112,0.00166
-6.3547,-1.9505,156.228,-0.18314,1.99289,0.00355
-6.3556,-1.8154,156.297,-0.1711,1.99212,0.00197
-6.3589,-1.9605,156.419,-0.17993,1.99127,0.0027
-6.4067,-1.7833,156.319,-0.17328,1.99243,0.00248
-6.4272,-1.6096,156.154,-0.16278,1.99621,0.0024
-6.3812,-1.7343,156.278,-0.17076,1.99296,0.00261
-6.3812,-1.7343,156.278,-0.17076,1.99296,0.00261
-6.3397,-1.8318,156.39,-0.1756,1.98948,0.00118
-6.2658,-1.9929,156.521,-0.17957,1.98269,0.00045
-6.3851,-1.8101,156.347,-0.17548,1.99408,0.00211
-6.4352,-1.7048,156.228,-0.17604,2.00101,0.00274
-6.2788,-1.9243,156.569,-0.17042,1.98415,-0.00084
-6.3774,-1.8394,156.224,-0.17515,1.99231,0.00384
-6.3981,-1.7675,156.222,-0.17167,1.99594,0.00216
-6.446,-1.6394,156.2,-0.1678,2.00022,0.0016
-6.3747,-1.848,156.316,-0.18068,1.99291,0.00329
-6.4086,-1.8341,156.263,-0.17843,1.99898,0.00189
-6.3764,-1.8223,156.274,-0.17752,1.99462,0.00196
-6.384,-1.7186,156.398,-0.16754,1.9921,-0.00049
-6.4551,-1.7064,156.23,-0.17471,1.99938,0.00352
-6.3595,-1.897,156.316,-0.17848,1.99427,0.00234
-6.2906,-1.9172,156.38,-0.17344,1.99037,0.00143
-6.3297,-1.8475,156.407,-0.17285,1.98712,0.00035
-6.3511,-1.8738,156.259,-0.17564,1.99354,0.0028
-6.3438,-1.8762,156.422,-0.17371,1.99001,0.00102
-6.3263,-1.832,156.395,-0.17501,1.99254,0.0006
-6.4284,-1.7655,156.265,-0.17766,1.99932,0.00323
-6.3257,-1.8491,156.302,-0.17626,1.99054,0.00128
-6.4696,-1.6655,156.139,-0.16976,2.00241,0.00286
-6.4289,-1.733,156.159,-0.17262,1.99456,0.00321
-6.3651,-1.8633,156.255,-0.17814,1.99487,0.00251
-6.3165,-1.9147,156.306,-0.1801,1.99173,0.0024
-6.3766,-1.853,156.328,-0.1771,1.99602,0.00223
-6.3856,-1.8808,156.371,-0.18097,1.99016,0.00214
-6.4072,-1.7883,156.369,-0.17796,1.99709,0.00285
-6.4176,-1.7697,156.329,-0.1767,1.99872,0.00235
-6.3538,-1.9191,156.416,-0.17493,1.98726,0.00157
-6.3712,-1.7935,156.217,-0.17372,1.99538,0.00192
-6.3995,-1.7744,156.284,-0.16976,1.99188,0.00103
-6.3279,-1.8334,156.294,-0.16815,1.99333,0.00045
-6.2745,-1.8982,156.472,-0.17473,1.98963,0.00172
-6.3931,-1.7014,156.282,-0.17099,1.99471,0.00278
-6.34,-1.71,156.336,-0.165,1.99313,-0.00029
-6.4085,-1.7606,156.373,-0.16913,1.9956,0.00109
-6.3787,-1.9057,156.276,-0.17898,1.99158,0.00249
-6.3899,-1.8693,156.365,-0.17674,1.99114,0.00213
-6.374,-1.9342,156.4,-0.18152,1.99141,0.00205
-6.3399,-1.8057,156.254,-0.17409,1.99309,0.0026
-6.3657,-1.9114,156.312,-0.18037,1.99488,0.00248
-6.4175,-1.6903,156.23,-0.17102,1.99399,0.00233
-6.3883,-1.7493,156.258,-0.17642,1.99445,0.00168
-6.3617,-1.8268,156.319,-0.17824,1.98974,0.00182
-6.3875,-1.7453,156.248,-0.1739,1.99405,0.00152
-6.2828,-1.8976,156.433,-0.17644,1.988,0.00038
-6.3721,-1.8416,156.358,-0.17728,1.99231,0.00252
-6.312,-1.8504,156.467,-0.17334,1.98784,0.00026
-6.3052,-2.0539,156.551,-0.18156,1.98758,0.0012
-6.4001,-1.9432,156.417,-0.18274,1.99392,0.00255
-6.3603,-1.8715,156.373,-0.17417,1.98809,0.00104
-6.3872,-1.7211,156.311,-0.17034,1.99553,0.00031
-6.3621,-1.7337,156.209,-0.17146,1.99138,0.00094
-6.2942,-1.9315,156.431,-0.17205,1.98905,0.00089
-6.3318,-1.9658,156.398,-0.17855,1.98592,0.00238
-6.4048,-1.9388,156.321,-0.17853,1.99328,0.00326
-6.3641,-1.9738,156.453,-0.18306,1.9924,0.00196
-6.3524,-1.9573,156.494,-0.18238,1.99026,0.00092
-6.4229,-1.8057,156.29,-0.1775,1.99568,0.00305
-6.4092,-1.7664,156.3,-0.17697,1.9984,0.00376
-6.3758,-1.8146,156.273,-0.17646,1.99013,0.00294
-6.3874,-1.7846,156.322,-0.1764,1.99127,0.00252
-6.3457,-1.8278,156.346,-0.17437,1.99011,0.0005
-6.4005,-1.7366,156.329,-0.16952,1.99472,0.00121
-6.3639,-1.8617,156.305,-0.1777,1.98965,0.00202
-6.3911,-1.7642,156.254,-0.17431,1.99191,0.00227
-6.359,-1.8339,156.268,-0.17629,1.99385,0.00222
-6.3065,-1.881,156.484,-0.17577,1.9887,0
-6.3334,-1.9311,156.441,-0.17562,1.98847,0.00129
-6.4264,-1.7501,156.233,-0.17088,1.9936,0.00276
-6.3981,-1.8284,156.19,-0.17554,1.99741,0.00422
-6.3788,-1.8843,156.256,-0.17746,1.99164,0.00294
-6.3931,-1.866,156.287,-0.17681,1.99608,0.00244
-6.3603,-1.8476,156.36,-0.17352,1.99374,0.00026
-6.3574,-1.8469,156.431,-0.17278,1.9905,0.00046
-6.2985,-1.9218,156.415,-0.17525,1.98552,0.00027
-6.3403,-1.883,156.374,-0.1742,1.98985,0.00081
-6.2914,-1.9315,156.421,-0.17571,1.98515,0.00097
-6.4311,-1.7392,156.227,-0.17092,1.99329,0.00188
-6.3337,-1.9515,156.272,-0.18047,1.99271,0.00322
-6.4761,-1.7606,156.131,-0.17945,2.00526,0.00524
-6.3326,-1.9942,156.318,-0.18431,1.98831,0.0035
-6.2981,-2.0066,156.456,-0.17927,1.98074,0.0006
-6.3411,-1.8557,156.393,-0.17299,1.98828,0.00204
-6.3445,-1.9491,156.337,-0.18094,1.99228,0.00279
-6.3131,-1.8814,156.399,-0.17629,1.98655,0.0008
-6.3008,-1.9097,156.392,-0.17725,1.98754,0.00195
-6.3277,-1.8886,156.46,-0.17613,1.98928,0.00073
-6.3586,-1.8187,156.396,-0.1754,1.99449,0.00181
-6.3548,-1.7228,156.365,-0.16525,1.9919,0.00051
-6.3372,-1.8234,156.399,-0.16738,1.98991,7e-05
-6.4551,-1.6063,156.322,-0.16291,2.00171,0.00097
-6.35,-1.869,156.342,-0.17639,1.99149,0.00145
-6.3604,-1.8038,156.294,-0.17456,1.99183,0.0015
-6.4036,-1.8064,156.299,-0.17611,1.99571,0.00203
-6.3842,-1.8654,156.292,-0.1776,1.99436,0.00176
-6.3913,-1.7456,156.231,-0.17157,1.9931,0.00189
-6.4321,-1.7654,156.345,-0.17582,1.99942,0.00156
-6.3589,-1.9166,156.457,-0.1782,1.99205,0.00091
-6.2933,-1.9783,156.499,-0.18075,1.98655,0.00049
-6.3699,-1.7521,156.335,-0.17124,1.99544,0.00068
-6.3305,-1.8803,156.329,-0.17543,1.99003,0.00236
-6.3716,-1.7875,156.356,-0.17456,1.99327,0.00131
-6.4261,-1.7211,156.297,-0.17326,1.99787,0.00286
-6.3303,-1.9467,156.411,-0.17858,1.99179,0.00176
-6.3412,-1.8872,156.367,-0.17459,1.98875,0.00091
-6.3488,-1.8699,156.4,-0.17814,1.99025,0.00174
-6.3747,-1.8108,156.325,-0.17732,1.99326,0.00319
-6.3584,-1.803,156.349,-0.17219,1.99334,0.00226
-6.3623,-1.8759,156.387,-0.17585,1.98733,0.00201
-6.3988,-1.8785,156.42,-0.1784,1.99244,0.00209
-6.3656,-1.7844,156.306,-0.16778,1.99196,0.00142
-6.4199,-1.6917,156.318,-0.16967,1.99804,0.00179
-6.3889,-1.8577,156.492,-0.17895,1.9922,0.00149
-6.3156,-1.9279,156.538,-0.17675,1.99015,0.00011
-6.2899,-2.0037,156.418,-0.17674,1.98625,0.00147
-6.3794,-1.8101,156.406,-0.17356,1.99629,0.00121
-6.305,-1.9582,156.55,-0.17676,1.99002,0.00095
-6.332,-1.8619,156.407,-0.17146,1.98818,0.00115
-6.4101,-1.7648,156.339,-0.17112,1.99329,0.00172
-6.3531,-1.8865,156.188,-0.17995,1.99475,0.00273
-6.3375,-1.8727,156.367,-0.17443,1.99103,0.00223
-6.4133,-1.7871,156.238,-0.17608,1.99776,0.00278
-6.4169,-1.7977,156.318,-0.17671,1.99467,0.00291
-6.4111,-1.8669,156.383,-0.17659,1.99667,0.002
-6.3458,-1.9988,156.265,-0.18415,1.99237,0.00429
-6.3642,-1.8485,156.221,-0.17885,1.99406,0.00345
-6.349,-1.8913,156.365,-0.17861,1.99274,0.00239
-6.3261,-1.9061,156.341,-0.17622,1.98941,0.00078
-6.3982,-1.782,156.16,-0.17421,1.99871,0.00252
-6.3572,-1.8125,156.263,-0.17368,1.99524,0.00185
-6.3055,-1.9194,156.332,-0.17711,1.98911,0.0015
-6.2653,-2.0145,156.486,-0.18022,1.98329,-0.00035
-6.3914,-1.7626,156.212,-0.16953,1.99576,0.00133
-6.3606,-1.9491,156.455,-0.17943,1.99123,0.00194
-6.3383,-1.9638,156.456,-0.18151,1.98934,0.0018
-6.332,-1.85,156.351,-0.17113,1.99187,0.00081
-6.332,-1.85,156.351,-0.17113,1.99187,0.00081
-6.343,-1.8719,156.4,-0.17138,1.98959,0.00033
-6.362,-1.9069,156.284,-0.17685,1.99592,0.00256
-6.3305,-1.8996,156.326,-0.17699,1.99135,0.00273
-6.3642,-1.7842,156.444,-0.17394,1.9923,0.00221
-6.4081,-1.6476,156.231,-0.16354,1.9976,0.00173
-6.3295,-1.8896,156.349,-0.1787,1.99424,0.00261
-6.3282,-1.8727,156.35,-0.17735,1.99238,0.00117
-6.4003,-1.7936,156.209,-0.17395,1.99702,0.00235
-6.391,-1.7612,156.339,-0.17041,1.99751,0.00024
-6.426,-1.7416,156.141,-0.17091,1.99892,0.00337
-6.4063,-1.7481,156.281,-0.16954,1.99492,0.00198
-6.3881,-1.7162,156.21,-0.16731,1.9966,0.00069
-6.3426,-1.8173,156.322,-0.17134,1.99284,0.00126
-6.3443,-1.7541,156.311,-0.16843,1.99146,0.00057
-6.4059,-1.7316,156.206,-0.16945,1.99586,0.00138
-6.3923,-1.7193,156.339,-0.16873,1.99368,0.0008
-6.2784,-1.9238,156.457,-0.17438,1.98474,0.00016
-6.3367,-1.9096,156.34,-0.17516,1.99191,0.00122
-6.387,-1.8353,156.11,-0.17989,1.99752,0.00447
-6.3394,-1.8669,156.309,-0.17579,1.98894,0.00231
-6.3822,-1.8086,156.288,-0.17877,1.99227,0.0028
-6.4297,-1.7237,156.328,-0.17369,1.99641,0.00275
-6.4082,-1.7086,156.255,-0.16941,1.99561,0.00207
-6.3946,-1.893,156.234,-0.18104,1.99528,0.00386
-6.4183,-1.7731,156.354,-0.17223,1.99448,0.00178
-6.4242,-1.7445,156.283,-0.17438,1.99676,0.00344
-6.4351,-1.6628,156.168,-0.16854,2.00047,0.00183
-6.3443,-1.7941,156.218,-0.17469,1.99119,0.00184
-6.3584,-1.7565,156.173,-0.17344,1.99706,0.00126
-6.335,-1.7645,156.249,-0.1677,1.98973,0.00023
-6.371,-1.9331,156.279,-0.18079,1.9929,0.00225
-6.4002,-1.7068,156.266,-0.16594,1.99895,0.00115
-6.4101,-1.7972,156.209,-0.17418,1.99304,0.00242
-6.3395,-1.8755,156.308,-0.17472,1.99096,0.0022
-6.3643,-1.907,156.301,-0.17842,1.99233,0.00307
-6.4166,-1.8344,156.191,-0.18045,1.99643,0.00355
-6.4742,-1.7227,156.123,-0.17429,2.00338,0.00375
-6.3743,-1.8949,156.254,-0.17743,1.99255,0.00266
-6.4495,-1.8098,156.179,-0.17595,1.99661,0.00358
-6.3596,-1.7842,156.267,-0.16845,1.99166,0.00047
-6.3772,-1.8779,156.244,-0.17581,1.99271,0.00275
-6.4006,-1.7873,156.222,-0.17474,1.99832,0.00271
-6.3984,-1.6724,156.178,-0.17017,1.99445,0.00265
-6.3686,-1.849,156.32,-0.17683,1.9933,0.0019
-6.4074,-1.7705,156.214,-0.1719,1.99796,0.0024
-6.3811,-1.8236,156.282,-0.17422,1.99114,0.00155
-6.4319,-1.7459,156.099,-0.17197,2.00032,0.00434
-6.3684,-1.8786,156.16,-0.17718,1.99184,0.00358
-6.3523,-1.871,156.227,-0.17538,1.99245,0.00248
-6.4383,-1.7787,156.264,-0.17407,1.99942,0.00239
-6.3486,-1.9501,156.244,-0.18189,1.99669,0.00304
-6.3456,-1.8585,156.244,-0.17522,1.99239,0.00157
-6.3755,-1.8288,156.226,-0.17558,1.99398,0.00236
-6.3208,-1.9688,156.32,-0.18056,1.98672,0.00184
-6.3359,-2.0116,156.28,-0.18403,1.99045,0.00287
-6.3564,-1.7774,156.247,-0.17011,1.99084,0.0027
-6.339,-1.8922,156.269,-0.17706,1.98789,0.00288
-6.387,-1.8301,156.319,-0.17596,1.99275,0.00176
-6.4676,-1.6577,156.202,-0.17038,1.99795,0.00279
-6.3865,-1.7454,156.283,-0.16794,1.9907,0.00089
-6.2456,-1.9624,156.354,-0.17136,1.98489,0.00056
-6.3955,-1.7364,156.309,-0.16978,1.99614,0.0015
-6.4156,-1.6986,156.209,-0.16585,1.99623,0.00144
-6.3663,-1.8909,156.365,-0.17723,1.98874,0.00135
-6.3446,-1.8606,156.367,-0.17535,1.987,0.00123
-6.3761,-1.8164,156.263,-0.17416,1.99257,0.00208
-6.3849,-1.8795,156.358,-0.17919,1.99052,0.00218
-6.4275,-1.7259,156.195,-0.17195,1.9961,0.00186
-6.3964,-1.8009,156.304,-0.17409,1.9964,0.00211
-6.4084,-1.7891,156.291,-0.17408,1.99379,0.00186
-6.3484,-1.8231,156.312,-0.17421,1.99514,0.00165
-6.3749,-1.7527,156.231,-0.17103,1.99746,0.00186
-6.3511,-1.8446,156.276,-0.17388,1.99692,0.00261
-6.2672,-1.9807,156.417,-0.17842,1.99159,0.00155
-6.3147,-1.9652,156.429,-0.17858,1.99238,0.00281
-6.4184,-1.869,156.157,-0.17954,1.99989,0.00474
-6.4092,-1.8862,156.21,-0.18058,1.99799,0.00486
-6.3682,-1.8166,156.269,-0.17369,1.99373,0.00306
-6.327,-1.9327,156.43,-0.1757,1.98452,0.00148
-6.316,-1.9373,156.484,-0.17754,1.98529,0.00173
-6.4237,-1.6793,156.17,-0.16809,1.99708,0.00235
-6.3542,-1.8509,156.223,-0.17485,1.99522,0.00192
-6.392,-1.7553,156.217,-0.17307,1.99872,0.00258
-6.3635,-1.8051,156.243,-0.1748,1.99549,0.00288
-6.3801,-1.8322,156.317,-0.17592,1.99526,0.00214
-6.4291,-1.7071,156.231,-0.17348,1.99702,0.0023
-6.4108,-1.833,156.395,-0.17832,1.99497,0.00154
-6.3788,-1.9279,156.258,-0.18344,1.99715,0.00288
-6.3849,-1.8584,156.399,-0.17605,1.99395,0.00199
-6.3779,-1.7843,156.211,-0.16946,1.99518,0.00124
-6.4159,-1.6385,156.128,-0.16532,2.00237,0.0023
-6.4039,-1.7186,156.153,-0.17037,1.99288,0.00196
-6.3884,-1.7864,156.238,-0.17242,1.99526,0.00171
-6.3689,-1.8209,156.331,-0.17774,1.99046,0.00207
-6.35,-2.0081,156.335,-0.18449,1.9912,0.0032
-6.3372,-1.892,156.258,-0.1769,1.99215,0.00276
-6.4107,-1.8432,156.219,-0.17526,1.98998,0.00331
-6.3929,-1.8326,156.19,-0.17749,1.99386,0.00235
-6.3324,-1.8622,156.256,-0.17179,1.99274,0.0001
-6.2734,-1.9624,156.433,-0.17729,1.98618,0.00148
-6.3006,-1.981,156.357,-0.17963,1.98836,0.00087
-6.3085,-1.8781,156.432,-0.17286,1.98903,-0.00064
-6.3633,-1.8647,156.331,-0.1748,1.99318,0.00034
-6.3516,-1.8646,156.274,-0.17428,1.99285,0.00271
-6.4027,-1.8713,156.249,-0.1798,1.99445,0.00376
-6.4195,-1.8707,156.312,-0.18107,1.99419,0.00305
-6.4082,-1.9069,156.261,-0.18479,1.99886,0.00422
-6.3918,-1.7698,156.209,-0.17027,1.99627,0.00259
-6.3799,-1.8206,156.371,-0.17052,1.99306,0.0006
-6.4018,-1.7794,156.417,-0.17347,1.99131,0.00223
-6.3638,-1.8909,156.428,-0.17818,1.9892,0.00304
-6.3638,-1.8909,156.428,-0.17818,1.9892,0.00304
-6.3638,-1.8909,156.428,-0.17818,1.9892,0.00304
-6.3638,-1.8909,156.428,-0.17818,1.9892,0.00304
-6.3638,-1.8909,156.428,-0.17818,1.9892,0.00304
-6.3638,-1.8909,156.428,-0.17818,1.9892,0.00304
-6.3638,-1.8909,156.428,-0.17818,1.9892,0.00304
-6.3638,-1.8909,156.428,-0.17818,1.9892,0.00304
-6.3638,-1.8909,156.428,-0.17818,1.9892,0.00304
-6.3638,-1.8909,156.428,-0.17818,1.9892,0.00304
-6.3638,-1.8909,156.428,-0.17818,1.9892,0.00304
-6.3638,-1.8909,156.428,-0.17818,1.9892,0.00304
-6.3638,-1.8909,156.428,-0.17818,1.9892,0.00304
-6.3638,-1.8909,156.428,-0.17818,1.9892,0.00304
-6.3638,-1.8909,156.428,-0.17818,1.9892,0.00304
-6.3638,-1.8909,156.428,-0.17818,1.9892,0.00304
-6.3638,-1.8909,156.428,-0.17818,1.9892,0.00304
-6.3638,-1.8909,156.428,-0.17818,1.9892,0.00304
-6.3638,-1.8909,156.428,-0.17818,1.9892,0.00304
-6.3638,-1.8909,156.428,-0.17818,1.9892,0.00304
-6.3638,-1.8909,156.428,-0.17818,1.9892,0.00304
-6.3638,-1.8909,156.428,-0.17818,1.9892,0.00304
-6.3638,-1.8909,156.428,-0.17818,1.9892,0.00304
-6.3638,-1.8909,156.428,-0.17818,1.9892,0.00304
-6.3638,-1.8909,156.428,-0.17818,1.9892,0.00304
-6.3638,-1.8909,156.428,-0.17818,1.9892,0.00304
-6.3638,-1.8909,156.428,-0.17818,1.9892,0.00304
-6.3638,-1.8909,156.428,-0.17818,1.9892,0.00304
-6.3638,-1.8909,156.428,-0.17818,1.9892,0.00304
-6.3638,-1.8909,156.428,-0.17818,1.9892,0.00304
-6.3638,-1.8909,156.428,-0.17818,1.9892,0.00304
-6.3638,-1.8909,156.428,-0.17818,1.9892,0.00304
-6.3638,-1.8909,156.428,-0.17818,1.9892,0.00304
-6.3638,-1.8909,156.428,-0.17818,1.9892,0.00304
-6.3638,-1.8909,156.428,-0.17818,1.9892,0.00304
-6.3638,-1.8909,156.428,-0.17818,1.9892,0.00304
-6.3638,-1.8909,156.428,-0.17818,1.9892,0.00304
-6.3638,-1.8909,156.428,-0.17818,1.9892,0.00304
-6.3638,-1.8909,156.428,-0.17818,1.9892,0.00304
-6.3638,-1.8909,156.428,-0.17818,1.9892,0.00304
-6.3638,-1.8909,156.428,-0.17818,1.9892,0.00304
-6.3638,-1.8909,156.428,-0.17818,1.9892,0.00304
-6.3638,-1.8909,156.428,-0.17818,1.9892,0.00304
-6.3638,-1.8909,156.428,-0.17818,1.9892,0.00304
-6.3638,-1.8909,156.428,-0.17818,1.9892,0.00304
-6.3638,-1.8909,156.428,-0.17818,1.9892,0.00304
-6.3638,-1.8909,156.428,-0.17818,1.9892,0.00304
-6.3638,-1.8909,156.428,-0.17818,1.9892,0.00304
-6.3638,-1.8909,156.428,-0.17818,1.9892,0.00304
-6.3638,-1.8909,156.428,-0.17818,1.9892,0.00304
-6.3638,-1.8909,156.428,-0.17818,1.9892,0.00304
-6.3638,-1.8909,156.428,-0.17818,1.9892,0.00304
-6.3638,-1.8909,156.428,-0.17818,1.9892,0.00304
-6.3638,-1.8909,156.428,-0.17818,1.9892,0.00304
-6.3638,-1.8909,156.428,-0.17818,1.9892,0.00304
-6.3638,-1.8909,156.428,-0.17818,1.9892,0.00304
-6.3638,-1.8909,156.428,-0.17818,1.9892,0.00304
-6.3638,-1.8909,156.428,-0.17818,1.9892,0.00304
-6.3638,-1.8909,156.428,-0.17818,1.9892,0.00304
-6.3638,-1.8909,156.428,-0.17818,1.9892,0.00304
-6.3638,-1.8909,156.428,-0.17818,1.9892,0.00304
-6.3638,-1.8909,156.428,-0.17818,1.9892,0.00304
-6.3638,-1.8909,156.428,-0.17818,1.9892,0.00304
-6.3638,-1.8909,156.428,-0.17818,1.9892,0.00304
-6.3638,-1.8909,156.428,-0.17818,1.9892,0.00304
-6.3638,-1.8909,156.428,-0.17818,1.9892,0.00304
-6.3638,-1.8909,156.428,-0.17818,1.9892,0.00304
-6.3638,-1.8909,156.428,-0.17818,1.9892,0.00304
-6.3638,-1.8909,156.428,-0.17818,1.9892,0.00304
-6.3638,-1.8909,156.428,-0.17818,1.9892,0.00304
-6.3638,-1.8909,156.428,-0.17818,1.9892,0.00304
-6.3638,-1.8909,156.428,-0.17818,1.9892,0.00304
-6.3638,-1.8909,156.428,-0.17818,1.9892,0.00304
-6.3638,-1.8909,156.428,-0.17818,1.9892,0.00304
-6.3638,-1.8909,156.428,-0.17818,1.9892,0.00304
-6.3638,-1.8909,156.428,-0.17818,1.9892,0.00304
-6.3638,-1.8909,156.428,-0.17818,1.9892,0.00304
-6.3638,-1.8909,156.428,-0.17818,1.9892,0.00304
-6.3638,-1.8909,156.428,-0.17818,1.9892,0.00304
