0.00879844,-0.0130308,-2.31686e-05,0,0,0.00879517,0.000719485
0.00879844,-0.0131066,-2.31389e-05,-2.31686e-07,0,0.00878768,0.001017
0.00879844,-0.0133312,-2.32537e-05,-6.94612e-07,0,0.00877903,0.000921546
0.00879844,-0.0131726,-2.29481e-05,-1.15911e-06,0,0.00877,0.000981118
0.00879844,-0.0137607,-2.34238e-05,-1.6196e-06,0,0.00876075,0.000736355
0.00879844,-0.0138454,-2.33504e-05,-2.0857e-06,0,0.00875127,0.000703725
0.00879844,-0.0132667,-2.25607e-05,-2.55307e-06,0,0.00874153,0.000927879
0.00879844,-0.0124197,-2.14777e-05,-3.00824e-06,0,0.00873148,0.0012486
0.00879844,-0.0113111,-2.01105e-05,-3.4432e-06,0,0.00872106,0.00166921
0.00879844,-0.010014,-1.8539e-05,-3.85225e-06,0,0.00871022,0.00216056
0.00879844,-0.00830821,-1.65313e-05,-4.23089e-06,0,0.0086989,0.00281162
0.00879844,-0.00755508,-1.55357e-05,-4.57155e-06,0,0.00868703,0.00307544
0.00879844,-0.0052341,-1.28728e-05,-4.88724e-06,0,0.00867454,0.00397919
0.00879844,-0.00354872,-1.08904e-05,-5.15801e-06,0,0.00866137,0.0046044
0.00879844,-0.00144706,-8.46994e-06,-5.38573e-06,0,0.00864745,0.00540476
0.00879844,0.00213788,-4.48189e-06,-5.56724e-06,0,0.00863269,0.0067901
0.00879844,0.00453314,-1.77256e-06,-5.67681e-06,0,0.00861702,0.00767673
0.00879844,0.00687878,8.72175e-07,-5.72581e-06,0,0.00860035,0.00856072
0.00879844,0.00988253,4.20262e-06,-5.72159e-06,0,0.00858259,0.00970708
0.00879844,0.011856,6.4218e-06,-5.65419e-06,0,0.00856363,0.0104307
0.00879844,0.0140205,8.82981e-06,-5.53685e-06,0,0.00854337,0.011245
0.00879844,0.0169416,1.20252e-05,-5.37229e-06,0,0.00852169,0.012357
0.00879844,0.0190886,1.43784e-05,-5.14777e-06,0,0.00849849,0.0131466
0.00879844,0.0204374,1.5866e-05,-4.87196e-06,0,0.00847363,0.0136275
0.00879844,0.0222352,1.78153e-05,-4.56208e-06,0,0.00844696,0.014298
0.00879844,0.0228822,1.85253e-05,-4.21552e-06,0,0.00841835,0.0144999
0.00879844,0.02248,1.81087e-05,-3.84857e-06,0,0.00838763,0.0142981
0.00879844,0.0232877,1.89693e-05,-3.48431e-06,0,0.00835464,0.0145928
0.00879844,0.0227657,1.84055e-05,-3.10923e-06,0,0.00831918,0.0143353
0.00879844,0.0221746,1.7762e-05,-2.7383e-06,0,0.00828106,0.0140674
0.00879844,0.0214847,1.70084e-05,-2.37984e-06,0,0.00824007,0.0137577
0.00879844,0.0200964,1.55094e-05,-2.0359e-06,0,0.00819599,0.0131671
0.00879844,0.0192154,1.45491e-05,-1.71822e-06,0,0.00814856,0.0127858
0.00879844,0.0181614,1.3404e-05,-1.42244e-06,0,0.00809752,0.0123236
0.00879844,0.0168503,1.19863e-05,-1.14863e-06,0,0.00804259,0.0117568
0.00879844,0.0160853,1.1151e-05,-9.01815e-07,0,0.00798347,0.0114075
0.00879844,0.0156684,1.0686e-05,-6.74619e-07,0,0.00791982,0.0111839
0.00879844,0.014477,9.3985e-06,-4.58574e-07,0,0.00785129,0.0106407
0.00879844,0.0137706,8.62989e-06,-2.64167e-07,0,0.00777751,0.0102979
0.00879844,0.0125009,7.26555e-06,-8.77258e-08,0,0.00769805,0.00971753
0.00879844,0.0110271,5.69018e-06,6.44069e-08,0,0.00761249,0.00905923
0.00879844,0.0100684,4.669e-06,1.86087e-07,0,0.00752033,0.00860471
0.00879844,0.00931148,3.86787e-06,2.84573e-07,0,0.00742108,0.00821814
0.00879844,0.00899612,3.54079e-06,3.65936e-07,0,0.00731418,0.00800038
0.00879844,0.00876461,3.30625e-06,4.38388e-07,0,0.00719904,0.00780538
0.00879844,0.00839734,2.93078e-06,5.05685e-07,0,0.00707502,0.0075515
0.00879844,0.00839841,2.95028e-06,5.66178e-07,0,0.00694145,0.00744402
0.00879844,0.00803481,2.58483e-06,6.25086e-07,0,0.00679769,0.00718324
0.00879844,0.00800896,2.58183e-06,6.7861e-07,0,0.00664329,0.00706153
0.00879844,0.007562,2.134e-06,7.30262e-07,0,0.00647872,0.00676578
0.00862687,0.00687566,1.43621e-06,7.75181e-07,0,0.00630816,0.00638078
0.0084509,0.00664078,1.22317e-06,8.07394e-07,0,0.00613629,0.00617997
0.00827493,0.00622966,8.26482e-07,8.32923e-07,0,0.00596443,0.00590226
0.00809896,0.00633409,9.8141e-07,8.51436e-07,0,0.00579295,0.00583353
0.00792299,0.0061095,7.88824e-07,8.70289e-07,0,0.00562195,0.005626
0.00774702,0.00626613,1.00414e-06,8.87029e-07,0,0.00545149,0.00557623
0.00757105,0.00596805,7.3793e-07,9.06035e-07,0,0.00528161,0.00533959
0.00739509,0.00588136,6.9932e-07,9.22125e-07,0,0.00511234,0.00519489
0.00721912,0.00596288,8.41443e-07,9.36304e-07,0,0.00494371,0.00511471
0.00704315,0.00579901,7.24219e-07,9.52422e-07,0,0.00477577,0.00493462
0.00686718,0.00525337,2.03808e-07,9.67493e-07,0,0.00460856,0.00460654
0.00669121,0.00501032,8.56966e-09,9.74171e-07,0,0.00444213,0.00440586
0.00651524,0.0053178,4.00404e-07,9.75319e-07,0,0.00427653,0.00442116
0.00633927,0.00494596,7.08287e-08,9.81368e-07,0,0.00411182,0.00415764
0.0061633,0.0033733,-1.53086e-06,9.84432e-07,0,0.00394806,0.00342598
0.00598734,0.00210538,-2.80037e-06,9.61823e-07,0,0.00378532,0.00283538
0.00581137,0.00126595,-3.60709e-06,9.12164e-07,0,0.00362367,0.00241228
0.0056354,0.00108166,-3.71202e-06,8.44055e-07,0,0.0034632,0.00224534
0.00545943,0.000702978,-4.02004e-06,7.7034e-07,0,0.00330398,0.00199201
0.00528346,-0.000795154,-5.51249e-06,6.91479e-07,0,0.0031461,0.00129605
0.00510749,-0.00169423,-6.35945e-06,5.88692e-07,0,0.00298968,0.000857912
0.00493152,-0.00288567,-7.50967e-06,4.65737e-07,0,0.00283482,0.000295479
0.00475555,-0.00255953,-7.03992e-06,3.21295e-07,0,0.00268164,0.000345225
0.00457959,-0.00150974,-5.80011e-06,1.78148e-07,0,0.00253025,0.000662586
0.00440362,-0.000368552,-4.46553e-06,5.59464e-08,0,0.00238081,0.00100746
0.00422765,-0.000145795,-4.10963e-06,-4.00372e-08,0,0.00223345,0.000986508
0.00405168,-1.57099e-05,-3.85215e-06,-1.24009e-07,0,0.00208834,0.000945129
0.00387571,3.28861e-05,-3.68112e-06,-2.0234e-07,0,0.00194565,0.000875357
0.00369974,-0.000247953,-3.85971e-06,-2.76817e-07,0,0.00180556,0.000678261
0.00352377,-5.93042e-05,-3.53833e-06,-3.53118e-07,0,0.00166827,0.000676887
0.00334781,4.50941e-05,-3.30725e-06,-4.25492e-07,0,0.001534,0.000638165
0.00317184,2.41002e-05,-3.21005e-06,-4.92792e-07,0,0.00140297,0.000554421
0.00299587,0.000124144,-2.98475e-06,-5.5748e-07,0,0.00127544,0.000524957
0.0028199,0.000291882,-2.68876e-06,-6.18301e-07,0,0.00115167,0.000524971
0.00264393,0.000100343,-2.77596e-06,-6.73556e-07,0,0.00103196,0.000385061
0.00246796,-0.000451054,-3.2455e-06,-7.28639e-07,0,0.000916618,0.000111779
0.00229199,-0.0012093,-3.93324e-06,-7.91202e-07,0,0.000805979,-0.000233561
0.00211602,-0.00185517,-4.4991e-06,-8.66428e-07,0,0.000700407,-0.000525664
0.00194006,-0.00246721,-5.02678e-06,-9.5358e-07,0,0.000600293,-0.00080067
0.00176409,-0.00281291,-5.26941e-06,-1.05148e-06,0,0.000506058,-0.000964488
0.00158812,-0.0032058,-5.56098e-06,-1.15565e-06,0,0.000418159,-0.00114589
0.00141215,-0.00367842,-5.9358e-06,-1.26541e-06,0,0.000337082,-0.0013532
0.00123618,-0.00398588,-6.13342e-06,-1.38226e-06,0,0.000263357,-0.00148834
0.00106021,-0.00412717,-6.15348e-06,-1.50394e-06,0,0.000197551,-0.001555
0.000884243,-0.00463346,-6.56072e-06,-1.62691e-06,0,0.000140276,-0.00176573
0.000708274,-0.00535015,-7.18928e-06,-1.75608e-06,0,9.21839e-05,-0.00205117
0.000532305,-0.00635868,-8.12446e-06,-1.89673e-06,0,5.39635e-05,-0.00244686
0.000356337,-0.00754167,-9.23994e-06,-2.05454e-06,0,2.62891e-05,-0.00290532
0.000180368,-0.00819704,-9.78905e-06,-2.23376e-06,0,9.63576e-06,-0.00314871
4.39922e-06,-0.00860631,-1.00727e-05,-2.4268e-06,0,3.55405e-06,-0.0033008
0,-0.008867,-1.01955e-05,-2.62683e-06,0,3.88829e-06,-0.0033968
0,-0.00904758,-1.02307e-05,-2.83013e-06,0,6.00184e-06,-0.00346288
0,-0.00940679,-1.04534e-05,-3.03457e-06,0,8.60345e-06,-0.00360142
0,-0.0101316,-1.10613e-05,-3.24252e-06,0,1.1367e-05,-0.00388309
0,-0.0106351,-1.14295e-05,-3.46071e-06,0,1.42197e-05,-0.00407069
0,-0.0115222,-1.22011e-05,-3.68746e-06,0,1.71549e-05,-0.00441475
0,-0.0131678,-1.3772e-05,-3.92762e-06,0,2.01833e-05,-0.00505563
0,-0.0162497,-1.6858e-05,-4.1952e-06,0,2.33205e-05,-0.00625825
0,-0.0168603,-1.73025e-05,-4.51693e-06,0,2.65836e-05,-0.00645194
0,-0.0159606,-1.61366e-05,-4.86076e-06,0,2.99907e-05,-0.00608028
0,-0.0157684,-1.5722e-05,-5.18932e-06,0,3.35608e-05,-0.00601404
0,-0.0137755,-1.33931e-05,-5.50583e-06,0,3.73139e-05,-0.00521772
0,-0.0108465,-1.00771e-05,-5.78534e-06,0,4.1271e-05,-0.00407496
0,-0.0088841,-7.79993e-06,-6.00346e-06,0,4.54542e-05,-0.00333221
0,-0.00559861,-4.12771e-06,-6.17085e-06,0,4.98868e-05,-0.00204603
0,-0.00321234,-1.42749e-06,-6.27176e-06,0,5.45936e-05,-0.0011388
0,-0.000958937,1.11682e-06,-6.31381e-06,0,5.96009e-05,-0.000270449
0,-0.00053952,1.69849e-06,-6.3042e-06,0,6.49365e-05,-0.000131906
0,-0.00123805,1.08545e-06,-6.27314e-06,0,7.063e-05,-0.000411176
0,-0.00287268,-5.23895e-07,-6.24836e-06,0,7.67124e-05,-0.00104658
0,-0.00496136,-2.61273e-06,-6.2508e-06,0,8.32171e-05,-0.00184841
0,-0.00653002,-4.14366e-06,-6.29261e-06,0,9.01802e-05,-0.00243507
0,-0.00925021,-6.89268e-06,-6.36782e-06,0,9.76408e-05,-0.0034889
0,-0.0127249,-1.04318e-05,-6.49193e-06,0,0.00010564,-0.00482573
0,-0.0166969,-1.44828e-05,-6.68287e-06,0,0.000114224,-0.00634894
0,-0.021547,-1.94456e-05,-6.95227e-06,0,0.00012344,-0.00821451
0,-0.026566,-2.45611e-05,-7.31637e-06,0,0.000133339,-0.0101335
0,-0.0297038,-2.76493e-05,-7.78202e-06,0,0.000143977,-0.0112982
0,-0.0325779,-3.04344e-05,-8.31956e-06,0,0.000155414,-0.0123859
0,-0.0336946,-3.13303e-05,-8.91433e-06,0,0.000167712,-0.0127755
0,-0.035092,-3.25084e-05,-9.53645e-06,0,0.000180941,-0.0133038
0,-0.035074,-3.21666e-05,-1.01807e-05,0,0.000195175,-0.0132624
0,-0.0366347,-3.34901e-05,-1.08258e-05,0,0.000210491,-0.013873
0,-0.0391636,-3.58239e-05,-1.1489e-05,0,0.000226973,-0.0148461
0,-0.0405177,-3.68876e-05,-1.21938e-05,0,0.000244701,-0.0153356
0,-0.0413458,-3.73752e-05,-1.29262e-05,0,0.000263732,-0.0156335
0,-0.0415549,-3.719e-05,-1.36713e-05,0,0.000284013,-0.015693
1.60259e-05,-0.0381644,-3.3171e-05,-1.4416e-05,0,0.000305046,-0.0143255
4.97647e-05,-0.0367454,-3.12508e-05,-1.50995e-05,0,0.000325913,-0.0138013
8.35034e-05,-0.0369251,-3.10267e-05,-1.57341e-05,0,0.000345964,-0.0138863
0.000117242,-0.037534,-3.12505e-05,-1.63558e-05,0,0.00036497,-0.0141192
0.000150981,-0.0330334,-2.604e-05,-1.69797e-05,0,0.000382811,-0.0123065
0.00018472,-0.0259161,-1.80669e-05,-1.75265e-05,0,0.000399388,-0.00952841
0.000218458,-0.0189038,-1.02365e-05,-1.79277e-05,0,0.000414603,-0.00683343
0.000252197,-0.0186424,-9.60844e-06,-1.81716e-05,0,0.000428353,-0.00683343
0,-0.0349421,-2.62333e-05,-1.83763e-05,0,2.73874e-05,-0.0136479
0,-0.038178,-2.92393e-05,-1.91489e-05,0,2.59366e-05,-0.014696
0,-0.0405992,-3.13701e-05,-1.94702e-05,0,2.41912e-05,-0.015614
0,-0.0432077,-3.36875e-05,-1.99614e-05,0,2.24682e-05,-0.0166193
0,-0.0421934,-3.21403e-05,-2.06236e-05,0,2.08431e-05,-0.0161751
0,-0.0396583,-2.89768e-05,-2.12741e-05,0,1.93292e-05,-0.0151792
0,-0.0365955,-2.52598e-05,-2.18695e-05,0,1.79235e-05,-0.0139957
0,-0.0365748,-2.47839e-05,-2.23933e-05,0,1.66197e-05,-0.014035
0,-0.0300888,-1.74425e-05,-2.28913e-05,0,1.54106e-05,-0.0114462
0,-0.0231708,-9.6728e-06,-2.32769e-05,0,1.42895e-05,-0.00878386
0,-0.0194821,-5.36815e-06,-2.35092e-05,0,1.325e-05,-0.00741753
0,-0.014895,-1.34355e-07,-2.36381e-05,0,1.22862e-05,-0.00564297
0,-0.0103242,5.05107e-06,-2.36669e-05,0,1.13924e-05,-0.0038886
0,-0.00572275,1.02353e-05,-2.35918e-05,0,1.05638e-05,-0.00212177
0,-0.00304132,1.33451e-05,-2.3413e-05,0,9.79539e-06,-0.00112199
0,-0.000291613,1.64984e-05,-2.31617e-05,0,9.08293e-06,-6.55016e-05
0,0.000222003,1.72472e-05,-2.28475e-05,0,8.42231e-06,9.71351e-05
0,0.000358098,1.75746e-05,-2.25063e-05,0,7.80976e-06,0.000143314
0,-0.00135688,1.59181e-05,-2.21564e-05,0,7.24178e-06,-0.000543796
0,-0.0036275,1.36624e-05,-2.18298e-05,0,6.71512e-06,-0.00142439
0,-0.00670466,1.05454e-05,-2.15453e-05,0,6.22678e-06,-0.00261849
0,-0.00857721,8.70788e-06,-2.13188e-05,0,5.77397e-06,-0.00331923
0,-0.00889114,8.52195e-06,-2.11354e-05,0,5.3541e-06,-0.00341609
0,-0.010621,6.82333e-06,-2.09641e-05,0,4.96478e-06,-0.00410215
0,-0.0120972,5.39188e-06,-2.08191e-05,0,4.60378e-06,-0.00466524
0,-0.0129142,4.65811e-06,-2.07041e-05,0,4.26904e-06,-0.00496903
0,-0.0151059,2.46064e-06,-2.06073e-05,0,3.95865e-06,-0.00583176
0,-0.0167096,8.9052e-07,-2.05471e-05,0,3.67083e-06,-0.00643864
0,-0.0178625,-1.99424e-07,-2.05214e-05,0,3.40396e-06,-0.00687452
0,-0.0172793,5.54251e-07,-2.052e-05,0,3.15649e-06,-0.00662411
0,-0.0180112,-9.56554e-08,-2.05126e-05,0,2.92702e-06,-0.00692538
0,-0.0177909,2.64171e-07,-2.05113e-05,0,2.71424e-06,-0.00682631
0,-0.0196819,-1.6229e-06,-2.05078e-05,0,2.51694e-06,-0.00758482
0,-0.0206757,-2.55257e-06,-2.05308e-05,0,2.33398e-06,-0.00795275
0,-0.0238778,-5.82514e-06,-2.05772e-05,0,2.16433e-06,-0.00921614
0,-0.0280479,-1.01125e-05,-2.06774e-05,0,2.00701e-06,-0.0108322
0,-0.0305066,-1.25636e-05,-2.08582e-05,0,1.86114e-06,-0.0117501
0,-0.032763,-1.47865e-05,-2.10972e-05,0,1.72587e-06,-0.0126134
0,-0.0304157,-1.21081e-05,-2.13818e-05,0,1.60044e-06,-0.0116417
0,-0.0285886,-9.98997e-06,-2.16374e-05,0,1.48413e-06,-0.0109482
0,-0.0301515,-1.14777e-05,-2.18478e-05,0,1.37627e-06,-0.0116003
0,-0.0248963,-5.71838e-06,-2.20699e-05,0,1.27626e-06,-0.00947809
0,-0.0181543,1.5957e-06,-2.2213e-05,0,1.18352e-06,-0.00686666
0,-0.0133831,6.78294e-06,-2.22177e-05,0,1.09752e-06,-0.00506497
0,-0.0132,7.07071e-06,-2.2108e-05,0,1.01777e-06,-0.00506497
0.000730512,-0.0316944,-1.40396e-05,-2.19723e-05,0,0.0016248,-0.0117338
0.000562578,-0.0375565,-2.00552e-05,-2.22894e-05,0,0.00150322,-0.0138223
0.000503801,-0.0398466,-2.22526e-05,-2.24699e-05,0,0.0013744,-0.0147059
0.000394644,-0.041979,-2.42651e-05,-2.28928e-05,0,0.00125302,-0.015572
0.000282688,-0.0394952,-2.13587e-05,-2.33681e-05,0,0.00114341,-0.0145922
0.000170733,-0.0366766,-1.81009e-05,-2.38098e-05,0,0.00104663,-0.0135452
5.87768e-05,-0.0348718,-1.59267e-05,-2.41881e-05,0,0.000962528,-0.0129044
0,-0.0352341,-1.6058e-05,-2.45175e-05,0,0.000889315,-0.0131102
0,-0.0293913,-9.5968e-06,-2.4838e-05,0,0.000823778,-0.0108026
0,-0.0217835,-1.2874e-06,-2.50622e-05,0,0.000763625,-0.00788311
0,-0.0153194,5.76995e-06,-2.51295e-05,0,0.000708011,-0.00544519
0,-0.00859675,1.30652e-05,-2.50494e-05,0,0.000656488,-0.00288456
0,-0.00564332,1.63173e-05,-2.48246e-05,0,0.000608725,-0.00183109
0,-0.00292162,1.92967e-05,-2.45145e-05,0,0.000564441,-0.000810738
0,-0.00214751,2.01815e-05,-2.41435e-05,0,0.000523381,-0.000562939
0,-0.00328447,1.90188e-05,-2.37443e-05,0,0.000485309,-0.00104693
0,-0.00609504,1.607e-05,-2.33581e-05,0,0.000450008,-0.00216856
0,-0.00954893,1.24382e-05,-2.30219e-05,0,0.000417276,-0.00352019
0,-0.0141088,7.63721e-06,-2.2755e-05,0,0.000386926,-0.00530242
0,-0.0180011,3.55774e-06,-2.25783e-05,0,0.000358784,-0.0068001
0,-0.0208095,6.41243e-07,-2.24867e-05,0,0.00033269,-0.00787426
0,-0.021376,1.14184e-07,-2.24593e-05,0,0.000308494,-0.008069
0,-0.0211835,3.93093e-07,-2.24544e-05,0,0.000286059,-0.00799415
0,-0.0215273,9.92181e-08,-2.24479e-05,0,0.000265256,-0.00814432
0,-0.0211816,5.36638e-07,-2.24445e-05,0,0.000245967,-0.00801021
0,-0.0204558,1.37363e-06,-2.24359e-05,0,0.000228081,-0.00773424
0,-0.0207164,1.15745e-06,-2.24126e-05,0,0.000211496,-0.0078573
0,-0.0213925,4.9847e-07,-2.23884e-05,0,0.000196117,-0.00813062
0,-0.0221662,-2.63439e-07,-2.23751e-05,0,0.000181858,-0.00843599
0,-0.023643,-1.77024e-06,-2.23766e-05,0,0.000168635,-0.00902009
0,-0.0252991,-3.46213e-06,-2.24045e-05,0,0.000156375,-0.00966459
0,-0.0277032,-5.94096e-06,-2.24653e-05,0,0.000145006,-0.0106045
0,-0.0300069,-8.2367e-06,-2.25717e-05,0,6.47193e-05,-0.0122193
0,-0.0337352,-1.2032e-05,-2.27249e-05,0,-0.00010484,-0.0137972
0,-0.0372864,-1.56183e-05,-2.29466e-05,0,-0.000298236,-0.0152795
0,-0.0407284,-1.90669e-05,-2.3241e-05,0,-0.000498953,-0.0167156
0,-0.043695,-2.19882e-05,-2.36051e-05,0,-0.000702689,-0.0179574
-8.44217e-05,-0.0423735,-2.03352e-05,-2.40303e-05,0,-0.000906023,-0.0174871
-0.000283061,-0.0353242,-1.25992e-05,-2.44453e-05,0,-0.00110371,-0.0147878
-0.0004817,-0.0291864,-5.85814e-06,-2.47359e-05,0,-0.00129208,-0.012532
-0.00068034,-0.0269953,-3.33473e-06,-2.48868e-05,0,-0.00147012,-0.01183
-0.000878979,-0.0229808,1.11258e-06,-2.49661e-05,0,-0.00163746,-0.0103314
-0.00107762,-0.0184959,6.037e-06,-2.49661e-05,0,-0.00179389,-0.00866495
-0.00127626,-0.0161664,8.64599e-06,-2.487e-05,0,-0.00193915,-0.00785858
-0.0014749,-0.014705,1.03142e-05,-2.47101e-05,0,-0.00207296,-0.00735839
0.00130605,-0.042032,-2.02555e-05,-2.45372e-05,0,0.000784637,-0.0162935
0.00104286,-0.046132,-2.44168e-05,-2.49294e-05,0,0.0006755,-0.0175167
0.000908775,-0.0470441,-2.51711e-05,-2.52383e-05,0,0.000579211,-0.0178519
0.000710135,-0.0480839,-2.60469e-05,-2.57379e-05,0,0.000495527,-0.0182766
0.000511496,-0.0468602,-2.45049e-05,-2.62545e-05,0,0.000425508,-0.0177913
0.000312857,-0.0440244,-2.12476e-05,-2.67523e-05,0,0.000369762,-0.0166937
0.000114218,-0.0417832,-1.86271e-05,-2.71935e-05,0,0.000328227,-0.0158557
0,-0.0423178,-1.8958e-05,-2.75792e-05,0,0.000298406,-0.016115
0,-0.0380508,-1.41839e-05,-2.79567e-05,0,0.000275163,-0.0144135
0,-0.0321747,-7.71742e-06,-2.82642e-05,0,0.000254765,-0.0121422
0,-0.025397,-3.20244e-07,-2.84509e-05,0,0.000236152,-0.00953485
0,-0.0177745,7.93935e-06,-2.84943e-05,0,0.000218971,-0.00660337
0,-0.0116088,1.46099e-05,-2.83768e-05,0,0.000203059,-0.00426589
0,-0.00781984,1.87176e-05,-2.81179e-05,0,0.000188309,-0.00285454
0,-0.00478211,2.19967e-05,-2.77641e-05,0,0.000174632,-0.00170621
0,-0.0050816,2.17036e-05,-2.73406e-05,0,0.000161949,-0.00187838
0,-0.00713607,1.95331e-05,-2.69051e-05,0,0.000150188,-0.00269972
0,-0.0109939,1.5443e-05,-2.65035e-05,0,0.000139281,-0.00421382
0,-0.0158621,1.02857e-05,-2.61742e-05,0,0.000129167,-0.00610331
0,-0.0195487,6.39585e-06,-2.59427e-05,0,0.000119787,-0.00750521
0,-0.0226231,3.16624e-06,-2.57954e-05,0,0.000111089,-0.00868042
0,-0.0221336,3.72989e-06,-2.57159e-05,0,0.000103023,-0.00844172
0,-0.0208118,5.17121e-06,-2.56441e-05,0,9.55432e-05,-0.00792504
0,-0.0204287,5.60581e-06,-2.55479e-05,0,8.86063e-05,-0.00779563
0,-0.0198344,6.2584e-06,-2.54379e-05,0,8.21734e-05,-0.00756728
0,-0.0198878,6.21595e-06,-2.5316e-05,0,7.62077e-05,-0.00760055
0,-0.0199848,6.12284e-06,-2.51915e-05,0,7.06753e-05,-0.0076411
0,-0.018934,7.24439e-06,-2.50686e-05,0,6.55448e-05,-0.00722248
0,-0.0177162,8.5337e-06,-2.49293e-05,0,6.07869e-05,-0.00675464
0,-0.0131929,1.33219e-05,-2.47651e-05,0,5.63745e-05,-0.00496933
0,-0.0117441,1.48188e-05,-2.45226e-05,0,5.22825e-05,-0.00446209
0,-0.0107006,1.58707e-05,-2.42337e-05,0,4.84877e-05,-0.00406946
0,-0.0112895,1.52037e-05,-2.39215e-05,0,1.57566e-05,-0.00462706
0,-0.0141169,1.21548e-05,-2.36141e-05,0,-5.44319e-05,-0.00579886
0,-0.0179907,8.0013e-06,-2.33558e-05,0,-0.000134666,-0.00735296
0,-0.0212051,4.56097e-06,-2.3175e-05,0,-0.000218032,-0.0086256
0,-0.022608,3.056e-06,-2.30666e-05,0,-0.000302745,-0.00918247
-3.13166e-05,-0.0217846,3.9199e-06,-2.29979e-05,0,-0.000387454,-0.00887521
-0.000114827,-0.0181275,7.78759e-06,-2.29239e-05,0,-0.000469962,-0.00746734
-0.000198338,-0.0123824,1.38529e-05,-2.27874e-05,0,-0.000548638,-0.00526585
-0.000281849,-0.00685545,1.96552e-05,-2.25407e-05,0,-0.000623032,-0.00318006
-0.00036536,-0.00491509,2.16164e-05,-2.21766e-05,0,-0.000692987,-0.00251959
-0.000448871,-0.00419372,2.22646e-05,-2.17541e-05,0,-0.000758402,-0.00228756
-0.000532381,-0.00190558,2.45626e-05,-2.1312e-05,0,-0.000819171,-0.00140805
-0.000615892,0.000970532,2.74636e-05,-2.08323e-05,0,-0.00087517,-0.000314662
0.000553259,-0.0150288,1.19337e-05,-2.0341e-05,0,0.000326414,-0.00587202
0.000442607,-0.0158226,1.08823e-05,-1.99616e-05,0,0.000280698,-0.00598051
0.000386237,-0.0152638,1.12726e-05,-1.98095e-05,0,0.000240341,-0.00575935
0.000302727,-0.0141611,1.22376e-05,-1.9586e-05,0,0.000205243,-0.0053374
0.000219216,-0.0153559,1.07576e-05,-1.9346e-05,0,0.00017585,-0.00583939
0.000135705,-0.0164918,9.3451e-06,-1.91235e-05,0,0.000152425,-0.00628121
5.21943e-05,-0.0179198,7.62792e-06,-1.89295e-05,0,0.000134967,-0.00683952
0,-0.0216889,3.43293e-06,-1.87684e-05,0,0.000122516,-0.00832733
0,-0.0197605,5.3068e-06,-1.86788e-05,0,0.000112924,-0.0075039
0,-0.0160006,9.11959e-06,-1.8582e-05,0,0.00010454,-0.00603611
0,-0.0127105,1.24181e-05,-1.84187e-05,0,9.69003e-05,-0.00478364
0,-0.00576603,1.95809e-05,-1.81868e-05,0,8.98505e-05,-0.00206463
0,-0.000715054,2.46986e-05,-1.7831e-05,0,8.33221e-05,-0.000157378
0,0.0044141,2.987e-05,-1.73626e-05,0,7.72705e-05,0.00181032
0,0.00697107,3.22785e-05,-1.67911e-05,0,7.16591e-05,0.00275001
0,0.0073186,3.23192e-05,-1.61575e-05,0,6.64556e-05,0.00284712
0,0.00641887,3.10235e-05,-1.55113e-05,0,6.16301e-05,0.00248025
0,0.00276119,2.6794e-05,-1.48844e-05,0,5.71552e-05,0.00103146
0,-0.00119374,2.22576e-05,-1.43274e-05,0,5.30054e-05,-0.000493617
0,-0.00659248,1.62012e-05,-1.38595e-05,0,4.9157e-05,-0.00259048
0,-0.0113874,1.08082e-05,-1.35052e-05,0,4.55882e-05,-0.00442398
0,-0.0129699,8.84865e-06,-1.32621e-05,0,4.22786e-05,-0.00498396
0,-0.0131078,8.43277e-06,-1.30753e-05,0,3.92094e-05,-0.00501627
0,-0.014503,6.68613e-06,-1.29046e-05,0,3.6363e-05,-0.00557257
0,-0.0164884,4.3231e-06,-1.27621e-05,0,3.37235e-05,-0.00634518
0,-0.019011,1.40365e-06,-1.26639e-05,0,3.12756e-05,-0.00732315
0,-0.0224649,-2.48699e-06,-1.26212e-05,0,2.90054e-05,-0.00866469
0,-0.0248734,-5.24407e-06,-1.26515e-05,0,2.69002e-05,-0.00957444
0,-0.0274381,-8.1467e-06,-1.27426e-05,0,2.49478e-05,-0.0105625
0,-0.0288595,-9.8133e-06,-1.2891e-05,0,2.31372e-05,-0.0110916
0,-0.0297652,-1.09146e-05,-1.30789e-05,0,2.1458e-05,-0.0114323
0,-0.0301453,-1.14419e-05,-1.32917e-05,0,1.99008e-05,-0.0115709
0,-0.030214,-1.15702e-05,-1.35179e-05,0,-3.99247e-05,-0.0122041
0,-0.0321794,-1.36999e-05,-1.37487e-05,0,-0.000175017,-0.0130896
0,-0.0340937,-1.57542e-05,-1.4012e-05,0,-0.000330572,-0.0139235
0,-0.0365085,-1.83184e-05,-1.43168e-05,0,-0.000492766,-0.014954
0,-0.037919,-1.97919e-05,-1.46704e-05,0,-0.000658099,-0.0155709
-4.62448e-05,-0.0370803,-1.88572e-05,-1.50589e-05,0,-0.000824196,-0.0152993
-0.000214408,-0.0330458,-1.452e-05,-1.54407e-05,0,-0.000986648,-0.0137798
-0.00038257,-0.0259067,-6.89395e-06,-1.57528e-05,0,-0.00114182,-0.0110631
-0.000550733,-0.0224423,-3.19442e-06,-1.59288e-05,0,-0.00128871,-0.00985453
-0.000718896,-0.0201362,-7.36331e-07,-1.60112e-05,0,-0.00142696,-0.00904543
-0.000887059,-0.0157156,3.95833e-06,-1.60382e-05,0,-0.00155634,-0.00736773
-0.00105522,-0.0125674,7.28205e-06,-1.59825e-05,0,-0.00167663,-0.00622403
-0.00122338,-0.0115382,8.33958e-06,-1.58535e-05,0,-0.00178756,-0.0059007
0.00113089,-0.0303212,-1.3263e-05,-1.57078e-05,0,0.000633626,-0.0117267
0.000891263,-0.0316407,-1.46394e-05,-1.59831e-05,0,0.000543101,-0.0119643
0.000794569,-0.0328108,-1.58461e-05,-1.61446e-05,0,0.000463182,-0.0124405
0.000626406,-0.0347489,-1.78536e-05,-1.64555e-05,0,0.000393468,-0.0132155
0.000458244,-0.0357082,-1.8803e-05,-1.68025e-05,0,0.000335003,-0.0135844
0.000290081,-0.0334561,-1.63283e-05,-1.71738e-05,0,0.000288374,-0.0126832
0.000121918,-0.0316283,-1.4305e-05,-1.75127e-05,0,0.000253688,-0.0119984
0,-0.0338124,-1.65415e-05,-1.7809e-05,0,0.000229384,-0.0129075
0,-0.0331698,-1.57593e-05,-1.81286e-05,0,0.000211183,-0.0126255
0,-0.0294858,-1.17433e-05,-1.84477e-05,0,0.00019544,-0.0111717
0,-0.0266465,-8.63467e-06,-1.87026e-05,0,0.000181139,-0.0101012
0,-0.0222501,-3.88189e-06,-1.88909e-05,0,0.000167955,-0.00839562
0,-0.0193087,-6.92131e-07,-1.89923e-05,0,0.00015575,-0.00729434
0,-0.0182022,5.35613e-07,-1.90221e-05,0,0.000144437,-0.00690302
0,-0.0173772,1.45792e-06,-1.90175e-05,0,0.000133947,-0.00659557
0,-0.0188326,-4.67078e-08,-1.8993e-05,0,0.000124219,-0.00719397
0,-0.0215781,-2.91618e-06,-1.89864e-05,0,0.000115199,-0.00827218
0,-0.0296865,-1.14676e-05,-1.90303e-05,0,0.000106834,-0.0114717
0,-0.0423379,-2.48027e-05,-1.92169e-05,0,9.90761e-05,-0.0164026
0,-0.0579891,-4.12568e-05,-1.96463e-05,0,9.18822e-05,-0.0224614
0,-0.081134,-6.55797e-05,-2.03892e-05,0,8.52109e-05,-0.0314661
0,-0.09,-0.000563767,-2.15792e-05,0,7.90242e-05,-0.0412726
0,-0.09,-0.00305309,-3.01145e-05,0,7.32869e-05,-0.0538456
0,-0.09,-0.0105277,-6.37937e-05,0,6.79664e-05,-0.0653913
0,-0.09,-0.0375432,-0.000192127,0,6.30323e-05,-0.07851
0,-0.09,-0.11195,-0.000632313,-0.0506178,5.84565e-05,-0.0903264
0,-0.09,-0.2092,-0.00201563,-0.114108,5.42131e-05,-0.0991998
0,-0.09,-0.360029,-0.00503263,-0.130856,5.02779e-05,-0.111231
0,-0.09,-0.65397,-0.01036,-0.140032,4.66285e-05,-0.12913
0,-0.09,-2.62453,-0.0193572,-0.123245,4.3244e-05,-0.14261
0,-0.09,-10,-0.0462176,-0.0984666,4.01054e-05,-0.15945
0,-0.09,-9.89806,-0.212511,-0.0647279,-0.0041857,-0.179255
0,-0.09,-9.63702,-0.6919,-0.0244193,-0.0143143,-0.198115
-0.00243068,-0.0924307,-9.38942,-0.878005,-0.0137148,-0.0263635,-0.202709
-0.0132337,-0.103234,-9.0924,-1.06827,-0.0146092,-0.0385551,-0.199434
-0.0240367,-0.114037,-8.76711,-1.25353,-0.0223289,-0.0502781,-0.192454
-0.0351098,-0.12511,-8.43305,-1.437,-0.0233818,-0.0613768,-0.185994
-0.0456428,-0.135643,-8.09936,-1.60545,-0.00707024,-0.0718105,-0.178464
-0.0564458,-0.146446,-7.76814,-1.77094,3.85347e-10,-0.0815655,-0.1719
-0.0672488,-0.157249,-7.44123,-1.92978,-8.05747e-10,-0.0906345,-0.168972
-0.0780518,-0.168052,-7.11952,-2.08204,3.59304e-10,-0.0990079,-0.168035
0.0731905,-0.0168095,-7.12129,-2.23087,-7.75482e-26,0.0553727,-0.0112916
0.0559056,-0.0340944,-6.79917,-2.46211,1.14794e-41,0.0484968,-0.0257548
0.0467231,-0.0432769,-6.48558,-2.58107,-2.54895e-57,0.0424417,-0.0404945
0.0375405,-0.0524595,-6.18385,-2.69478,2.8299e-73,0.0371551,-0.0565551
0.0283579,-0.0616421,-5.90684,-2.80337,-3.14182e-89,0.0326274,-0.0748375
0.0186352,-0.0713648,-5.72131,-2.91302,6.54023e-105,0.0288681,-0.0913334
0.00837234,-0.0816277,-6.09543,-3.02405,-0.0856241,0.0258889,-0.102721
0,-0.09,-6.40336,-3.14034,-0.0571168,0.0236199,-0.102553
0,-0.09,-6.34935,-3.26471,-0.0341834,0.0218016,-0.0984043
0,-0.09,-6.22248,-3.39238,-0.0359164,0.0201903,-0.0979723
0,-0.09,-6.1134,-3.51822,-0.0696681,0.0187158,-0.100464
0,-0.09,-5.97561,-3.64164,-0.0406618,0.0173537,-0.0977029
0,-0.09,-5.78643,-3.76253,2.8439e-10,0.0160919,-0.093415
0,-0.09,-5.57646,-3.88033,-5.87032e-12,0.0149223,-0.0923682
0,-0.09,-5.33486,-3.99396,1.71656e-27,0.0138378,-0.0885453
0,-0.09,-5.08683,-4.1032,-3.58732e-43,0.0128321,-0.0877862
0,-0.09,-4.83615,-4.20741,3.98273e-59,0.0118996,-0.086387
0,-0.09,-4.57427,-4.30664,-8.84344e-75,0.0110349,-0.0824672
0,-0.09,-4.30123,-4.40088,1.47273e-90,0.010233,-0.0766148
0,-0.09,-4.02394,-4.48977,-2.86135e-106,0.00948947,-0.0714787
0,-0.09,-3.74857,-4.57316,7.26111e-122,0.00879997,-0.0687382
0,-0.09,-3.47897,-4.65089,-1.07486e-137,0.00816059,-0.0686303
0,-0.09,-3.21651,-4.72316,2.53584e-153,0.00756768,-0.0691121
0,-0.09,-2.95836,-4.79012,-5.29947e-169,0.00701787,-0.0654818
0,-0.09,-2.7038,-4.85199,5.88359e-185,0.00650802,-0.0618019
0,-0.09,-2.45279,-4.90862,-6.5321e-201,0.00603523,-0.0555953
0,-0.09,-2.20567,-4.96043,0,0.00559681,-0.047659
0,-0.09,-1.96367,-5.00714,0,0.00519025,-0.0423893
0,-0.09,-1.72772,-5.04896,0,0.00481323,-0.0391854
0,-0.09,-1.49811,-5.08587,0,0.00446361,-0.036322
0,-0.09,-1.27483,-5.11824,0,0.0041394,-0.0333059
0,-0.0765506,-1.05802,-5.14597,0,0.00383875,-0.027783
0,-0.0550117,-0.847545,-5.16941,0,0.00357338,-0.0192952
0,-0.0298245,-0.64345,-5.18741,0,0.00334562,-0.00958507
0,-0.014925,-0.445813,-5.2013,0,0.00314138,-0.00403265
0,-0.00355009,-0.254546,-5.21121,0,0.00295611,0.000274891
0,0.0134088,-0.0695536,-5.21725,0,0.00278775,0.00687003
8.74111e-06,0.0315361,0.109247,-5.21957,0,0.00263462,0.0138494
4.75905e-05,0.0447711,0.281936,-5.21828,0,0.00249461,0.0188602
8.64399e-05,0.0548111,0.448606,-5.2135,0,0.00236584,0.0226724
0.000125289,0.0531049,0.609335,-5.20536,0,0.00224712,0.0218453
0.000164139,0.0534765,0.764233,-5.19398,0,0.00213751,0.0220292
0.000202988,0.0557079,0.913391,-5.17947,0,0.00203614,0.0229248
0.000241837,0.055935,1.05689,-5.16195,0,0.00194221,0.0229924
0.000280687,0.0560104,1.19484,-5.14153,0,0.00185497,0.0230306
-0.000263205,0.034247,1.3273,-5.11832,0,0.00119097,0.0139573
-0.000208815,0.0296404,1.45406,-5.08182,0,0.00111486,0.012453
-0.000185506,0.030142,1.57596,-5.06507,0,0.00104335,0.0127373
-0.000146656,0.0303409,1.69268,-5.03416,0,0.00097603,0.0128214
-0.000107807,0.028815,1.80432,-5.00089,0,0.000912181,0.0122213
-6.89576e-05,0.0259222,1.91097,-4.96536,0,0.000851227,0.0111018
-3.01083e-05,0.0183755,2.01273,-4.92767,0,0.000792727,0.00814512
0,0.0103479,2.10969,-4.88793,0,0.000736619,0.00506772
0,0.00542172,2.20195,-4.84622,0,0.000683536,0.00323594
0,0.00606627,2.28962,-4.80264,0,0.000634033,0.0035809
0,0.00461531,2.37279,-4.75729,0,0.000588052,0.0030037
0,0.00482086,2.45154,-4.71025,0,0.00054539,0.00311979
0,0.00301178,2.52598,-4.66161,0,0.00050582,0.00240582
0,0.0037391,2.5962,-4.61146,0,0.000469121,0.0027351
0,0.00198429,2.6623,-4.55989,0,0.000435086,0.00203404
0,-0.00097509,2.72436,-4.50697,0,0.000403521,0.000889568
0,-0.0025042,2.78249,-4.4528,0,0.000374248,0.000334116
0,-0.00382583,2.83678,-4.39744,0,0.000347099,-0.00016096
0,-0.00294613,2.88732,-4.34097,0,0.00032192,0.000219139
0,-0.000701228,2.93421,-4.28348,0,0.000298569,0.00110999
0,0.00157382,2.97753,-4.22503,0,0.000276913,0.00199132
0,0.0011279,3.01737,-4.1657,0,0.000256828,0.00178508
0,-0.000749441,3.05383,-4.10555,0,0.0002382,0.0010483
0,-0.00248069,3.08699,-4.04465,0,0.000220925,0.000391082
0,-0.00236472,3.11695,-3.98308,0,0.000204903,0.000468468
0,-0.00202599,3.1438,-3.92089,0,0.000190043,0.000605778
0,-0.00155398,3.16761,-3.85815,0,0.000176262,0.000792171
0,0.000205314,3.18848,-3.79492,0,0.00016348,0.00148978
0,0.00207405,3.20648,-3.73125,0,0.000151626,0.00221064
0,0.00496949,3.22172,-3.66721,0,0.000140632,0.00333904
0,0.00596782,3.23426,-3.60285,0,0.000130435,0.00369352
0,0.00409509,3.24419,-3.53823,0,0.000120978,0.00292998
0,0.000392474,3.25159,-3.4734,0,9.47362e-05,0.001296
0,-0.00393747,3.25654,-3.4084,0,4.65748e-05,-0.000408398
0,-0.00585898,3.25912,-3.3433,0,-7.15021e-06,-0.00114161
0,-0.00809573,3.25942,-3.27813,0,-6.23466e-05,-0.00203709
0,-0.0101297,3.2575,-3.21294,0,-0.000118019,-0.00284596
-1.13658e-05,-0.0110765,3.25344,-3.14778,0,-0.000173543,-0.00322279
-6.18805e-05,-0.00841167,3.24733,-3.08269,0,-0.000227633,-0.00217302
-0.000112395,-0.00251644,3.23923,-3.01771,0,-0.000279181,0.000112629
-0.00016291,-0.00596818,3.2292,-2.95289,0,-0.000327896,-0.00138188
-0.000213425,-0.00961608,3.21733,-2.88825,0,-0.000373695,-0.00281011
-0.000263939,-0.00904668,3.20369,-2.82385,0,-0.000416534,-0.00255004
-0.000314454,-0.00709631,3.18834,-2.75971,0,-0.000456366,-0.00180182
-0.000364969,-0.00456937,3.17136,-2.69586,0,-0.000493134,-0.00084323
0.000342237,-0.0291319,3.15278,-2.63235,0,0.000230957,-0.0101957
0.000291722,-0.0348979,3.13271,-2.5692,0,0.000200559,-0.0121282
0.000241208,-0.0431694,3.1112,-2.50645,0,0.000173502,-0.0153596
0.000190693,-0.0543918,3.08831,-2.44412,0,0.00014991,-0.0197301
0.000140178,-0.0669396,3.0641,-2.38224,0,0.000129922,-0.024584
8.96636e-05,-0.0738778,3.03862,-2.32083,0,0.000113661,-0.0271773
3.91489e-05,-0.0742748,3.01192,-2.25993,0,0.00010115,-0.0272446
0,-0.0756565,2.98408,-2.19956,0,9.19608e-05,-0.0278052
0,-0.0682433,2.95518,-2.13974,0,8.48021e-05,-0.0248392
0,-0.0535891,2.92529,-2.08049,0,7.85203e-05,-0.0191168
0,-0.0392416,2.89445,-2.02184,0,7.27881e-05,-0.013628
0,-0.024106,2.8627,-1.96379,0,6.74967e-05,-0.00782001
0,-0.0143218,2.83008,-1.90638,0,6.2596e-05,-0.00416095
0,-0.00807571,2.79665,-1.84962,0,5.80527e-05,-0.00183279
0,-0.00468151,2.76245,-1.79352,0,5.38398e-05,-0.000589276
0,-0.00556255,2.72753,-1.7381,0,4.99328e-05,-0.00100923
0,-0.00795584,2.69195,-1.68337,0,4.63095e-05,-0.00196764
0,-0.00890868,2.65574,-1.62935,0,4.29493e-05,-0.00232786
0,-0.0098252,2.61897,-1.57606,0,3.9833e-05,-0.00269577
0,-0.0105728,2.58166,-1.52349,0,3.69429e-05,-0.0029969
0,-0.0128817,2.54387,-1.47167,0,3.42627e-05,-0.0039241
0,-0.0163782,2.50562,-1.42061,0,3.17769e-05,-0.00530166
0,-0.0200746,2.46698,-1.3703,0,2.94716e-05,-0.00674093
0,-0.0242318,2.42797,-1.32077,0,2.73337e-05,-0.0083612
0,-0.0278147,2.38864,-1.27202,0,2.53509e-05,-0.00974515
0,-0.030362,2.34902,-1.22405,0,2.3512e-05,-0.0107244
0,-0.0323218,2.30915,-1.17687,0,2.18065e-05,-0.0114851
0,-0.0328433,2.26906,-1.13049,0,2.02249e-05,-0.0116804
0,-0.0326504,2.22879,-1.08491,0,1.8758e-05,-0.0116126
0,-0.0315652,2.18838,-1.04013,0,1.73975e-05,-0.0111995
0,-0.031898,2.14785,-0.996159,0,1.61358e-05,-0.0113662
0,-0.0322563,2.10723,-0.952999,0,1.49656e-05,-0.0115213
0,-0.0330343,2.06656,-0.910652,0,1.38803e-05,-0.0118436
0,-0.0345834,2.02587,-0.869117,0,-7.16974e-05,-0.0133367
0,-0.0370817,1.98517,-0.828396,0,-0.000266372,-0.014469
0,-0.0386293,1.94451,-0.788489,0,-0.000490686,-0.0152032
0,-0.0405064,1.90391,-0.749396,0,-0.000724395,-0.0160772
0,-0.0412119,1.86339,-0.711115,0,-0.000961601,-0.0164705
-0.000214766,-0.0374494,1.82298,-0.673644,0,-0.00119572,-0.0150889
-0.000446946,-0.0287882,1.7827,-0.636983,0,-0.00142029,-0.0118106
-0.000679125,-0.0258251,1.74258,-0.601127,0,-0.00163326,-0.0108728
-0.000911305,-0.0243016,1.70263,-0.566075,0,-0.00183399,-0.0104131
-0.00114348,-0.0215604,1.66288,-0.531823,0,-0.00202217,-0.00943567
-0.00137566,-0.020697,1.62334,-0.498366,0,-0.00219753,-0.0092174
-0.00160784,-0.0200556,1.58404,-0.465702,0,-0.00235977,-0.00905006
0.00164267,-0.0438647,1.54497,-0.433824,0,0.00097421,-0.0162762
0.00132923,-0.0474996,1.50582,-0.391915,0,0.000840207,-0.0173611
0.00117831,-0.0493229,1.46734,-0.372144,0,0.000720867,-0.0180919
0.000946132,-0.0502365,1.42917,-0.342604,0,0.000615862,-0.0184743
0.000713952,-0.0507011,1.39131,-0.31383,0,0.000526443,-0.0186857
0.000481773,-0.0482577,1.3538,-0.285815,0,0.000453431,-0.0177384
0.000249593,-0.0462368,1.31664,-0.258551,0,0.000397304,-0.0170008
1.74135e-05,-0.0463454,1.27984,-0.232033,0,0.00035735,-0.0171044
0,-0.0461263,1.24341,-0.206252,0,0.000328158,-0.0170426
0,-0.0397558,1.20738,-0.181201,0,0.000303472,-0.0145285
0,-0.0319764,1.17175,-0.156874,0,0.000281204,-0.0115451
0,-0.0223373,1.13654,-0.13326,0,0.000260718,-0.00783973
0,-0.0151571,1.10174,-0.110354,0,0.000241764,-0.00514377
0,-0.0111785,1.06737,-0.0881449,0,0.000224199,-0.00368763
0,-0.00767781,1.03343,-0.0666257,0,0.000207913,-0.0023725
0,-0.00995602,0.999935,-0.0457874,0,0.000192811,-0.00335669
0,-0.0136707,0.966893,-0.0256212,0,0.000178807,-0.00482519
0,-0.0191899,0.93431,-0.00611816,0,0.00016582,-0.00699153
0,-0.0252034,0.902193,0.0127309,0,0.000153777,-0.00932694
0,-0.0283473,0.870553,0.0309354,0,0.00014261,-0.0105084
0,-0.030754,0.839393,0.0485047,0,0.000132253,-0.0114389
0,-0.0319472,0.808718,0.0654483,0,0.000122649,-0.0118956
0,-0.0318331,0.778532,0.0817761,0,0.000113743,-0.0118483
0,-0.0308239,0.74884,0.0974976,0,0.000105484,-0.0114632
0,-0.027893,0.719645,0.112623,0,9.78247e-05,-0.010324
0,-0.0241727,0.690949,0.127162,0,9.07219e-05,-0.00889861
0,-0.0212321,0.662754,0.141124,0,8.41351e-05,-0.00779615
0,-0.0176195,0.635063,0.15452,0,7.80267e-05,-0.00641301
0,-0.0141989,0.607876,0.16736,0,7.2362e-05,-0.00511641
0,-0.00941192,0.581198,0.179653,0,6.71088e-05,-0.00327089
0,-0.00563458,0.555025,0.191411,0,6.22371e-05,-0.00184905
0,-0.00391128,0.529359,0.202642,0,5.77192e-05,-0.00123149
0,-0.00310159,0.504199,0.213358,0,5.35295e-05,-0.000946895
0,-0.00436504,0.479546,0.223567,0,4.36329e-05,-0.00153792
0,-0.00717351,0.455398,0.233282,0,2.62587e-05,-0.00266171
0,-0.0102056,0.431757,0.24251,0,7.03266e-06,-0.00385054
0,-0.0118384,0.408623,0.251264,0,-1.26306e-05,-0.00447649
0,-0.0120758,0.385994,0.259552,0,-3.23512e-05,-0.00456583
-1.13438e-05,-0.0104164,0.36387,0.267385,0,-5.176e-05,-0.00391831
-2.81495e-05,-0.00651678,0.342249,0.274773,0,-7.04155e-05,-0.00240442
-4.49552e-05,-0.00306719,0.321126,0.281726,0,-8.80993e-05,-0.00110357
-6.17609e-05,0.000215967,0.300497,0.288275,0,-0.000104757,0.000138675
-7.85665e-05,0.00183623,0.28036,0.294388,0,-0.000120374,0.000720458
-9.53722e-05,0.00409006,0.260713,0.300096,0,-0.000134939,0.00158162
-0.000112178,0.00675176,0.241553,0.305409,0,-0.000148441,0.00259683
0.000123102,-0.00907747,0.222857,0.310336,0,9.12239e-05,-0.00360579
0.000106296,-0.0122981,0.204654,0.314886,0,7.9909e-05,-0.0046567
8.94902e-05,-0.0163023,0.186926,0.31907,0,6.97289e-05,-0.00621671
7.26845e-05,-0.0191138,0.16967,0.322897,0,6.07195e-05,-0.00728782
5.58789e-05,-0.0195152,0.152885,0.326377,0,5.29218e-05,-0.00741423
3.90732e-05,-0.0203164,0.136562,0.329519,0,4.63785e-05,-0.00773666
2.22675e-05,-0.0204123,0.120698,0.332332,0,4.11202e-05,-0.00777087
5.46184e-06,-0.0201816,0.105288,0.334825,0,3.71121e-05,-0.00768502
0,-0.0227026,0.0903235,0.337008,0,3.40476e-05,-0.0087026
0,-0.0189743,0.0758097,0.338889,0,3.14787e-05,-0.00718245
0,-0.0145279,0.0617352,0.340478,0,2.91678e-05,-0.00547103
0,-0.0107655,0.0480932,0.341783,0,2.70435e-05,-0.00404352
0,-0.00645092,0.0348797,0.342813,0,2.50784e-05,-0.00238476
0,-0.00510741,0.0220853,0.343577,0,2.32573e-05,-0.00192053
0,-0.00458674,0.00970687,0.344082,0,2.15688e-05,-0.00173908
0,-0.00406057,-0.00226052,0.344338,0,2.00031e-05,-0.00154261
0,-0.00336765,-0.0138224,0.344353,0,1.85511e-05,-0.00127942
0,-0.00443205,-0.0249868,0.344134,0,1.72045e-05,-0.00172024
0,-0.00588649,-0.0357581,0.34369,0,1.59557e-05,-0.00228966
0,-0.00766543,-0.0461421,0.343029,0,1.47976e-05,-0.00298247
0,-0.00922185,-0.0561445,0.342158,0,1.37237e-05,-0.00358127
0,-0.0111024,-0.0657719,0.341085,0,1.27277e-05,-0.00431272
0,-0.0117336,-0.0750287,0.339818,0,1.1804e-05,-0.00454015
0,-0.0123171,-0.0839225,0.338364,0,1.09474e-05,-0.00476751
0,-0.0138561,-0.0924605,0.33673,0,1.01529e-05,-0.00537692
0,-0.016136,-0.100649,0.334923,0,9.41619e-06,-0.00626735
0,-0.018725,-0.108493,0.332951,0,8.73293e-06,-0.00726968
0,-0.0217901,-0.116,0.33082,0,8.09928e-06,-0.00845724
0,-0.0253661,-0.123176,0.328538,0,7.51162e-06,-0.00984134
0,-0.0283875,-0.130026,0.32611,0,6.96663e-06,-0.010996
0,-0.0314334,-0.136558,0.323544,0,6.46119e-06,-0.0121688
0,-0.0340692,-0.142776,0.320846,0,5.99244e-06,-0.0131773
0,-0.0363587,-0.148687,0.318021,0,5.55772e-06,-0.0140537
0,-0.0372076,-0.154298,0.315077,0,-7.44427e-05,-0.0151883
0,-0.0390839,-0.159615,0.312019,0,-0.000257172,-0.0160632
0,-0.0400403,-0.164645,0.308853,0,-0.000467883,-0.0165518
0,-0.0420975,-0.169395,0.305586,0,-0.000687657,-0.0174883
0,-0.0425522,-0.173868,0.302221,0,-0.000911467,-0.0177611
-0.000107281,-0.0404925,-0.17807,0.298766,0,-0.00113513,-0.0170464
-0.000333137,-0.0340207,-0.182005,0.295226,0,-0.00135261,-0.0145999
-0.000558992,-0.0287221,-0.185686,0.291606,0,-0.00155991,-0.0126803
-0.000784848,-0.026967,-0.18912,0.28791,0,-0.00175589,-0.0121484
-0.0010107,-0.0230826,-0.192309,0.284145,0,-0.00194013,-0.0107031
-0.00123656,-0.0192444,-0.195259,0.280315,0,-0.00211233,-0.0092998
-0.00146241,-0.0164574,-0.19798,0.276424,0,-0.0022722,-0.00830683
-0.00168827,-0.0162185,-0.200477,0.272478,0,-0.00241935,-0.00830683
0.00147371,-0.0298544,-0.202774,0.268519,0,0.000969805,-0.0114389
0.00115186,-0.0328828,-0.204784,0.262764,0,0.000840223,-0.0124241
0.001022,-0.0331313,-0.206644,0.260419,0,0.000726006,-0.0125204
0.00079614,-0.0336076,-0.208302,0.256295,0,0.000626398,-0.0127364
0.000570285,-0.0328675,-0.209762,0.252137,0,0.000542703,-0.0124582
0.00034443,-0.0325656,-0.211031,0.24795,0,0.0004756,-0.0123696
0.000118574,-0.0322193,-0.212114,0.243735,0,0.000424945,-0.0122535
0,-0.0345209,-0.213021,0.239498,0,0.000387635,-0.0131931
0,-0.0294188,-0.213745,0.235242,0,0.000357782,-0.0111345
0,-0.025125,-0.214301,0.230971,0,0.000331342,-0.00951085
0,-0.01909,-0.214691,0.226688,0,0.00030715,-0.00717866
0,-0.0141852,-0.214924,0.222396,0,0.000284802,-0.00532345
0,-0.00876911,-0.215004,0.218099,0,0.0002641,-0.00324597
0,-0.00605434,-0.214937,0.213799,0,0.00024491,-0.00225412
0,-0.00403716,-0.214729,0.2095,0,0.000227115,-0.0014987
0,-0.00311654,-0.214383,0.205204,0,0.000210615,-0.00116975
0,-0.00328931,-0.213905,0.200915,0,0.000195314,-0.00125994
0,-0.00443169,-0.2133,0.196635,0,0.000181125,-0.00171995
0,-0.00795501,-0.212574,0.192365,0,0.000167968,-0.00311522
0,-0.0104708,-0.211727,0.18811,0,0.000155766,-0.00407123
0,-0.0144643,-0.210768,0.183872,0,0.000144452,-0.00563223
0,-0.014654,-0.209694,0.179651,0,0.000133959,-0.00565135
0,-0.0136543,-0.208514,0.175452,0,0.00012423,-0.00525343
0,-0.0123382,-0.207232,0.171276,0,0.000115207,-0.00474704
0,-0.00882652,-0.205851,0.167125,0,0.00010684,-0.00336848
0,-0.00620996,-0.204379,0.163001,0,9.90803e-05,-0.00238064
0,-0.00555355,-0.20282,0.158906,0,9.18849e-05,-0.00216143
0,-0.00547444,-0.201176,0.154842,0,8.52122e-05,-0.00214241
0,-0.0068527,-0.199454,0.15081,0,7.90244e-05,-0.00269618
0,-0.00769055,-0.197655,0.146812,0,7.3286e-05,-0.00301161
0,-0.0116715,-0.195786,0.14285,0,6.79646e-05,-0.00459007
0,-0.013976,-0.193846,0.138925,0,6.30298e-05,-0.00545078
0,-0.016158,-0.191841,0.135039,0,1.40211e-05,-0.00675106
0,-0.0211544,-0.189776,0.131192,0,-9.20169e-05,-0.0087901
0,-0.0263337,-0.187653,0.127386,0,-0.000213384,-0.0108572
0,-0.0312492,-0.185475,0.123622,0,-0.000339551,-0.0128129
0,-0.0341002,-0.183243,0.119902,0,-0.000467765,-0.0139444
-5.37826e-05,-0.0347042,-0.18096,0.116226,0,-0.000595838,-0.0142057
-0.00018033,-0.0278199,-0.178624,0.112595,0,-0.000720422,-0.0115066
-0.000306877,-0.0244126,-0.176249,0.109011,0,-0.000839166,-0.0103055
-0.000433424,-0.0281948,-0.173843,0.105474,0,-0.00095142,-0.0119165
-0.000559972,-0.0294057,-0.171398,0.101985,0,-0.00105695,-0.0123856
-0.000686519,-0.0268099,-0.168915,0.0985452,0,-0.0011556,-0.011369
-0.000813066,-0.0231273,-0.166401,0.0951545,0,-0.00124721,-0.00997205
-0.000939613,-0.0182003,-0.163858,0.0918139,0,-0.00133159,-0.00809008
0.000832048,-0.0424263,-0.161316,0.0884859,0,0.000489696,-0.0165027
0.000667537,-0.0419917,-0.158695,0.0842662,0,0.000420879,-0.0160213
0.000578954,-0.0417799,-0.156088,0.0820314,0,0.000360186,-0.0159632
0.000452406,-0.0446136,-0.153467,0.0788966,0,0.000307505,-0.0171115
0.000325859,-0.0448201,-0.150828,0.0758141,0,0.000263491,-0.0171614
0.000199312,-0.0437104,-0.148174,0.0727831,0,0.000228529,-0.016724
7.27647e-05,-0.0421602,-0.145509,0.0698063,0,0.000202581,-0.0161292
0,-0.0415904,-0.142837,0.0668828,0,0.000184058,-0.0159315
0,-0.0361058,-0.140153,0.0640127,0,0.000169691,-0.0137557
0,-0.0277558,-0.137462,0.0611962,0,0.000157105,-0.0105104
0,-0.0207187,-0.134769,0.0584335,0,0.000145626,-0.00783294
0,-0.0114805,-0.132074,0.0557247,0,0.000135031,-0.00425608
0,-0.00634016,-0.129385,0.0530697,0,0.00012522,-0.00234876
0,-0.00218173,-0.126699,0.0504686,0,0.000116125,-0.000770375
0,-0.00070289,-0.124022,0.0479212,0,0.000107691,-0.000246542
0,-0.00194116,-0.121353,0.0454274,0,9.98708e-05,-0.000766254
0,-0.00418319,-0.118694,0.042987,0,9.26186e-05,-0.00164486
0,-0.0073092,-0.116045,0.0405998,0,8.58933e-05,-0.00286079
0,-0.0115704,-0.113409,0.0382656,0,7.96565e-05,-0.00451621
0,-0.0154857,-0.110784,0.0359843,0,7.38729e-05,-0.0060159
0,-0.0187712,-0.108173,0.0337555,0,6.85093e-05,-0.00726927
0,-0.0212403,-0.105576,0.031579,0,6.35354e-05,-0.00820609
0,-0.0228784,-0.102994,0.0294545,0,5.89228e-05,-0.00882348
0,-0.0244364,-0.10043,0.0273817,0,5.46452e-05,-0.00942145
0,-0.0252514,-0.0978833,0.0253603,0,5.06782e-05,-0.00972387
0,-0.0258005,-0.0953564,0.0233899,0,4.69994e-05,-0.00993131
0,-0.0277996,-0.0928519,0.0214701,0,4.35878e-05,-0.0107217
0,-0.0292782,-0.0903685,0.0196005,0,4.0424e-05,-0.0112819
0,-0.029557,-0.0879067,0.0177808,0,3.74899e-05,-0.011371
0,-0.0298061,-0.0854684,0.0160103,0,3.47688e-05,-0.0114665
0,-0.0305471,-0.0830552,0.0142888,0,3.22454e-05,-0.0117588
0,-0.0320011,-0.080668,0.0126156,0,2.99052e-05,-0.0123281
0,-0.0337842,-0.0783072,0.0109903,0,-4.75331e-05,-0.0138044
0,-0.036985,-0.0759746,0.00941234,0,-0.000221986,-0.0151852
0,-0.0387965,-0.073668,0.00788119,0,-0.000422794,-0.0159867
0,-0.0416027,-0.0713905,0.00639629,0,-0.000632121,-0.0172013
0,-0.0431279,-0.0691403,0.0049571,0,-0.000845398,-0.0178829
-7.01956e-05,-0.043333,-0.0669179,0.00356304,0,-0.00105934,-0.0180495
-0.000286182,-0.0411979,-0.0647228,0.00221357,0,-0.00126826,-0.0172939
-0.000502168,-0.0380206,-0.0625569,0.000908136,0,-0.0014677,-0.0161494
-0.000718155,-0.0353641,-0.0604221,-0.000353831,0,-0.00165642,-0.0152202
-0.000934141,-0.0322071,-0.0583179,-0.00157295,0,-0.00183399,-0.0140747
-0.00115013,-0.0277179,-0.0562438,-0.00274983,0,-0.00200011,-0.0123964
-0.00136611,-0.0214711,-0.0541996,-0.00388507,0,-0.0021545,-0.0100285
-0.0015821,-0.0151945,-0.0521875,-0.00497929,0,-0.00229682,-0.00766771
0.00144171,-0.0116193,-0.0502067,-0.00606328,0,0.000813142,-0.00408955
0.00144171,-0.00758298,-0.0482955,-0.00606328,0,0.000694528,-0.00263475
0.000961139,-0.00792578,-0.0463779,-0.00830502,0,0.000589642,-0.00284
0.00079375,-0.00806686,-0.0445004,-0.00903346,0,0.000500771,-0.00291826
0.000577764,-0.0107679,-0.042659,-0.00993286,0,0.000426457,-0.00401358
0.000361777,-0.0114461,-0.0408487,-0.0107952,0,0.000367383,-0.00425835
0.000145791,-0.012836,-0.0390727,-0.0116213,0,0.000323613,-0.00481561
0,-0.0182032,-0.0373345,-0.0124116,0,0.000292908,-0.00694807
0,-0.0169474,-0.0356229,-0.013167,0,0.000269747,-0.00637393
0,-0.0121813,-0.0339411,-0.013888,0,0.000249661,-0.00449887
0,-0.0131519,-0.032299,-0.0145761,0,0.000231398,-0.00496742
0,-0.013487,-0.0306898,-0.0152303,0,0.000214558,-0.0050937
0,-0.0145422,-0.029115,-0.0158521,0,0.000198966,-0.0055167
0,-0.0137713,-0.0275717,-0.0164423,0,0.000184514,-0.00519896
0,-0.0110965,-0.0260598,-0.0170014,0,0.000171114,-0.00414858
0,-0.00934882,-0.0245822,-0.0175302,0,0.000158688,-0.00349707
0,-0.0081024,-0.0231383,-0.0180292,0,0.000147164,-0.00303108
0,-0.00773588,-0.0217283,-0.0184992,0,0.000136478,-0.00290836
0,-0.00720388,-0.0203511,-0.0189408,0,0.000126568,-0.00270572
0,-0.00644711,-0.0190063,-0.0193547,0,0.000117379,-0.00241555
0,-0.00861367,-0.0176971,-0.0197416,0,0.000108856,-0.00329574
0,-0.0108153,-0.0164202,-0.0201021,0,0.000100953,-0.00414485
0,-0.0118431,-0.0151741,-0.0204369,0,9.36238e-05,-0.00452449
0,-0.0138577,-0.0139609,-0.0207466,0,8.68269e-05,-0.0053159
0,-0.017655,-0.0127811,-0.0210319,0,8.05237e-05,-0.00680373
0,-0.0220039,-0.0116332,-0.0212934,0,7.46784e-05,-0.00848433
0,-0.026772,-0.0105168,-0.0215318,0,6.92575e-05,-0.0103236
0,-0.029696,-0.00942907,-0.0217477,0,6.42303e-05,-0.0114201
0,-0.0309295,-0.00836998,-0.0219417,0,5.95682e-05,-0.0118696
0,-0.0303292,-0.00733906,-0.0221144,0,5.52447e-05,-0.0116126
0,-0.0278874,-0.00633598,-0.0222663,0,5.12351e-05,-0.0106484
0,-0.024494,-0.00536137,-0.0223981,0,4.75167e-05,-0.00933223
0,-0.0213016,-0.00441611,-0.0225102,0,2.6328e-05,-0.00829618
0,-0.0176156,-0.00349913,-0.0226032,0,-1.75134e-05,-0.00690516
0,-0.0163375,-0.00261316,-0.0226778,0,-6.73687e-05,-0.00648233
0,-0.0158963,-0.00175616,-0.0227345,0,-0.000119048,-0.00635553
0,-0.0163647,-0.000927832,-0.0227739,0,-0.000171489,-0.00657746
-1.65447e-05,-0.0166647,-0.000126662,-0.0227966,0,-0.000223928,-0.00671639
-6.74516e-05,-0.0142152,0.000650475,-0.0228031,0,-0.000275038,-0.0057581
-0.000118359,-0.00862465,0.00140437,-0.022794,0,-0.000323778,-0.00358572
-0.000169265,-0.00929798,0.0021254,-0.0227697,0,-0.000369867,-0.00396042
-0.000220172,-0.00684698,0.00282397,-0.0227308,0,-0.000413209,-0.0029896
-0.000271079,-0.00162706,0.00350008,-0.0226778,0,-0.000453745,-0.000959031
-0.000321986,0.00178844,0.00414926,-0.0226112,0,-0.000491416,0.000310633
-0.000372893,0.00376812,0.00477232,-0.0225314,0,-0.000526147,0.00103655
0.000339803,-0.0181225,0.0053474,-0.0224485,0,0.000205751,-0.00719751
0.000288897,-0.0223806,0.00591634,-0.0223475,0,0.000177178,-0.00858972
0.00023799,-0.0251717,0.00646351,-0.022232,0,0.000151859,-0.00964619
0.000187083,-0.0269603,0.00698883,-0.0221055,0,0.00012993,-0.0103235
0.000136176,-0.0273278,0.00749315,-0.0219683,0,0.000111539,-0.0104477
8.5269e-05,-0.0292196,0.00797376,-0.021821,0,9.68126e-05,-0.0112014
3.43621e-05,-0.0302465,0.00843363,-0.0216639,0,8.57539e-05,-0.0115858
0,-0.0329569,0.00887046,-0.0214976,0,7.78291e-05,-0.0126551
0,-0.0323811,0.00928996,-0.0213223,0,7.17324e-05,-0.0123862
0,-0.0276117,0.00969349,-0.0211386,0,6.64067e-05,-0.0104931
0,-0.0237079,0.0100761,-0.0209468,0,6.15538e-05,-0.00900956
0,-0.0192549,0.0104397,-0.0207472,0,5.70759e-05,-0.00729337
0,-0.0157343,0.0107831,-0.0205402,0,5.29293e-05,-0.0059577
0,-0.0121168,0.0111079,-0.0203262,0,4.90855e-05,-0.00456894
0,-0.013062,0.0114094,-0.0201057,0,4.55213e-05,-0.00500337
0,-0.0146722,0.0116924,-0.0198792,0,4.22161e-05,-0.00563326
0,-0.0165498,0.0119575,-0.0196467,0,3.9151e-05,-0.00635962
0,-0.0191145,0.0122049,-0.0194089,0,3.63086e-05,-0.00735617
0,-0.0218331,0.0124354,-0.0191661,0,3.36727e-05,-0.00840352
0,-0.0242197,0.0126499,-0.0189185,0,3.12282e-05,-0.00931586
0,-0.0258826,0.0128494,-0.0186666,0,2.89612e-05,-0.00994426
0,-0.027836,0.0130331,-0.0184106,0,2.68589e-05,-0.0106997
0,-0.0289759,0.0132026,-0.0181508,0,2.49093e-05,-0.0111257
0,-0.0301544,0.0133574,-0.0178876,0,2.31013e-05,-0.0115796
0,-0.0318864,0.0134973,-0.0176213,0,2.14245e-05,-0.0122539
0,-0.0341653,0.0136228,-0.017352,0,1.98696e-05,-0.013138
0,-0.0364522,0.0137347,-0.0170802,0,1.84275e-05,-0.0140168
0,-0.0386988,0.0138335,-0.0168061,0,1.70901e-05,-0.0148794
0,-0.041023,0.0139194,-0.0165299,0,1.58499e-05,-0.0157735
0,-0.0418312,0.0139946,-0.0162519,0,1.46997e-05,-0.0160611
0,-0.0423492,0.0140581,-0.0159724,0,1.3633e-05,-0.0162561
0,-0.0415521,0.0141114,-0.0156916,0,1.26437e-05,-0.0159303
0,-0.0394168,0.0141547,-0.0154096,0,-4.92269e-05,-0.0157282
0,-0.037359,0.0141871,-0.0151267,0,-0.000189724,-0.0150453
0,-0.0352427,0.0142089,-0.0148431,0,-0.000351624,-0.0143356
0,-0.032657,0.0142209,-0.0145591,0,-0.000520492,-0.0134353
0,-0.0320335,0.0142209,-0.0142747,0,-0.000692672,-0.0133203
-4.82821e-05,-0.0304624,0.0142123,-0.0139903,0,-0.000865681,-0.0127911
-0.000223853,-0.0261816,0.0141973,-0.013706,0,-0.00103491,-0.0111878
-0.000399424,-0.019699,0.0141758,-0.013422,0,-0.00119658,-0.00873999
-0.000574995,-0.0148431,0.0141438,-0.0131384,0,-0.00134962,-0.00696844
-0.000750567,-0.00954385,0.014104,-0.0128553,0,-0.00149365,-0.00498804
-0.000926138,-0.00464821,0.0140557,-0.012573,0,-0.00162846,-0.00316868
-0.00110171,-0.00053029,0.0139989,-0.0122917,0,-0.00175378,-0.00164697
-0.00127728,0.00228608,0.0139333,-0.0120114,0,-0.00186936,-0.000626595
0.00118072,0.00271587,0.0138581,-0.0117315,0,0.000658707,0.00129252
0.000952473,0.00111094,0.0137709,-0.0113704,0,0.000564185,0.000617951
0.000829574,2.72684e-05,0.0136807,-0.0111772,0,0.000480677,0.000181226
0.000654002,-0.00190019,0.0135833,-0.0109031,0,0.000408031,-0.000591664
0.000478431,-0.00345146,0.0134803,-0.010631,0,0.000347172,-0.00119771
0.00030286,-0.00556294,0.0133711,-0.0103609,0,0.000298672,-0.00203022
0.000127289,-0.00804514,0.0132561,-0.0100929,0,0.000262631,-0.00299992
0,-0.0123491,0.0131339,-0.00982721,0,0.000237418,-0.00468973
0,-0.0131425,0.0130106,-0.00956392,0,0.000218566,-0.00494893
0,-0.0125234,0.0128842,-0.00930309,0,0.000202269,-0.00469723
0,-0.0127769,0.0127524,-0.00904477,0,0.000187467,-0.004815
0,-0.0104139,0.0126192,-0.00878907,0,0.000173822,-0.00387417
0,-0.00852445,0.0124815,-0.00853602,0,0.00016119,-0.00316203
0,-0.00533185,0.0123415,-0.0082857,0,0.000149482,-0.00192188
0,-0.00333061,0.0121966,-0.00803817,0,0.000138625,-0.00117698
0,-0.00163898,0.0120482,-0.00779351,0,0.000128558,-0.00053707
0,-0.0013183,0.0118952,-0.00755181,0,0.000119222,-0.000439465
0,-0.00303035,0.0117372,-0.00731314,0,0.000110565,-0.00113216
0,-0.0059639,0.0115753,-0.0070776,0,0.000102537,-0.00228114
0,-0.00832331,0.0114115,-0.00684529,0,9.50913e-05,-0.00318189
0,-0.0103111,0.0112458,-0.00661624,0,8.8187e-05,-0.00394281
0,-0.00948137,0.0110811,-0.00639049,0,8.17842e-05,-0.00358417
0,-0.00871721,0.0109143,-0.00616805,0,7.58465e-05,-0.00329467
0,-0.0100302,0.0107437,-0.00594893,0,7.03401e-05,-0.00383334
0,-0.0129036,0.0105698,-0.0057332,0,6.52336e-05,-0.00496299
0,-0.0170796,0.0103932,-0.00552094,0,6.0498e-05,-0.00658872
0,-0.0210369,0.0102156,-0.00531219,0,5.61064e-05,-0.00810698
0,-0.0250174,0.010037,-0.00510699,0,5.20337e-05,-0.00963769
0,-0.0277049,0.00985879,-0.00490536,0,4.82568e-05,-0.0106517
0,-0.0270648,0.00968343,-0.00470729,0,4.47541e-05,-0.0103567
0,-0.0257821,0.00950813,-0.00451275,0,4.15059e-05,-0.00985593
0,-0.0269398,0.00932977,-0.00432171,0,3.84934e-05,-0.0103394
0,-0.0278906,0.00915137,-0.00413422,0,-2.64962e-05,-0.0113544
0,-0.0296776,0.00897188,-0.0039503,0,-0.000171581,-0.0121628
0,-0.0336249,0.00879003,-0.00376996,0,-0.000338385,-0.0138186
0,-0.0374271,0.00860841,-0.00359325,0,-0.0005122,-0.0153791
0,-0.0375782,0.00843085,-0.00342018,0,-0.000689354,-0.0154787
-4.0462e-05,-0.0361186,0.0082553,-0.00325067,0,-0.000867506,-0.014985
-0.000220293,-0.0315677,0.00808341,-0.00308469,0,-0.00104197,-0.0132749
-0.000400124,-0.0225323,0.00791677,-0.00292216,0,-0.00120869,-0.00981457
-0.000579956,-0.0193525,0.00774447,-0.00276299,0,-0.00136655,-0.00875373
-0.000759787,-0.0192431,0.00756958,-0.00260724,0,-0.00151516,-0.00882202
-0.000939618,-0.0181744,0.00739651,-0.00245498,0,-0.00165427,-0.00845315
-0.00111945,-0.0186984,0.00722261,-0.00230618,0,-0.00178365,-0.00872803
-0.00129928,-0.0183428,0.00705062,-0.00216086,0,-0.00190302,-0.00862067
0.00121836,-0.037375,0.00685623,-0.00201899,0,0.000685412,-0.0144359
0.000971089,-0.0379741,0.00668377,-0.00182947,0,0.000587764,-0.0143664
0.000858694,-0.0372859,0.00651566,-0.00174506,0,0.000501429,-0.0141133
0.000678863,-0.0362811,0.00634917,-0.00161391,0,0.000426086,-0.0137435
0.000499032,-0.0345741,0.00618478,-0.00148609,0,0.000362779,-0.0130942
0.0003192,-0.0313128,0.00602346,-0.00136157,0,0.000312131,-0.011832
0.000139369,-0.0283755,0.00586327,-0.0012403,0,0.000274296,-0.0107207
0,-0.029548,0.00570025,-0.00112223,0,0.000247797,-0.0112436
0,-0.0277436,0.00554201,-0.00100741,0,0.000228076,-0.0105139
0,-0.0214064,0.00539022,-0.000895779,0,0.00021106,-0.0080192
0,-0.0183586,0.00523662,-0.000787215,0,0.000195612,-0.00690677
0,-0.0126684,0.00508757,-0.000681715,0,0.000181374,-0.00468832
0,-0.00886673,0.00493828,-0.000579218,0,0.000168194,-0.0032639
0,-0.00569195,0.00479014,-0.000479706,0,0.000155977,-0.00206041
0,-0.00306211,0.00464328,-0.000383163,0,0.000144649,-0.00106447
0,-0.00341705,0.00449516,-0.000289563,0,0.000134145,-0.00125156
0,-0.00602116,0.00434659,-0.000198919,0,0.000124404,-0.0022906
0,-0.00930444,0.0041993,-0.000111244,0,0.000115371,-0.00356602
0,-0.0131877,0.00405339,-2.65217e-05,0,0.000106994,-0.00507028
0,-0.0177445,0.00390883,5.52757e-05,0,9.92251e-05,-0.00683399
0,-0.0204145,0.00376836,0.000134175,0,9.20209e-05,-0.00783379
0,-0.0208024,0.00363243,0.000210245,0,8.534e-05,-0.00795098
0,-0.0202556,0.0034996,0.000283573,0,7.91444e-05,-0.00772974
0,-0.0197223,0.00336889,0.000354229,0,7.33988e-05,-0.00752799
0,-0.0200753,0.00323939,0.000422261,0,6.80705e-05,-0.00767969
0,-0.0211424,0.0031113,0.000487696,0,6.31292e-05,-0.00810276
0,-0.0234511,0.00298408,0.000550562,0,5.85468e-05,-0.00901047
0,-0.0256903,0.00285913,0.00061088,0,5.42972e-05,-0.00987125
0,-0.0279887,0.00273633,0.000668687,0,5.03561e-05,-0.0107566
0,-0.0289628,0.00261716,0.000724028,0,4.67013e-05,-0.0111121
0,-0.0293426,0.00250084,0.000776967,0,4.33118e-05,-0.0112505
0,-0.0292774,0.00238721,0.000827565,0,4.01685e-05,-0.0112202
0,-0.0304095,0.00227453,0.000875878,0,3.72534e-05,-0.0116747
0,-0.0307553,0.002165,0.000921932,0,-5.27718e-05,-0.0126942
0,-0.033281,0.00205538,0.00096578,0,-0.000255321,-0.0138446
0,-0.0358145,0.00194797,0.00100744,0,-0.000488362,-0.0149607
0,-0.038164,0.001843,0.00104693,0,-0.000730999,-0.0159965
0,-0.0397201,0.00174109,0.00108432,0,-0.000977151,-0.0167102
-0.000221751,-0.0392477,0.00164355,0.00111965,0,-0.00122002,-0.0166172
-0.000461482,-0.0326159,0.00155474,0.00115301,0,-0.00145296,-0.0140862
-0.000701213,-0.0281095,0.00146584,0.00118455,0,-0.00167384,-0.0124884
-0.000940944,-0.02643,0.00137609,0.00121431,0,-0.001882,-0.0119769
-0.00118067,-0.0245396,0.00128871,0.00124228,0,-0.00207715,-0.0113283
-0.00142041,-0.0223665,0.00120377,0.00126849,0,-0.002259,-0.0105605
-0.00166014,-0.0211383,0.00111995,0.00129299,0,-0.00242723,-0.0101651
0.0016961,-0.0407038,0.00101235,0.00131581,0,0.0010145,-0.0156152
0.00136047,-0.0406865,0.000931295,0.00134469,0,0.000875632,-0.0152894
0.00121663,-0.0404231,0.00085286,0.00135627,0,0.000751973,-0.01523
0.000976903,-0.0388693,0.000777874,0.00137372,0,0.000643036,-0.0146448
0.000737173,-0.0377037,0.000704529,0.00138965,0,0.0005502,-0.0142287
0.000497442,-0.0327712,0.000637219,0.00140411,0,0.000474336,-0.0122981
0.000257711,-0.0284691,0.000571236,0.00141719,0,0.000415937,-0.0106734
1.79798e-05,-0.0279307,0.000503235,0.00142895,0,0.000374269,-0.0105391
0,-0.0291329,0.000435356,0.00143935,0,0.000343744,-0.0110405
0,-0.0242864,0.000375858,0.0014484,0,0.000317898,-0.00909898
0,-0.0215303,0.000316047,0.00145621,0,0.000294576,-0.00808381
0,-0.0155318,0.00026157,0.00146283,0,0.000273117,-0.00574122
0,-0.00990431,0.000208551,0.00146834,0,0.000253262,-0.00359565
0,-0.00602097,0.000155506,0.00147277,0,0.000234861,-0.00214012
0,-7.98947e-05,0.000106454,0.00147615,0,0.000217801,0.000164371
0,0.00266225,5.57765e-05,0.00147852,0,0.000201982,0.00116067
0,0.00293647,4.23803e-06,0.00147989,0,0.000187312,0.00122112
0,-0.000666997,-4.96726e-05,0.00148023,0,0.000173708,-0.000228386
0,-0.00502544,-0.000102646,0.00147951,0,0.000161092,-0.00191946
0,-0.00992788,-0.000154479,0.00147772,0,0.000149393,-0.00381575
0,-0.0146962,-0.000204472,0.00147489,0,0.000138545,-0.00564975
0,-0.016979,-0.000250151,0.00147105,0,0.000128484,-0.00649297
0,-0.0162484,-0.000290993,0.00146628,0,0.000119154,-0.00617077
0,-0.0158742,-0.000330616,0.00146066,0,0.000110502,-0.00603671
0,-0.0156986,-0.000368877,0.00145425,0,0.000102479,-0.00597616
0,-0.015368,-0.000405428,0.00144706,0,9.50383e-05,-0.00585042
0,-0.0160643,-0.000441552,0.00143913,0,8.81382e-05,-0.00613681
0,-0.0177188,-0.000477197,0.00143048,0,8.17393e-05,-0.00678981
0,-0.0187474,-0.000510706,0.00142112,0,7.58052e-05,-0.00717803
0,-0.0188742,-0.000541813,0.00141107,0,7.03021e-05,-0.00721552
0,-0.017498,-0.000569913,0.00140039,0,6.51987e-05,-0.00666656
0,-0.0178787,-0.000598502,0.00138913,0,6.0466e-05,-0.0068419
0,-0.0182576,-0.000625731,0.00137731,0,5.60769e-05,-0.00698945
0,-0.0169481,-0.000649792,0.00136493,0,1.58093e-06,-0.00698457
0,-0.0190714,-0.000676203,0.00135205,0,-0.000117715,-0.00793969
0,-0.0219778,-0.000702163,0.00133866,0,-0.000254467,-0.00915263
0,-0.0240745,-0.000726002,0.00132475,0,-0.000396669,-0.0100265
0,-0.0256832,-0.000748094,0.00131035,0,-0.000541002,-0.0107133
-9.51613e-05,-0.0246469,-0.000766175,0.00129549,0,-0.000684253,-0.0103463
-0.000236141,-0.0158885,-0.000774896,0.00128026,0,-0.000822605,-0.00693103
-0.000377121,-0.00671784,-0.000782082,0.00126481,0,-0.000954122,-0.00346363
-0.0005181,-0.00240692,-0.000793365,0.0012492,0,-0.00107826,-0.0019372
-0.00065908,0.00138047,-0.00080415,0.00123339,0,-0.00119479,-0.000539638
-0.00080006,0.0038911,-0.000815261,0.00121736,0,-0.00130355,0.000361767
-0.000941039,0.00391875,-0.000828003,0.00120111,0,-0.00140437,0.000296748
0.00103268,-0.0176501,-0.000864927,0.00118462,0,0.000617683,-0.00691682
0.000891696,-0.0197317,-0.000877836,0.0011675,0,0.000533471,-0.00741268
0.000750717,-0.021988,-0.000889967,0.00115001,0,0.000458002,-0.00830478
0.000609737,-0.0227369,-0.000899558,0.00113227,0,0.000391633,-0.00858839
0.000468757,-0.0229074,-0.000907626,0.00111433,0,0.00033476,-0.00866075
0.000327778,-0.0207372,-0.000912329,0.00109622,0,0.000287789,-0.00780451
0.000186798,-0.020597,-0.000918342,0.00107799,0,0.000251025,-0.00779245
4.58184e-05,-0.0215697,-0.000924709,0.00105966,0,0.000224215,-0.00819202
0,-0.026819,-0.000934807,0.00104119,0,0.000204825,-0.0102809
0,-0.0260177,-0.000937674,0.00102255,0,0.000189135,-0.0098877
0,-0.0237877,-0.000938269,0.00100381,0,0.000175184,-0.00901615
0,-0.0224879,-0.000939125,0.000985046,0,0.000162403,-0.00853738
0,-0.0183106,-0.000936222,0.000966267,0,0.000150593,-0.00689501
0,-0.0166648,-0.000935339,0.000947528,0,0.000139652,-0.00630709
0,-0.016797,-0.000935689,0.000928817,0,0.000129508,-0.00638994
0,-0.0163861,-0.000934822,0.000910105,0,0.000120103,-0.00622834
0,-0.0164397,-0.000933833,0.000891404,0,0.000111381,-0.0062602
0,-0.0172741,-0.000933076,0.000872723,0,0.000103292,-0.00659641
0,-0.0182879,-0.000931931,0.000854058,0,9.57915e-05,-0.00699198
0,-0.0196056,-0.000930549,0.000835413,0,8.88358e-05,-0.00750591
0,-0.0202576,-0.000927919,0.000816795,0,8.23853e-05,-0.00774913
0,-0.0201493,-0.000923965,0.000798224,0,7.64035e-05,-0.00769875
0,-0.0195084,-0.00091895,0.000779725,0,7.08562e-05,-0.00744715
0,-0.0183594,-0.000912923,0.000761321,0,6.57118e-05,-0.00700068
0,-0.0179542,-0.000907236,0.000743032,0,6.09411e-05,-0.00685875
0,-0.0190389,-0.000902696,0.000724859,0,5.65169e-05,-0.00730018
0,-0.0201345,-0.000897746,0.000706782,0,5.24141e-05,-0.00772298
0,-0.0225682,-0.00089381,0.000688803,0,4.86093e-05,-0.00867973
0,-0.0250877,-0.000889571,0.000670907,0,4.50807e-05,-0.00965012
0,-0.0278203,-0.00088518,0.000653094,0,4.18085e-05,-0.0107041
0,-0.0297787,-0.000879604,0.000635369,0,3.87739e-05,-0.0114457
0,-0.032104,-0.000874072,0.000617749,0,3.59596e-05,-0.0123455
0,-0.0340207,-0.000867776,0.000600239,0,3.33497e-05,-0.0130764
0,-0.0349845,-0.000860085,0.000582852,0,-4.39296e-05,-0.014213
0,-0.0371549,-0.00085338,0.000565612,0,-0.000217676,-0.0151945
0,-0.037938,-0.000844918,0.000548511,0,-0.000417605,-0.0156007
0,-0.0396206,-0.000837147,0.000531571,0,-0.00062595,-0.016382
0,-0.0400323,-0.000827774,0.000514789,0,-0.000838051,-0.0166355
-9.06122e-05,-0.0392086,-0.000816857,0.000498186,0,-0.0010502,-0.0164078
-0.000303817,-0.0311357,-0.000798031,0.000481795,0,-0.00125673,-0.0132963
-0.000517023,-0.0215771,-0.000777466,0.00046574,0,-0.00145367,-0.00969432
-0.000730228,-0.017963,-0.000763076,0.000450088,0,-0.0016399,-0.00847995
-0.000943433,-0.0155113,-0.000749773,0.000434754,0,-0.00181501,-0.00763018
-0.00115664,-0.0128225,-0.000736082,0.000419692,0,-0.00197873,-0.00665951
-0.00136984,-0.0115208,-0.000723741,0.000404902,0,-0.00213077,-0.0062382
-0.00158305,-0.0111256,-0.000712248,0.000390366,0,-0.00227079,-0.00614974
0.00140182,-0.0302749,-0.00072438,0.000375891,0,0.000799676,-0.0116731
0.00111933,-0.0331168,-0.000715858,0.000356698,0,0.000685626,-0.0125003
0.000975414,-0.0348296,-0.000706187,0.000346987,0,0.000585142,-0.0131755
0.000762209,-0.0371487,-0.000697063,0.000332815,0,0.000497977,-0.0140991
0.000549003,-0.0378762,-0.000686158,0.000318828,0,0.000425287,-0.0143736
0.000335798,-0.0356103,-0.000672002,0.00030505,0,0.000367737,-0.0134737
0.000122593,-0.0332609,-0.000657708,0.00029154,0,0.000325274,-0.0125837
0,-0.0352299,-0.000647962,0.000278314,0,0.000295231,-0.0134173
0,-0.0325034,-0.000633184,0.000265306,0,0.000272105,-0.0123088
0,-0.0286356,-0.000617178,0.000252568,0,0.0002519,-0.0108157
0,-0.0250519,-0.000601474,0.000240145,0,0.000233488,-0.00945279
0,-0.019893,-0.000584107,0.000228037,0,0.000216499,-0.00745594
0,-0.0174543,-0.000569655,0.000216268,0,0.000200767,-0.00656878
0,-0.013938,-0.000554085,0.000204802,0,0.000186184,-0.0052091
0,-0.01152,-0.000539719,0.000193643,0,0.000172662,-0.00430397
0,-0.0109711,-0.000527381,0.000182777,0,0.000160122,-0.00412781
0,-0.0128646,-0.000517679,0.000172167,0,0.000148494,-0.00489782
0,-0.0146147,-0.000507861,0.000161765,0,0.000137711,-0.00557274
0,-0.0185348,-0.00050039,0.000151559,0,0.000127711,-0.0071159
0,-0.0217755,-0.000492237,0.000141514,0,0.000118438,-0.00835423
0,-0.0243565,-0.000483427,0.000131628,0,0.000109838,-0.00933922
0,-0.0237143,-0.000471247,0.000121916,0,0.000101864,-0.00904707
0,-0.0207314,-0.000456655,0.00011243,0,9.44679e-05,-0.00786939
0,-0.0173041,-0.000441679,0.000103224,0,8.76094e-05,-0.00654992
0,-0.0146957,-0.000427671,9.43153e-05,0,8.12492e-05,-0.00556396
0,-0.0116221,-0.00041327,8.56918e-05,0,7.53509e-05,-0.00437952
0,-0.0103665,-0.000400908,7.73544e-05,0,6.98809e-05,-0.00392787
0,-0.00931528,-0.000388869,6.92745e-05,0,6.48083e-05,-0.0035298
0,-0.0112207,-0.000380079,6.14369e-05,0,6.0104e-05,-0.00430894
0,-0.00985572,-0.000367917,5.37913e-05,0,5.57414e-05,-0.00373682
0,-0.0108574,-0.000358386,4.63722e-05,0,5.16956e-05,-0.00415961
0,-0.0124873,-0.000349633,3.91568e-05,0,4.79436e-05,-0.00479683
0,-0.0143681,-0.000341227,3.21204e-05,0,1.25861e-05,-0.00585716
0,-0.018464,-0.000335284,2.52538e-05,0,-6.36734e-05,-0.0075202
0,-0.0227425,-0.000329637,1.85184e-05,0,-0.00015092,-0.0092209
0,-0.0266388,-0.000323687,1.18974e-05,0,-0.000241606,-0.0107639
0,-0.0300156,-0.000317289,5.39393e-06,0,-0.000333783,-0.0121026
-3.41746e-05,-0.0318144,-0.000309323,-9.83839e-07,0,-0.000425976,-0.0128158
-0.000125307,-0.0275231,-0.000295007,-7.21013e-06,0,-0.000515784,-0.0111181
-0.000216439,-0.0191486,-0.000276503,-1.31818e-05,0,-0.000601427,-0.00787966
-0.000307571,-0.0189659,-0.000266867,-1.88044e-05,0,-0.000682414,-0.00797092
-0.000398704,-0.0177302,-0.000256251,-2.41899e-05,0,-0.00075857,-0.00751252
-0.000489836,-0.0165377,-0.000245827,-2.9368e-05,0,-0.000829785,-0.00708392
-0.000580968,-0.0156885,-0.000235914,-3.43367e-05,0,-0.000895943,-0.00678816
-0.0006721,-0.0145711,-0.000225864,-3.91045e-05,0,-0.000956906,-0.00637671
0.000603751,-0.0395303,-0.000243945,-4.38228e-05,0,0.000354473,-0.0154357
0.000603751,-0.0426542,-0.000238764,-4.38228e-05,0,0.000303683,-0.0163209
0.000421487,-0.043349,-0.000230952,-5.34705e-05,0,0.000258512,-0.0165558
0.000330354,-0.0443658,-0.000223612,-5.81286e-05,0,0.000220137,-0.0169617
0.000239222,-0.0438216,-0.000214742,-6.26375e-05,0,0.00018825,-0.0167374
0.00014809,-0.04102,-0.000203613,-6.69767e-05,0,0.000162929,-0.0156342
5.69577e-05,-0.0397234,-0.00019423,-7.11046e-05,0,0.000144119,-0.0151653
0,-0.0419017,-0.000188681,-7.50362e-05,0,0.00013076,-0.0160601
0,-0.0378773,-0.000176675,-7.88375e-05,0,0.000120506,-0.0144244
0,-0.0306706,-0.000161448,-8.24311e-05,0,0.000111555,-0.0116127
0,-0.0233,-0.000146224,-8.57362e-05,0,0.000103402,-0.00878406
0,-0.0129304,-0.000127996,-8.87367e-05,0,9.58788e-05,-0.00476016
0,-0.00612829,-0.000113756,-9.13878e-05,0,8.89125e-05,-0.0022064
0,-0.00161232,-0.000102132,-9.37341e-05,0,8.2455e-05,-0.000510552
0,0.00107535,-9.2628e-05,-9.58349e-05,0,7.64673e-05,0.00049054
0,-8.84429e-06,-8.73017e-05,-9.7735e-05,0,7.09148e-05,1.38209e-05
0,-0.00346882,-8.46528e-05,-9.95076e-05,0,6.57656e-05,-0.00135352
0,-0.00856909,-8.3887e-05,-0.000101214,0,6.09906e-05,-0.00333923
0,-0.0141867,-8.38011e-05,-0.000102896,0,5.65624e-05,-0.0055062
0,-0.0193137,-8.33185e-05,-0.000104572,0,5.24559e-05,-0.0074692
0,-0.0228701,-8.12908e-05,-0.000106241,0,4.86477e-05,-0.0088125
0,-0.0254323,-7.83336e-05,-0.000107877,0,4.5116e-05,-0.00978273
0,-0.0248584,-7.21747e-05,-0.000109458,0,4.18409e-05,-0.00951588
0,-0.0249952,-6.69111e-05,-0.000110932,0,3.88036e-05,-0.00958074
0,-0.0256721,-6.23576e-05,-0.000112297,0,3.5987e-05,-0.00985025
0,-0.0268866,-5.85079e-05,-0.000113567,0,3.33748e-05,-0.0103261
0,-0.0274116,-5.40547e-05,-0.000114756,0,3.09524e-05,-0.0105182
0,-0.0280718,-4.98755e-05,-0.00011586,0,2.87059e-05,-0.0107749
0,-0.0290563,-4.61687e-05,-0.000116878,0,2.66225e-05,-0.0111588
0,-0.0302409,-4.27994e-05,-0.00011782,0,2.46904e-05,-0.0116177
0,-0.032513,-4.07069e-05,-0.000118693,0,2.28985e-05,-0.0125076
0,-0.0353855,-3.93669e-05,-0.000119517,0,2.12368e-05,-0.0136205
0,-0.0369795,-3.67012e-05,-0.000120311,0,-6.30891e-05,-0.01508
0,-0.0409434,-3.66639e-05,-0.000121059,0,-0.000254181,-0.0167824
0,-0.0437924,-3.55416e-05,-0.000121792,0,-0.000474323,-0.0180003
0,-0.0465249,-3.43967e-05,-0.000122509,0,-0.00070391,-0.0191831
0,-0.048266,-3.22983e-05,-0.000123202,0,-0.000937978,-0.0199648
-6.55753e-05,-0.0484791,-2.86793e-05,-0.000123859,0,-0.00117316,-0.0201435
-0.000304031,-0.0442532,-2.04543e-05,-0.000124451,0,-0.00140319,-0.0185642
-0.000542486,-0.0365335,-8.64775e-06,-0.000124901,0,-0.00162293,-0.0156486
-0.000780942,-0.0331696,-1.61169e-06,-0.000125133,0,-0.00183095,-0.0145161
-0.0010194,-0.029778,5.32574e-06,-0.0001252,0,-0.00202672,-0.0132964
-0.00125785,-0.0264279,1.20904e-05,-0.000125128,0,-0.00220995,-0.0120844
-0.00149631,-0.0220624,1.98043e-05,-0.000124924,0,-0.00238029,-0.0104572
-0.00173476,-0.0189052,2.61011e-05,-0.000124566,0,-0.00253739,-0.00931926
0.00160361,-0.0358867,1.03453e-05,-0.00012417,0,0.000896052,-0.0137262
0.00126978,-0.0372705,1.15672e-05,-0.000123833,0,0.000767805,-0.014043
0.00112074,-0.0372279,1.42145e-05,-0.000123695,0,0.000654647,-0.0140451
0.000888247,-0.0374847,1.64471e-05,-0.000123431,0,0.000556025,-0.0141758
0.000649791,-0.0381839,1.8116e-05,-0.000123114,0,0.00047328,-0.014473
0.000411336,-0.0366329,2.20836e-05,-0.00012276,0,0.000407293,-0.0138609
0.00017288,-0.0350057,2.60328e-05,-0.000122338,0,0.000358226,-0.0132499
0,-0.0379549,2.50243e-05,-0.000121837,0,0.000323873,-0.014465
0,-0.0371296,2.79471e-05,-0.000121331,0,0.000298165,-0.0141016
0,-0.0335834,3.36676e-05,-0.000120787,0,0.000275936,-0.0127087
0,-0.0315597,3.76686e-05,-0.000120142,0,0.000255744,-0.0119646
0,-0.026611,4.46788e-05,-0.000119409,0,0.00023713,-0.0100285
0,-0.0234713,4.96588e-05,-0.00011855,0,0.000219897,-0.00885892
0,-0.0178406,5.71814e-05,-0.000117582,0,0.000203924,-0.00666642
0,-0.0108376,6.60471e-05,-0.000116476,0,0.000189114,-0.0039636
0,-0.00339025,7.52629e-05,-0.000115199,0,0.00017538,-0.00110386
0,0.0011186,8.12331e-05,-0.00011374,0,0.000162644,0.000576267
0,0.00380259,8.51525e-05,-0.000112145,0,0.000150833,0.00157322
0,0.0026427,8.48862e-05,-0.000110462,0,0.000139881,0.00106375
0,-0.000637486,8.22838e-05,-0.000108763,0,0.000129724,-0.000233043
0,-0.00436517,7.91347e-05,-0.000107104,0,0.000120305,-0.00167568
0,-0.00727379,7.67899e-05,-0.000105506,0,0.000111571,-0.0027841
0,-0.00905341,7.5579e-05,-0.000103958,0,0.00010347,-0.00345397
0,-0.00993633,7.52536e-05,-0.000102441,0,9.59583e-05,-0.00378283
0,-0.0116556,7.39724e-05,-0.000100934,0,8.89921e-05,-0.00445909
0,-0.0139066,7.20655e-05,-9.94481e-05,0,8.25318e-05,-0.00533461
0,-0.0161215,7.01413e-05,-9.79972e-05,0,7.65407e-05,-0.00618738
0,-0.0180415,6.84777e-05,-9.65848e-05,0,7.09847e-05,-0.00692269
0,-0.0209375,6.57269e-05,-9.52069e-05,0,6.58322e-05,-0.00805205
0,-0.0226587,6.41801e-05,-9.38786e-05,0,6.10539e-05,-0.00869721
0,-0.0233857,6.36431e-05,-9.25873e-05,0,5.66225e-05,-0.00896326
0,-0.0245246,6.26209e-05,-9.13117e-05,0,5.2513e-05,-0.00940882
0,-0.0246713,6.26537e-05,-9.00542e-05,0,3.56989e-07,-0.00995769
0,-0.0245223,6.29545e-05,-8.88013e-05,0,-0.000113937,-0.00998137
0,-0.0273709,6.00265e-05,-8.75437e-05,0,-0.000245,-0.0112047
0,-0.0296782,5.76431e-05,-8.63285e-05,0,-0.000381396,-0.0121625
0,-0.0312242,5.6038e-05,-8.51638e-05,0,-0.000520241,-0.0128204
-3.82948e-05,-0.029927,5.74204e-05,-8.4035e-05,0,-0.000659578,-0.0123499
-0.000177548,-0.0249872,6.26271e-05,-8.28935e-05,0,-0.000795766,-0.0104633
-0.000316802,-0.0140146,7.41786e-05,-8.1667e-05,0,-0.000925809,-0.0062182
-0.000456056,-0.0107869,7.74162e-05,-8.02412e-05,0,-0.00104888,-0.00515229
-0.00059531,-0.0106015,7.73654e-05,-7.8709e-05,0,-0.00116469,-0.00517689
-0.000734563,-0.0105847,7.7092e-05,-7.71615e-05,0,-0.00127305,-0.00521666
-0.000873817,-0.0122238,7.50188e-05,-7.56183e-05,0,-0.0013738,-0.0059097
-0.00101307,-0.012974,7.38573e-05,-7.41075e-05,0,-0.00146672,-0.00621728
0.000936481,-0.0339031,4.82471e-05,-7.26071e-05,0,0.00053725,-0.0131883
0.000748489,-0.0354926,4.6251e-05,-7.11706e-05,0,0.000461275,-0.013478
0.000657974,-0.0352637,4.61827e-05,-7.05594e-05,0,0.000394127,-0.013386
0.00051872,-0.0356015,4.54915e-05,-6.96353e-05,0,0.000335597,-0.0135406
0.000379466,-0.0348223,4.59685e-05,-6.8722e-05,0,0.000286465,-0.0132375
0.000240213,-0.032389,4.81792e-05,-6.78051e-05,0,0.000247193,-0.0122887
0.000100959,-0.0316196,4.85936e-05,-6.68525e-05,0,0.000217861,-0.0120278
0,-0.0338819,4.57669e-05,-6.58827e-05,0,0.00019717,-0.0129505
0,-0.0313719,4.79999e-05,-6.49533e-05,0,0.000181575,-0.0119206
0,-0.0248052,5.45118e-05,-6.40044e-05,0,0.000168053,-0.00934339
0,-0.0201461,5.895e-05,-6.29467e-05,0,0.00015576,-0.00758955
0,-0.0137169,6.52257e-05,-6.17899e-05,0,0.000144425,-0.00509926
0,-0.00826252,7.04144e-05,-6.05168e-05,0,0.00013393,-0.00302494
0,-0.00499463,7.32319e-05,-5.91345e-05,0,0.000124203,-0.00180834
0,-0.0033217,7.43151e-05,-5.76839e-05,0,0.000115183,-0.00119474
0,-0.00584776,7.09066e-05,-5.6203e-05,0,0.000106819,-0.00223297
0,-0.00912705,6.66855e-05,-5.47678e-05,0,9.90621e-05,-0.00350733
0,-0.0132569,6.15549e-05,-5.3413e-05,0,9.18692e-05,-0.00510951
0,-0.0183992,5.53502e-05,-5.21563e-05,0,8.51988e-05,-0.00710263
0,-0.024572,4.80604e-05,-5.10183e-05,0,7.90129e-05,-0.0094915
0,-0.0272276,4.45229e-05,-5.00206e-05,0,7.32764e-05,-0.01046
0,-0.0286934,4.22538e-05,-4.91125e-05,0,6.79566e-05,-0.0110071
0,-0.0283288,4.19296e-05,-4.8256e-05,0,6.30231e-05,-0.0108414
0,-0.0284933,4.10378e-05,-4.74158e-05,0,5.8448e-05,-0.0109149
0,-0.0289851,3.97957e-05,-4.65906e-05,0,5.42052e-05,-0.0111108
0,-0.029648,3.83714e-05,-4.57885e-05,0,5.02705e-05,-0.0113698
0,-0.0320637,3.50874e-05,-4.50139e-05,0,4.66216e-05,-0.0123259
0,-0.0346655,3.16164e-05,-4.42958e-05,0,4.32376e-05,-0.0133294
0,-0.0363982,2.90814e-05,-4.36461e-05,0,4.00994e-05,-0.0139828
0,-0.0363158,2.84845e-05,-4.30518e-05,0,3.71891e-05,-0.0139248
0,-0.0347046,2.95143e-05,-4.24791e-05,0,3.44901e-05,-0.013284
0,-0.0330025,3.0637e-05,-4.1894e-05,0,3.19871e-05,-0.0126303
0,-0.0323719,3.06174e-05,-4.12868e-05,0,2.96658e-05,-0.0124057
0,-0.0315366,3.08839e-05,-4.06744e-05,0,-4.89665e-05,-0.0128679
0,-0.03567,2.58747e-05,-4.0058e-05,0,-0.000226166,-0.0146596
0,-0.0372119,2.36404e-05,-3.95155e-05,0,-0.000430081,-0.0153368
0,-0.0403117,1.97652e-05,-3.90315e-05,0,-0.000642395,-0.0166698
0,-0.0419345,1.74799e-05,-3.86168e-05,0,-0.000857725,-0.0173822
-0.00020398,-0.039451,1.95702e-05,-3.82558e-05,0,-0.00106991,-0.0164696
-0.00041319,-0.03107,2.79189e-05,-3.78749e-05,0,-0.00127313,-0.0132568
-0.000622401,-0.0249364,3.38482e-05,-3.73582e-05,0,-0.00146571,-0.0110231
-0.000831611,-0.0219947,3.63618e-05,-3.67109e-05,0,-0.00164716,-0.0100208
-0.00104082,-0.0190822,3.88296e-05,-3.59963e-05,0,-0.0018172,-0.00897283
-0.00125003,-0.0167415,4.06744e-05,-3.5232e-05,0,-0.00197561,-0.00814445
-0.00145924,-0.0159686,4.08401e-05,-3.44277e-05,0,-0.0021221,-0.00792531
0.0014697,-0.0394294,1.19374e-05,-3.36118e-05,0,0.000881826,-0.0152266
0.00126049,-0.0414788,9.22415e-06,-3.32285e-05,0,0.000760265,-0.0156764
0.00105128,-0.0434577,6.60686e-06,-3.30304e-05,0,0.000651852,-0.0164677
0.000842072,-0.0438973,5.64553e-06,-3.28852e-05,0,0.000557135,-0.0166398
0.000632861,-0.0422456,6.91982e-06,-3.27675e-05,0,0.000476716,-0.0159955
0.000423651,-0.0391141,9.77009e-06,-3.26355e-05,0,0.000411196,-0.0147887
0.000214441,-0.0354499,1.31829e-05,-3.24543e-05,0,0.000360955,-0.0133886
5.23026e-06,-0.0351141,1.30541e-05,-3.22077e-05,0,0.000325284,-0.0133235
0,-0.034935,1.27656e-05,-3.19459e-05,0,0.000299081,-0.0132685
0,-0.0291865,1.8397e-05,-3.16892e-05,0,0.000276679,-0.0109864
0,-0.0254804,2.18399e-05,-3.13494e-05,0,0.000256403,-0.00960429
0,-0.0209168,2.618e-05,-3.09298e-05,0,0.000237731,-0.0078478
0,-0.0179089,2.88491e-05,-3.04279e-05,0,0.00022045,-0.00672494
0,-0.0143898,3.20467e-05,-2.98643e-05,0,0.000204434,-0.0053736
0,-0.00939178,3.67967e-05,-2.92393e-05,0,0.000189584,-0.00343897
0,-0.00872902,3.69173e-05,-2.85272e-05,0,0.000175814,-0.00325748
0,-0.00795931,3.71436e-05,-2.77894e-05,0,0.000163044,-0.0029664
0,-0.0107305,3.36022e-05,-2.70477e-05,0,0.000151203,-0.00409034
0,-0.0151377,2.83331e-05,-2.63579e-05,0,0.000140222,-0.00581282
0,-0.01924,2.34068e-05,-2.57649e-05,0,0.000130038,-0.00738814
0,-0.0225662,1.9325e-05,-2.52722e-05,0,0.000120595,-0.00865787
0,-0.0222883,1.9089e-05,-2.48652e-05,0,0.000111838,-0.00850015
0,-0.0218182,1.90611e-05,-2.44823e-05,0,0.000103717,-0.0083206
0,-0.0216789,1.8685e-05,-2.41009e-05,0,9.61858e-05,-0.00827577
0,-0.0207528,1.91489e-05,-2.37253e-05,0,8.92019e-05,-0.00791145
0,-0.0206025,1.87898e-05,-2.33447e-05,0,8.27253e-05,-0.00786871
0,-0.020953,1.79033e-05,-2.29671e-05,0,7.67191e-05,-0.00801385
0,-0.0201961,1.81994e-05,-2.26046e-05,0,7.11492e-05,-0.0077089
0,-0.0196417,1.8282e-05,-2.22421e-05,0,6.59839e-05,-0.00750163
0,-0.017013,2.05696e-05,-2.18769e-05,0,6.11938e-05,-0.00646279
0,-0.0140771,2.31755e-05,-2.14769e-05,0,5.67516e-05,-0.00533294
0,-0.0131698,2.36171e-05,-2.10264e-05,0,5.2632e-05,-0.00501762
0,-0.0133386,2.29142e-05,-2.05563e-05,0,4.88116e-05,-0.00510074
0,-0.0148405,2.07987e-05,-2.00945e-05,0,4.52686e-05,-0.00569955
0,-0.017901,1.70383e-05,-1.96679e-05,0,4.19829e-05,-0.00690011
0,-0.0222921,1.18837e-05,-1.93084e-05,0,3.89358e-05,-0.00860796
0,-0.0252756,8.25035e-06,-1.90449e-05,0,3.611e-05,-0.00973328
0,-0.0263432,6.67366e-06,-1.88618e-05,0,3.34894e-05,-0.0101151
0,-0.0246344,8.05942e-06,-1.87204e-05,0,3.1059e-05,-0.00941762
0,-0.0147383,1.81397e-05,-1.85661e-05,0,2.88051e-05,-0.00549354
0,-0.0062942,2.66395e-05,-1.82537e-05,0,2.67148e-05,-0.00227459
0,-0.00296226,2.96745e-05,-1.77635e-05,0,2.47763e-05,-0.0010745
0,-0.000950318,3.12911e-05,-1.71851e-05,0,2.29786e-05,-0.000323074
0,-0.000228239,3.15264e-05,-1.65674e-05,0,2.13113e-05,-6.63808e-05
0,-0.00133327,2.98155e-05,-1.5938e-05,0,1.97651e-05,-0.000519399
0,-0.0020328,2.85377e-05,-1.53332e-05,0,1.83311e-05,-0.000782463
0,-0.00333451,2.66222e-05,-1.4756e-05,0,1.70012e-05,-0.00129213
0,-0.00505268,2.427e-05,-1.4214e-05,0,1.57678e-05,-0.00195881
0,-0.00486174,2.39532e-05,-1.37169e-05,0,1.4624e-05,-0.00185679
0,-0.00327346,2.51205e-05,-1.32362e-05,0,1.35631e-05,-0.00122606
0,-0.00248316,2.54346e-05,-1.27396e-05,0,1.25793e-05,-0.000935309
0,-0.00165007,2.57913e-05,-1.22325e-05,0,1.16669e-05,-0.000615214
0,-0.00166891,2.52405e-05,-1.17185e-05,0,1.08206e-05,-0.000635905
0,-0.00257681,2.37467e-05,-1.12109e-05,0,1.00358e-05,-0.000998496
0,-0.00333842,2.24139e-05,-1.07285e-05,0,9.30796e-06,-0.00128903
0,-0.0047502,2.03964e-05,-1.02736e-05,0,8.63291e-06,-0.00184138
0,-0.00622873,1.83176e-05,-9.85554e-06,0,8.00684e-06,-0.0024104
0,-0.0075975,1.63663e-05,-9.4788e-06,0,7.4262e-06,-0.00293455
0,-0.00899746,1.43932e-05,-9.13976e-06,0,6.88769e-06,-0.00347281
0,-0.0101171,1.27302e-05,-8.84203e-06,0,6.38825e-06,-0.00389867
0,-0.0117007,1.05867e-05,-8.57911e-06,0,5.92504e-06,-0.00451402
0,-0.0126451,9.13683e-06,-8.35666e-06,0,5.49543e-06,-0.00486706
0,-0.013454,7.8436e-06,-8.16668e-06,0,5.09699e-06,-0.00517577
0,-0.0147045,6.09429e-06,-8.00334e-06,0,4.72746e-06,-0.00566284
0,-0.0163536,3.93708e-06,-7.8727e-06,0,4.38472e-06,-0.00630229
0,-0.0174999,2.33154e-06,-7.78318e-06,0,4.06685e-06,-0.00673488
0,-0.0181049,1.31698e-06,-7.72852e-06,0,3.77204e-06,-0.00695902
0,-0.0184482,5.94426e-07,-7.69711e-06,0,3.4986e-06,-0.00708697
0,-0.0187141,-3.27663e-08,-7.6816e-06,0,3.245e-06,-0.00718797
0,-0.0190047,-6.73569e-07,-7.67912e-06,0,3.00979e-06,-0.00730008
0,-0.0186357,-6.01052e-07,-7.68939e-06,0,2.79164e-06,-0.00714837
0,-0.0180327,-2.70507e-07,-7.70177e-06,0,2.58931e-06,-0.00691335
0,-0.018119,-6.63707e-07,-7.70884e-06,0,2.40165e-06,-0.00695715
0,-0.0175229,-3.21375e-07,-7.72015e-06,0,2.22759e-06,-0.0067179
0,-0.0168944,6.29045e-08,-7.72829e-06,0,2.06616e-06,-0.00647616
0,-0.0166231,7.49036e-08,-7.72895e-06,0,1.91643e-06,-0.00637752
0,-0.0164432,-2.05036e-09,-7.72751e-06,0,1.77756e-06,-0.00630992
0,-0.0160749,1.29325e-07,-7.72717e-06,0,1.64876e-06,-0.00616568
0,-0.0153903,6.03582e-07,-7.72524e-06,0,1.52929e-06,-0.00589806
0,-0.0144531,1.35141e-06,-7.71554e-06,0,1.41849e-06,-0.00553438
0,-0.0136919,1.91595e-06,-7.69225e-06,0,1.31572e-06,-0.00524484
0,-0.0134282,1.95597e-06,-7.65675e-06,0,1.22039e-06,-0.00515127
0,-0.0131744,1.99121e-06,-7.61783e-06,0,1.13198e-06,-0.00505401
