-0.214999,0,-0.205,0,0
-0.214999,0,-0.205,0,0
-0.214999,0,-0.205,0,0
-0.214999,0,-0.205,0,0
-0.214999,0,-0.205,0,0
-0.214999,0,-0.205,0,0
-0.214999,0,-0.205,0,0
-0.214999,0,-0.205,0,0
-0.214999,0,-0.205,0,0
-0.214999,0,-0.205,0,0
-0.214999,0,-0.205,0,0
-0.214999,0,-0.205,0,0
-0.214999,0,-0.205,0,0
-0.214999,0,-0.205,0,0
-0.214999,0,-0.205,0,0
-0.214999,0,-0.205,0,0
-0.214999,0,-0.205,0,0
-0.214999,0,-0.205,0,0
-0.214999,0,-0.205,0,0
-0.214999,0,-0.205,0,0
-0.214999,0,-0.205,0,0
-0.214999,0,-0.205,0,0
-0.214999,0,-0.205,0,0
-0.214999,0,-0.205,0,0
-0.214999,0,-0.205,0,0
-0.214999,0,-0.205,0,0
-0.214999,0,-0.205,0,0
-0.214999,0,-0.205,0,0
-0.214999,0,-0.205,0,0
-0.214999,0,-0.205,0,0
-0.214999,0,-0.205,0,0
-0.214999,0,-0.205,0,0
-0.214999,0,-0.205,0,0
-0.214999,0,-0.205,0,0
-0.214999,0,-0.205,0,0
-0.214999,0,-0.205,0,0
-0.214999,0,-0.205,0,0
-0.214999,0,-0.205,0,0
-0.214999,0,-0.205,0,0
-0.214999,0,-0.205,0,0
-0.214999,0,-0.205,0,0
-0.214999,0,-0.205,0,0
-0.214999,0,-0.205,0,0
-0.214999,0,-0.205,0,0
-0.214999,0,-0.205,0,0
-0.214999,0,-0.205,0,0
-0.214999,0,-0.205,0,0
-0.214999,0,-0.205,0,0
-0.214999,0,-0.205,0,0
-0.214999,0,-0.205,0,0
-0.214999,0,-0.205,0,0
-0.214999,0,-0.205,0,0
-0.214999,0,-0.205,0,0
-0.214999,0,-0.205,0,0
-0.214999,0,-0.205,0,0
-0.214999,0,-0.205,0,0
-0.214999,0,-0.205,0,0
-0.214999,0,-0.205,0,0
-0.214999,0,-0.205,0,0
-0.214999,0,-0.205,0,0
-0.214999,0,-0.205,0,0
-0.214999,0,-0.205,0,0
-0.214999,0,-0.205,0,0
-0.214999,0,-0.205,0,0
-0.214999,0,-0.205,0,0
-0.214999,0,-0.205,0,0
-0.214999,0,-0.205,0,0
-0.214999,0,-0.205,0,0
-0.214999,0,-0.205,0,0
-0.214999,0,-0.205,0,0
-0.214999,0,-0.205,0,0
-0.214999,0,-0.205,0,0
-0.214999,0,-0.205,0,0
-0.214999,0,-0.205,0,0
-0.214999,0,-0.205,0,0
-0.214999,0,-0.205,0,0
-0.214999,0,-0.205,0,0
-0.214999,0,-0.205,0,0
-0.214999,0,-0.205,0,0
-0.214999,0,-0.205,0,0
-0.214999,0,-0.205,0,0
-0.214999,0,-0.205,0,0
-0.214999,0,-0.205,0,0
-0.214999,0,-0.205,0,0
-0.214999,0,-0.205,0,0
-0.214999,0,-0.205,0,0
-0.214999,0,-0.205,0,0
-0.214999,0,-0.205,0,0
-0.214999,0,-0.205,0,0
-0.214999,0,-0.205,0,0
-0.214999,0,-0.205,0,0
-0.214999,0,-0.205,0,0
-0.214999,0,-0.205,0,0
-0.214999,0,-0.205,0,0
-0.214999,0,-0.205,0,0
-0.214999,0,-0.205,0,0
-0.214999,0,-0.205,0,0
-0.214999,0,-0.205,0,0
-0.214999,0,-0.205,0,0
-0.214999,0,-0.205,0,0
-0.214999,0,-0.205,0,0
-0.214999,0,-0.205,0,0
-0.214999,0,-0.205,0,0
-0.214999,0,-0.205,0,0
-0.214999,0,-0.205,0,0
-0.214999,0,-0.205,0,0
-0.214999,0,-0.205,0,0
-0.214999,0,-0.205031,0,0
-0.214999,0,-0.205124,0,0
-0.214999,0,-0.205276,0,0
-0.214999,0,-0.20548,0,0
-0.214999,0,-0.205734,0,0
-0.214999,0,-0.206032,0,0
-0.214999,0,-0.20637,0,0
-0.214999,0,-0.206744,0,0
-0.214999,0,-0.207149,0,0
-0.214999,0,-0.207581,0,0
-0.214999,0,-0.208036,0,0
-0.214999,0,-0.208508,0,0
-0.214999,0,-0.208993,0,0
-0.214999,0,-0.209488,0,0
-0.214999,0,-0.209987,0,0
-0.214999,0,-0.210487,0,0
-0.214999,0,-0.210981,0,0
-0.214999,0,-0.211468,0,0
-0.214999,0,-0.211941,0,0
-0.214999,0,-0.212396,0,0
-0.214999,0,-0.212829,0,0
-0.214999,0,-0.213236,0,0
-0.214999,0,-0.213611,0,0
-0.214999,0,-0.213951,0,0
-0.214999,0,-0.214252,0,0
-0.214999,0,-0.214508,0,0
-0.214999,0,-0.214715,0,0
-0.214999,0,-0.214869,0,0
-0.214999,0,-0.214965,0,0
-0.214999,0,-0.214999,0,0
-0.214999,0,-0.214999,0,0
-0.214999,0,-0.214999,0,0
-0.214999,0,-0.214999,0,0
-0.214999,0,-0.214999,0,0
-0.214999,0,-0.214999,0,0
-0.214999,0,-0.214999,0,0
-0.214999,0,-0.214999,0,0
0.235,0.206036,0,0,0
0.235,0.206036,0,0,0
0.235,0.206036,0,0,0
0.235,0.206036,0,0,0
0.235,0.206036,0,0,0
0.235,0.206036,0,0,0
0.235,0.206036,0,0,0
0.285,0.206036,0,0,0
0.304389,0.206556,0,0,0
0.270275,0.206884,0,-0.00763124,0
0.228556,0.206645,0,-0.00147599,0
0.235383,0.207424,0,-0.00465872,0
0.237778,0.208344,0,-0.00686813,0
0.249263,0.210539,0,-0.00905948,0
0.2515,0.212343,0,-0.0088051,0
0.251794,0.214114,0,-0.00774958,0
0.249366,0.215432,0,-0.006056,0
0.246781,0.216615,0,-0.00477384,0
0.244231,0.217697,0,-0.00393765,0
0.241474,0.218536,0,-0.00328878,0
0.24027,0.219781,0,-0.00300112,0
0.23763,0.21986,0,-0.00242983,0
0.236468,0.220833,0,-0.00300835,0
0.235684,0.221934,0,-0.00300835,0
0.234787,0.22288,0,-0.00437764,0
0.236847,0.225638,0,-0.00875323,0
0.234174,0.225238,0,-0.00875323,0
0.2362,0.228053,0,-0.0150925,0
0.233319,0.227068,0,-0.0150925,0
0.233107,0.228025,0,-0.0190235,0
0.232985,0.228962,0,-0.0223733,0
0.232589,0.229555,0,-0.0267936,0
0.232302,0.23012,0,-0.03195,0
0.233409,0.233343,0,-0.036556,0
0.233893,0.233978,0,-0.0392672,0
0.23607,0.234463,0,-0.0375294,0
0.234838,0.234778,0,-0.0331744,0
0.236742,0.234929,0,-0.0258969,0
0.236315,0.234936,0,0,0
0.236315,0.234936,0,0,0
0.236315,0.234936,0,0,0
0.236315,0.234936,0,0,0
0.236315,0.234936,0,0,0
0.236315,0.234936,0,0,0
0.236315,0.234936,0,0,0
-0.245,0,-0.225261,0,0
-0.245,0,-0.225261,0,0
-0.245,0,-0.225261,0,0
-0.245,0,-0.225261,0,0
-0.245,0,-0.225261,0,0
-0.245,0,-0.225261,0,0
-0.245,0,-0.225261,0,0
-0.245,0,-0.225261,0,0
-0.295,0,-0.225394,0.00707714,0
-0.264399,0,-0.225637,0.0103673,0
-0.240821,0,-0.22562,0.0149954,0
-0.229201,0,-0.225425,0.0149954,0
-0.232251,0,-0.225719,0.0177723,0
-0.241444,0,-0.226782,0.0204138,0
-0.243139,0,-0.227531,0.0208691,0
-0.241082,0,-0.227852,0.020941,0
-0.240764,0,-0.228413,0.0216866,0
-0.239556,0,-0.228763,0.022694,0
-0.239379,0,-0.229511,0.0241521,0
-0.241178,0,-0.230814,0.0258189,0
-0.24346,0,-0.23251,0.0271581,0
-0.244466,0,-0.233881,0.0276655,0
-0.244863,0,-0.235037,0.0277097,0
-0.24505,0,-0.235872,0.027939,0
-0.244549,0,-0.236561,0.0279467,0
-0.244452,0,-0.237419,0.0291836,0
-0.244344,0,-0.238284,0.0291836,0
-0.243952,0,-0.238827,0.0316905,0
-0.243197,0,-0.239087,0.0316905,0
-0.242403,0,-0.23916,0.0342571,0
-0.241741,0,-0.239258,0.0378916,0
-0.240275,0,-0.238643,0.0426383,0
-0.240232,0,-0.23906,0.0476179,0
-0.241355,0,-0.242908,0.0529121,0
-0.241889,0,-0.243296,0.0556612,0
-0.241664,0,-0.243587,0.0582047,0
-0.242377,0,-0.243735,0.060505,0
-0.242892,0,-0.243834,0.0594882,0
-0.244871,0,-0.24384,0.0559764,0
-0.244871,0,-0.24384,0,0
-0.244871,0,-0.24384,0,0
-0.244871,0,-0.24384,0,0
-0.244871,0,-0.24384,0,0
-0.244871,0,-0.24384,0,0
-0.244871,0,-0.24384,0,0
0.245,0.234971,0,0,0
0.245,0.234971,0,0,0
0.245,0.234971,0,0,0
0.245,0.234971,0,0,0
0.245,0.234971,0,0,0
0.245,0.234971,0,0,0
0.245,0.234971,0,0,0
0.245,0.234971,0,0,0
0.295,0.235172,0,0,0
0.260112,0.235204,0,-0.00436498,0
0.224641,0.234745,0,-0.00896452,0
0.228621,0.234714,0,-0.0138374,0
0.230594,0.23469,0,-0.0167136,0
0.237295,0.235187,0,-0.0199668,0
0.240199,0.235629,0,-0.0215455,0
0.238879,0.235602,0,-0.0222924,0
0.239585,0.235897,0,-0.0236689,0
0.237333,0.235569,0,-0.0250567,0
0.238703,0.236086,0,-0.0270498,0
0.240973,0.237051,0,-0.029077,0
0.241424,0.237519,0,-0.0304504,0
0.240706,0.237518,0,-0.0314657,0
0.240042,0.237469,0,-0.0331567,0
0.239249,0.237291,0,-0.0352694,0
0.23913,0.237431,0,-0.0381226,0
0.239796,0.23806,0,-0.0414699,0
0.240249,0.238599,0,-0.0446662,0
0.240354,0.238917,0,-0.0474574,0
0.239661,0.238613,0,-0.0502332,0
0.239262,0.238478,0,-0.053545,0
0.238931,0.238352,0,-0.0573082,0
0.238506,0.238111,0,-0.0608751,0
0.23865,0.238352,0,-0.0644415,0
0.239558,0.242241,0,-0.06728,0
0.240666,0.242403,0,-0.0687354,0
0.240959,0.242528,0,-0.0695926,0
0.244034,0.242605,0,-0.0702328,0
0.242571,0.242634,0,-0.0702328,0
0.24454,0.242635,0,0,0
0.24454,0.242635,0,0,0
0.24454,0.242635,0,0,0
0.24454,0.242635,0,0,0
0.24454,0.242635,0,0,0
0.24454,0.242635,0,0,0
0.24454,0.242635,0,0,0
-0.245,0,-0.233694,0,0
-0.245,0,-0.233694,0,0
-0.245,0,-0.233694,0,0
-0.245,0,-0.233694,0,0
-0.245,0,-0.233694,0,0
-0.245,0,-0.233694,0,0
-0.245,0,-0.233694,0,0
-0.245,0,-0.233694,0,0
-0.295,0,-0.233817,0,0
-0.248894,0,-0.233824,0.00744183,0
-0.217225,0,-0.233349,0.0118173,0
-0.222413,0,-0.233253,0.0165495,0
-0.220852,0,-0.232895,0.0190978,0
-0.226805,0,-0.233022,0.0220988,0
-0.228649,0,-0.233035,0.024279,0
-0.227326,0,-0.232634,0.0257223,0
-0.227945,0,-0.23251,0.0277953,0
-0.228765,0,-0.232472,0.0297833,0
-0.229955,0,-0.232598,0.031892,0
-0.231172,0,-0.232835,0.0338755,0
-0.239221,0,-0.235857,0.0372707,0
-0.240895,0,-0.236874,0.0391341,0
-0.242217,0,-0.237881,0.0407037,0
-0.242809,0,-0.238638,0.0417446,0
-0.242888,0,-0.239136,0.0424971,0
-0.243248,0,-0.239814,0.0434434,0
-0.243124,0,-0.240193,0.0444923,0
-0.241869,0,-0.23968,0.0454119,0
-0.240763,0,-0.239168,0.0465736,0
-0.239397,0,-0.23835,0.0501868,0
-0.238107,0,-0.237454,0.0541236,0
-0.237821,0,-0.237354,0.0591226,0
-0.238058,0,-0.237702,0.063771,0
-0.239016,0,-0.24175,0.0670693,0
-0.239732,0,-0.241937,0.0688194,0
-0.240405,0,-0.242079,0.069733,0
-0.240592,0,-0.242168,0.0699464,0
-0.241446,0,-0.242205,0.0699543,0
-0.234386,0,-0.242206,0.0699641,0
-0.234386,0,-0.242206,0,0
-0.234386,0,-0.242206,0,0
-0.234386,0,-0.242206,0,0
-0.234386,0,-0.242206,0,0
-0.234386,0,-0.242206,0,0
-0.234386,0,-0.242206,0,0
0.245,0.232625,0,0,0
0.245,0.232625,0,0,0
0.245,0.232625,0,0,0
0.245,0.232625,0,0,0
0.245,0.232625,0,0,0
0.245,0.232625,0,0,0
0.245,0.232625,0,0,0
0.245,0.232625,0,0,0
0.295,0.232752,0,0,0
0.265528,0.232878,0,-0.001111,0
0.221304,0.232404,0,-0.0048325,0
0.227568,0.232436,0,-0.0093923,0
0.230316,0.232486,0,-0.0115258,0
0.237864,0.233088,0,-0.0133952,0
0.245909,0.234237,0,-0.0147225,0
0.242137,0.234116,0,-0.0148326,0
0.241707,0.234398,0,-0.0159879,0
0.241604,0.234753,0,-0.0174576,0
0.242588,0.235435,0,-0.0191022,0
0.24297,0.236032,0,-0.0204378,0
0.242928,0.236513,0,-0.0220165,0
0.245012,0.237936,0,-0.0238187,0
0.244551,0.238334,0,-0.0242361,0
0.242866,0.238181,0,-0.0250793,0
0.238342,0.236074,0,-0.0266603,0
0.23079,0.231382,0,-0.0289629,0
0.230687,0.231221,0,-0.031718,0
0.239091,0.237691,0,-0.0388096,0
0.22822,0.22891,0,-0.0388219,0
0.228286,0.228829,0,-0.0410606,0
0.237147,0.236738,0,-0.0477565,0
0.235735,0.240794,0,-0.0528756,0
0.230615,0.241054,0,-0.0546171,0
0.236104,0.24107,0,-0.0588644,0
0.249646,0.24107,0,-0.0570716,0
0.249646,0.24107,0,0,0
0.249646,0.24107,0,0,0
0.249646,0.24107,0,0,0
0.249646,0.24107,0,0,0
0.249646,0.24107,0,0,0
0.249646,0.24107,0,0,0
-0.245,0,-0.236112,0,0
-0.245,0,-0.236112,0,0
-0.245,0,-0.236112,0,0
-0.245,0,-0.236112,0,0
-0.245,0,-0.236112,0,0
-0.245,0,-0.236112,0,0
-0.245,0,-0.236112,0,0
-0.245,0,-0.236112,0,0
-0.245,0,-0.236132,0,0
-0.195,0,-0.235122,-0.0269435,0
-0.224045,0,-0.235479,-0.0233488,0
-0.234903,0,-0.236,-0.0142892,0
-0.244595,0,-0.237097,-0.00837034,0
-0.243618,0,-0.237346,-0.000320717,0
-0.247952,0,-0.23838,-0.000320717,0
-0.25903,0,-0.241141,0.00220461,0
-0.248492,0,-0.239502,0.00261178,0
-0.255896,0,-0.242111,0.00369729,0
-0.26076,0,-0.244246,0.00424345,0
-0.254064,0,-0.242583,0.00349332,0
-0.249135,0,-0.24135,0.00333533,0
-0.249941,0,-0.242339,0.00441462,0
-0.245439,0,-0.24074,0.0044892,0
-0.245617,0,-0.241271,0.00521233,0
-0.246765,0,-0.24241,0.00615512,0
-0.247741,0,-0.24351,0.00778095,0
-0.246407,0,-0.243146,0.00851702,0
-0.244325,0,-0.24208,0.0105654,0
-0.243057,0,-0.241453,0.0141529,0
-0.243187,0,-0.241838,0.0201076,0
-0.243341,0,-0.242248,0.0262906,0
-0.243864,0,-0.242968,0.0316356,0
-0.243367,0,-0.242765,0.0367653,0
-0.243312,0,-0.244686,0.0417101,0
-0.243779,0,-0.244898,0.0473619,0
-0.2445,0,-0.245063,0.0507848,0
-0.244877,0,-0.245178,0.0517173,0
-0.244831,0,-0.245238,0.0499496,0
-0.246555,0,-0.245246,0.0463174,0
-0.246555,0,-0.245246,0,0
-0.246555,0,-0.245246,0,0
-0.246555,0,-0.245246,0,0
-0.246555,0,-0.245246,0,0
-0.246555,0,-0.245246,0,0
-0.246555,0,-0.245246,0,0
0.245,0.235208,0,0,0
0.245,0.235208,0,0,0
0.245,0.235208,0,0,0
0.245,0.235208,0,0,0
0.245,0.235208,0,0,0
0.245,0.235208,0,0,0
0.245,0.235208,0,0,0
0.245,0.235208,0,0,0
0.295,0.235307,0,0,0
0.266027,0.23543,0,-0.00119815,0
0.222071,0.234961,0,-0.00478074,0
0.232127,0.235095,0,-0.00943699,0
0.229318,0.234861,0,-0.0108145,0
0.235743,0.235254,0,-0.0132095,0
0.235308,0.235219,0,-0.0140684,0
0.234802,0.235146,0,-0.0149563,0
0.237251,0.2356,0,-0.0164334,0
0.236478,0.235504,0,-0.0171319,0
0.237459,0.235832,0,-0.0181388,0
0.238959,0.236424,0,-0.0191457,0
0.246039,0.23928,0,-0.0208274,0
0.247224,0.240316,0,-0.0212887,0
0.24643,0.240538,0,-0.021136,0
0.246728,0.241256,0,-0.0215915,0
0.248101,0.242637,0,-0.0222596,0
0.24787,0.243128,0,-0.0218666,0
0.247898,0.243755,0,-0.0218518,0
0.246818,0.243551,0,-0.021665,0
0.24557,0.2431,0,-0.0225729,0
0.245425,0.243418,0,-0.0252394,0
0.244651,0.243166,0,-0.0281937,0
0.243954,0.242881,0,-0.0320265,0
0.243569,0.242813,0,-0.0371201,0
0.244021,0.244882,0,-0.0430949,0
0.244292,0.245121,0,-0.0476556,0
0.244251,0.245308,0,-0.0507882,0
0.244078,0.245437,0,-0.0523669,0
0.244456,0.245505,0,-0.0535425,0
0.245872,0.245515,0,-0.0512861,0
0.245872,0.245515,0,0,0
0.245872,0.245515,0,0,0
0.245872,0.245515,0,0,0
0.245872,0.245515,0,0,0
0.245872,0.245515,0,0,0
0.245872,0.245515,0,0,0
-0.245,0,-0.238407,0,0
-0.245,0,-0.238407,0,0
-0.245,0,-0.238407,0,0
-0.245,0,-0.238407,0,0
-0.245,0,-0.238407,0,0
-0.245,0,-0.238407,0,0
-0.245,0,-0.238407,0,0
-0.245,0,-0.238407,0,0
-0.295,0,-0.238502,0,0
-0.265801,0,-0.238611,0.0142987,0
-0.218238,0,-0.238022,0.0164634,0
-0.216498,0,-0.237492,0.0214067,0
-0.216017,0,-0.236934,0.0236025,0
-0.2306,0,-0.237674,0.0272474,0
-0.234535,0,-0.237918,0.0283365,0
-0.234072,0,-0.237706,0.028599,0
-0.23097,0,-0.236917,0.0289009,0
-0.231052,0,-0.236626,0.0302164,0
-0.232822,0,-0.236803,0.0320236,0
-0.235262,0,-0.237356,0.0336495,0
-0.236437,0,-0.237655,0.0344793,0
-0.236686,0,-0.237666,0.0347945,0
-0.237229,0,-0.23784,0.0353686,0
-0.236761,0,-0.237535,0.0357075,0
-0.237334,0,-0.237785,0.0362499,0
-0.237952,0,-0.238121,0.0370195,0
-0.237517,0,-0.237805,0.0376126,0
-0.2367,0,-0.237177,0.038437,0
-0.235671,0,-0.236314,0.0398835,0
-0.234824,0,-0.235523,0.0423546,0
-0.233606,0,-0.234356,0.0456199,0
-0.232986,0,-0.233648,0.0498982,0
-0.233376,0,-0.233827,0.0548044,0
-0.233639,0,-0.235241,0.0589318,0
-0.234247,0,-0.235161,0.0625831,0
-0.234938,0,-0.235102,0.0621856,0
-0.235057,0,-0.235057,0.0646947,0
-0.236213,0,-0.235037,0.0668025,0
-0.237556,0,-0.235033,0.0678836,0
-0.237556,0,-0.235033,0.0659401,0
-0.237556,0,-0.235033,0,0
-0.237556,0,-0.235033,0,0
-0.237556,0,-0.235033,0,0
-0.237556,0,-0.235033,0,0
-0.237556,0,-0.235033,0,0
-0.237556,0,-0.235033,0,0
0.245,0.226322,0,0,0
0.245,0.226322,0,0,0
0.245,0.226322,0,0,0
0.245,0.226322,0,0,0
0.245,0.226322,0,0,0
0.245,0.226322,0,0,0
0.245,0.226322,0,0,0
0.295,0.226338,0,0,0
0.295,0.226835,0,0,0
0.256175,0.22678,0,-0.0091322,0
0.230461,0.226449,0,-0.0129718,0
0.223812,0.226192,0,-0.0158039,0
0.229143,0.226541,0,-0.0188058,0
0.234658,0.227222,0,-0.0212391,0
0.23339,0.227326,0,-0.022423,0
0.229196,0.226863,0,-0.0242246,0
0.228828,0.226897,0,-0.0264982,0
0.23029,0.227409,0,-0.0295575,0
0.235481,0.229254,0,-0.0330699,0
0.238007,0.230628,0,-0.0344944,0
0.238848,0.231547,0,-0.0354054,0
0.238037,0.231787,0,-0.0357809,0
0.238131,0.232417,0,-0.0369128,0
0.23882,0.233392,0,-0.0380002,0
0.239752,0.234595,0,-0.0391063,0
0.239812,0.235278,0,-0.0397621,0
0.239001,0.235329,0,-0.040424,0
0.237907,0.235052,0,-0.0417635,0
0.236807,0.234651,0,-0.043809,0
0.236706,0.234981,0,-0.0471858,0
0.23632,0.235023,0,-0.0509296,0
0.236025,0.235084,0,-0.0545448,0
0.236143,0.236066,0,-0.0584326,0
0.236659,0.23632,0,-0.0619534,0
0.237318,0.236523,0,-0.062133,0
0.237538,0.236673,0,-0.0647366,0
0.238073,0.236757,0,-0.0665016,0
0.239426,0.236779,0,-0.0679793,0
0.239426,0.236779,0,-0.0680304,0
0.239426,0.236779,0,0,0
0.239426,0.236779,0,0,0
0.239426,0.236779,0,0,0
0.239426,0.236779,0,0,0
0.239426,0.236779,0,0,0
0.239426,0.236779,0,0,0
-0.245,0,-0.227751,0,0
-0.245,0,-0.227751,0,0
-0.245,0,-0.227751,0,0
-0.245,0,-0.227751,0,0
-0.245,0,-0.227751,0,0
-0.245,0,-0.227751,0,0
-0.245,0,-0.227751,0,0
-0.245,0,-0.227751,0,0
-0.295,0,-0.227952,0,0
-0.221579,0,-0.22768,0.0156054,0
-0.235794,0,-0.227963,0.0200507,0
-0.236591,0,-0.22816,0.0213571,0
-0.23352,0,-0.22816,0.0218345,0
-0.235456,0,-0.228583,0.0235409,0
-0.234904,0,-0.228768,0.024509,0
-0.238293,0,-0.229656,0.0261404,0
-0.239167,0,-0.230279,0.0269938,0
-0.240004,0,-0.230996,0.0277032,0
-0.240448,0,-0.231702,0.0283556,0
-0.240145,0,-0.232182,0.0289177,0
-0.240246,0,-0.232824,0.029732,0
-0.240817,0,-0.233715,0.0307234,0
-0.242104,0,-0.235017,0.0317488,0
-0.242615,0,-0.236034,0.0323541,0
-0.242954,0,-0.236973,0.032697,0
-0.24293,0,-0.237692,0.0329186,0
-0.242392,0,-0.238006,0.033287,0
-0.241151,0,-0.237741,0.0341099,0
-0.239858,0,-0.237278,0.035923,0
-0.238867,0,-0.236929,0.0391285,0
-0.238165,0,-0.236737,0.0433904,0
-0.23789,0,-0.236849,0.0485126,0
-0.238365,0,-0.237581,0.0536097,0
-0.238988,0,-0.237855,0.0580007,0
-0.239201,0,-0.238066,0.0599822,0
-0.239396,0,-0.238228,0.0628746,0
-0.239832,0,-0.238329,0.0652354,0
-0.240437,0,-0.238365,0.0673602,0
-0.240437,0,-0.238365,0.0682748,0
-0.240437,0,-0.238365,0,0
-0.240437,0,-0.238365,0,0
-0.240437,0,-0.238365,0,0
-0.240437,0,-0.238365,0,0
-0.240437,0,-0.238365,0,0
-0.240437,0,-0.238365,0,0
0.245,0.229842,0,0,0
0.245,0.229842,0,0,0
0.245,0.229842,0,0,0
0.245,0.229842,0,0,0
0.245,0.229842,0,0,0
0.245,0.229842,0,0,0
0.245,0.229842,0,0,0
0.245,0.229842,0,0,0
0.295,0.230089,0,0,0
0.257731,0.230114,0,-0.00436399,0
0.228307,0.229807,0,-0.00911997,0
0.227006,0.229724,0,-0.0124214,0
0.233018,0.23005,0,-0.0157454,0
0.239991,0.230803,0,-0.0183279,0
0.240387,0.231186,0,-0.0190825,0
0.244144,0.232198,0,-0.0201405,0
0.244521,0.232844,0,-0.0201474,0
0.245156,0.233626,0,-0.0199377,0
0.246071,0.234594,0,-0.0198016,0
0.245845,0.235279,0,-0.0194037,0
0.245817,0.236026,0,-0.0190564,0
0.246118,0.236963,0,-0.0189225,0
0.247226,0.238316,0,-0.018731,0
0.247491,0.239329,0,-0.018011,0
0.246964,0.239897,0,-0.0170848,0
0.245578,0.239831,0,-0.0164718,0
0.245907,0.240829,0,-0.0174033,0
0.245048,0.240918,0,-0.0178786,0
0.244072,0.240833,0,-0.0192102,0
0.242714,0.240298,0,-0.0217119,0
0.241708,0.23992,0,-0.0260829,0
0.241174,0.239865,0,-0.0322271,0
0.241319,0.240352,0,-0.038826,0
0.241715,0.243149,0,-0.0453425,0
0.242109,0.243462,0,-0.0497037,0
0.242463,0.243701,0,-0.0532727,0
0.242355,0.243861,0,-0.0544033,0
0.242642,0.243936,0,-0.0542556,0
0.24517,0.243941,0,-0.0521806,0
0.24517,0.243941,0,0,0
0.24517,0.243941,0,0,0
0.24517,0.243941,0,0,0
0.24517,0.243941,0,0,0
0.24517,0.243941,0,0,0
0.24517,0.243941,0,0,0
-0.245,0,-0.235996,0,0
-0.245,0,-0.235996,0,0
-0.245,0,-0.235996,0,0
-0.245,0,-0.235996,0,0
-0.245,0,-0.235996,0,0
-0.245,0,-0.235996,0,0
-0.245,0,-0.235996,0,0
-0.245,0,-0.235996,0,0
-0.295,0,-0.236113,0,0
-0.226928,0,-0.235915,0.0153445,0
-0.216326,0,-0.235486,0.0212458,0
-0.215336,0,-0.235046,0.0252797,0
-0.214946,0,-0.234517,0.027614,0
-0.227024,0,-0.235106,0.0313723,0
-0.22492,0,-0.234538,0.0324835,0
-0.224569,0,-0.234071,0.034078,0
-0.225478,0,-0.233821,0.0362301,0
-0.226573,0,-0.233645,0.0383017,0
-0.228598,0,-0.233814,0.0404702,0
-0.230181,0,-0.234013,0.0422505,0
-0.239322,0,-0.237306,0.0455667,0
-0.241358,0,-0.238377,0.0470336,0
-0.239447,0,-0.237696,0.0474543,0
-0.238637,0,-0.237424,0.0487783,0
-0.238116,0,-0.237247,0.0511059,0
-0.23796,0,-0.23725,0.0536089,0
-0.238708,0,-0.237856,0.056479,0
-0.237731,0,-0.237265,0.0593419,0
-0.237073,0,-0.236829,0.0620715,0
-0.236694,0,-0.236565,0.0648392,0
-0.236147,0,-0.236125,0.0673513,0
-0.23621,0,-0.236186,0.069258,0
-0.236789,0,-0.236725,0.069999,0
-0.237721,0,-0.241216,0.0700365,0
-0.232557,0,-0.24134,0.0700487,0
-0.217001,0,-0.24142,0.070067,0
-0.218181,0,-0.241477,0.0701006,0
-0.221307,0,-0.241498,0.0701656,0
-0.22468,0,-0.241498,0.0702937,0
-0.22468,0,-0.241498,0,0
-0.22468,0,-0.241498,0,0
-0.22468,0,-0.241498,0,0
-0.22468,0,-0.241498,0,0
-0.22468,0,-0.241498,0,0
-0.22468,0,-0.241498,0,0
0.245,0.227217,0,0,0
0.245,0.227217,0,0,0
0.245,0.227217,0,0,0
0.245,0.227217,0,0,0
0.245,0.227217,0,0,0
0.245,0.227217,0,0,0
0.245,0.227217,0,0,0
0.245,0.227217,0,0,0
0.295,0.227574,0,0,0
0.244047,0.227352,0,0.00852013,0
0.232717,0.227332,0,-0.00819624,0
0.207957,0.22649,0,-0.00819624,0
0.211069,0.226242,0,-0.0138606,0
0.223929,0.226902,0,-0.0195135,0
0.234208,0.228124,0,-0.0225679,0
0.242655,0.229813,0,-0.0241614,0
0.243246,0.230553,0,-0.0246267,0
0.243212,0.231229,0,-0.0249753,0
0.2461,0.232834,0,-0.025494,0
0.250958,0.235494,0,-0.0256099,0
0.252873,0.237094,0,-0.0235653,0
0.25335,0.238575,0,-0.0204795,0
0.249745,0.238085,0,-0.0166165,0
0.248677,0.238619,0,-0.0147528,0
0.247991,0.239291,0,-0.014288,0
0.24763,0.240055,0,-0.0140672,0
0.246736,0.240428,0,-0.0138658,0
0.245224,0.240212,0,-0.0149956,0
0.2445,0.240454,0,-0.0175586,0
0.244036,0.240777,0,-0.020964,0
0.242815,0.240399,0,-0.0245403,0
0.243008,0.241124,0,-0.0308278,0
0.242807,0.241443,0,-0.0367078,0
0.242784,0.243799,0,-0.0425534,0
0.243123,0.244199,0,-0.0479016,0
0.244214,0.244509,0,-0.0525731,0
0.244488,0.24472,0,-0.0523625,0
0.244664,0.244825,0,-0.0496329,0
0.246277,0.244836,0,-0.0450715,0
0.246277,0.244836,0,0,0
0.246277,0.244836,0,0,0
0.246277,0.244836,0,0,0
0.246277,0.244836,0,0,0
0.246277,0.244836,0,0,0
0.246277,0.244836,0,0,0
-0.245,0,-0.235519,0,0
-0.245,0,-0.235519,0,0
-0.245,0,-0.235519,0,0
-0.245,0,-0.235519,0,0
-0.245,0,-0.235519,0,0
-0.245,0,-0.235519,0,0
-0.245,0,-0.235519,0,0
-0.245,0,-0.235519,0,0
-0.295,0,-0.235599,0,0
-0.228548,0,-0.235464,0.0149334,0
-0.222257,0,-0.23525,0.0192114,0
-0.226323,0,-0.235118,0.022815,0
-0.224685,0,-0.234782,0.0236314,0
-0.230953,0,-0.235079,0.0261137,0
-0.230261,0,-0.234841,0.0268197,0
-0.229416,0,-0.234508,0.0274727,0
-0.231993,0,-0.234798,0.0294221,0
-0.234024,0,-0.235149,0.0306071,0
-0.235828,0,-0.235609,0.0313895,0
-0.243566,0,-0.238276,0.0331618,0
-0.243917,0,-0.238802,0.0335881,0
-0.242033,0,-0.238379,0.0335404,0
-0.241192,0,-0.238292,0.0347866,0
-0.240901,0,-0.238418,0.0366274,0
-0.241273,0,-0.238902,0.0387823,0
-0.240631,0,-0.238772,0.0408847,0
-0.241273,0,-0.239455,0.0438854,0
-0.24058,0,-0.239206,0.0465857,0
-0.239743,0,-0.238781,0.0493186,0
-0.239225,0,-0.238532,0.0532706,0
-0.239261,0,-0.2387,0.0569016,0
-0.240068,0,-0.239552,0.0606385,0
-0.240836,0,-0.240397,0.0633498,0
-0.241482,0,-0.243321,0.0651925,0
-0.241734,0,-0.243503,0.0663696,0
-0.241704,0,-0.243641,0.067008,0
-0.242087,0,-0.243726,0.0674412,0
-0.242653,0,-0.243763,0.0674439,0
-0.24287,0,-0.243764,0.0674439,0
-0.24287,0,-0.243764,0,0
-0.24287,0,-0.243764,0,0
-0.24287,0,-0.243764,0,0
-0.24287,0,-0.243764,0,0
-0.24287,0,-0.243764,0,0
-0.24287,0,-0.243764,0,0
0.245,0.235748,0,0,0
0.245,0.235748,0,0,0
0.245,0.235748,0,0,0
0.245,0.235748,0,0,0
0.245,0.235748,0,0,0
0.245,0.235748,0,0,0
0.245,0.235748,0,0,0
0.245,0.235748,0,0,0
0.295,0.235824,0,0,0
0.247394,0.235836,0,-0.00812528,0
0.222142,0.235483,0,-0.0117659,0
0.229383,0.23551,0,-0.0155294,0
0.226017,0.235166,0,-0.0167542,0
0.231295,0.235358,0,-0.0194838,0
0.236614,0.235852,0,-0.0208632,0
0.245692,0.237311,0,-0.0218889,0
0.247883,0.238145,0,-0.0218863,0
0.244902,0.237931,0,-0.0207843,0
0.245378,0.238472,0,-0.0209644,0
0.245521,0.238967,0,-0.0215572,0
0.2443,0.238975,0,-0.021674,0
0.244097,0.239309,0,-0.0225763,0
0.244365,0.239852,0,-0.0241365,0
0.243441,0.239786,0,-0.0253802,0
0.242166,0.239427,0,-0.0273675,0
0.241398,0.239263,0,-0.030742,0
0.239821,0.238519,0,-0.0350431,0
0.238644,0.23785,0,-0.0396116,0
0.238882,0.238157,0,-0.0453033,0
0.240023,0.239221,0,-0.0511413,0
0.240637,0.239903,0,-0.055935,0
0.239944,0.239461,0,-0.0595664,0
0.239471,0.239158,0,-0.0634149,0
0.239662,0.242513,0,-0.067164,0
0.241008,0.24267,0,-0.0694081,0
0.242042,0.242792,0,-0.070878,0
0.24248,0.242871,0,-0.071682,0
0.243277,0.242905,0,-0.0716531,0
0.245375,0.242906,0,-0.0716246,0
0.245375,0.242906,0,0,0
0.245375,0.242906,0,0,0
0.245375,0.242906,0,0,0
0.245375,0.242906,0,0,0
0.245375,0.242906,0,0,0
0.245375,0.242906,0,0,0
-0.245,0,-0.230905,0,0
-0.245,0,-0.230905,0,0
-0.245,0,-0.230905,0,0
-0.245,0,-0.230905,0,0
-0.245,0,-0.230905,0,0
-0.245,0,-0.230905,0,0
-0.245,0,-0.230905,0,0
-0.245,0,-0.230905,0,0
-0.295,0,-0.230979,0,0
-0.247759,0,-0.231024,0.0077501,0
-0.210175,0,-0.230518,0.0118559,0
-0.224843,0,-0.230686,0.0178835,0
-0.224402,0,-0.230524,0.0202033,0
-0.230457,0,-0.230863,0.0226787,0
-0.234519,0,-0.231361,0.0244692,0
-0.232255,0,-0.231123,0.024813,0
-0.230235,0,-0.230771,0.0257269,0
-0.230212,0,-0.230736,0.0275501,0
-0.230941,0,-0.230915,0.0296264,0
-0.232053,0,-0.231288,0.031639,0
-0.23375,0,-0.231989,0.0336394,0
-0.234227,0,-0.232336,0.0351879,0
-0.234952,0,-0.232843,0.0368006,0
-0.2357,0,-0.233445,0.0381162,0
-0.235678,0,-0.233681,0.0393728,0
-0.235993,0,-0.234099,0.0405855,0
-0.236608,0,-0.234756,0.0421305,0
-0.237603,0,-0.235752,0.0445324,0
-0.235352,0,-0.234305,0.0445324,0
-0.234533,0,-0.233826,0.0468779,0
-0.233676,0,-0.233239,0.049839,0
-0.23265,0,-0.232437,0.0534381,0
-0.231964,0,-0.231868,0.0575575,0
-0.232552,0,-0.234115,0.0619924,0
-0.233836,0,-0.234194,0.0653442,0
-0.237917,0,-0.234257,0.0671038,0
-0.235035,0,-0.2343,0.0671038,0
-0.235482,0,-0.234322,0.0683422,0
-0.237334,0,-0.234326,0.0684558,0
-0.237334,0,-0.234326,0.0696196,0
-0.237334,0,-0.234326,0,0
-0.237334,0,-0.234326,0,0
-0.237334,0,-0.234326,0,0
-0.237334,0,-0.234326,0,0
-0.237334,0,-0.234326,0,0
-0.237334,0,-0.234326,0,0
0.245,0.226036,0,0,0
0.245,0.226036,0,0,0
0.245,0.226036,0,0,0
0.245,0.226036,0,0,0
0.245,0.226036,0,0,0
0.245,0.226036,0,0,0
0.245,0.226036,0,0,0
0.295,0.226047,0,0,0
0.295,0.226475,0,0,0
0.247584,0.226362,0,-0.0094306,0
0.229248,0.226135,0,-0.014212,0
0.222824,0.225871,0,-0.0172671,0
0.227351,0.226138,0,-0.0204581,0
0.231672,0.226689,0,-0.0235662,0
0.230881,0.226766,0,-0.0250003,0
0.233964,0.227538,0,-0.0270226,0
0.236349,0.228422,0,-0.028815,0
0.235718,0.228704,0,-0.0295468,0
0.237211,0.229624,0,-0.0308414,0
0.238911,0.230794,0,-0.031899,0
0.23917,0.231529,0,-0.0324586,0
0.238795,0.232019,0,-0.0328684,0
0.238737,0.232623,0,-0.0337218,0
0.238997,0.2334,0,-0.0348033,0
0.239479,0.234316,0,-0.0358811,0
0.239559,0.235014,0,-0.03695,0
0.238601,0.234944,0,-0.0379301,0
0.237702,0.234839,0,-0.0397063,0
0.236657,0.234495,0,-0.0425065,0
0.236055,0.234391,0,-0.0456961,0
0.235346,0.234139,0,-0.0501245,0
0.234985,0.234113,0,-0.0546893,0
0.235705,0.235713,0,-0.0594419,0
0.240222,0.235971,0,-0.0630137,0
0.237397,0.236167,0,-0.0630137,0
0.237692,0.236316,0,-0.0651557,0
0.238396,0.236399,0,-0.0671646,0
0.239277,0.236422,0,-0.0680589,0
0.239277,0.236422,0,-0.0689238,0
0.239277,0.236422,0,0,0
0.239277,0.236422,0,0,0
0.239277,0.236422,0,0,0
0.239277,0.236422,0,0,0
0.239277,0.236422,0,0,0
0.239277,0.236422,0,0,0
-0.245,0,-0.227403,0,0
-0.245,0,-0.227403,0,0
-0.245,0,-0.227403,0,0
-0.245,0,-0.227403,0,0
-0.245,0,-0.227403,0,0
-0.245,0,-0.227403,0,0
-0.245,0,-0.227403,0,0
-0.245,0,-0.227403,0,0
-0.295,0,-0.227608,0,0
-0.222352,0,-0.227345,0.0162559,0
-0.230113,0,-0.227473,0.0231513,0
-0.227947,0,-0.227431,0.0231513,0
-0.229427,0,-0.227559,0.0247554,0
-0.233213,0,-0.228033,0.0271289,0
-0.232015,0,-0.228056,0.0283717,0
-0.234441,0,-0.228667,0.0303397,0
-0.236678,0,-0.229451,0.0320697,0
-0.237768,0,-0.23014,0.0331843,0
-0.239697,0,-0.231218,0.0342945,0
-0.23985,0,-0.231853,0.0348689,0
-0.239911,0,-0.232481,0.0354294,0
-0.240517,0,-0.233373,0.0363757,0
-0.241319,0,-0.234448,0.0371014,0
-0.242144,0,-0.235598,0.0376936,0
-0.24261,0,-0.236627,0.0380016,0
-0.242215,0,-0.2371,0.0379846,0
-0.241408,0,-0.237213,0.0383384,0
-0.240344,0,-0.237031,0.0394145,0
-0.238922,0,-0.236451,0.041503,0
-0.237752,0,-0.235958,0.0449927,0
-0.237384,0,-0.236002,0.0494205,0
-0.237154,0,-0.236132,0.0543273,0
-0.237212,0,-0.236483,0.0590264,0
-0.238028,0,-0.240508,0.0629857,0
-0.239665,0,-0.240769,0.0646157,0
-0.239665,0,-0.240981,0.0663385,0
-0.240012,0,-0.241118,0.0682106,0
-0.240397,0,-0.241166,0.0691262,0
-0.24277,0,-0.241166,0.0701629,0
-0.24277,0,-0.241166,0,0
-0.24277,0,-0.241166,0,0
-0.24277,0,-0.241166,0,0
-0.24277,0,-0.241166,0,0
-0.24277,0,-0.241166,0,0
-0.24277,0,-0.241166,0,0
0.245,0.231131,0,0,0
0.245,0.231131,0,0,0
0.245,0.231131,0,0,0
0.245,0.231131,0,0,0
0.245,0.231131,0,0,0
0.245,0.231131,0,0,0
0.245,0.231131,0,0,0
0.245,0.231131,0,0,0
0.295,0.231273,0,0,0
0.243945,0.231246,0,-0.00967823,0
0.220123,0.230891,0,-0.0137967,0
0.227721,0.230993,0,-0.0179465,0
0.23468,0.23136,0,-0.0201644,0
0.240287,0.231985,0,-0.0219998,0
0.239326,0.232229,0,-0.0227223,0
0.239156,0.232503,0,-0.0236894,0
0.23871,0.23273,0,-0.0247473,0
0.238981,0.233123,0,-0.026091,0
0.239526,0.233639,0,-0.0276241,0
0.2416,0.234759,0,-0.0291622,0
0.243827,0.236157,0,-0.030382,0
0.24517,0.237397,0,-0.0308219,0
0.244652,0.237841,0,-0.0305471,0
0.243969,0.238126,0,-0.0304546,0
0.243909,0.238725,0,-0.0311113,0
0.24436,0.239656,0,-0.0320203,0
0.244098,0.240117,0,-0.0329167,0
0.243614,0.240178,0,-0.0334699,0
0.243303,0.240488,0,-0.0353897,0
0.242328,0.240188,0,-0.0378018,0
0.241439,0.239961,0,-0.0413641,0
0.240663,0.239624,0,-0.0453583,0
0.24054,0.23979,0,-0.0497457,0
0.241119,0.243117,0,-0.0544666,0
0.241943,0.243384,0,-0.0575928,0
0.242154,0.243585,0,-0.06038,0
0.241982,0.243716,0,-0.062764,0
0.243046,0.24376,0,-0.0633509,0
0.245072,0.243765,0,-0.0595791,0
0.245072,0.243765,0,0,0
0.245072,0.243765,0,0,0
0.245072,0.243765,0,0,0
0.245072,0.243765,0,0,0
0.245072,0.243765,0,0,0
0.245072,0.243765,0,0,0
-0.245,0,-0.235117,0,0
-0.245,0,-0.235117,0,0
-0.245,0,-0.235117,0,0
-0.245,0,-0.235117,0,0
-0.245,0,-0.235117,0,0
-0.245,0,-0.235117,0,0
-0.245,0,-0.235117,0,0
-0.245,0,-0.235117,0,0
-0.295,0,-0.23524,0,0
-0.241156,0,-0.235168,0.0110474,0
-0.214072,0,-0.234676,0.0161636,0
-0.216165,0,-0.234274,0.0212317,0
-0.21587,0,-0.233782,0.0237054,0
-0.227168,0,-0.234341,0.0274506,0
-0.229853,0,-0.234429,0.0289287,0
-0.229678,0,-0.234211,0.029941,0
-0.22902,0,-0.233862,0.0311167,0
-0.228501,0,-0.233469,0.0326299,0
-0.230245,0,-0.233689,0.0345529,0
-0.232186,0,-0.234122,0.036334,0
-0.240654,0,-0.23729,0.039405,0
-0.240954,0,-0.237694,0.040574,0
-0.241798,0,-0.238399,0.0419601,0
-0.243095,0,-0.239444,0.0431024,0
-0.242418,0,-0.239428,0.043677,0
-0.241901,0,-0.239453,0.0446786,0
-0.241542,0,-0.239528,0.0461046,0
-0.241294,0,-0.23964,0.0482722,0
-0.239971,0,-0.238875,0.0507333,0
-0.23895,0,-0.238237,0.0539742,0
-0.237778,0,-0.237386,0.0579398,0
-0.237504,0,-0.237231,0.0622157,0
-0.237504,0,-0.237307,0.0659941,0
-0.238361,0,-0.241441,0.0686212,0
-0.239421,0,-0.241592,0.0696335,0
-0.240078,0,-0.2417,0.0700167,0
-0.240597,0,-0.241771,0.070021,0
-0.230967,0,-0.241799,0.0700279,0
-0.223804,0,-0.2418,0.0700392,0
-0.223804,0,-0.2418,0,0
-0.223804,0,-0.2418,0,0
-0.223804,0,-0.2418,0,0
-0.223804,0,-0.2418,0,0
-0.223804,0,-0.2418,0,0
-0.223804,0,-0.2418,0,0
0.245,0.232026,0,0,0
0.245,0.232026,0,0,0
0.245,0.232026,0,0,0
0.245,0.232026,0,0,0
0.245,0.232026,0,0,0
0.245,0.232026,0,0,0
0.245,0.232026,0,0,0
0.245,0.232026,0,0,0
0.295,0.232154,0,0,0
0.259951,0.232239,0,0.00630491,0
0.22112,0.231813,0,0.000977629,0
0.222682,0.231678,0,-0.00392147,0
0.228504,0.231815,0,-0.00739662,0
0.238405,0.23259,0,-0.0106104,0
0.246492,0.233787,0,-0.0115752,0
0.246982,0.234391,0,-0.0115464,0
0.248569,0.235303,0,-0.0116886,0
0.247512,0.235739,0,-0.0110451,0
0.246217,0.236052,0,-0.0110766,0
0.24415,0.236019,0,-0.011621,0
0.24322,0.236239,0,-0.0130115,0
0.2427,0.236566,0,-0.0145051,0
0.243266,0.237366,0,-0.0173563,0
0.243038,0.237807,0,-0.0198824,0
0.242247,0.2379,0,-0.0226241,0
0.24163,0.238002,0,-0.0261315,0
0.241209,0.238179,0,-0.030583,0
0.240307,0.23804,0,-0.0356629,0
0.241226,0.239124,0,-0.0406011,0
0.241225,0.239512,0,-0.045045,0
0.241814,0.240357,0,-0.0494194,0
0.242031,0.240892,0,-0.0531082,0
0.242042,0.241212,0,-0.0564186,0
0.242277,0.243956,0,-0.0597115,0
0.242905,0.244236,0,-0.0623463,0
0.243252,0.244438,0,-0.064621,0
0.243355,0.244575,0,-0.0659808,0
0.243971,0.244634,0,-0.0676418,0
0.245788,0.244636,0,0,0
0.245788,0.244636,0,0,0
0.245788,0.244636,0,0,0
0.245788,0.244636,0,0,0
0.245788,0.244636,0,0,0
0.245788,0.244636,0,0,0
0.245788,0.244636,0,0,0
-0.245,0,-0.234481,0,0
-0.245,0,-0.234481,0,0
-0.245,0,-0.234481,0,0
-0.245,0,-0.234481,0,0
-0.245,0,-0.234481,0,0
-0.245,0,-0.234481,0,0
-0.245,0,-0.234481,0,0
-0.245,0,-0.234481,0,0
-0.295,0,-0.234562,0,0
-0.24159,0,-0.234534,0.0101469,0
-0.211823,0,-0.234041,0.0146723,0
-0.226004,0,-0.234165,0.0203716,0
-0.223455,0,-0.23375,0.0220455,0
-0.231602,0,-0.234207,0.0250512,0
-0.233082,0,-0.234302,0.0260962,0
-0.231975,0,-0.234072,0.0265258,0
-0.228612,0,-0.23329,0.0273925,0
-0.23031,0,-0.233462,0.0294919,0
-0.231968,0,-0.233756,0.0314329,0
-0.233355,0,-0.234103,0.0329969,0
-0.234834,0,-0.234617,0.0343787,0
-0.234967,0,-0.234691,0.0353919,0
-0.235057,0,-0.234758,0.0363544,0
-0.23526,0,-0.234896,0.0375412,0
-0.235772,0,-0.235232,0.0388055,0
-0.236096,0,-0.2355,0.0400887,0
-0.236286,0,-0.235704,0.0412738,0
-0.236014,0,-0.23559,0.0424252,0
-0.235073,0,-0.234934,0.0438818,0
-0.233634,0,-0.233798,0.0461732,0
-0.233299,0,-0.233483,0.0498754,0
-0.232779,0,-0.232984,0.053582,0
-0.233095,0,-0.233218,0.0575184,0
-0.233798,0,-0.235193,0.0610274,0
-0.2344,0,-0.235211,0.0637485,0
-0.234975,0,-0.235224,0.0631821,0
-0.235244,0,-0.235233,0.0654113,0
-0.235661,0,-0.235238,0.067179,0
-0.237555,0,-0.235239,0.0678737,0
-0.237555,0,-0.235239,0.0655165,0
-0.237555,0,-0.235239,0,0
-0.237555,0,-0.235239,0,0
-0.237555,0,-0.235239,0,0
-0.237555,0,-0.235239,0,0
-0.237555,0,-0.235239,0,0
0.245,0.226335,0,0,0
0.245,0.226335,0,0,0
0.245,0.226335,0,0,0
0.245,0.226335,0,0,0
0.245,0.226335,0,0,0
0.245,0.226335,0,0,0
0.245,0.226335,0,0,0
0.245,0.226335,0,0,0
0.245,0.226339,0,0,0
0.245,0.226424,0,0,0
0.245,0.226622,0,-0.00653223,0
0.245,0.226924,0,-0.012357,0
0.245,0.227322,0,-0.0142656,0
0.245,0.227808,0,-0.0152737,0
0.245,0.228375,0,-0.0166203,0
0.245,0.229012,0,-0.0169748,0
0.245,0.229714,0,-0.0180015,0
0.245,0.230472,0,-0.0184854,0
0.245,0.231277,0,-0.0190365,0
0.245,0.232122,0,-0.0203312,0
0.245,0.232976,0,-0.0208211,0
0.245,0.233898,0,-0.0209286,0
0.245,0.234814,0,-0.0205136,0
0.245,0.235737,0,-0.020479,0
0.245,0.236659,0,-0.0209565,0
0.245,0.237573,0,-0.0212679,0
0.245,0.23847,0,-0.0215685,0
0.245,0.239342,0,-0.0215817,0
0.245,0.240181,0,-0.0217061,0
0.245,0.24098,0,-0.0220132,0
0.245,0.24173,0,-0.0229207,0
0.245,0.242422,0,-0.0239306,0
0.245,0.24305,0,-0.0247486,0
0.245,0.243605,0,-0.0257472,0
0.245,0.244078,0,-0.0277047,0
0.245,0.244462,0,-0.0300775,0
0.245,0.244749,0,-0.0309082,0
0.245,0.244931,0,-0.0315108,0
0.245,0.245,0,-0.0281712,0
0.245,0.245,0,-0.0206168,0
0.245,0.245,0,0,0
0.245,0.245,0,0,0
0.245,0.245,0,0,0
0.245,0.245,0,0,0
0.245,0.245,0,0,0
0.245,0.245,0,0,0
0.245,0.245,0,0,0
0.245,0.245,0,0,0
0.245,0.245,0,0,0
0.245,0.245,0,0,0
0.245,0.245,0,0,0
0.245,0.245,0,0,0
0.245,0.245,0,0,0
0.245,0.245,0,0,0
0.245,0.245,0,0,0
0.245,0.245,0,0,0
0.245,0.245,0,0,0
0.245,0.245,0,0,0
0.245,0.245,0,0,0
0.245,0.245,0,0,0
0.245,0.245,0,0,0
0.245,0.245,0,0,0
0.245,0.245,0,0,0
0.245,0.245,0,0,0
0.245,0.245,0,0,0
0.245,0.245,0,0,0
0.245,0.245,0,0,0
0.245,0.245,0,0,0
0.245,0.245,0,0,0
0.245,0.245,0,0,0
0.245,0.245,0,0,0
0.245,0.245,0,0,0
0.245,0.245,0,0,0
0.245,0.245,0,0,0
0.245,0.245,0,0,0
0.245,0.245,0,0,0
0.245,0.245,0,0,0
0.245,0.245,0,0,0
0.245,0.245,0,0,0
0.245,0.245,0,0,0
0.245,0.245,0,0,0
0.245,0.245,0,0,0
0.245,0.245,0,0,0
0.245,0.245,0,0,0
