-0.104081,-0.077414,2.84374e-05,0,-0.0148347,-0.104078,-0.101332
-0.104081,-0.0763299,2.94616e-05,-2.41718e-07,-0.0148365,-0.104073,-0.101303
-0.104081,-0.0764749,2.9161e-05,-8.19683e-07,-0.0148377,-0.104067,-0.101373
-0.104081,-0.0770611,2.83778e-05,-1.40621e-06,-0.0148394,-0.10406,-0.101599
-0.104081,-0.077346,2.7903e-05,-1.98238e-06,-0.0148412,-0.104054,-0.101699
-0.104081,-0.0777351,2.73056e-05,-2.54566e-06,-0.0148534,-0.104047,-0.101844
-0.104081,-0.0782894,2.65221e-05,-3.09834e-06,-0.0148553,-0.10404,-0.102054
-0.104081,-0.0787659,2.5812e-05,-3.63741e-06,-0.0148564,-0.104033,-0.10223
-0.104081,-0.0791533,2.51878e-05,-4.16146e-06,-0.0148571,-0.104026,-0.102371
-0.104081,-0.079708,2.43777e-05,-4.67208e-06,-0.0148531,-0.104018,-0.102579
-0.104081,-0.0803913,2.34242e-05,-5.16854e-06,-0.0148551,-0.10401,-0.102836
-0.104081,-0.0812272,2.23032e-05,-5.64751e-06,-0.0148515,-0.104002,-0.103152
-0.104081,-0.0823365,2.0888e-05,-6.10591e-06,-0.0148541,-0.103993,-0.103574
-0.104081,-0.0832569,1.96717e-05,-6.53924e-06,-0.0148551,-0.103984,-0.103916
-0.104081,-0.0840934,1.85428e-05,-6.94605e-06,-0.014827,-0.103974,-0.104229
-0.104081,-0.0854316,1.68801e-05,-7.32932e-06,-0.0148232,-0.103964,-0.104743
-0.104081,-0.0868345,1.51507e-05,-7.68521e-06,-0.0148203,-0.103955,-0.105275
-0.104081,-0.0883861,1.32668e-05,-8.00725e-06,-0.0148128,-0.103945,-0.105864
-0.104081,-0.0899725,1.13509e-05,-8.29331e-06,-0.0148053,-0.103934,-0.106464
-0.104081,-0.0912504,9.76919e-06,-8.5414e-06,-0.0147931,-0.103923,-0.10694
-0.104081,-0.0926805,8.03183e-06,-8.75418e-06,-0.0147703,-0.103912,-0.10748
-0.104081,-0.094765,5.60739e-06,-8.93393e-06,-0.0147116,-0.103899,-0.108279
-0.104081,-0.0965567,3.5054e-06,-9.07275e-06,-0.0146931,-0.103886,-0.10895
-0.104081,-0.0981444,1.63146e-06,-9.16598e-06,-0.014654,-0.103873,-0.109543
-0.104081,-0.100231,-7.60105e-07,-9.21922e-06,-0.0145795,-0.103858,-0.110337
-0.104081,-0.102166,-2.97647e-06,-9.23033e-06,-0.0144948,-0.103842,-0.111061
-0.104081,-0.103663,-4.71266e-06,-9.19518e-06,-0.0145529,-0.103824,-0.111612
-0.104081,-0.105489,-6.785e-06,-9.12002e-06,-0.0145644,-0.103806,-0.112299
-0.104081,-0.107399,-8.93007e-06,-9.00712e-06,-0.014315,-0.103786,-0.113012
-0.104081,-0.108842,-1.05642e-05,-8.85211e-06,-0.0144238,-0.103763,-0.113535
-0.104081,-0.109828,-1.16992e-05,-8.6588e-06,-0.0145772,-0.103739,-0.113879
-0.104081,-0.111109,-1.31361e-05,-8.4373e-06,-0.0143744,-0.103712,-0.114347
-0.104081,-0.111687,-1.38153e-05,-8.19039e-06,-0.0144725,-0.103682,-0.114526
-0.104081,-0.111408,-1.35778e-05,-7.92155e-06,-0.0148714,-0.10365,-0.114372
-0.104081,-0.11156,-1.37963e-05,-7.64739e-06,-0.0147187,-0.103614,-0.114401
-0.104081,-0.111236,-1.35067e-05,-7.37386e-06,-0.0144589,-0.103576,-0.11423
-0.104081,-0.109416,-1.16305e-05,-7.10054e-06,-0.0147196,-0.103535,-0.113466
-0.104081,-0.107921,-1.0109e-05,-6.8473e-06,-0.0146723,-0.10349,-0.112852
-0.104081,-0.105977,-8.12353e-06,-6.62838e-06,-0.0145155,-0.103442,-0.11205
-0.104081,-0.103284,-5.35641e-06,-6.44407e-06,-0.0145225,-0.10339,-0.110952
-0.104081,-0.100795,-2.82789e-06,-6.3065e-06,-0.0145391,-0.103333,-0.109943
-0.104081,-0.0987502,-7.94403e-07,-6.22213e-06,-0.0145818,-0.103273,-0.109104
-0.104081,-0.096381,1.56103e-06,-6.18387e-06,-0.0147348,-0.103208,-0.108125
-0.104081,-0.0947504,3.10563e-06,-6.18918e-06,-0.0147558,-0.103138,-0.10744
-0.104081,-0.0938653,3.8334e-06,-6.23431e-06,-0.0147561,-0.103063,-0.107036
-0.104081,-0.0933865,4.1066e-06,-6.30297e-06,-0.0147566,-0.102982,-0.106778
-0.104081,-0.0933518,3.88585e-06,-6.38209e-06,-0.0147625,-0.102895,-0.106684
-0.104081,-0.0936018,3.34163e-06,-6.46224e-06,-0.0147976,-0.102801,-0.106691
-0.104081,-0.0943605,2.23716e-06,-6.53506e-06,-0.0148393,-0.1027,-0.106889
-0.104081,-0.0957826,4.10007e-07,-6.59195e-06,-0.0147944,-0.102592,-0.107337
-0.104081,-0.0978405,-2.107e-06,-6.62025e-06,-0.0146482,-0.102475,-0.10802
-0.104081,-0.099847,-4.58071e-06,-6.6058e-06,-0.014589,-0.10235,-0.108664
-0.104081,-0.101799,-7.0075e-06,-6.54139e-06,-0.0145946,-0.102214,-0.109277
-0.104081,-0.103474,-9.14882e-06,-6.42794e-06,-0.0145965,-0.102069,-0.109771
-0.104081,-0.10507,-1.12178e-05,-6.26852e-06,-0.0145974,-0.101912,-0.110227
-0.104081,-0.106294,-1.29018e-05,-6.06692e-06,-0.0145942,-0.101743,-0.110523
-0.104081,-0.107019,-1.40675e-05,-5.82741e-06,-0.0145949,-0.101562,-0.110614
-0.104081,-0.107327,-1.48032e-05,-5.55888e-06,-0.0145961,-0.101366,-0.110533
-0.104081,-0.107497,-1.54072e-05,-5.27091e-06,-0.0145723,-0.101156,-0.110387
-0.104081,-0.107555,-1.59076e-05,-4.96941e-06,-0.014544,-0.100929,-0.110182
-0.104081,-0.106847,-1.56113e-05,-4.65676e-06,-0.0144874,-0.100683,-0.109656
-0.104081,-0.111987,-2.15443e-05,-4.34128e-06,-0.0144792,-0.100419,-0.111458
-0.104081,-0.117989,-2.83859e-05,-3.97565e-06,-0.0146326,-0.100134,-0.113495
-0.104081,-0.121572,-3.26473e-05,-3.48319e-06,-0.01456,-0.0998259,-0.114531
-0.104081,-0.121975,-3.35266e-05,-2.87712e-06,-0.0145854,-0.0994942,-0.114312
-0.104081,-0.120268,-3.21727e-05,-2.21626e-06,-0.0145514,-0.0991369,-0.113273
-0.104081,-0.117644,-2.98615e-05,-1.55791e-06,-0.0144492,-0.0987519,-0.111873
-0.104081,-0.115434,-2.80116e-05,-9.35262e-07,-0.0146028,-0.0983372,-0.110622
-0.104081,-0.114051,-2.70594e-05,-3.54681e-07,-0.014392,-0.0978904,-0.109661
-0.104081,-0.11258,-2.60304e-05,1.96981e-07,-0.0144854,-0.0974093,-0.108614
-0.104081,-0.111089,-2.49961e-05,7.28909e-07,-0.0146821,-0.0968911,-0.107521
-0.104081,-0.110042,-2.44485e-05,1.24021e-06,-0.0143949,-0.096333,-0.106559
-0.104081,-0.108096,-2.29587e-05,1.7352e-06,-0.0145541,-0.0957319,-0.105181
-0.104081,-0.106423,-2.17746e-05,2.21076e-06,-0.0146213,-0.0950846,-0.103872
-0.104081,-0.105468,-2.13663e-05,2.65928e-06,-0.014353,-0.0943878,-0.102785
-0.104081,-0.103882,-2.02968e-05,3.0911e-06,-0.0146743,-0.0936378,-0.101368
-0.104081,-0.103123,-2.01139e-05,3.5088e-06,-0.0143914,-0.0928305,-0.100217
-0.104081,-0.102313,-1.98814e-05,3.91309e-06,-0.0144846,-0.0919615,-0.0989517
-0.104081,-0.102238,-2.04311e-05,4.31327e-06,-0.014456,-0.0910256,-0.0978926
-0.104081,-0.103103,-2.19746e-05,4.71585e-06,-0.0143459,-0.0900178,-0.0971021
-0.104081,-0.104252,-2.3809e-05,5.13836e-06,-0.0145761,-0.0889324,-0.0963084
-0.104081,-0.105883,-2.614e-05,5.59436e-06,-0.0145368,-0.0877632,-0.0955942
-0.104081,-0.107974,-2.89397e-05,6.09152e-06,-0.0144923,-0.0865037,-0.0949425
-0.104081,-0.110275,-3.19354e-05,6.63952e-06,-0.0144883,-0.0851468,-0.0942492
-0.104081,-0.112565,-3.48903e-05,7.24528e-06,-0.0143772,-0.083685,-0.0934285
-0.104081,-0.114499,-3.74329e-05,7.91058e-06,-0.0144089,-0.08211,-0.0923456
-0.104081,-0.116393,-3.98967e-05,8.63127e-06,-0.0144253,-0.0804131,-0.0911351
-0.104081,-0.118175,-4.22039e-05,9.4021e-06,-0.0144316,-0.0785848,-0.089771
-0.104081,-0.119672,-4.4165e-05,1.02208e-05,-0.0144631,-0.0766149,-0.0881956
-0.104081,-0.120986,-4.58888e-05,1.10825e-05,-0.0144483,-0.0744925,-0.0864693
-0.104081,-0.122195,-4.74548e-05,1.19813e-05,-0.014413,-0.0722056,-0.0846433
-0.104081,-0.123009,-4.85513e-05,1.29132e-05,-0.0143571,-0.0697415,-0.0826277
-0.104081,-0.123268,-4.90059e-05,1.38722e-05,-0.0144023,-0.0670865,-0.0803966
-0.104081,-0.12323,-4.90921e-05,1.48473e-05,-0.0143556,-0.0642259,-0.0780951
-0.104081,-0.122545,-4.84299e-05,1.58282e-05,-0.014359,-0.0611437,-0.0756232
-0.104081,-0.120845,-4.6626e-05,1.68041e-05,-0.0143167,-0.0578233,-0.0728876
-0.104081,-0.11798,-4.35219e-05,1.77564e-05,-0.014225,-0.0542477,-0.0698834
-0.104081,-0.113679,-3.8833e-05,1.8661e-05,-0.0142151,-0.0504033,-0.0665521
-0.104081,-0.108211,-3.28495e-05,1.94892e-05,-0.0141294,-0.0462921,-0.063048
-0.104081,-0.101316,-2.52989e-05,2.02121e-05,-0.0141397,-0.0419815,-0.0592957
-0.0905501,-0.0932897,-9.55768e-06,2.08011e-05,-0.0140584,-0.0377917,-0.0554401
-0.0766727,-0.0841913,2.72433e-05,2.11654e-05,-0.0141449,-0.0340785,-0.0515012
-0.0627953,-0.0741742,8.37722e-05,2.10253e-05,-0.0139934,-0.0309749,-0.0475158
-0.0489179,-0.0631971,9.31871e-05,1.99717e-05,-0.0139442,-0.0285519,-0.0434313
-0.0350405,-0.0513632,0.000103585,1.82115e-05,-0.0137463,-0.0268644,-0.0392515
-0.0211631,-0.0392176,0.000114296,1.62542e-05,-0.0133821,-0.0259562,-0.0351499
-0.00728564,-0.0274404,0.000124585,1.40861e-05,-0.0129946,-0.0258324,-0.0313503
0,-0.0226365,0.000127495,1.17076e-05,-0.00808666,-0.0263435,-0.0304441
0,-0.0149723,0.000133508,9.18968e-06,-0.008652,-0.027194,-0.0283779
0,-0.00865302,0.000138146,6.58566e-06,-0.00917663,-0.0281845,-0.0269727
0,-0.00339859,0.000141708,3.87376e-06,-0.00844443,-0.0292671,-0.0260557
0,0.00223241,0.000145726,1.07878e-06,-0.00883562,-0.0304339,-0.0250631
0,0.00554641,0.000147335,-1.79155e-06,-0.00918151,-0.0316877,-0.0251014
0,0.00775869,0.000147831,-4.72056e-06,-0.0100444,-0.0330343,-0.0256543
0,0.00929373,0.000147667,-7.67171e-06,-0.0110671,-0.0344811,-0.0265818
0,0.009153,0.000145785,-1.06269e-05,-0.0117326,-0.0360358,-0.0283006
0,0.00821842,0.000143125,-1.35633e-05,-0.0122682,-0.0377072,-0.0304556
0,0.00506097,0.000138173,-1.6455e-05,-0.0120925,-0.0395046,-0.0336435
0,0.00237393,0.000133798,-1.92729e-05,-0.0117877,-0.0414377,-0.036779
0,0.000470783,0.00013033,-2.1997e-05,-0.0109079,-0.043517,-0.0397905
0,-0.00212519,0.000126196,-2.46418e-05,-0.00979973,-0.0457539,-0.0432856
0,-0.00328156,0.000123662,-2.72112e-05,-0.00848659,-0.0481608,-0.0464018
0,-0.00239577,0.000123359,-2.97123e-05,-0.00716555,-0.0507511,-0.0489407
0,-0.000386915,0.000124299,-3.21828e-05,-0.00584032,-0.0535393,-0.051286
0,0.00380865,0.000127602,-3.46584e-05,-0.00479834,-0.0565409,-0.0530027
0,0.0093977,0.000132411,-3.71741e-05,-0.00379153,-0.0597728,-0.0544239
0,0.0166341,0.000138983,-3.97695e-05,-0.00301191,-0.063253,-0.0554311
0,0.0236367,0.000145305,-4.24768e-05,-0.00236886,-0.0670009,-0.0567682
0,0.0310527,0.000152058,-4.53134e-05,-0.00207172,-0.0710375,-0.0581302
0,0.0384288,0.00015875,-4.82803e-05,-0.00241188,-0.0753851,-0.0596825
0,0.0435925,0.000163065,-5.13817e-05,-0.00288897,-0.0800681,-0.0622517
0,0.0478513,0.000166391,-5.45955e-05,-0.00378281,-0.0851125,-0.0652404
0,0.047643,0.000164944,-5.78867e-05,-0.00484542,-0.0905461,-0.0700405
0,0.0467967,0.0001628,-6.12015e-05,-0.006358,-0.0963983,-0.0750111
0,0.0433665,0.00015789,-6.44811e-05,-0.00743394,-0.102698,-0.0809248
0,0.0376942,0.000150582,-6.76929e-05,-0.00847166,-0.109466,-0.0875496
0,0.0293273,0.0001404,-7.07849e-05,-0.00705929,-0.116687,-0.0950067
-0.00680831,0.0209922,0.000130246,-7.37049e-05,-0.00520994,-0.124196,-0.102139
-0.0211416,0.0189884,0.000126813,-7.64216e-05,-0.00827115,-0.131686,-0.106419
-0.0354749,0.0207687,0.000127391,-7.89956e-05,-0.010723,-0.138942,-0.108926
-0.0498082,0.0160274,0.000948566,-8.1537e-05,-0.00881688,-0.145891,-0.111538
-0.0641415,0.00585851,0.0100901,-9.06543e-05,-0.0118457,-0.152493,-0.111642
-0.0784748,-0.00847478,0.0348647,-0.000173616,-0.0121468,-0.15872,-0.113555
-0.0928081,-0.0228081,0.092548,-0.000561228,-0.0130645,-0.164537,-0.116776
-0.107141,-0.0371414,1.36731,-0.00169115,-0.0140122,-0.169898,-0.116776
0.093525,0.142138,1.36712,-0.00354211,0.0153035,0.0452095,0.0768922
0.0702333,0.102754,1.32238,-0.00654992,0.0188598,0.0407776,0.0628726
0.0619917,0.0921176,1.2769,-0.0216345,0.0193588,0.037158,0.0583889
0.050525,0.077201,1.23218,-0.0425876,0.0203179,0.0342334,0.0523462
0.0361917,0.0555393,1.18827,-0.0677231,0.0208569,0.0320879,0.0442048
0.0218583,0.0331386,1.14499,-0.0919935,0.0209285,0.0308202,0.0360939
0.007525,0.00986121,1.10242,-0.115391,0.0193889,0.0304483,0.0278231
0,-0.0227402,1.08511,-0.137929,0.0128633,0.0314396,0.0227556
0,-0.0268998,1.06428,-0.159822,0.01268,0.0330554,0.017484
0,-0.0363038,1.02205,-0.181336,0.0131474,0.034192,0.0138219
0,-0.0407007,0.980557,-0.202242,0.0102499,0.0351739,0.0133176
0,-0.0448278,0.939787,-0.222309,0.0103908,0.0362065,0.0128998
0,-0.0431147,0.899758,-0.241554,0.00926826,0.0373562,0.0150926
0,-0.0395817,0.860462,-0.259989,0.00864338,0.0386498,0.0179748
0,-0.0346818,0.821903,-0.277631,0.00816622,0.0400885,0.0215368
0,-0.030818,0.784081,-0.294493,0.00688851,0.0416748,0.0247869
0,-0.028106,0.746996,-0.310591,0.00514036,0.0434064,0.0277092
0,-0.0258826,0.710649,-0.325938,0.0032049,0.0452899,0.030689
0,-0.0245422,0.675039,-0.340551,0.00136629,0.0473341,0.0334536
0,-0.0233161,0.640167,-0.354444,5.98342e-20,0.0495558,0.0365339
0,-0.0220755,0.606031,-0.367631,-1.20371e-35,0.0519749,0.0397875
0,-0.022586,0.572635,-0.379939,2.67276e-51,0.054593,0.042491
0,-0.0244911,0.539977,-0.391575,-5.93473e-67,0.0574214,0.0449887
0,-0.0270548,0.508054,-0.402554,1.31777e-82,0.0604741,0.0473958
0,-0.0305843,0.476862,-0.412907,-2.92605e-98,0.0637675,0.0497741
0,-0.0336409,0.4464,-0.422616,6.49713e-114,0.0673284,0.0526136
0,-0.0383356,0.41666,-0.431727,-1.44265e-129,0.0711789,0.055042
0,-0.0425487,0.387643,-0.440223,3.20333e-145,0.0753412,0.0579231
0,-0.0452452,0.359342,-0.44815,-7.11283e-161,0.0798262,0.0614875
0,-0.0486812,0.331752,-0.455493,1.57937e-176,0.0846553,0.0650278
0,-0.0523097,0.304867,-0.462293,-3.50689e-192,0.0898673,0.0686455
0,-0.0544985,0.278684,-0.468552,7.78687e-208,0.0954942,0.0729342
0,-0.0538789,0.253199,-0.474283,-1.72903e-223,0.101585,0.0784602
0,-0.050382,0.228403,-0.4795,3.83922e-239,0.108176,0.0849604
0,-0.0441705,0.204292,-0.484217,-8.52479e-255,0.115285,0.0923907
0,-0.0361548,0.180858,-0.488435,1.89288e-270,0.122931,0.100315
0,-0.0260655,0.158094,-0.492181,-4.20305e-286,0.131089,0.108782
0.00744167,-0.0174921,0.135992,-0.495468,9.33264e-302,0.139559,0.116285
0.0231083,-0.0140713,0.114654,-0.49831,-2.07226e-317,0.147966,0.121374
0.038775,-0.0124233,0.0943485,-0.50072,-1.49208e-321,0.156049,0.125417
0.0544417,-0.00921029,0.074535,-0.502719,-1.49208e-321,0.163714,0.128659
0.0701083,0.000108333,0.0519491,-0.504338,-0.007414,0.170911,0.129549
0.085775,0.015775,0.024283,-0.505682,-0.00678424,0.177602,0.132818
0.101442,0.0314417,-0.00824628,-0.506472,-0.0060376,0.183746,0.137387
0.117108,0.0471083,-0.0818038,-0.506681,-0.00523567,0.1893,0.137387
-0.102159,-0.130412,-0.08172,-0.506516,0.0043012,-0.045666,-0.0723775
-0.0786743,-0.0878822,-0.0948559,-0.506269,0.000593329,-0.0411269,-0.0567242
-0.0704546,-0.0757363,-0.108072,-0.505448,0.000621902,-0.0373984,-0.0516086
-0.0551894,-0.0525371,-0.120689,-0.503492,-0.00073693,-0.0344038,-0.0425705
-0.0395328,-0.0300808,-0.132791,-0.501217,-0.00118067,-0.0322521,-0.0343081
-0.0238763,-0.00724088,-0.144501,-0.498694,-0.00108303,-0.0310103,-0.02611
-0.0082197,0.0160286,-0.156136,-0.495933,0,-0.030688,-0.0179295
0,0.0307414,-0.167426,-0.492938,0,-0.0311136,-0.0133144
0,0.0460146,-0.178265,-0.489652,0,-0.0319464,-0.00845687
0,0.0576951,-0.188633,-0.486146,0,-0.0329567,-0.00514458
0,0.0635658,-0.198529,-0.482431,0,-0.0340887,-0.00420325
0,0.0687138,-0.20795,-0.47852,0,-0.0353326,-0.00357619
0,0.0686945,-0.216908,-0.474417,0,-0.036691,-0.00512647
0,0.0675543,-0.22542,-0.470128,0,-0.0381702,-0.00718198
0,0.0678024,-0.233492,-0.465667,0,-0.0397783,-0.00881558
0,0.0685721,-0.241134,-0.461041,0,-0.041524,-0.0104253
0,0.07,-0.248347,-0.456264,0,-0.0434169,-0.011882
0,0.07,-0.255097,-0.451341,0,-0.0454675,-0.0134263
0,0.07,-0.261419,-0.446313,0,-0.0476872,-0.0155152
0,0.07,-0.267372,-0.441154,0,-0.0500879,-0.0185438
0,0.07,-0.272994,-0.435872,0,-0.0526828,-0.0222025
0,0.0690147,-0.27826,-0.430474,0,-0.0554863,-0.0259904
0,0.0670294,-0.283165,-0.424967,0,-0.0585139,-0.030219
0,0.0658193,-0.287715,-0.419331,0,-0.0617826,-0.0343889
0,0.0648635,-0.29192,-0.413601,0,-0.0653107,-0.0387386
0,0.0641678,-0.295788,-0.407786,0,-0.0691177,-0.0432563
0,0.0640292,-0.299325,-0.401892,0,-0.0732251,-0.0478156
0,0.0650967,-0.30254,-0.395924,0,-0.0776556,-0.0521467
0,0.0671741,-0.30544,-0.389893,0,-0.0824341,-0.0563144
0,0.07,-0.308029,-0.383802,0,-0.087587,-0.0603399
0,0.07,-0.310229,-0.377657,0,-0.0931432,-0.0642962
0,0.07,-0.312046,-0.371476,0,-0.0991334,-0.0682618
0,0.07,-0.313632,-0.365255,0,-0.105543,-0.0739041
0,0.07,-0.315044,-0.359,0,-0.112394,-0.0805557
0,0.0687521,-0.316264,-0.352715,0,-0.119764,-0.087243
0,0.0633382,-0.317214,-0.346403,0,-0.12769,-0.0944294
0,0.0563154,-0.317867,-0.340064,0,-0.136156,-0.101931
-0.00690619,0.0450836,-0.318253,-0.333711,0,-0.144967,-0.110753
-0.023156,0.0369812,-0.318244,-0.327348,0,-0.153738,-0.11746
-0.0394059,0.0272085,-0.31675,-0.320983,0.000338489,-0.162179,-0.121901
-0.0556558,0.0131827,-0.314453,-0.31463,0.00975179,-0.17019,-0.128451
-0.0719056,-0.00190561,-0.3095,-0.308315,0.0190013,-0.177719,-0.132032
-0.0881555,-0.0181555,-0.301178,-0.30206,0.0181255,-0.184725,-0.137195
-0.104405,-0.0344053,-0.291786,-0.295945,0.016662,-0.191165,-0.143858
-0.120655,-0.0506552,-0.282181,-0.290006,0.0150351,-0.196996,-0.150956
0.106843,0.14128,-0.282254,-0.28417,-0.00457273,0.0415768,0.0742068
0.0853117,0.103163,-0.281956,-0.276438,-0.00670836,0.0371646,0.0600765
0.0743431,0.0886218,-0.281586,-0.272624,-0.00804493,0.0335248,0.0542369
0.0580932,0.0672181,-0.281069,-0.266988,-0.00358197,0.0306439,0.0460967
0.0418434,0.04395,-0.280419,-0.261361,-6.60214e-12,0.0286251,0.0375945
0.0255935,0.0189241,-0.279608,-0.255745,8.07794e-28,0.0275314,0.0286468
0.00934367,-0.00570129,-0.278617,-0.250148,-1.79366e-43,0.0273759,0.0200665
0,-0.0217858,-0.277459,-0.24457,3.98273e-59,0.0279952,0.0150284
0,-0.0386159,-0.276151,-0.239014,-8.84344e-75,0.0290366,0.00966807
0,-0.0511494,-0.274698,-0.233483,1.96364e-90,0.0302475,0.00612962
0,-0.0575439,-0.273101,-0.22798,-4.36015e-106,0.0315669,0.00507546
0,-0.0643591,-0.271373,-0.222509,9.68148e-122,0.0329843,0.00386707
0,-0.0671561,-0.269512,-0.217071,-2.14972e-137,0.034503,0.00438823
0,-0.0677889,-0.267527,-0.211669,4.77334e-153,0.0361301,0.00584263
0,-0.0696092,-0.265429,-0.206307,-1.05989e-168,0.0378743,0.00693353
0,-0.07,-0.263255,-0.200986,2.35344e-184,0.0397453,0.00823764
0,-0.07,-0.261051,-0.195708,-5.22568e-200,0.0417534,0.00927362
0,-0.07,-0.258812,-0.190462,1.16033e-215,0.0439098,0.0105591
0,-0.07,-0.2565,-0.185262,-2.57646e-231,0.0462263,0.0126658
0,-0.07,-0.254097,-0.180106,5.72089e-247,0.0487155,0.0153426
0,-0.07,-0.251638,-0.174998,-1.27029e-262,0.0513911,0.0177965
0,-0.07,-0.24914,-0.169938,2.82062e-278,0.0542678,0.0202708
0,-0.07,-0.246669,-0.164928,-6.26303e-294,0.0573619,0.0225525
0,-0.07,-0.244248,-0.159967,1.39067e-309,0.0606904,0.0248605
0,-0.07,-0.241856,-0.155056,-1.6897e-321,0.0642721,0.0276715
0,-0.07,-0.239482,-0.150192,-1.6897e-321,0.0681269,0.0311175
0,-0.07,-0.23711,-0.145376,-1.6897e-321,0.0722763,0.0349223
0,-0.07,-0.234785,-0.140608,-1.6897e-321,0.0767436,0.0386223
0,-0.07,-0.23255,-0.135888,-1.6897e-321,0.0815535,0.042175
0,-0.07,-0.230389,-0.131212,-1.6897e-321,0.086733,0.0459684
0,-0.07,-0.228348,-0.126581,-1.6897e-321,0.0923109,0.0495626
0,-0.07,-0.226436,-0.121991,-1.6897e-321,0.0983181,0.0532386
0,-0.07,-0.224357,-0.117442,-1.6897e-321,0.104712,0.0578237
0,-0.07,-0.222066,-0.112932,-1.6897e-321,0.111506,0.0635931
0,-0.07,-0.219856,-0.108466,-1.6897e-321,0.118806,0.0698449
0,-0.07,-0.218372,-0.104044,-1.6897e-321,0.126655,0.076172
0,-0.07,-0.21749,-0.09966,-1.6897e-321,0.135044,0.0842649
0.00606339,-0.0639366,-0.217351,-0.0953,-0.00510958,0.143794,0.0928175
0.0222324,-0.0477676,-0.217825,-0.0909515,-0.0179651,0.152524,0.100564
0.0384015,-0.0315985,-0.223398,-0.0866007,-0.0172008,0.160933,0.107444
0.0545705,-0.0154295,-0.227944,-0.0822052,-0.0191701,0.168918,0.116747
0.0707396,0.000739585,-0.234338,-0.0776986,-0.0176941,0.176425,0.124268
0.0869086,0.0169086,-0.240116,-0.0730821,-0.0168032,0.183414,0.132793
0.103078,0.0330777,-0.243383,-0.0683434,-0.0157763,0.189842,0.142377
0.119247,0.0492467,-0.244972,-0.0635117,-0.0138333,0.195667,0.151484
-0.10712,-0.133754,-0.244891,-0.058644,0.00505231,-0.0416934,-0.0714268
-0.085696,-0.0946856,-0.23866,-0.0521943,0.00718611,-0.0372746,-0.0570165
-0.0747818,-0.0793289,-0.232479,-0.0489039,0.00849461,-0.0336212,-0.0508533
-0.0586128,-0.0563507,-0.226404,-0.0441863,0.0047886,-0.0307196,-0.042083
-0.0424438,-0.0337343,-0.220395,-0.0395914,-3.24728e-11,-0.0286725,-0.0338524
-0.0262747,-0.00819558,-0.214403,-0.0351174,0,-0.0275435,-0.0246786
-0.0101057,0.0152789,-0.208263,-0.0307934,0,-0.0273492,-0.0165558
0,0.031299,-0.202114,-0.0265913,0,-0.0279427,-0.0115174
0,0.0472553,-0.196011,-0.0225121,0,-0.0289747,-0.0064974
0,0.059693,-0.189977,-0.0185553,0,-0.0301802,-0.00297611
0,0.0654167,-0.184023,-0.0147195,0,-0.031495,-0.00218017
0,0.07,-0.178098,-0.0110034,0,-0.0329077,-0.00114298
0,0.07,-0.172144,-0.00740586,0,-0.0344213,-0.001064
0,0.07,-0.166216,-0.00389749,0,-0.036043,-0.00185182
0,0.07,-0.160282,-0.000507969,0,-0.0377813,-0.00228341
0,0.07,-0.154326,0.00276294,0,-0.0396458,-0.00302687
0,0.07,-0.148347,0.00591498,0,-0.0416469,-0.00391973
0,0.07,-0.142369,0.00894769,0,-0.0437956,-0.00519192
0,0.07,-0.136414,0.0118608,0,-0.0461039,-0.007075
0,0.07,-0.130483,0.0146576,0,-0.0485842,-0.00918705
0,0.07,-0.124622,0.0173325,0,-0.0512502,-0.0118444
0,0.07,-0.118896,0.0198894,0,-0.0541166,-0.0152274
0,0.07,-0.113343,0.0223303,0,-0.0571994,-0.0191485
0,0.07,-0.107951,0.0246583,0,-0.0605158,-0.0232535
0,0.07,-0.102721,0.0268766,0,-0.0640843,-0.0276307
0,0.07,-0.0976541,0.0289885,0,-0.0679249,-0.0324395
0,0.07,-0.0927387,0.0309999,0,-0.0720591,-0.0374338
0,0.07,-0.0878178,0.0329087,0,-0.0765098,-0.0410316
0,0.07,-0.0828559,0.0347192,0,-0.081302,-0.0446248
0,0.07,-0.0777034,0.0364334,0,-0.0864622,-0.0473133
0,0.07,-0.0723551,0.0380441,0,-0.0920193,-0.0499821
0,0.07,-0.0668243,0.0395501,0,-0.0980042,-0.0530107
0,0.07,-0.0614213,0.0409502,0,-0.104346,-0.0567165
0,0.07,-0.0561631,0.042238,0,-0.111051,-0.0614802
0,0.07,-0.0503032,0.0434218,0,-0.118249,-0.0667928
0,0.07,-0.0429287,0.0444981,0,-0.125995,-0.0721393
0,0.07,-0.0337006,0.0454452,0.00989925,-0.134287,-0.0781882
-0.00443843,0.0655616,-0.0232482,0.04623,0.0202883,-0.142979,-0.085541
-0.0205782,0.0494218,-0.00783491,0.046836,0.0200908,-0.151693,-0.0936401
-0.0367179,0.0332821,0.0125082,0.0471777,0.0180098,-0.1601,-0.1013
-0.0528576,0.0171424,0.0329489,0.0471716,0.0185876,-0.168092,-0.109868
-0.0689974,0.00100262,0.0565771,0.0467375,0.0171307,-0.175613,-0.117698
-0.0851371,-0.0151371,0.0814472,0.0458777,0.0160221,-0.182622,-0.125609
-0.101277,-0.0312769,0.100092,0.0445348,0.0152908,-0.189078,-0.135103
-0.117417,-0.0474166,0.11624,0.0427567,0.0129002,-0.194937,-0.144003
0.10854,0.151801,0.116244,0.0407548,-0.00474099,0.0419425,0.0782218
0.0855406,0.109706,0.113678,0.0379022,-0.00702945,0.037492,0.0627962
0.0762603,0.0985857,0.111143,0.0365654,-0.00769573,0.0338027,0.0582001
0.0601205,0.0753926,0.108641,0.0343134,-0.00598444,0.0308387,0.0492563
0.0439808,0.0521113,0.10616,0.0321118,3.67334e-11,0.0287164,0.0407447
0.027841,0.0269593,0.103681,0.0299601,0,0.0275045,0.0317209
0.0117013,0.00289403,0.101134,0.0278716,0,0.027228,0.0233456
0,-0.0151114,0.0985717,0.0258336,0,0.0277709,0.0175164
0,-0.0298233,0.0960216,0.0238468,0,0.0287879,0.0130184
0,-0.0417892,0.0934916,0.0219111,0,0.029987,0.00966078
0,-0.0467016,0.0909895,0.020026,0,0.0312968,0.00917487
0,-0.0505929,0.0885107,0.0181912,0,0.0327041,0.00909468
0,-0.0513949,0.0860585,0.0164062,0,0.0342113,0.0103491
0,-0.0507558,0.0836322,0.0146703,0,0.0358254,0.0122602
0,-0.0523054,0.0812287,0.0129831,0,0.037555,0.0134168
0,-0.0544918,0.0788504,0.0113441,0,0.0394095,0.0145082
0,-0.0569153,0.0764985,0.0097528,0,0.0413993,0.0156844
0,-0.0585322,0.0741748,0.00820872,0,0.0435354,0.0173714
0,-0.0604464,0.0718787,0.00671128,0,0.0458295,0.0191268
0,-0.0626154,0.0696109,0.00525993,0,0.0482942,0.0209985
0,-0.0619344,0.0673754,0.0038541,0,0.050943,0.0242412
0,-0.0618425,0.0651689,0.00249318,0,0.0537904,0.0274476
0,-0.062938,0.0629912,0.00117546,0,0.0568524,0.0304428
0,-0.0650588,0.0608427,-0.000110494,0,0.0601461,0.0333092
0,-0.0675915,0.0587245,-0.00135313,0,0.0636899,0.0362936
0,-0.07,0.0566004,-0.0025541,0,0.0675035,0.0390475
0,-0.07,0.0544372,-0.00371266,0,0.0716083,0.0424679
0,-0.07,0.052299,-0.00484142,0,0.0760272,0.0470523
0,-0.07,0.0501871,-0.00601182,0,0.0808051,0.0521249
0,-0.07,0.0480022,-0.00708502,0,0.0859816,0.0557647
0,-0.07,0.0459111,-0.00831566,0,0.0916391,0.062619
0,-0.0697834,0.044382,-0.0105489,0,0.098552,0.0748349
0,-0.0571169,0.0425032,-0.0127526,0,0.107462,0.086887
0.00361401,-0.0536938,0.0403292,-0.0135844,0,0.117666,0.0934763
0.0196763,-0.0441682,0.0373987,-0.0144171,-0.0014849,0.128022,0.101599
0.0357385,-0.0342615,0.0317144,-0.0152207,-0.0121309,0.138017,0.107292
0.0522024,-0.0177136,0.0270293,-0.0159874,-0.0163603,0.147498,0.117099
0.0678631,-0.00213692,0.0187926,-0.016604,-0.0153686,0.156408,0.12353
0.0839253,0.0139253,0.00867429,-0.0171281,-0.0150898,0.164709,0.130047
0.0999876,0.0299876,-0.000447995,-0.0174736,-0.0161858,0.172365,0.137555
0.11605,0.0460499,-0.00903215,-0.0176151,-0.015683,0.179343,0.144763
-0.108822,-0.152092,-0.00936226,-0.0176062,0.00367706,-0.055332,-0.08299
-0.0831222,-0.115216,-0.00988564,-0.0175919,0.00626005,-0.0499386,-0.0699708
-0.0694693,-0.100678,-0.0102681,-0.0174372,0.00799789,-0.0454732,-0.0648146
-0.0558164,-0.0875938,-0.0104731,-0.0172694,0.00178767,-0.0418586,-0.0597053
-0.0421634,-0.0752706,-0.0106667,-0.017095,-1.92945e-11,-0.0390924,-0.0548672
-0.0277074,-0.0635943,-0.0108513,-0.0169066,3.23117e-27,-0.0372046,-0.0505992
-0.0124483,-0.0498651,-0.0110279,-0.016703,-7.17465e-43,-0.0362311,-0.0457679
0,-0.0386862,-0.0111967,-0.0164853,1.59309e-58,-0.0361037,-0.0421888
0,-0.0284963,-0.0113537,-0.0162635,-3.53737e-74,-0.0365045,-0.0390974
0,-0.0107626,-0.0114896,-0.0160386,7.85455e-90,-0.0371331,-0.0330939
0,0.000357172,-0.0116197,-0.0158104,-1.74406e-105,-0.0379137,-0.0299636
0,0.00938154,-0.0117393,-0.0155795,3.87259e-121,-0.0388297,-0.0276923
0,0.0157669,-0.0118493,-0.015346,-8.59888e-137,-0.0398806,-0.0265756
0,0.0193907,-0.0119503,-0.0151103,1.90934e-152,-0.0410709,-0.0266648
0,0.0208733,-0.0120419,-0.0148724,-4.23958e-168,-0.0424066,-0.0277219
0,0.0215686,-0.0121229,-0.0146326,9.41375e-184,-0.043895,-0.0292288
0,0.0224825,-0.0121926,-0.0143911,-2.09027e-199,-0.0455442,-0.0308179
0,0.022759,-0.0122523,-0.014148,4.64134e-215,-0.0473634,-0.0328606
0,0.023144,-0.0123014,-0.0139036,-1.03058e-230,-0.0493626,-0.0350598
0,0.0242707,-0.0123397,-0.0136582,2.28836e-246,-0.0515525,-0.0371871
0,0.0257954,-0.0123677,-0.0134118,-5.08117e-262,-0.0539451,-0.0394045
0,0.026421,-0.0123873,-0.0131648,1.12825e-277,-0.0565536,-0.0422375
0,0.0273536,-0.0123973,-0.0129172,-2.50521e-293,-0.0593924,-0.0451956
0,0.0293688,-0.0123974,-0.0126694,5.56268e-309,-0.0624774,-0.0479954
0,0.0297516,-0.0123906,-0.0124215,-1.89227e-321,-0.0658258,-0.0517372
0,0.032016,-0.0123736,-0.0121736,-1.89227e-321,-0.0694563,-0.0549757
0,0.0363229,-0.0123464,-0.0119259,-1.89227e-321,-0.0733891,-0.0576943
0,0.0435076,-0.0123085,-0.0116786,-1.89227e-321,-0.0776462,-0.0595482
0,0.0501539,-0.0122638,-0.011432,-1.89227e-321,-0.0822512,-0.0618929
0,0.0547069,-0.0122142,-0.0111863,-1.89227e-321,-0.0872299,-0.0652661
0,0.0580776,-0.0121591,-0.0109414,-1.89227e-321,-0.09261,-0.06924
0,0.0604231,-0.0120984,-0.0106976,-1.89227e-321,-0.0984213,-0.0737151
0,0.062877,-0.0120313,-0.010455,-1.89227e-321,-0.104699,-0.078211
0,0.06234,-0.0119612,-0.010214,-1.89227e-321,-0.111478,-0.083859
0,0.0589838,-0.0118885,-0.00997432,-1.89227e-321,-0.118789,-0.0904925
0,0.0531679,-0.0118129,-0.00973611,-1.89227e-321,-0.126662,-0.097892
0,0.0463299,-0.0117326,-0.0094994,-1.89227e-321,-0.135091,-0.105411
-0.00367685,0.0375326,-0.011648,-0.00926427,-1.89227e-321,-0.143942,-0.113374
-0.0200184,0.0390641,-0.0114904,-0.0090308,-1.89227e-321,-0.152834,-0.116565
-0.03636,0.0321298,-0.00952569,-0.00879997,0.00274313,-0.16142,-0.118661
-0.0527015,0.0172985,-0.00636318,-0.0085849,0.0200989,-0.169585,-0.122408
-0.0690431,0.00095692,0.00454617,-0.0084181,0.0205787,-0.177274,-0.124357
-0.0853846,-0.0153846,0.026245,-0.0083672,0.0184026,-0.184443,-0.127465
-0.101726,-0.0317262,0.0526422,-0.00862087,0.0174094,-0.191051,-0.133691
-0.118068,-0.0480678,0.0785239,-0.00937014,0.0154391,-0.197056,-0.141526
0.110714,0.16468,0.0788037,-0.010423,-0.00459782,0.042713,0.0823779
0.0878359,0.113678,0.0758606,-0.011897,-0.00685873,0.0381292,0.0642846
0.0780309,0.100859,0.0729723,-0.0128295,-0.00800602,0.0343143,0.0591387
0.0616894,0.076411,0.0701501,-0.0143222,-0.00659385,0.0312374,0.049689
0.0453478,0.0527492,0.0673776,-0.0157563,3.98509e-11,0.0290129,0.0410201
0.0290063,0.0292923,0.0646442,-0.0171343,-6.46235e-27,0.0277101,0.0326599
0.0126647,0.00292797,0.0618637,-0.0184436,1.43493e-42,0.0273579,0.023326
0,-0.0153947,0.0590972,-0.0196976,-3.18618e-58,0.0278538,0.0173941
0,-0.0297822,0.0563751,-0.0208961,7.07475e-74,0.028849,0.0130212
0,-0.0419421,0.0537044,-0.0220399,-1.57091e-89,0.0300331,0.0095721
0,-0.0450719,0.0510951,-0.0231301,3.48812e-105,0.0313299,0.0097919
0,-0.0501199,0.0485364,-0.0241676,-7.74518e-121,0.0327248,0.00921329
0,-0.0515584,0.0460345,-0.0251537,1.71978e-136,0.0342199,0.0102217
0,-0.0528445,0.0435858,-0.0260894,-3.81867e-152,0.035822,0.0113639
0,-0.055352,0.0411887,-0.0269758,8.47915e-168,0.0375395,0.0121572
0,-0.0560731,0.0388463,-0.027814,-1.88275e-183,0.039382,0.0138374
0,-0.0573125,0.0365558,-0.0286049,4.18054e-199,0.0413595,0.0154526
0,-0.0584686,0.0343179,-0.0293498,-9.28267e-215,0.0434831,0.0172933
0,-0.0579921,0.0321338,-0.0300496,2.06117e-230,0.0457645,0.0199838
0,-0.0575009,0.0300013,-0.0307054,-4.57671e-246,0.0482162,0.0228678
0,-0.0557682,0.0279216,-0.0313182,1.01623e-261,0.0508514,0.026476
0,-0.0550986,0.0258918,-0.0318891,-2.25649e-277,0.0536849,0.0298828
0,-0.0547623,0.0239124,-0.0324191,5.01042e-293,0.0567323,0.0334264
0,-0.0525056,0.0219853,-0.0329092,-1.11254e-308,0.0600108,0.038004
0,-0.0508069,0.0201076,-0.0333605,-1.2154e-321,0.0635386,0.0425962
0,-0.0488007,0.0182799,-0.0337739,-1.2154e-321,0.0673354,0.0475867
0,-0.0483743,0.0164996,-0.0341505,-1.2154e-321,0.0714224,0.0522026
0,-0.0502926,0.0147656,-0.0344912,-1.2154e-321,0.0758225,0.0561544
0,-0.0521784,0.0130799,-0.0347969,-1.2154e-321,0.0805602,0.0603818
0,-0.0546489,0.0114414,-0.0350686,-1.2154e-321,0.0856618,0.0645716
0,-0.0580343,0.0098493,-0.0353072,-1.2154e-321,0.0911559,0.0685614
0,-0.0617055,0.0083039,-0.0355138,-1.2154e-321,0.0970729,0.0725573
0,-0.0629667,0.00680759,-0.0356891,-1.2154e-321,0.103456,0.077672
0,-0.0621695,0.00535929,-0.0358343,-1.2154e-321,0.110342,0.0834611
0,-0.0595615,0.00395796,-0.0359501,-1.2154e-321,0.117757,0.0898439
0,-0.0567857,0.00260118,-0.0360377,-1.2154e-321,0.125728,0.0960897
0,-0.0512875,0.00129566,-0.0360979,-1.2154e-321,0.13425,0.103166
0.00368157,-0.0445283,4.23768e-05,-0.0361316,-1.2154e-321,0.143189,0.110378
0.0200441,-0.0355901,-0.00115663,-0.03614,-1.2154e-321,0.152164,0.11805
0.0364067,-0.0283519,-0.0031114,-0.036124,-1.2154e-321,0.160826,0.122378
0.0527692,-0.0138577,-0.00548994,-0.0360765,-0.00422734,0.169063,0.129938
0.0691318,0.000536466,-0.00822022,-0.035994,-0.017058,0.176819,0.135286
0.0854943,0.0154943,-0.012396,-0.0358624,-0.0203844,0.18405,0.140615
0.101857,0.0318569,-0.017157,-0.0356729,-0.0199895,0.190716,0.147999
0.118219,0.0482194,-0.0215446,-0.0353869,-0.0186686,0.196774,0.156016
-0.110856,-0.135237,-0.021461,-0.0350438,0.0045123,-0.0432602,-0.0722823
-0.0944937,-0.105334,-0.021842,-0.0346877,0.00625185,-0.0385607,-0.060932
-0.0781312,-0.0792111,-0.0222038,-0.0342551,0.00795208,-0.0346188,-0.0507276
-0.0617686,-0.0492469,-0.0225387,-0.033815,0.00654773,-0.0314916,-0.0392688
-0.0454061,-0.0209413,-0.0228492,-0.0333679,-1.01284e-10,-0.0292386,-0.0288222
-0.0290435,0.00207548,-0.0231402,-0.0329145,0,-0.0279149,-0.0207021
-0.012681,0.0257397,-0.0234161,-0.0324534,0,-0.0275457,-0.0124336
0,0.0435761,-0.0236781,-0.0319868,0,-0.0280271,-0.00664923
0,0.0575329,-0.0239204,-0.0315148,0,-0.0290095,-0.00243601
0,0.07,-0.024098,-0.0310378,0,-0.0301819,0.00176652
0,0.07,-0.0241375,-0.0305569,0,-0.0314679,0.00219018
0,0.07,-0.0239387,-0.0300746,0,-0.0328528,0.00377996
0,0.07,-0.0236779,-0.0295935,0,-0.0343386,0.00281313
0,0.07,-0.0234336,-0.0291171,0,-0.0359321,0.000923922
0,0.07,-0.0232054,-0.0286458,0,-0.0376416,-0.0011018
0,0.07,-0.0229114,-0.0281791,0,-0.0394767,-0.00243137
0,0.07,-0.0225195,-0.0277177,0,-0.0414473,-0.00357198
0,0.07,-0.022055,-0.027263,0,-0.0435646,-0.00512851
0,0.07,-0.0215904,-0.0268168,0,-0.0458401,-0.00761373
0,0.07,-0.0211705,-0.0263798,0,-0.0482863,-0.0107747
0,0.07,-0.020778,-0.0259518,0,-0.0509164,-0.0139936
0,0.07,-0.0204339,-0.0255319,0,-0.0537452,-0.0176808
0,0.07,-0.0201264,-0.0251195,0,-0.0567882,-0.0215085
0,0.07,-0.0198439,-0.0247136,0,-0.0600626,-0.025484
0,0.07,-0.0196053,-0.0243136,0,-0.0635867,-0.0299257
0,0.07,-0.0194019,-0.0239189,0,-0.06738,-0.0345501
0,0.07,-0.0192016,-0.0235286,0,-0.0714638,-0.0391006
0,0.07,-0.0189493,-0.0231423,0,-0.0758609,-0.0433095
0,0.07,-0.018609,-0.0227606,0,-0.0805958,-0.0473343
0,0.07,-0.0181286,-0.0223847,0,-0.0856948,-0.0509596
0,0.07,-0.0174758,-0.0220168,0,-0.0911865,-0.0543331
0,0.07,-0.0167086,-0.0216601,0,-0.0971013,-0.0583665
0,0.07,-0.0158477,-0.0213171,0,-0.103472,-0.0626565
0,0.07,-0.0153285,-0.0209907,0,-0.109973,-0.0679783
0,0.07,-0.01493,-0.0206781,0,-0.116537,-0.0739115
0,0.07,-0.0146317,-0.0203752,0,-0.123535,-0.0799144
0,0.07,-0.0145233,-0.020079,0,-0.13107,-0.0873185
0,0.0659553,-0.014213,-0.0197873,0,-0.139108,-0.095335
-0.0144867,0.0509975,-0.0137432,-0.0194993,0,-0.147318,-0.104528
-0.030148,0.037971,-0.0124772,-0.019219,0,-0.155314,-0.11115
-0.0458093,0.0234875,-0.0109087,-0.0189549,0.00584286,-0.162949,-0.11869
-0.0614706,0.0085294,-0.00890797,-0.0187187,0.0117742,-0.170161,-0.125185
-0.0771319,-0.0071319,-0.00319243,-0.0185156,0.00938229,-0.176906,-0.131185
-0.0927932,-0.0227932,0.00222243,-0.0183831,0.00882285,-0.183142,-0.139448
-0.108455,-0.0384545,0.00756574,-0.0183653,0.0067447,-0.18883,-0.147538
0.110804,0.130748,0.00749564,-0.0184552,-0.00411769,0.0409967,0.069526
0.0896609,0.0902477,0.00656482,-0.0186594,-0.00197315,0.0366016,0.0543628
0.0794811,0.0783364,0.00564206,-0.0187555,-0.00102229,0.0329113,0.0495234
0.0638198,0.0600266,0.004715,-0.0188785,-0.000812635,0.0299098,0.0425169
0.0481585,0.0400075,0.00393124,-0.018983,0.000682724,0.0276987,0.0352119
0.0324972,0.0200801,0.00317688,-0.0190707,0.000105372,0.0263464,0.0282111
0.0168359,-0.00133048,0.00242366,-0.0191425,3.32537e-21,0.0258985,0.0208102
0.0011746,-0.0210658,0.00167692,-0.0191996,-3.76158e-37,0.0263294,0.0142519
0,-0.0328544,0.0009569,-0.0192376,8.35239e-53,0.0273364,0.010954
0,-0.0477032,0.000255218,-0.0192611,-1.8546e-68,0.0285668,0.00640474
0,-0.055563,-0.000416809,-0.0192704,4.11805e-84,0.0299129,0.00478542
0,-0.0621349,-0.00106513,-0.0192661,-9.1439e-100,0.031352,0.00367338
0,-0.067134,-0.00168935,-0.0192487,2.03035e-115,0.0328843,0.00328002
0,-0.0690468,-0.00228805,-0.0192187,-4.50829e-131,0.0345162,0.00421706
0,-0.07,-0.0029198,-0.0191765,1.00104e-146,0.0362564,0.00479583
0,-0.07,-0.00363019,-0.0191219,-2.22276e-162,0.0381142,0.00518685
0,-0.07,-0.00445513,-0.0190571,4.93552e-178,0.0400999,0.00516103
0,-0.07,-0.00546985,-0.0189771,-1.0959e-193,0.0422247,0.0050561
0,-0.07,-0.00649455,-0.0188793,2.4334e-209,0.0445002,0.0070017
0,-0.07,-0.00748237,-0.0187607,-5.40323e-225,0.0469389,0.0096391
0,-0.07,-0.0083883,-0.0186219,1.19976e-240,0.0495542,0.0129779
0,-0.07,-0.00926634,-0.0184641,-2.664e-256,0.0523603,0.0160105
0,-0.07,-0.0101068,-0.0182885,5.91526e-272,0.055373,0.0193938
0,-0.07,-0.0109047,-0.0180956,-1.31345e-287,0.058609,0.0230921
0,-0.07,-0.0116219,-0.0178863,2.91645e-303,0.0620866,0.0274599
0,-0.07,-0.0122531,-0.0176617,-6.47582e-319,0.065825,0.0321677
0,-0.07,-0.0128368,-0.0174236,-2.91499e-322,0.0698451,0.0367525
0,-0.07,-0.0134086,-0.0171733,-2.91499e-322,0.0741695,0.0412153
0,-0.07,-0.0140446,-0.0169114,-2.91499e-322,0.0788222,0.0451018
0,-0.07,-0.0147539,-0.0166375,-2.91499e-322,0.0838291,0.0490544
0,-0.07,-0.0155134,-0.0163502,-2.91499e-322,0.0892183,0.0533674
0,-0.07,-0.0163363,-0.0160483,-2.91499e-322,0.0950196,0.0576208
0,-0.07,-0.0171955,-0.0157306,-2.91499e-322,0.101265,0.0621727
0,-0.07,-0.0177642,-0.0153962,-2.91499e-322,0.107701,0.0674105
0,-0.07,-0.0182051,-0.0150471,-2.91499e-322,0.114278,0.0732867
0,-0.07,-0.0185052,-0.0146879,-2.91499e-322,0.121303,0.0796908
0,-0.07,-0.0186327,-0.0143212,-2.91499e-322,0.128865,0.086599
0,-0.0680105,-0.0186737,-0.01395,-2.91499e-322,0.136944,0.0949867
0.0106514,-0.0538738,-0.0189358,-0.013577,-2.91499e-322,0.145282,0.103807
0.0264312,-0.04026,-0.0197921,-0.0132013,-2.91499e-322,0.153495,0.110868
0.042211,-0.0257626,-0.0209924,-0.0128153,-0.00306639,0.161371,0.118714
0.0579908,-0.0090429,-0.021864,-0.0124105,-0.00672877,0.168829,0.128162
0.0737706,0.00668393,-0.02272,-0.0119832,-0.0106154,0.175821,0.135694
0.0895504,0.0240589,-0.0231518,-0.0115391,-0.010888,0.182307,0.145067
0.10533,0.0353302,-0.0234312,-0.011081,-0.00898731,0.188245,0.15394
-0.115587,-0.116563,-0.0233407,-0.0106159,0.00356751,-0.0431061,-0.064372
-0.0998073,-0.0870802,-0.0228814,-0.0101479,0.0054616,-0.0383987,-0.0531954
-0.0840275,-0.0608423,-0.0223719,-0.00968521,0.00309415,-0.0343802,-0.0428464
-0.0682477,-0.0386633,-0.0218323,-0.00923191,0.00238144,-0.0311047,-0.0344109
-0.0524679,-0.015337,-0.0213846,-0.00878933,0.000706137,-0.0286292,-0.025756
-0.0366881,0.00559935,-0.0209426,-0.00835649,-2.58906e-11,-0.0270114,-0.0183292
-0.0209082,0.0271721,-0.020493,-0.00793278,6.46235e-27,-0.0262978,-0.0108191
-0.00512844,0.046628,-0.0200334,-0.00752022,-1.43493e-42,-0.0264801,-0.00432725
0,0.0553269,-0.0195828,-0.00711679,3.18618e-58,-0.0273266,-0.00222165
0,0.0667245,-0.0191297,-0.00672243,-7.07475e-74,-0.0284888,0.00102832
0,0.0694366,-0.0186871,-0.00633712,1.57091e-89,-0.0297904,0.000676322
0,0.069767,-0.018249,-0.00596072,-3.48812e-105,-0.0311908,-0.000592275
0,0.07,-0.0177401,-0.00559311,3.87259e-121,-0.0326852,-0.000881658
0,0.07,-0.0172061,-0.00523526,-8.59888e-137,-0.0342787,-0.00202211
0,0.07,-0.0166121,-0.00488526,1.90934e-152,-0.0359791,-0.00275753
0,0.07,-0.0160109,-0.00454649,-4.23958e-168,-0.0377957,-0.00438779
0,0.07,-0.0154148,-0.00421966,9.41375e-184,-0.0397385,-0.00635141
0,0.07,-0.0148304,-0.0039048,-2.09027e-199,-0.0418183,-0.00858409
0,0.07,-0.0142658,-0.00360177,4.64134e-215,-0.0440466,-0.0111261
0,0.07,-0.0137099,-0.00331024,-1.03058e-230,-0.0464358,-0.0137109
0,0.07,-0.0131568,-0.00302993,2.28836e-246,-0.0489987,-0.0164284
0,0.07,-0.0126094,-0.00276071,-5.08117e-262,-0.0517494,-0.0194159
0,0.07,-0.0120935,-0.0025025,1.12825e-277,-0.0547033,-0.0230314
0,0.07,-0.0116251,-0.00225495,-2.50521e-293,-0.0578769,-0.0271523
0,0.07,-0.0112124,-0.0020173,5.56268e-309,-0.0612878,-0.0316801
0,0.07,-0.0108516,-0.00178851,-1.89227e-321,-0.0649552,-0.0364388
0,0.07,-0.0105264,-0.00156751,-1.89227e-321,-0.0688994,-0.0412417
0,0.07,-0.0101994,-0.0013534,-1.89227e-321,-0.0731426,-0.04576
0,0.07,-0.00981992,-0.00114582,-1.89227e-321,-0.0777084,-0.0497575
0,0.07,-0.00935599,-0.000945247,-1.89227e-321,-0.0826223,-0.0534631
0,0.07,-0.00878446,-0.000753024,-1.89227e-321,-0.0879116,-0.0569563
0,0.07,-0.00811763,-0.000571048,-1.89227e-321,-0.0936059,-0.060727
0,0.07,-0.00736496,-0.000401026,-1.89227e-321,-0.0997367,-0.064976
0,0.07,-0.00672624,-0.000245448,-1.89227e-321,-0.106197,-0.0703071
0,0.07,-0.00613294,-0.000103578,-1.89227e-321,-0.112982,-0.0759923
0,0.07,-0.00562844,2.56074e-05,-1.89227e-321,-0.120258,-0.082225
0,0.07,-0.00526351,0.000143726,-1.89227e-321,-0.128083,-0.0890623
0,0.0682802,-0.00504481,0.00025301,-1.89227e-321,-0.136443,-0.0967368
-0.00766679,0.0545975,-0.00464109,0.000356421,-1.89227e-321,-0.145132,-0.105861
-0.0238074,0.0402894,-0.00399445,0.000453886,-1.89227e-321,-0.153764,-0.114543
-0.039948,0.0276962,-0.00230932,0.000541211,0.00117524,-0.162066,-0.120429
-0.0560886,0.0122648,-0.000502959,0.000607619,0.00742269,-0.169943,-0.128555
-0.0722293,-0.00222926,0.00352552,0.000637548,0.0140376,-0.177342,-0.13328
-0.0883699,-0.0183699,0.00915211,0.000623437,0.0132236,-0.184222,-0.140322
-0.10451,-0.0345105,0.0152907,0.0005051,0.0113268,-0.190542,-0.14796
-0.120651,-0.0506511,0.0319195,0.00026988,0.00985646,-0.196258,-0.14796
0.105318,0.107318,0.0318126,-3.59342e-05,-0.00470641,0.045967,0.0630056
0.0823171,0.0666775,0.0307153,-0.000471719,-0.00528914,0.0412692,0.0483876
0.0730363,0.0587149,0.029643,-0.000829303,-0.00553184,0.0373956,0.0449397
0.0568957,0.0429848,0.0286261,-0.00143396,-0.00301112,0.0342901,0.0388401
0.0407551,0.025434,0.0276258,-0.00201818,2.64097e-11,0.0320622,0.0324159
0.0246144,0.00930317,0.0266311,-0.00258169,-3.23117e-27,0.0307743,0.0268201
0.00847382,-0.0083415,0.0256166,-0.00312028,7.17465e-43,0.0304346,0.0207845
0,-0.025071,0.0246084,-0.0036387,-1.59309e-58,0.0308648,0.0152814
0,-0.0435184,0.0236118,-0.00413692,3.53737e-74,0.0317122,0.00919102
0,-0.0511344,0.0226427,-0.00461514,-7.85455e-90,0.0327387,0.00755372
0,-0.0581972,0.0216912,-0.00507381,1.74406e-105,0.0338864,0.00607728
0,-0.0633238,0.0207587,-0.00551334,-3.87259e-121,0.035145,0.00547985
0,-0.0640536,0.0198482,-0.00593411,8.59888e-137,0.036517,0.00673317
0,-0.0652045,0.0189543,-0.00633653,-1.90934e-152,0.038009,0.0078876
0,-0.0639613,0.0180802,-0.00672098,4.23958e-168,0.0396288,0.0101537
0,-0.0621284,0.0172239,-0.00708783,-9.41375e-184,0.0413854,0.0127815
0,-0.0604186,0.0163845,-0.00743745,2.09027e-199,0.0432885,0.0155283
0,-0.0581655,0.0155628,-0.00777017,-4.64134e-215,0.0453485,0.0186859
0,-0.0560177,0.0147581,-0.00808636,1.03058e-230,0.0475769,0.021999
0,-0.0543175,0.0139699,-0.00838635,-2.28836e-246,0.0499857,0.0253551
0,-0.0525307,0.0131989,-0.00867048,5.08117e-262,0.052588,0.0289878
0,-0.049783,0.0124459,-0.00893908,-1.12825e-277,0.0553984,0.0332508
0,-0.0467107,0.0117102,-0.00919252,2.50521e-293,0.0584324,0.0378872
0,-0.0442618,0.0109907,-0.00943114,-5.56268e-309,0.0617071,0.0425357
0,-0.0444195,0.0102852,-0.00965527,1.89227e-321,0.0652407,0.0464225
0,-0.0437712,0.00959721,-0.0098652,1.89227e-321,0.0690529,0.0509389
0,-0.0442306,0.00892471,-0.0100613,1.89227e-321,0.073165,0.0552606
0,-0.046105,0.00826723,-0.0102438,1.89227e-321,0.0775999,0.0592793
0,-0.0500883,0.00762392,-0.0104131,1.89227e-321,0.0823824,0.0626988
0,-0.055684,0.0069952,-0.0105694,1.89227e-321,0.0875391,0.0656954
0,-0.0609095,0.00638311,-0.0107131,1.89227e-321,0.0930988,0.0690103
0,-0.0650476,0.00578835,-0.0108444,1.89227e-321,0.0990923,0.0728467
0,-0.0659091,0.00521314,-0.0109638,1.89227e-321,0.105508,0.0776164
0,-0.0653012,0.00465527,-0.0110715,1.89227e-321,0.112369,0.0832202
0,-0.0619624,0.00411589,-0.0111679,1.89227e-321,0.11975,0.0897812
0,-0.0576265,0.00359309,-0.0112535,1.89227e-321,0.127687,0.0965106
0,-0.0521839,0.00308855,-0.0113285,1.89227e-321,0.136163,0.103403
0.00690992,-0.0409164,0.00260744,-0.0113933,1.89227e-321,0.144985,0.112269
0.0231686,-0.0324519,0.00214136,-0.0114483,1.89227e-321,0.153766,0.119532
0.0394272,-0.0253007,0.000924043,-0.011494,1.89227e-321,0.162217,0.123745
0.0556858,-0.011622,-0.000956322,-0.011521,-0.00561125,0.170237,0.130247
0.0719445,0.00194446,-0.00413139,-0.0115244,-0.0193178,0.177775,0.133629
0.0882031,0.0182031,-0.0101912,-0.0114846,-0.0178614,0.184789,0.13932
0.104462,0.0344617,-0.0166139,-0.0113505,-0.0170165,0.191236,0.146404
0.12072,0.0507204,-0.0220643,-0.0110953,-0.0159814,0.197074,0.154445
-0.106901,-0.134126,-0.021984,-0.010763,0.00489976,-0.0416234,-0.0714921
-0.0857643,-0.093775,-0.0215647,-0.010331,0.00700224,-0.0372012,-0.0565364
-0.0743833,-0.0759825,-0.0211701,-0.010027,0.00837397,-0.033551,-0.0494674
-0.0581246,-0.0504308,-0.0207698,-0.00959926,0.00391287,-0.0306649,-0.0397194
-0.041866,-0.0217386,-0.020366,-0.00917927,-1.2063e-11,-0.0286427,-0.0291137
-0.0256073,0.00557565,-0.0199598,-0.0087673,1.61559e-27,-0.0275466,-0.0193342
-0.00934871,0.0321,-0.0195411,-0.00836567,-3.58732e-43,-0.0273892,-0.0100296
0,0.0510582,-0.0191258,-0.00797234,7.96546e-59,-0.0280073,-0.00387205
0,0.07,-0.0187028,-0.00758733,-1.56142e-74,-0.0290478,0.00238795
0,0.07,-0.0180077,-0.00721073,3.92727e-90,-0.0302578,0.00524134
0,0.07,-0.0171601,-0.00684293,-4.36015e-106,-0.0315765,0.0057394
0,0.07,-0.0160076,-0.00648999,9.68148e-122,-0.0329932,0.00737113
0,0.07,-0.0148131,-0.00615658,-2.14972e-137,-0.0345112,0.00635731
0,0.07,-0.0135287,-0.00584718,4.77334e-153,-0.0361377,0.00559272
0,0.07,-0.0120871,-0.00556248,-1.45735e-168,-0.0378814,0.00510821
0,0.07,-0.0104743,-0.00530416,0,-0.0397519,0.00430891
0,0.07,-0.00869718,-0.00507693,0,-0.0417595,0.00333512
0,0.07,-0.00680277,-0.00488344,0,-0.0439154,0.00176196
0,0.07,-0.00488005,-0.0047256,0,-0.0462315,-0.000431302
0,0.07,-0.00296183,-0.00460685,0,-0.0487203,-0.00296322
0,0.07,-0.0012627,-0.00452651,0,-0.0513956,-0.00663011
0,0.07,0.000377168,-0.00448256,0,-0.054272,-0.00986051
0,0.07,0.00212986,-0.00447207,0,-0.0573657,-0.0125826
0,0.07,0.00400888,-0.00449539,0,-0.060694,-0.0154509
0,0.07,0.00607176,-0.0045549,0,-0.0642754,-0.0182666
0,0.07,0.00834134,-0.00465364,0,-0.06813,-0.0212401
0,0.07,0.0108442,-0.0047955,0,-0.0722792,-0.0243517
0,0.07,0.013674,-0.00498485,0,-0.0767462,-0.0272452
0,0.07,0.0169273,-0.00522721,0,-0.081556,-0.0298604
0,0.07,0.0207232,-0.00552997,0,-0.0867353,-0.0320671
0,0.07,0.0254816,-0.00590267,0,-0.092313,-0.0344576
0,0.07,0.0340251,-0.0063552,0,-0.0983201,-0.0371174
0,0.07,0.0454059,-0.00692891,0.00601239,-0.104669,-0.0401485
0,0.07,0.0624962,-0.00770046,0.0226857,-0.111361,-0.0437082
0,0.07,0.0938817,-0.00871967,0.0221768,-0.118543,-0.0482829
0,0.07,0.154747,-0.0102207,0.0204964,-0.12627,-0.0529556
0,0.07,0.275452,-0.0125244,0.0192371,-0.13454,-0.0591854
-0.00523001,0.06477,0.704108,-0.0165246,0.0175698,-0.143191,-0.0661264
-0.0213223,0.0486777,3.52915,-0.0243913,0.0148706,-0.151845,-0.0733635
-0.0374147,0.0325853,7.07756,-0.045536,0.0117999,-0.160189,-0.0809228
-0.053507,0.016493,7.31268,-0.144506,0.0135757,-0.168116,-0.0910589
-0.0695994,0.000400632,8.50315,-0.286293,0.0106041,-0.175573,-0.0991358
-0.0856917,-0.0156917,8.6737,-0.434927,0.0103292,-0.182518,-0.109054
-0.101784,-0.031784,8.68701,-0.605246,0.00895972,-0.18891,-0.118593
-0.117876,-0.0478764,8.59196,-0.778833,0.00746319,-0.194706,-0.128039
0.107416,0.168359,8.59238,-0.952573,-0.00607838,0.0415248,0.0877167
0.107416,0.127509,8.27941,-0.952573,-0.00607838,0.036916,0.0705501
0.0716109,0.112429,7.98323,-1.33806,-0.000778902,0.0330693,0.0665855
0.0591393,0.09864,7.67894,-1.46536,-0.00103336,0.0301874,0.0611936
0.043047,0.0772505,7.38357,-1.62244,0.000269799,0.0281543,0.0532035
0.0269547,0.0515812,7.09554,-1.77351,0.0014767,0.0270305,0.0438541
0.0108623,0.0230221,6.80796,-1.91873,0.000278956,0.0268357,0.0335991
0,-0.000699215,6.51577,-2.05805,-3.41813e-21,0.0274389,0.0254579
0,-0.0218635,6.2251,-2.19173,0,0.0284944,0.0183712
0,-0.0442875,5.93829,-2.31797,0,0.029725,0.0108373
0,-0.0576693,5.65638,-2.43846,0,0.0310634,0.00703214
0,-0.07,5.37976,-2.55328,0,0.0324976,0.00347487
0,-0.07,5.10857,-2.66253,0,0.0340304,0.00256248
0,-0.07,4.84293,-2.76769,0,0.0356691,0.00404133
0,-0.07,4.5828,-2.86747,0,0.0374223,0.0059436
0,-0.07,4.3282,-2.96199,0,0.0392997,0.00813849
0,-0.07,4.07911,-3.05135,0,0.0413117,0.0103943
0,-0.07,3.83554,-3.13567,0,0.0434695,0.0132052
0,-0.0675151,3.59753,-3.21506,0,0.045785,0.0179732
0,-0.0596782,3.3649,-3.28963,0,0.0482707,0.0236955
0,-0.0504878,3.13766,-3.35833,0,0.0509403,0.0301077
0,-0.0453653,2.91584,-3.42244,0,0.0538086,0.03512
0,-0.0431044,2.69946,-3.48209,0,0.0568915,0.0393083
0,-0.0414166,2.48851,-3.53738,0,0.0602064,0.0435761
0,-0.0397853,2.28294,-3.58841,0,0.0637716,0.0480989
0,-0.0402288,2.08272,-3.63531,0,0.0676071,0.0520624
0,-0.0426667,1.88781,-3.67816,0,0.0717344,0.0555229
0,-0.0459135,1.69818,-3.71709,0,0.0761764,0.0589387
0,-0.0488048,1.51378,-3.75219,0,0.080958,0.0627346
0,-0.0545644,1.33456,-3.78357,0,0.0861057,0.0655743
0,-0.0589073,1.16048,-3.81134,0,0.0916483,0.0691768
0,-0.062279,0.991508,-3.83559,0,0.0976167,0.0732478
0,-0.064294,0.827592,-3.85643,0,0.104038,0.0778253
0,-0.0649556,0.66866,-3.87397,0,0.110945,0.082946
0,-0.0602075,0.51464,-3.8883,0,0.118378,0.0901028
0,-0.0532252,0.365431,-3.89951,0,0.126366,0.0978875
0,-0.0453076,0.22133,-3.90772,0,0.134897,0.105753
0.00530284,-0.0348073,0.0826279,-3.91301,0,0.143808,0.114307
0.0216193,-0.0250865,-0.0504527,-3.91549,0,0.152714,0.122118
0.0379357,-0.0211289,-0.176794,-3.91528,0,0.161297,0.126974
0.0542521,-0.00900456,-0.297211,-3.91257,0,0.16945,0.134202
0.0705686,0.00373455,-0.413546,-3.90801,-0.0112398,0.177119,0.138081
0.086885,0.0179875,-0.525723,-3.90119,-0.0171397,0.184263,0.143746
0.103201,0.0332937,-0.633952,-3.89214,-0.0167753,0.190839,0.151245
0.119518,0.0495179,-0.738002,-3.88081,-0.0155322,0.196805,0.159435
-0.108912,-0.11832,-0.737902,-3.86813,0.00546864,-0.0426319,-0.0657372
-0.0925958,-0.0887017,-0.83716,-3.85498,0.00734312,-0.0380295,-0.0548145
-0.0762793,-0.0669041,-0.932923,-3.83933,0.00918134,-0.0341876,-0.0464117
-0.0599629,-0.0417285,-1.02493,-3.82173,0.00634307,-0.0311636,-0.0368706
-0.0436465,-0.0148331,-1.11305,-3.80224,-3.66789e-11,-0.0290166,-0.0269782
-0.02733,0.0105562,-1.19769,-3.78099,6.46235e-27,-0.0278001,-0.0179464
-0.0110136,0.0365933,-1.28169,-3.75755,-1.43493e-42,-0.0275315,-0.00881884
0,0.0538234,-1.36355,-3.73242,3.18618e-58,-0.0280765,-0.00335963
0,0.0671158,-1.44222,-3.70564,-7.07475e-74,-0.0290836,0.000554532
0,0.07,-1.51713,-3.67727,1.57091e-89,-0.0302709,0.00300244
0,0.07,-1.5884,-3.64737,-3.48812e-105,-0.0315694,0.00211334
0,0.07,-1.65607,-3.61639,7.74518e-121,-0.0329668,0.00262001
0,0.07,-1.72026,-3.58405,-1.71978e-136,-0.0344655,0.00130884
0,0.07,-1.7811,-3.55035,3.81867e-152,-0.0360726,-0.000219063
0,0.07,-1.83858,-3.51539,-8.47915e-168,-0.0377965,-0.000781257
0,0.07,-1.89278,-3.47928,1.88275e-183,-0.0396467,-0.00224245
0,0.07,-1.94384,-3.44202,-4.18054e-199,-0.0416335,-0.00427578
0,0.07,-1.99191,-3.40371,9.28267e-215,-0.0437679,-0.00702168
0,0.07,-2.03709,-3.3644,-2.06117e-230,-0.0460616,-0.00994425
0,0.07,-2.07949,-3.32415,4.57671e-246,-0.0485273,-0.013494
0,0.07,-2.11908,-3.28303,-1.01623e-261,-0.0511783,-0.016301
0,0.07,-2.15587,-3.24108,2.25649e-277,-0.0540292,-0.0189726
0,0.07,-2.18989,-3.19837,-5.01042e-293,-0.0570961,-0.0217557
0,0.07,-2.22122,-3.15495,1.11254e-308,-0.0603961,-0.0249375
0,0.07,-2.24984,-3.11087,2.29246e-321,-0.0639475,-0.0278013
0,0.07,-2.27586,-3.06619,2.29246e-321,-0.0677703,-0.0312348
0,0.07,-2.29936,-3.02096,2.29246e-321,-0.0718857,-0.0349752
0,0.07,-2.32031,-2.97523,2.29246e-321,-0.0763167,-0.0380423
0,0.07,-2.33873,-2.92905,2.29246e-321,-0.0810881,-0.0414111
0,0.07,-2.35463,-2.88249,2.29246e-321,-0.0862264,-0.0444593
0,0.07,-2.3682,-2.83557,2.29246e-321,-0.0917602,-0.0482882
0,0.07,-2.37956,-2.78836,2.29246e-321,-0.0977204,-0.0529048
0,0.07,-2.38843,-2.74089,2.29246e-321,-0.104091,-0.0583562
0,0.07,-2.3951,-2.69322,2.29246e-321,-0.110894,-0.0642055
0,0.07,-2.39936,-2.64539,2.29246e-321,-0.118209,-0.0703025
0,0.07,-2.40013,-2.59746,2.29246e-321,-0.126075,-0.0766179
0,0.07,-2.39695,-2.54946,0.00195123,-0.134488,-0.0837354
-0.00446772,0.0655323,-2.39125,-2.50149,0.0143768,-0.143301,-0.0912447
-0.020714,0.049286,-2.38199,-2.4536,0.0226299,-0.152132,-0.0987267
-0.0369602,0.0330398,-2.36384,-2.40583,0.018957,-0.160652,-0.105505
-0.0532064,0.0167936,-2.3472,-2.35834,0.0215388,-0.168749,-0.115676
-0.0694527,0.000547337,-2.33006,-2.31119,0.0179386,-0.17637,-0.125588
-0.0856989,-0.0156989,-2.31593,-2.2644,0.0187965,-0.183471,-0.136392
-0.101945,-0.0319451,-2.30244,-2.21792,0.01781,-0.190013,-0.145096
-0.118191,-0.0481914,-2.28962,-2.17171,0.0162472,-0.195952,-0.154311
0.109256,0.13382,-2.28971,-2.12566,-0.00216523,0.0424529,0.0705469
0.0881358,0.0954762,-2.28151,-2.0658,-0.0043106,0.0379152,0.0563753
0.0767635,0.0790518,-2.27299,-2.03376,-0.00562874,0.0341414,0.0497709
0.0605172,0.0573313,-2.26346,-1.98821,-0.00346539,0.0311226,0.0414874
0.044271,0.03179,-2.25289,-1.94283,6.64012e-11,0.0289588,0.0320451
0.0280248,0.00550391,-2.2411,-1.89766,-1.29247e-26,0.0277147,0.0225999
0.0117785,-0.0159757,-2.22787,-1.85277,2.86986e-42,0.0274141,0.0152732
0,-0.0319418,-2.21349,-1.80813,-6.37237e-58,0.0279397,0.010219
0,-0.0447509,-2.19808,-1.76377,1.41495e-73,0.0289435,0.00645106
0,-0.0547604,-2.18169,-1.71972,-3.14182e-89,0.030131,0.00384777
0,-0.0573176,-2.16437,-1.67599,6.97624e-105,0.0314303,0.0042754
0,-0.0629816,-2.14617,-1.6326,-1.54904e-120,0.0328278,0.00345519
0,-0.0654766,-2.1271,-1.58956,3.43955e-136,0.0343261,0.0040653
0,-0.0648686,-2.10723,-1.54691,-7.63734e-152,0.0359318,0.00599509
0,-0.0636362,-2.0866,-1.50464,1.69583e-167,0.0376537,0.00826877
0,-0.0599703,-2.06526,-1.46279,-3.7655e-183,0.039501,0.0116605
0,-0.0589591,-2.04327,-1.42135,8.36109e-199,0.0414842,0.0141253
0,-0.058846,-2.02064,-1.38036,-1.85653e-214,0.0436141,0.0164577
0,-0.0577228,-1.99741,-1.33981,4.12234e-230,0.0459025,0.0194071
0,-0.058056,-1.97361,-1.29972,-9.15342e-246,0.0483619,0.0219734
0,-0.0595627,-1.94928,-1.26011,2.03247e-261,0.0510057,0.024323
0,-0.0603161,-1.92445,-1.22097,-4.51299e-277,0.0538486,0.0272343
0,-0.0621665,-1.89916,-1.18234,1.00208e-292,0.0569064,0.0299503
0,-0.0661219,-1.87343,-1.1442,-2.22507e-308,0.0601962,0.0321053
0,-0.07,-1.84732,-1.10658,-2.54938e-321,0.0637363,0.0340966
0,-0.07,-1.82096,-1.06947,2.45057e-321,0.0675466,0.0362974
0,-0.07,-1.79443,-1.03277,2.45057e-321,0.0716483,0.0381687
0,-0.07,-1.76781,-0.996572,2.45057e-321,0.0760642,0.0402062
0,-0.07,-1.74108,-0.960923,2.45057e-321,0.0808191,0.0432003
0,-0.07,-1.71418,-0.925794,2.45057e-321,0.0859395,0.0471928
0,-0.07,-1.68721,-0.891214,2.45057e-321,0.0914538,0.0509556
0,-0.07,-1.66023,-0.857174,2.45057e-321,0.0973927,0.0543512
0,-0.07,-1.6331,-0.823672,2.45057e-321,0.103722,0.058224
0,-0.07,-1.60561,-0.790712,2.45057e-321,0.110457,0.0631893
0,-0.07,-1.57784,-0.758297,2.45057e-321,0.117696,0.0691057
0,-0.07,-1.55042,-0.726421,2.45057e-321,0.125483,0.075891
0,-0.07,-1.52344,-0.695084,2.45057e-321,0.133819,0.0834221
0.00364316,-0.0663568,-1.49695,-0.664305,-0.00101144,0.142573,0.0923015
0.019835,-0.050165,-1.47095,-0.634074,-0.00868794,0.151367,0.101268
0.0360268,-0.0339732,-1.44844,-0.604356,-0.0140874,0.159857,0.108032
0.0522186,-0.0177814,-1.42611,-0.575084,-0.0167838,0.167931,0.117064
0.0684105,-0.00158954,-1.4067,-0.546293,-0.0150368,0.175533,0.124327
0.0846023,0.0146023,-1.38839,-0.517926,-0.0142171,0.182622,0.132083
0.100794,0.0307941,-1.36949,-0.489948,-0.013207,0.189155,0.140437
0.116986,0.0469859,-1.35161,-0.462341,-0.0112175,0.19509,0.147648
-0.1097,-0.13752,-1.35153,-0.434951,0.00596128,-0.0424963,-0.073475
-0.0874359,-0.0963898,-1.32077,-0.39729,0.00491029,-0.0379636,-0.058238
-0.077316,-0.0829208,-1.29005,-0.380417,0.00449286,-0.0341914,-0.0527215
-0.0611241,-0.0601349,-1.2598,-0.354279,0.00383503,-0.0311544,-0.0439411
-0.0449323,-0.0356103,-1.22989,-0.32875,2.55026e-11,-0.0289625,-0.0348952
-0.0287405,-0.0109774,-1.20024,-0.303808,-3.23117e-27,-0.0276835,-0.0260704
-0.0125487,0.0135781,-1.16983,-0.279625,7.17465e-43,-0.0273458,-0.0174668
0,0.0329551,-1.13908,-0.256046,-1.59309e-58,-0.0278481,-0.0110754
0,0.0483203,-1.10842,-0.23308,3.53737e-74,-0.0288452,-0.00631698
0,0.0637439,-1.07799,-0.210728,-7.85455e-90,-0.0300299,-0.00156856
0,0.0689716,-1.04784,-0.188985,1.74406e-105,-0.031327,-0.00098953
0,0.07,-1.01789,-0.167848,-1.9363e-121,-0.0327222,-0.000441592
0,0.07,-0.988165,-0.14731,4.29944e-137,-0.0342175,-0.000712703
0,0.07,-0.958781,-0.12722,-9.54668e-153,-0.0358197,-0.00247864
0,0.07,-0.929713,-0.107721,2.11979e-168,-0.0375374,-0.0039097
0,0.07,-0.900918,-0.088807,-4.70687e-184,-0.03938,-0.00474922
0,0.07,-0.872378,-0.0704719,1.04514e-199,-0.0413577,-0.0056175
0,0.07,-0.844102,-0.0526961,-2.32067e-215,-0.0434814,-0.00681018
0,0.07,-0.816109,-0.0355031,5.15292e-231,-0.045763,-0.00829846
0,0.07,-0.788452,-0.018873,-1.14418e-246,-0.0482148,-0.0104506
0,0.07,-0.761126,-0.00279969,1.27029e-262,-0.0508501,-0.0128525
0,0.07,-0.734174,0.0127371,-2.82062e-278,-0.0536837,-0.0158028
0,0.07,-0.707618,0.027717,6.26303e-294,-0.0567312,-0.0191205
0,0.07,-0.681479,0.0421615,-1.39067e-309,-0.0600097,-0.0228039
0,0.07,-0.655737,0.0561048,1.68476e-321,-0.0635376,-0.0265812
0,0.07,-0.630463,0.0695027,1.68476e-321,-0.0673345,-0.0310983
0,0.07,-0.605642,0.0823899,1.68476e-321,-0.0714216,-0.0357355
0,0.07,-0.5812,0.0947758,1.68476e-321,-0.0758218,-0.0400091
0,0.07,-0.557099,0.106681,1.68476e-321,-0.0805595,-0.0441576
0,0.07,-0.533295,0.118088,1.68476e-321,-0.0856612,-0.0480756
0,0.07,-0.509739,0.129016,1.68476e-321,-0.0911553,-0.051676
0,0.07,-0.486366,0.13947,1.68476e-321,-0.0970724,-0.0547874
0,0.07,-0.463282,0.149454,1.68476e-321,-0.103445,-0.0584929
0,0.07,-0.441131,0.158974,1.68476e-321,-0.109932,-0.0633487
0,0.07,-0.419563,0.16804,1.68476e-321,-0.11646,-0.0691798
0,0.07,-0.398547,0.176668,1.68476e-321,-0.123416,-0.0751929
0,0.07,-0.377608,0.184881,1.68476e-321,-0.130908,-0.0819298
0,0.07,-0.356673,0.192684,1.68476e-321,-0.138902,-0.0893331
-0.0144452,0.0555548,-0.335493,0.200059,0.00149793,-0.147068,-0.0974207
-0.0300616,0.0399384,-0.313895,0.207012,0.0111822,-0.155022,-0.103868
-0.0456781,0.0243219,-0.289072,0.21356,0.011193,-0.162618,-0.110843
-0.0612945,0.0087055,-0.262413,0.219652,0.0111462,-0.169792,-0.117841
-0.0769109,-0.00691094,-0.231744,0.225193,0.00942829,-0.176501,-0.123857
-0.0925274,-0.0225274,-0.203037,0.230181,0.00877682,-0.182705,-0.132267
-0.108144,-0.0381438,-0.176056,0.234557,0.00654314,-0.188362,-0.14113
0.110486,0.144415,-0.176111,0.238389,-0.00391913,0.0408196,0.0748505
0.0886233,0.101712,-0.162931,0.243318,-0.0017186,0.036458,0.0586874
0.0792534,0.0888549,-0.149762,0.245425,-0.00106202,0.0328002,0.0534464
0.063637,0.0673271,-0.137084,0.248565,-0.000775655,0.0298198,0.04518
0.0480205,0.0466256,-0.124605,0.251446,0.0001637,0.0276246,0.037661
0.0324041,0.0236844,-0.112567,0.254088,1.83473e-05,0.0262847,0.0294755
0.0167877,0.000687616,-0.10053,0.256472,3.2744e-21,0.0258458,0.021495
0.00117123,-0.0198331,-0.0885356,0.258615,-7.52316e-37,0.0262826,0.0146545
0,-0.0341341,-0.0767995,0.260452,1.67048e-52,0.0272937,0.0103722
0,-0.0505522,-0.0653852,0.262058,-3.70921e-68,0.0285274,0.0052413
0,-0.0590113,-0.0542932,0.263434,8.23609e-84,0.0298763,0.00341292
0,-0.0660203,-0.0435353,0.264587,-1.82878e-99,0.0313181,0.00214146
0,-0.07,-0.0331809,0.265522,3.04553e-115,0.0328528,0.00115256
0,-0.07,-0.0232188,0.266248,-4.50829e-131,0.0344871,0.00189639
0,-0.07,-0.0136676,0.266821,1.00104e-146,0.0362293,0.00231646
0,-0.07,-0.00450264,0.2672,-2.22276e-162,0.0380891,0.00316794
0,-0.07,0.00434953,0.267391,4.93552e-178,0.0400767,0.00516904
0,-0.07,0.0128584,0.267401,-5.47952e-194,0.0422031,0.00692381
0,-0.07,0.0210486,0.267242,1.2167e-209,0.0444802,0.00913377
0,-0.07,0.0289701,0.266911,-2.70161e-225,0.0469204,0.01201
0,-0.07,0.0366438,0.266419,5.99879e-241,0.049537,0.0152715
0,-0.07,0.0440448,0.26577,-1.58175e-256,0.0523443,0.0184704
0,-0.07,0.0511665,0.264974,2.95763e-272,0.0553582,0.0218074
0,-0.07,0.05802,0.264033,-6.56726e-288,0.0585953,0.0254798
0,-0.07,0.064615,0.262951,1.45822e-303,0.0620738,0.0295023
0,-0.07,0.070966,0.261732,-3.23791e-319,0.0658132,0.0339418
0,-0.07,0.0770474,0.260382,2.27764e-321,0.0698342,0.038198
0,-0.07,0.0828186,0.258908,2.27764e-321,0.0741593,0.0421366
0,-0.07,0.0882608,0.257318,2.27764e-321,0.0788128,0.046166
0,-0.07,0.09331,0.255618,2.27764e-321,0.0838204,0.049634
0,-0.07,0.0979716,0.253808,2.27764e-321,0.0892102,0.0532276
0,-0.07,0.102215,0.251899,2.27764e-321,0.0950121,0.0566419
0,-0.07,0.106131,0.249904,2.27764e-321,0.101258,0.0609122
0,-0.07,0.110131,0.247824,2.27764e-321,0.107686,0.0661727
0,-0.07,0.114043,0.245666,2.27764e-321,0.114243,0.0723055
0,-0.07,0.117837,0.243428,2.27764e-321,0.121245,0.0785836
0,-0.07,0.121581,0.241113,2.27764e-321,0.128783,0.0860014
0,-0.0690572,0.125099,0.238722,2.27764e-321,0.136838,0.0941181
0.0106347,-0.0543632,0.128169,0.236263,2.27764e-321,0.145151,0.103042
0.0263899,-0.0400465,0.130538,0.233733,2.27764e-321,0.153341,0.111041
0.042145,-0.025644,0.132242,0.23115,-0.00270075,0.161195,0.118802
0.0579001,-0.00969051,0.133879,0.228524,-0.0081837,0.168632,0.127182
0.0736553,0.00378412,0.134515,0.225866,-0.010775,0.175604,0.133398
0.0894104,0.0194104,0.134193,0.223184,-0.0101348,0.182072,0.141379
0.105166,0.0351655,0.133832,0.220496,-0.00851674,0.187992,0.150155
-0.115406,-0.124916,0.133913,0.217815,0.00339786,-0.0430043,-0.0676099
-0.0996512,-0.0959626,0.136506,0.215138,0.00528871,-0.0383112,-0.0565172
-0.0838961,-0.0688887,0.139001,0.212437,0.00276253,-0.0343055,-0.0458293
-0.068141,-0.0462152,0.141367,0.209685,0.00229757,-0.0310412,-0.0372116
-0.0523858,-0.0209727,0.143479,0.206884,0.000417893,-0.0285753,-0.0278011
-0.0366307,0.000426608,0.145406,0.204038,-3.82853e-12,-0.0269654,-0.0202203
-0.0208756,0.0239534,0.147213,0.201152,8.07794e-28,-0.0262579,-0.0119383
-0.00512042,0.0447274,0.14892,0.198218,-1.79366e-43,-0.0264446,-0.00495098
0,0.0554686,0.150477,0.19525,3.98273e-59,-0.0272942,-0.0020509
0,0.0684496,0.151888,0.19225,-8.84344e-75,-0.0284589,0.00179927
0,0.07,0.153226,0.189221,1.96364e-90,-0.0297627,0.0023563
0,0.07,0.154487,0.186164,-4.36015e-106,-0.0311652,0.00210936
0,0.07,0.155718,0.183088,9.68148e-122,-0.0326614,0.00239348
0,0.07,0.15685,0.179987,-1.61229e-137,-0.0342566,0.00145354
0,0.07,0.157954,0.176863,2.38667e-153,-0.0359586,0.000961516
0,0.07,0.159002,0.173717,-5.29947e-169,-0.0377767,3.19928e-05
0,0.07,0.159937,0.170548,1.17672e-184,-0.0397209,-0.0016644
0,0.07,0.160758,0.16736,-2.61284e-200,-0.041802,-0.00360263
0,0.07,0.161421,0.164153,5.80167e-216,-0.0440315,-0.00623517
0,0.07,0.161925,0.160932,-1.28823e-231,-0.0464217,-0.00912779
0,0.07,0.162301,0.157699,2.86044e-247,-0.0489857,-0.0119808
0,0.07,0.16253,0.154457,-6.35146e-263,-0.0517374,-0.0152981
0,0.07,0.162603,0.151209,1.41031e-278,-0.0546921,-0.0190183
0,0.07,0.162498,0.147958,-3.13151e-294,-0.0578665,-0.0232619
0,0.07,0.162194,0.144707,6.95336e-310,-0.0612782,-0.0280639
0,0.07,0.161736,0.14146,5.97819e-322,-0.0649462,-0.0329156
0,0.07,0.161161,0.13822,5.97819e-322,-0.0688912,-0.037611
0,0.07,0.160513,0.13499,5.97819e-322,-0.073135,-0.0419952
0,0.07,0.159846,0.131773,5.97819e-322,-0.0777013,-0.045832
0,0.07,0.159239,0.128569,5.97819e-322,-0.0826157,-0.049289
0,0.07,0.158717,0.125377,5.97819e-322,-0.0879055,-0.0526254
0,0.07,0.158267,0.122197,5.97819e-322,-0.0936002,-0.0561933
0,0.07,0.157855,0.119026,5.97819e-322,-0.0997314,-0.0602123
0,0.07,0.157257,0.115865,5.97819e-322,-0.10615,-0.0648814
0,0.07,0.156447,0.112712,5.97819e-322,-0.112838,-0.0712153
0,0.07,0.155388,0.109574,5.97819e-322,-0.120002,-0.0777627
0,0.07,0.15409,0.106455,5.97819e-322,-0.127713,-0.0848511
0,0.07,0.1528,0.103358,5.97819e-322,-0.135961,-0.092793
-0.0068301,0.0589448,0.151818,0.100287,5.97819e-322,-0.144557,-0.101262
-0.0229009,0.0436399,0.150982,0.0972391,5.97819e-322,-0.15312,-0.110681
-0.0389718,0.0310282,0.151267,0.0942098,0.00546124,-0.161363,-0.116613
-0.0550426,0.0149574,0.151323,0.0911879,0.0113907,-0.169189,-0.125417
-0.0711134,-0.00111341,0.153947,0.0881621,0.0152417,-0.176544,-0.13057
-0.0871842,-0.0171842,0.157813,0.0851172,0.0145598,-0.183386,-0.137871
-0.103255,-0.0332551,0.161446,0.0820054,0.0129875,-0.189675,-0.146126
-0.119326,-0.0493259,0.164141,0.0788183,0.0111832,-0.195367,-0.154684
0.105666,0.12063,0.164048,0.0755894,-0.0051078,0.0406478,0.0658036
0.0843718,0.0819655,0.160992,0.0713111,-0.00583434,0.0363501,0.0517794
0.073524,0.0692283,0.157944,0.0691023,-0.00557306,0.0328121,0.0467047
0.0574532,0.0480345,0.154952,0.0659099,-0.00409237,0.0300205,0.0386466
0.0413824,0.0256507,0.151968,0.0627764,2.26424e-11,0.0280777,0.0305163
0.0253116,0.00171753,0.148959,0.0597042,-3.23117e-27,0.0270463,0.0220098
0.00924073,-0.0212135,0.145851,0.056707,7.17465e-43,0.0269392,0.014105
0,-0.0367148,0.142718,0.0537713,-1.59309e-58,0.0275957,0.00928732
0,-0.0517063,0.139584,0.0508982,3.53737e-74,0.0286676,0.00466429
0,-0.0627712,0.136461,0.0480877,-7.85455e-90,0.0299057,0.001695
0,-0.0660544,0.133357,0.0453397,1.74406e-105,0.03125,0.00187054
0,-0.0694239,0.130267,0.042654,-3.87259e-121,0.0326905,0.00199934
0,-0.07,0.127192,0.0400301,1.18235e-136,0.0342305,0.0033183
0,-0.07,0.124108,0.0374678,0,0.0358774,0.00459376
0,-0.07,0.121015,0.0349517,0,0.03764,0.00598414
0,-0.07,0.117903,0.0324974,0,0.039528,0.00734251
0,-0.07,0.114768,0.0301051,0,0.0415519,0.00878035
0,-0.07,0.111617,0.0277753,0,0.0437229,0.0104763
0,-0.07,0.108477,0.0255083,0,0.046053,0.0127066
0,-0.07,0.105393,0.0233042,0,0.0485548,0.0158323
0,-0.07,0.102408,0.0211624,0,0.0512421,0.0197789
0,-0.07,0.0995102,0.0190814,0,0.0541297,0.0238524
0,-0.07,0.0966654,0.0170594,0,0.0572338,0.0276662
0,-0.07,0.0938659,0.0150948,0,0.0605716,0.031631
0,-0.07,0.0911184,0.0131866,0,0.0641619,0.0359597
0,-0.0685793,0.0884059,0.0113341,0,0.0680248,0.0408418
0,-0.0688843,0.0857227,0.00953474,0,0.0721816,0.0452287
0,-0.0695681,0.0830716,0.00780419,0,0.0766558,0.0497344
0,-0.07,0.0804088,0.00612685,0,0.0814721,0.0538958
0,-0.07,0.077718,0.00450269,0,0.0866575,0.0581377
0,-0.07,0.0749967,0.00291874,0,0.0922408,0.0624533
0,-0.07,0.0722413,0.00138887,0,0.0982532,0.0667683
0,-0.07,0.0695426,-8.62681e-05,0,0.104679,0.0719818
0,-0.07,0.0669421,-0.00150681,0,0.111538,0.078156
0,-0.07,0.0645027,-0.00287425,0,0.118912,0.0851803
0,-0.0669808,0.0621707,-0.00419114,0,0.126839,0.0924169
0,-0.059643,0.0598815,-0.00546138,0,0.135306,0.100107
0.006092,-0.0483533,0.0576356,-0.00667274,0,0.144135,0.108977
0.0223373,-0.0368047,0.0554049,-0.00783893,0,0.152942,0.117366
0.0385826,-0.0264544,0.0524227,-0.00896041,0,0.161423,0.122761
0.054828,-0.0118911,0.0490481,-0.0100447,-0.00419249,0.169476,0.130303
0.0710733,0.00204505,0.0452371,-0.0110644,-0.0182281,0.177048,0.134986
0.0873186,0.0173186,0.0395292,-0.0120149,-0.0178057,0.184097,0.140953
0.103564,0.033564,0.0334055,-0.0128825,-0.0171276,0.190582,0.148456
0.119809,0.0498093,0.0270902,-0.0136241,-0.0152621,0.196459,0.155616
-0.107625,-0.130795,0.0271748,-0.0142922,0.00475165,-0.0419988,-0.0702355
-0.107625,-0.10385,0.0258365,-0.0142922,0.00507355,-0.0373308,-0.0584932
-0.0751346,-0.077464,0.0245683,-0.0155032,0.00825284,-0.0333889,-0.0496905
-0.0588893,-0.0525597,0.023295,-0.0160085,0.00455355,-0.0304184,-0.0403275
-0.042644,-0.0277283,0.0220515,-0.0164884,2.24614e-12,-0.0283617,-0.031254
-0.0263987,-0.00305089,0.0208271,-0.0169437,-4.03897e-28,-0.0272409,-0.0224712
-0.0101533,0.0222338,0.0195873,-0.0173676,8.96831e-44,-0.0270616,-0.0136257
0,0.0389332,0.0183508,-0.0177668,-1.99136e-59,-0.0276733,-0.00835669
0,0.0573546,0.0171412,-0.0181412,4.42172e-75,-0.0287242,-0.00237519
0,0.07,0.015973,-0.0184913,-8.59091e-91,-0.0299478,0.00146374
0,0.07,0.0149675,-0.0188178,1.09004e-106,-0.0312795,0.00213904
0,0.07,0.0142163,-0.0191282,-1.81528e-122,-0.0327079,0.00380942
0,0.07,0.0135685,-0.0194211,2.68715e-138,-0.034236,0.00318281
0,0.07,0.012975,-0.0196996,-5.96667e-154,-0.0358712,0.00194695
0,0.07,0.0124431,-0.0199657,1.32487e-169,-0.037622,0.000662043
0,0.07,0.011994,-0.0202204,-2.9418e-185,-0.0394981,-0.000543071
0,0.07,0.011687,-0.0204652,6.5321e-201,-0.04151,-0.00163809
0,0.07,0.0114956,-0.0207025,-1.45042e-216,-0.0436687,-0.00312088
0,0.07,0.0113455,-0.0209345,3.22057e-232,-0.0459862,-0.00534121
0,0.07,0.0112007,-0.021163,-7.15111e-248,-0.0484751,-0.00803605
0,0.07,0.0110743,-0.0213887,1.58787e-263,-0.051149,-0.0108566
0,0.07,0.0109315,-0.0216115,-3.52577e-279,-0.0540228,-0.0141776
0,0.07,0.0107065,-0.0218317,7.82878e-295,-0.0571124,-0.0182476
0,0.07,0.0104348,-0.0220483,-1.73834e-310,-0.0604351,-0.0223195
0,0.07,0.0101477,-0.02226,8.34971e-322,-0.0640096,-0.0264171
0,0.07,0.00990478,-0.0224661,8.34971e-322,-0.0678556,-0.030312
0,0.07,0.00971907,-0.0226669,8.34971e-322,-0.0719948,-0.0343313
0,0.07,0.00965552,-0.0228633,8.34971e-322,-0.0764502,-0.038055
0,0.07,0.00978519,-0.0230571,8.34971e-322,-0.0812467,-0.0413922
0,0.07,0.0102384,-0.0232514,8.34971e-322,-0.086411,-0.0442044
0,0.07,0.0110805,-0.023451,8.34971e-322,-0.0919718,-0.0467674
0,0.07,0.0122644,-0.0236633,8.34971e-322,-0.0979602,-0.0495337
0,0.07,0.0134983,-0.0238956,8.34971e-322,-0.104297,-0.0527776
0,0.07,0.015619,-0.024152,8.34971e-322,-0.110983,-0.056867
0,0.07,0.0196119,-0.0244389,8.34971e-322,-0.118161,-0.061725
0,0.07,0.0261496,-0.0247832,0.0101564,-0.125885,-0.0670073
0,0.07,0.03673,-0.0252245,0.0203145,-0.134154,-0.0727321
-0.00443137,0.0655686,0.0560473,-0.0258163,0.0185903,-0.142823,-0.0797195
-0.0205454,0.0494546,0.0818819,-0.0267151,0.0183331,-0.151514,-0.0878729
-0.0366595,0.0333405,0.115353,-0.0280556,0.0169449,-0.1599,-0.0963645
-0.0527736,0.0172264,0.145278,-0.029961,0.0176909,-0.167871,-0.105639
-0.0688876,0.00111236,0.18103,-0.0325224,0.0160809,-0.175374,-0.113839
-0.0850017,-0.0150017,0.216416,-0.0357319,0.0149766,-0.182364,-0.122363
-0.101116,-0.0311158,0.243508,-0.0396179,0.0145991,-0.188803,-0.131094
-0.11723,-0.0472298,0.268534,-0.0441629,0.0123528,-0.194647,-0.139523
0.108367,0.165262,0.268935,-0.0490331,-0.00490532,0.0418621,0.0824234
0.0858074,0.12349,0.258687,-0.0558513,-0.00677319,0.0374199,0.0675659
0.0757361,0.11169,0.248418,-0.0592003,-0.00669478,0.0337418,0.0630856
0.0600249,0.0904329,0.238375,-0.0641626,-0.00585345,0.0307933,0.0550978
0.0439108,0.0689236,0.228537,-0.0690456,-4.98035e-11,0.0286802,0.0472629
0.0277968,0.044743,0.21883,-0.0737294,1.29247e-26,0.0274747,0.0385983
0.0116827,0.019722,0.208962,-0.0781643,-2.86986e-42,0.0272026,0.0298247
0,0.000704653,0.199135,-0.0824027,6.37237e-58,0.0277482,0.023604
0,-0.0154995,0.189463,-0.0864444,-1.41495e-73,0.0287672,0.0185236
0,-0.0283226,0.179978,-0.0902917,3.14182e-89,0.0299678,0.0148444
0,-0.0365501,0.170691,-0.0939481,-6.97624e-105,0.031279,0.0130459
0,-0.0437995,0.1616,-0.0974177,1.54904e-120,0.0326874,0.0116718
0,-0.0440823,0.152713,-0.100704,-3.43955e-136,0.0341952,0.0131801
0,-0.0432222,0.144023,-0.103812,7.63734e-152,0.0358091,0.0151662
0,-0.0426686,0.135529,-0.106744,-1.69583e-167,0.0375378,0.0171537
0,-0.0404084,0.12723,-0.109506,3.7655e-183,0.0393909,0.0199827
0,-0.0395447,0.119124,-0.1121,-8.36109e-199,0.0413785,0.0223976
0,-0.0397816,0.11121,-0.114531,1.85653e-214,0.043512,0.0245794
0,-0.0417045,0.103484,-0.116803,-4.12234e-230,0.0458032,0.0263049
0,-0.043748,0.0959491,-0.118919,9.15342e-246,0.0482648,0.0282233
0,-0.0482009,0.0886001,-0.120883,-2.03247e-261,0.0509107,0.0294112
0,-0.0518015,0.0814393,-0.122699,4.51299e-277,0.0537556,0.0312191
0,-0.0554167,0.0744644,-0.124371,-1.00208e-292,0.0568153,0.0332621
0,-0.0599493,0.0676733,-0.125902,2.22507e-308,0.0601069,0.0352013
0,-0.0655414,0.061065,-0.127297,2.4308e-321,0.0636488,0.0369984
0,-0.07,0.0545986,-0.128558,2.4308e-321,0.0674607,0.0388881
0,-0.07,0.0481719,-0.129688,2.4308e-321,0.0715638,0.0412298
0,-0.07,0.0418215,-0.130722,2.4308e-321,0.0759811,0.0443416
0,-0.07,0.0355264,-0.131629,2.4308e-321,0.080737,0.0477892
0,-0.07,0.029337,-0.132412,2.4308e-321,0.085858,0.0520125
0,-0.07,0.0232922,-0.133066,2.4308e-321,0.0913728,0.0567769
0,-0.07,0.0174007,-0.133599,2.4308e-321,0.0973118,0.0617292
0,-0.07,0.0117327,-0.134012,2.4308e-321,0.103697,0.0673349
0,-0.07,0.00635098,-0.134309,2.4308e-321,0.110561,0.0737446
0,-0.07,0.0012754,-0.134498,2.4308e-321,0.117948,0.080801
0,-0.07,-0.00346397,-0.134579,2.4308e-321,0.125887,0.0880638
0,-0.0676608,-0.00784087,-0.134562,2.4308e-321,0.134374,0.0966374
0.0044832,-0.0553029,-0.0121146,-0.134455,2.4308e-321,0.143258,0.105807
0.0207858,-0.0425716,-0.0165331,-0.134239,2.4308e-321,0.152158,0.114009
0.0370883,-0.0302599,-0.0218309,-0.133959,-0.00121897,0.160742,0.119712
0.0533909,-0.0149329,-0.0271371,-0.133586,-0.00808395,0.168899,0.127741
0.0696934,-0.000306574,-0.0329881,-0.133104,-0.019193,0.176576,0.132822
0.085996,0.015996,-0.0417751,-0.132523,-0.0179292,0.183729,0.138534
0.102299,0.0322985,-0.0511541,-0.131793,-0.0169014,0.190317,0.14536
0.118601,0.0486011,-0.0608207,-0.130883,-0.0147921,0.196297,0.152245
-0.109635,-0.136616,-0.06074,-0.12986,0.00469164,-0.0429144,-0.0728694
-0.0876262,-0.0958481,-0.0627992,-0.128478,0.00689614,-0.0383533,-0.0577743
-0.0770296,-0.0804266,-0.0648611,-0.12769,0.00814291,-0.0345628,-0.0515246
-0.060727,-0.0570906,-0.0667878,-0.126419,0.00597694,-0.0315229,-0.0425755
-0.0444245,-0.032861,-0.0686084,-0.125104,-2.07267e-11,-0.0293406,-0.0336763
-0.0281219,-0.00689333,-0.0703284,-0.123753,3.23117e-27,-0.0280821,-0.0243336
-0.0118194,0.0196322,-0.0720058,-0.122357,-7.17465e-43,-0.027772,-0.0149838
0,0.0383948,-0.0736153,-0.120927,1.59309e-58,-0.0282925,-0.00888796
0,0.0544241,-0.0751317,-0.119464,-3.53737e-74,-0.0292943,-0.00387565
0,0.0691225,-0.0765495,-0.117971,7.85455e-90,-0.0304818,0.000550882
0,0.07,-0.0778036,-0.116448,-1.74406e-105,-0.0317827,0.000481222
0,0.07,-0.0788003,-0.1149,3.87259e-121,-0.0331837,0.00148032
0,0.07,-0.0796726,-0.113335,-8.59888e-137,-0.0346872,0.000480745
0,0.07,-0.0804665,-0.111751,1.90934e-152,-0.0363,-0.00125062
0,0.07,-0.0811608,-0.11015,-4.23958e-168,-0.0380309,-0.00277064
0,0.07,-0.0816648,-0.108535,9.41375e-184,-0.0398894,-0.00342063
0,0.07,-0.0819908,-0.106907,-2.09027e-199,-0.0418857,-0.00446291
0,0.07,-0.0821827,-0.105271,4.64134e-215,-0.044031,-0.00609124
0,0.07,-0.0822666,-0.103629,-1.03058e-230,-0.0463373,-0.00814455
0,0.07,-0.0822811,-0.101985,2.28836e-246,-0.0488173,-0.0107803
0,0.07,-0.0822385,-0.100339,-5.08117e-262,-0.051485,-0.0137447
0,0.07,-0.08213,-0.0986942,1.12825e-277,-0.054355,-0.016838
0,0.07,-0.0819565,-0.0970504,-1.25261e-293,-0.0574435,-0.0201947
0,0.07,-0.0817276,-0.0954093,2.78134e-309,-0.0607675,-0.0238745
0,0.07,-0.0814642,-0.0937722,-5.82997e-322,-0.0643456,-0.027976
0,0.07,-0.0811759,-0.0921399,-5.82997e-322,-0.0681977,-0.0324539
0,0.07,-0.0808534,-0.0905132,-5.82997e-322,-0.0723453,-0.0370752
0,0.07,-0.0804536,-0.0888926,-5.82997e-322,-0.0768113,-0.0414709
0,0.07,-0.0798809,-0.0872792,-5.82997e-322,-0.0816207,-0.0451786
0,0.07,-0.0791269,-0.085675,-5.82997e-322,-0.0868003,-0.0490991
0,0.07,-0.0781775,-0.0840841,-5.82997e-322,-0.0923788,-0.0529696
0,0.07,-0.0770836,-0.0825101,-5.82997e-322,-0.0983873,-0.0572272
0,0.07,-0.0759526,-0.0809564,-5.82997e-322,-0.104859,-0.062254
0,0.07,-0.0752334,-0.0794249,-5.82997e-322,-0.111472,-0.0681822
0,0.07,-0.0745969,-0.077912,-5.82997e-322,-0.118161,-0.0741594
0,0.07,-0.0741075,-0.0764131,-5.82997e-322,-0.125293,-0.0810043
0,0.07,-0.0736706,-0.0749253,-5.82997e-322,-0.132972,-0.0884332
0,0.0655944,-0.073034,-0.0734468,-5.82997e-322,-0.141158,-0.0969098
-0.0152884,0.0507528,-0.0721518,-0.0719788,-5.82997e-322,-0.149508,-0.106152
-0.0309688,0.03805,-0.0703226,-0.0705257,0.000889236,-0.157632,-0.112656
-0.0466492,0.0233508,-0.068196,-0.0690982,0.00814284,-0.165398,-0.120175
-0.0623297,0.00767034,-0.0646086,-0.0677098,0.0116789,-0.172747,-0.126678
-0.0780101,-0.00801008,-0.0566753,-0.066371,0.00937552,-0.179637,-0.132144
-0.0936905,-0.0236905,-0.0487412,-0.0651462,0.00856414,-0.186029,-0.140148
-0.109371,-0.0393709,-0.0410837,-0.0640841,0.00666633,-0.191882,-0.14847
0.110155,0.13484,-0.0411655,-0.0631093,-2.61874e-14,0.0380552,0.0681301
0.0944745,0.103906,-0.0418824,-0.06218,3.15544e-30,0.0334158,0.0561899
0.0787941,0.0799483,-0.0425515,-0.0613466,-7.00649e-46,0.0294565,0.0466846
0.0631137,0.0563923,-0.043176,-0.0604996,2.71234e-05,0.0262308,0.0375438
0.0474333,0.0344863,-0.043751,-0.0596398,0.000989208,0.0237951,0.0293218
0.0317528,0.0141325,-0.0442763,-0.0587711,0,0.0222047,0.0219122
0.0160724,-0.00798326,-0.0447566,-0.0578916,0,0.0214997,0.0139451
0.00039201,-0.025931,-0.0451868,-0.0569994,0,0.0216485,0.0077949
0,-0.0350147,-0.0455631,-0.0560984,0,0.0223314,0.00520628
0,-0.0489177,-0.0459015,-0.0551894,0,0.0231916,0.000621679
0,-0.053496,-0.046188,-0.0542734,0,0.0241326,-0.000103004
0,-0.055486,-0.0464311,-0.0533514,0,0.0251332,0.000131036
0,-0.0580532,-0.0466352,-0.0524242,0,0.0261919,0.000170387
0,-0.0582757,-0.0467984,-0.0514928,0,0.0273129,0.00123848
0,-0.0598388,-0.0469259,-0.0505578,0,0.0285019,0.00182793
0,-0.0601503,-0.047016,-0.04962,0,0.0297656,0.00303941
0,-0.0604788,-0.0470714,-0.0486802,0,0.0311108,0.00433623
0,-0.0622835,-0.0470947,-0.0477391,0,0.0325451,0.00516462
0,-0.0623263,-0.0470834,-0.0467974,0,0.0340765,0.00684917
0,-0.0614367,-0.0470397,-0.0458557,0,0.0357136,0.00901758
0,-0.0594266,-0.0469647,-0.0449146,0,0.0374654,0.0117653
0,-0.0580832,-0.0468615,-0.0439749,0,0.0393417,0.0143818
0,-0.0576435,-0.0467311,-0.043037,0,0.041353,0.0168036
0,-0.056805,-0.0465733,-0.0421016,0,0.0435104,0.0195554
0,-0.055797,-0.0463893,-0.0411692,0,0.0458261,0.022523
0,-0.0541556,-0.0461795,-0.0402403,0,0.0483128,0.0258881
0,-0.0525267,-0.0459457,-0.0393155,0,0.0509844,0.0293735
0,-0.0509934,-0.0456889,-0.0383952,0,0.0538559,0.0329377
0,-0.0500955,-0.0454106,-0.0374798,0,0.0569432,0.036342
0,-0.0490244,-0.0451108,-0.03657,0,0.0602635,0.0398857
0,-0.0473374,-0.04479,-0.0356659,0,0.0638352,0.0436946
0,-0.045525,-0.0444496,-0.0347682,0,0.0676783,0.0475204
0,-0.0445184,-0.0440915,-0.0338772,0,0.071814,0.0509476
0,-0.0434973,-0.0437156,-0.0329932,0,0.0761966,0.0540419
0,-0.0406582,-0.043321,-0.0321166,0,0.0808296,0.0579106
0,-0.0375867,-0.0429101,-0.0312479,0,0.0857978,0.0616178
0,-0.0307924,-0.0424796,-0.0303872,0,0.0911241,0.0665319
0,-0.020572,-0.0420289,-0.029535,0,0.0967581,0.0724407
0.011025,-0.00732729,-0.041559,-0.0286917,0,0.102411,0.07916
0.0273583,0.00411815,-0.0410781,-0.0278577,0,0.107667,0.0847643
0.0436917,0.0140978,-0.0405871,-0.0270333,0,0.112286,0.0894837
0.060025,0.0259958,-0.0400832,-0.0262186,0,0.116165,0.0947061
0.0763583,0.0314754,-0.0396124,-0.0254139,0,0.119237,0.097078
0.0926917,0.0399628,-0.0392276,-0.0246188,0,0.121445,0.100045
0.109025,0.0480113,-0.0387853,-0.0238299,0,0.122766,0.102976
0.1225,0.0556601,-0.0382418,-0.0230491,0,0.123293,0.106724
0.1225,0.0670179,-0.0376874,-0.0222782,0,0.123377,0.111118
0.1225,0.080775,-0.037124,-0.0215212,0,0.12335,0.116408
0.1225,0.0953051,-0.0365534,-0.0207753,0,0.123297,0.12197
0.1225,0.110381,-0.0359763,-0.0200408,0,0.123241,0.127739
0.1225,0.125468,-0.0353938,-0.0193178,0,0.123186,0.133506
0.1225,0.140087,-0.034807,-0.0186065,0,0.123136,0.139088
0.1225,0.152524,-0.0342183,-0.0179068,0,0.123089,0.143808
0.1225,0.16071,-0.0336304,-0.0172189,0,0.123045,0.146866
0.1225,0.166158,-0.0330423,-0.0165428,0,0.123005,0.148897
0.1225,0.167777,-0.0324556,-0.0158784,0,0.122968,0.149442
0.1225,0.166295,-0.0318699,-0.0152258,0,0.122933,0.14881
0.1225,0.163217,-0.0312842,-0.0145848,0,0.122901,0.147588
0.1225,0.158715,-0.0306986,-0.0139551,0,0.122871,0.145824
0.1225,0.152262,-0.0301142,-0.0133376,0,0.122844,0.143303
0.1225,0.145782,-0.0295295,-0.0127318,0,0.122818,0.140803
0.1225,0.139001,-0.0289449,-0.0121377,0,0.122795,0.138184
0.1225,0.132459,-0.0283605,-0.0115553,0,0.122773,0.135666
0.1225,0.126809,-0.0277759,-0.0109846,0,0.122753,0.133501
0.1225,0.12205,-0.0271914,-0.0104255,0,0.122734,0.131679
0.1225,0.118075,-0.0266076,-0.00987821,0,0.122717,0.130156
0.1225,0.1154,-0.0260242,-0.00934255,0,0.122701,0.129142
0.1225,0.1135,-0.0254421,-0.00881857,0,0.122686,0.128417
0.1225,0.112338,-0.0248617,-0.00830624,0,0.122672,0.127976
0.1225,0.111778,-0.0242835,-0.00780552,0,0.122659,0.127764
0.1225,0.11147,-0.0237081,-0.00731638,0,0.122648,0.127645
0.1225,0.112474,-0.0231347,-0.00683877,0,0.122635,0.128026
0.1225,0.112842,-0.0225656,-0.00637263,0,0.12262,0.128147
0.1225,0.113868,-0.0219997,-0.00591791,0,0.122605,0.128544
0.1225,0.115303,-0.0214376,-0.00547452,0,0.122591,0.129095
0.1225,0.116847,-0.0208797,-0.00504239,0,0.122578,0.129685
0.1225,0.119037,-0.0203258,-0.00462145,0,0.122567,0.130531
0.1225,0.120615,-0.0197774,-0.00421161,0,0.122556,0.131124
0.1225,0.122146,-0.0192342,-0.00381277,0,0.122547,0.131707
0.1225,0.123569,-0.0186963,-0.00342483,0,0.122538,0.132248
0.1225,0.124404,-0.0181644,-0.00304768,0,0.12253,0.132556
0.1225,0.124982,-0.0176385,-0.0026812,0,0.122522,0.13277
0.1225,0.125123,-0.0171188,-0.00232527,0,0.122515,0.132814
