-0.10253,-0.0745303,2.96761e-05,0,-0.0150286,-0.102528,-0.102457
-0.10253,-0.0697014,3.46464e-05,-3.41275e-07,-0.0150281,-0.102522,-0.102464
-0.10253,-0.0708822,3.32293e-05,-1.00438e-06,-0.0149231,-0.102516,-0.103023
-0.10253,-0.0743836,2.93406e-05,-1.67534e-06,-0.0149221,-0.102509,-0.103937
-0.10253,-0.0774176,2.59351e-05,-2.27966e-06,-0.0150449,-0.102502,-0.104608
-0.10253,-0.0805753,2.23918e-05,-2.81368e-06,-0.0150859,-0.102495,-0.105336
-0.10253,-0.0843203,1.82263e-05,-3.27746e-06,-0.015063,-0.102488,-0.106222
-0.10253,-0.0890603,1.30149e-05,-3.66073e-06,-0.0150458,-0.10248,-0.107357
-0.10253,-0.0945119,7.06581e-06,-3.94188e-06,-0.0150376,-0.102473,-0.108642
-0.10253,-0.100329,7.52245e-07,-4.10996e-06,-0.0150317,-0.102465,-0.109994
-0.10253,-0.106253,-5.64673e-06,-4.15342e-06,-0.0150244,-0.102456,-0.111358
-0.10253,-0.111956,-1.17776e-05,-4.06928e-06,-0.0150157,-0.102448,-0.112655
-0.10253,-0.117128,-1.73106e-05,-3.86132e-06,-0.0150077,-0.102439,-0.113813
-0.10253,-0.121497,-2.19552e-05,-3.54e-06,-0.015003,-0.102429,-0.114773
-0.10253,-0.12483,-2.54658e-05,-3.1218e-06,-0.0150034,-0.102419,-0.115483
-0.10253,-0.126953,-2.76625e-05,-2.62828e-06,-0.0150092,-0.102409,-0.115905
-0.10253,-0.127791,-2.84668e-05,-2.08492e-06,-0.0150191,-0.102399,-0.116027
-0.10253,-0.127355,-2.78984e-05,-1.5192e-06,-0.0150314,-0.102389,-0.115855
-0.10253,-0.125739,-2.60612e-05,-9.58676e-07,-0.0150438,-0.102378,-0.115414
-0.10253,-0.123108,-2.31379e-05,-4.30102e-07,-0.0150541,-0.102367,-0.114748
-0.10253,-0.119675,-1.93593e-05,4.58108e-08,-0.0150608,-0.102355,-0.113905
-0.10253,-0.115673,-1.49782e-05,4.4811e-07,-0.0150633,-0.102342,-0.112942
-0.10253,-0.111283,-1.0193e-05,7.6739e-07,-0.0150618,-0.102329,-0.111897
-0.10253,-0.107093,-5.63109e-06,9.92783e-07,-0.0150616,-0.102314,-0.110926
-0.10253,-0.103092,-1.28328e-06,1.12365e-06,-0.015057,-0.102299,-0.109997
-0.10253,-0.0996834,2.42158e-06,1.16888e-06,-0.0150397,-0.102282,-0.109223
-0.10253,-0.0967455,5.60907e-06,1.13712e-06,-0.0150305,-0.102264,-0.10855
-0.10253,-0.0944344,8.11372e-06,1.03769e-06,-0.0150258,-0.102245,-0.108028
-0.10253,-0.0928219,9.86079e-06,8.86688e-07,-0.0150236,-0.102224,-0.107668
-0.10253,-0.0920298,1.07236e-05,6.97334e-07,-0.0150232,-0.102201,-0.107501
-0.10253,-0.0920329,1.07317e-05,4.86745e-07,-0.0150239,-0.102175,-0.107513
-0.10253,-0.0928236,9.89677e-06,2.72147e-07,-0.0150255,-0.102147,-0.107704
-0.10253,-0.0943256,8.30318e-06,7.08718e-08,-0.0150282,-0.102116,-0.108053
-0.10253,-0.0963973,6.10407e-06,-1.02363e-07,-0.0150294,-0.102083,-0.108524
-0.10253,-0.0988832,3.46095e-06,-2.3434e-07,-0.0150293,-0.102046,-0.109081
-0.10253,-0.101592,5.74222e-07,-3.18096e-07,-0.0150286,-0.102006,-0.109676
-0.10253,-0.104173,-2.18602e-06,-3.46901e-07,-0.0150263,-0.101963,-0.110222
-0.10253,-0.106688,-4.88299e-06,-3.15602e-07,-0.0150248,-0.101917,-0.110752
-0.10253,-0.109049,-7.42327e-06,-2.2873e-07,-0.0150241,-0.101866,-0.111239
-0.10253,-0.111167,-9.71332e-06,-9.16958e-08,-0.0150242,-0.101812,-0.111661
-0.10253,-0.112958,-1.16646e-05,9.22653e-08,-0.015025,-0.101754,-0.112
-0.10253,-0.114273,-1.31205e-05,3.16776e-07,-0.0150267,-0.101691,-0.112217
-0.10253,-0.115077,-1.40453e-05,5.72634e-07,-0.0150295,-0.101624,-0.11231
-0.10253,-0.115362,-1.4434e-05,8.49378e-07,-0.0150331,-0.101551,-0.112278
-0.10253,-0.115122,-1.42825e-05,1.13631e-06,-0.0150366,-0.101473,-0.112119
-0.10253,-0.114392,-1.36289e-05,1.42264e-06,-0.0150405,-0.101389,-0.111842
-0.10253,-0.113251,-1.25632e-05,1.69816e-06,-0.0150433,-0.101298,-0.111469
-0.10253,-0.111798,-1.11902e-05,1.95422e-06,-0.0150441,-0.101201,-0.111021
-0.10253,-0.110096,-9.5803e-06,2.1842e-06,-0.0150444,-0.101096,-0.110511
-0.10253,-0.108449,-8.05761e-06,2.38305e-06,-0.0150445,-0.100983,-0.110021
-0.10253,-0.106844,-6.61078e-06,2.55106e-06,-0.0150401,-0.100862,-0.109532
-0.10253,-0.105428,-5.39473e-06,2.68978e-06,-0.0150367,-0.100732,-0.109083
-0.10253,-0.104096,-4.30274e-06,2.80315e-06,-0.0150349,-0.100591,-0.10864
-0.10253,-0.102931,-3.42017e-06,2.89412e-06,-0.0150336,-0.10044,-0.108228
-0.10253,-0.102018,-2.83765e-06,2.96649e-06,-0.0150325,-0.100277,-0.107866
-0.10253,-0.101398,-2.59696e-06,3.02587e-06,-0.0150315,-0.100102,-0.107562
-0.10253,-0.10115,-2.78139e-06,3.07937e-06,-0.0150307,-0.0999133,-0.107334
-0.10253,-0.101256,-3.37144e-06,3.1338e-06,-0.0150301,-0.0997102,-0.107172
-0.10253,-0.101702,-4.35243e-06,3.19798e-06,-0.0150298,-0.0994914,-0.107071
-0.10253,-0.102453,-5.68522e-06,3.28062e-06,-0.0150296,-0.0992554,-0.107022
-0.10253,-0.103444,-7.30168e-06,3.38833e-06,-0.0150296,-0.0990007,-0.107005
-0.10253,-0.104619,-9.14091e-06,3.52708e-06,-0.0150295,-0.0987258,-0.107009
-0.10253,-0.105911,-1.11288e-05,3.70163e-06,-0.0150295,-0.0984293,-0.107014
-0.10253,-0.10725,-1.32008e-05,3.91526e-06,-0.0150295,-0.0981096,-0.107004
-0.10253,-0.108567,-1.5266e-05,4.16995e-06,-0.0150297,-0.0977651,-0.106961
-0.10253,-0.109815,-1.72586e-05,4.46598e-06,-0.0150302,-0.0973938,-0.106873
-0.10253,-0.110924,-1.90966e-05,4.80218e-06,-0.0150309,-0.0969937,-0.106721
-0.10253,-0.11185,-2.07284e-05,5.17584e-06,-0.0150316,-0.0965628,-0.106493
-0.10253,-0.112563,-2.21171e-05,5.58307e-06,-0.0150323,-0.0960987,-0.106181
-0.10253,-0.113049,-2.32454e-05,6.01916e-06,-0.0150329,-0.0955988,-0.105781
-0.10253,-0.113312,-2.41149e-05,6.47899e-06,-0.0150337,-0.0950603,-0.10529
-0.10253,-0.113366,-2.47404e-05,6.95738e-06,-0.0150349,-0.0944805,-0.104711
-0.10253,-0.113224,-2.51353e-05,7.44937e-06,-0.0150362,-0.0938559,-0.104042
-0.10253,-0.112909,-2.53243e-05,7.9503e-06,-0.0150374,-0.0931834,-0.103288
-0.10253,-0.112381,-2.52666e-05,8.45603e-06,-0.0150381,-0.0924594,-0.102431
-0.10253,-0.111825,-2.51613e-05,8.96162e-06,-0.0150385,-0.0916802,-0.101522
-0.10253,-0.111345,-2.51175e-05,9.46548e-06,-0.0150386,-0.0908415,-0.100577
-0.10253,-0.110727,-2.49115e-05,9.96802e-06,-0.0150383,-0.0899386,-0.0995261
-0.10253,-0.110245,-2.48357e-05,1.04676e-05,-0.0150377,-0.0889663,-0.0984513
-0.10253,-0.109902,-2.49117e-05,1.09648e-05,-0.015037,-0.0879193,-0.0973345
-0.10253,-0.109736,-2.51859e-05,1.14626e-05,-0.0150364,-0.0867915,-0.0961805
-0.10253,-0.10977,-2.56763e-05,1.19651e-05,-0.0150357,-0.0855768,-0.0949863
-0.10253,-0.11003,-2.64061e-05,1.24752e-05,-0.015035,-0.0842683,-0.0937506
-0.10253,-0.110537,-2.73898e-05,1.29982e-05,-0.0150344,-0.0828586,-0.0924677
-0.10253,-0.111305,-2.86389e-05,1.35391e-05,-0.0150338,-0.0813398,-0.0911303
-0.10253,-0.112339,-3.01516e-05,1.41044e-05,-0.0150332,-0.0797035,-0.0897258
-0.10253,-0.113631,-3.19156e-05,1.47006e-05,-0.0150324,-0.0779406,-0.0882379
-0.10253,-0.115171,-3.39174e-05,1.5331e-05,-0.0150314,-0.0760411,-0.0866486
-0.10253,-0.117118,-3.63195e-05,1.59963e-05,-0.0150305,-0.0739945,-0.0849858
-0.10253,-0.118995,-3.86047e-05,1.67119e-05,-0.0150294,-0.0717894,-0.0830933
-0.10253,-0.12114,-4.11218e-05,1.7468e-05,-0.0150279,-0.0694134,-0.0810752
-0.10253,-0.123438,-4.37499e-05,1.82791e-05,-0.0150269,-0.0668534,-0.0788751
-0.10253,-0.12573,-4.63271e-05,1.91423e-05,-0.0150249,-0.064095,-0.0764555
-0.10253,-0.127882,-4.87106e-05,2.00572e-05,-0.0150233,-0.061123,-0.0738014
-0.10253,-0.129665,-5.06588e-05,2.1016e-05,-0.0150219,-0.0579208,-0.0708885
-0.10253,-0.130773,-5.1844e-05,2.20174e-05,-0.0150207,-0.054471,-0.0676983
-0.10253,-0.131103,-5.21537e-05,2.3046e-05,-0.0150195,-0.0507562,-0.0642992
-0.10253,-0.129251,-5.00987e-05,2.40877e-05,-0.0150199,-0.0467621,-0.0604111
-0.10253,-0.125486,-4.59574e-05,2.5102e-05,-0.0150208,-0.042491,-0.0563035
-0.10253,-0.119158,-3.90409e-05,2.60398e-05,-0.0150249,-0.0380134,-0.0519177
-0.0892011,-0.109767,-2.88201e-05,2.68621e-05,-0.0150253,-0.0336636,-0.047281
-0.0755304,-0.0970263,-1.49963e-05,2.75101e-05,-0.0150182,-0.029813,-0.0424233
-0.0618598,-0.0811731,2.1696e-06,2.79068e-05,-0.0150008,-0.0266005,-0.0374376
-0.0481891,-0.0628427,2.1998e-05,2.79749e-05,-0.0149631,-0.0240998,-0.0324651
-0.0345184,-0.0429015,4.35664e-05,2.76539e-05,-0.0148986,-0.0223683,-0.0276642
-0.0208478,-0.0223842,6.57644e-05,2.68797e-05,-0.0148082,-0.0214513,-0.0232042
-0.0071771,-0.00223678,8.75769e-05,2.57198e-05,-0.0147757,-0.0213541,-0.0192049
0,0.0155171,0.000106849,2.40991e-05,-0.0148564,-0.0219205,-0.0160807
0,0.028248,0.000120803,2.20489e-05,-0.0146796,-0.0228417,-0.0143765
0,0.0379903,0.000131571,1.97165e-05,-0.0146641,-0.0239097,-0.0133527
0,0.0442005,0.000138564,1.71497e-05,-0.0144278,-0.0250749,-0.013253
0,0.0456158,0.000140449,1.44099e-05,-0.013723,-0.0263288,-0.0144064
0,0.0432344,0.000138291,1.16094e-05,-0.0129031,-0.0276748,-0.0164786
0,0.0388191,0.000133961,8.83386e-06,-0.0120299,-0.0291191,-0.0190328
0,0.0331898,0.000128332,6.13516e-06,-0.0111288,-0.0306695,-0.0219335
0,0.0279151,0.000123067,3.52913e-06,-0.0102277,-0.0323345,-0.0247907
0,0.0229194,0.000118089,1.03619e-06,-0.00938054,-0.0341234,-0.0277107
0,0.0187808,0.00011401,-1.36044e-06,-0.00862529,-0.0360461,-0.0305386
0,0.0156368,0.000110975,-3.66103e-06,-0.00797235,-0.0381131,-0.0332743
0,0.0136419,0.000109147,-5.89418e-06,-0.00745312,-0.0403356,-0.0358931
0,0.0124074,0.000108113,-8.08534e-06,-0.00704251,-0.0427257,-0.0385256
0,0.0122642,0.000108222,-1.02548e-05,-0.00673492,-0.0452967,-0.0410762
0,0.0130763,0.000109328,-1.24185e-05,-0.00648225,-0.048063,-0.0436166
0,0.0143464,0.000110906,-1.45984e-05,-0.00626315,-0.0510399,-0.0462992
0,0.0159995,0.000112901,-1.68087e-05,-0.0060326,-0.0542442,-0.0491429
0,0.0175808,0.000114844,-1.90567e-05,-0.00571148,-0.0576937,-0.0522951
0,0.0198437,0.000117525,-2.13419e-05,-0.00532054,-0.0614078,-0.0555484
0,0.0220707,0.000120175,-2.3679e-05,-0.00487545,-0.065407,-0.0591646
0,0.0243657,0.000122899,-2.60693e-05,-0.00435961,-0.0697138,-0.0631026
0,0.0267769,0.000125741,-2.85109e-05,-0.0037767,-0.0743521,-0.0673709
0,0.0292953,0.000128684,-3.1013e-05,-0.00313819,-0.0793478,-0.0719821
0,0.0317918,0.000131586,-3.3569e-05,-0.00245384,-0.0847287,-0.0769654
0,0.033637,0.000133777,-3.61833e-05,-0.00176054,-0.0905245,-0.0824651
0,0.0354023,0.000135861,-3.88424e-05,-0.00108433,-0.0967663,-0.0882417
0,0.0370199,0.000137749,-4.15471e-05,-0.000459879,-0.103485,-0.094267
0,0.0362808,0.000137094,-4.42889e-05,-4.25304e-20,-0.110703,-0.101054
0,0.0346879,0.000135483,-4.70356e-05,-6.01853e-36,-0.118401,-0.107955
-0.00680833,0.030324,0.000130885,-4.97518e-05,0,-0.126398,-0.115444
-0.0211417,0.023477,0.000123607,-5.23878e-05,0,-0.134359,-0.12322
-0.035475,0.0174766,0.00011717,-5.48782e-05,-0.000439549,-0.142045,-0.130284
-0.0498083,0.0120481,0.000111273,-5.72441e-05,-0.00365661,-0.149376,-0.136822
-0.0641417,0.000570141,9.89095e-05,-5.95109e-05,-0.00743146,-0.156309,-0.144621
-0.078475,-0.0201661,7.66995e-05,-6.15694e-05,-0.00916532,-0.16281,-0.154207
-0.0928083,-0.042865,5.2377e-05,-6.32589e-05,-0.0102135,-0.168842,-0.163338
-0.107142,-0.0665633,2.6971e-05,-6.44523e-05,-0.0107379,-0.17436,-0.172054
0.093525,0.032864,-0.000120639,-6.54999e-05,0.0107387,0.040752,0.0279516
0.0791917,0.00919167,-0.0002934,-6.43847e-05,0.0106356,0.0361106,0.0188302
0.0648583,-0.00514167,-0.000484962,-5.97261e-05,0.0075386,0.0322485,0.0128026
0.050525,-0.019475,-0.000678547,-5.1272e-05,0.00320903,0.0292099,0.00816448
0.0361917,-0.0338083,-0.000924139,-3.91529e-05,0.00272625,0.0270471,0.00235081
0.0218583,-0.0481417,-0.00125456,-2.21437e-05,0.00472881,0.0258067,-0.00382048
0.007525,-0.062475,-0.00178625,9.65059e-07,0.00758151,0.0254926,-0.00855676
0,-0.07,-0.00356109,3.42974e-05,0.010241,0.0265927,-0.0110597
0,-0.07,-0.00459274,9.66449e-05,0.0108149,0.0283528,-0.0107431
0,-0.07,-0.00527284,0.000183857,0.00989645,0.0296258,-0.00871581
0,-0.07,-0.00579052,0.000284213,0.0084858,0.0307325,-0.00605204
0,-0.07,-0.00615219,0.000396918,0.00693138,0.0318828,-0.00300785
0,-0.07,-0.00636672,0.00051743,0.0053583,0.0331363,0.000292349
0,-0.07,-0.0064833,0.000643262,0.00391,0.0345138,0.00350267
0,-0.07,-0.00650212,0.000772112,0.00269796,0.0360267,0.00692331
0,-0.07,-0.00646288,0.000902023,0.00179292,0.0376842,0.010309
0,-0.07,-0.00637552,0.00103157,0.00121106,0.0394956,0.0136893
0,-0.07,-0.00624127,0.00115952,0.000912762,0.0414711,0.0172879
0,-0.07,-0.00608037,0.00128495,0.000837537,0.0436215,0.021089
0,-0.07,-0.00588969,0.00140728,0.000894562,0.0459585,0.0252721
0,-0.07,-0.0056716,0.00152651,0.00096968,0.0484947,0.0295897
0,-0.0658041,-0.00544138,0.00164157,0.000962639,0.0512442,0.0344023
0,-0.0572597,-0.00522437,0.00175155,0.000753462,0.0542306,0.0396567
0,-0.0478456,-0.00501617,0.00185734,0.000313639,0.057482,0.0452248
0,-0.0387656,-0.00480288,0.0019586,5.42101e-20,0.0610112,0.050909
0,-0.0303397,-0.00458917,0.00205626,0,0.0648272,0.0567384
0,-0.0241909,-0.00437724,0.0021489,0,0.0689486,0.0623024
0,-0.0195676,-0.00416693,0.00223729,0,0.0733975,0.0679174
0,-0.0164302,-0.00395877,0.00232116,0,0.0781987,0.0735819
0,-0.014862,-0.00375333,0.00240116,0,0.0833787,0.0792883
0,-0.0147283,-0.0035509,0.00247685,0,0.0889664,0.0850838
0,-0.01678,-0.00335713,0.00254857,0,0.0950092,0.0908433
0,-0.0189468,-0.00316491,0.0026162,0,0.101563,0.0970753
0,-0.0221252,-0.00297246,0.00267998,0,0.108651,0.103257
0,-0.0239223,-0.0027836,0.00273991,0,0.116288,0.110076
0,-0.0249535,-0.00259857,0.00279634,0,0.124487,0.117118
0,-0.0242157,-0.00241468,0.00284905,0,0.133209,0.124548
0.010575,-0.0208923,-0.0022302,0.00289808,0,0.142178,0.132387
0.0262417,-0.0152274,-0.00204494,0.00294342,0,0.150995,0.140389
0.0419083,-0.0108027,-0.00186285,0.00298478,0,0.159439,0.147485
0.057575,-0.00594746,-0.00168243,0.00302249,0,0.167426,0.154265
0.0732417,0.00585452,-0.00149723,0.00305659,0,0.174908,0.162422
0.0889083,0.0268325,-0.00130548,0.003087,0,0.181843,0.172219
0.104575,0.0522579,-0.0011128,0.00311359,0,0.188191,0.182186
-0.115051,-0.0653149,-0.000987705,0.00313633,0,-0.041667,-0.0361505
-0.0993441,-0.0293441,-0.000726579,0.00315658,0,-0.0365746,-0.0263762
-0.0836375,-0.0136375,-0.000447641,0.00317216,0,-0.0322095,-0.0196242
-0.0679309,0.00206907,-0.000153325,0.00318306,0,-0.028634,-0.0136366
-0.0522244,0.0177756,0.000183462,0.0031879,0,-0.0259088,-0.00687964
-0.0365178,0.0334822,0.000592283,0.00318625,0,-0.0240934,-1.53879e-05
-0.0208112,0.0491888,0.0010658,0.00317726,0,-0.0232359,0.00551381
-0.00510464,0.0648954,0.00173393,0.0031595,0,-0.0233265,0.00959947
0,0.07,0.00252451,0.0031295,0,-0.0241212,0.010923
0,0.07,0.0032724,0.00308375,0,-0.025254,0.00961996
0,0.07,0.00389622,0.00302204,0,-0.0265394,0.0071018
0,0.07,0.00437937,0.00294724,0,-0.0279344,0.00418911
0,0.07,0.00473982,0.00286279,0,-0.0294334,0.00103267
0,0.07,0.00499693,0.00276962,0,-0.0310414,-0.00227288
0,0.07,0.00516421,0.00267122,0,-0.0327663,-0.00565987
0,0.07,0.00527065,0.00256919,0,-0.0346175,-0.00908485
0,0.07,0.00532227,0.00246452,0,-0.0366052,-0.0125454
0,0.07,0.00533022,0.00235844,0,-0.0387403,-0.0161679
0,0.07,0.00531079,0.00225189,0,-0.0410348,-0.0197378
0,0.07,0.00526063,0.00214556,0,-0.0435012,-0.0236923
0,0.07,0.00518332,0.00203997,0,-0.0461529,-0.027719
0,0.0675338,0.00508689,0.00193588,0,-0.0490044,-0.0321796
0,0.0607952,0.00498957,0.0018337,0,-0.0520717,-0.0370098
0,0.0529775,0.00489467,0.00173352,0,-0.0553718,-0.0421778
0,0.0452951,0.00480274,0.00163525,0,-0.0589232,-0.047524
0,0.0383325,0.00471,0.00153883,0,-0.0627457,-0.0529709
0,0.0324189,0.00461533,0.00144426,0,-0.0668607,-0.0584837
0,0.0276766,0.00451914,0.00135157,0,-0.0712911,-0.0640741
0,0.0242528,0.00442196,0.00126095,0,-0.0760616,-0.069736
0,0.0217084,0.00432367,0.00117217,0,-0.0811988,-0.0756243
0,0.0214762,0.00422607,0.00108525,0,-0.0867314,-0.0813352
0,0.0228128,0.00412867,0.00100044,0,-0.0926902,-0.0871507
0,0.0241787,0.00403007,0.000917623,0,-0.0991083,-0.0934511
0,0.0195306,0.00393266,0.000836627,0,-0.106031,-0.101858
0,0.0194766,0.0038301,0.000757584,0,-0.113498,-0.108927
0,0.0216634,0.0037304,0.000680521,0,-0.121535,-0.115779
0,0.0230415,0.00363023,0.000605663,0,-0.130155,-0.123018
0,0.0224848,0.0035278,0.000532808,0,-0.139302,-0.130656
-0.0141325,0.014849,0.00341748,0.000461843,0,-0.148628,-0.139909
-0.0302839,0.0076619,0.00330706,0.000393052,0,-0.157712,-0.148291
-0.0464353,0.0036127,0.00319951,0.000326635,0,-0.166383,-0.155346
-0.0625868,-0.0035392,0.00308844,0.000262375,0,-0.174571,-0.162897
-0.0787382,-0.0214209,0.00296607,0.000200329,0,-0.182229,-0.172726
-0.0948896,-0.0431815,0.00284001,0.00014064,0,-0.189315,-0.182504
-0.111041,-0.0666988,0.00271284,8.35251e-05,0,-0.195786,-0.191932
0.115079,0.0672701,0.00259805,2.89504e-05,0,0.0406771,0.0363436
0.0989275,0.0289275,0.0024263,-2.32976e-05,0,0.0355806,0.02707
0.082776,0.012776,0.00223754,-7.25107e-05,0,0.0312501,0.0205634
0.0666246,-0.00337538,0.00202727,-0.000118394,0,0.0277434,0.0144875
0.0504732,-0.0195268,0.0017678,-0.000160411,0,0.0251218,0.00764179
0.0343218,-0.0356782,0.00146459,-0.000197584,0,0.0234463,0.00148641
0.0181704,-0.0518296,0.00113685,-0.000228998,0,0.0227625,-0.00335308
0.00201893,-0.0679811,0.000700179,-0.00025321,0,0.0230447,-0.00649816
0,-0.07,0.000211107,-0.000269397,0,0.0239773,-0.0068694
0,-0.07,-0.00021619,-0.000276798,0,0.0251765,-0.00481348
0,-0.07,-0.000543165,-0.000275465,0,0.0265092,-0.00187338
0,-0.07,-0.000777152,-0.000267054,0,0.0279463,0.00134856
0,-0.07,-0.000938036,-0.000253149,0,0.0294863,0.00475306
0,-0.07,-0.00102986,-0.000235514,0,0.0311351,0.00838887
0,-0.07,-0.00107462,-0.00021556,0,0.0329012,0.0122142
0,-0.07,-0.00108048,-0.000194381,0,0.0347942,0.0158655
0,-0.0688091,-0.00105278,-0.000172798,0,0.0368246,0.0197436
0,-0.0628588,-0.00102106,-0.000151534,0,0.0390037,0.0235124
0,-0.0559944,-0.000989378,-0.00013097,0,0.0413435,0.0274661
0,-0.0497113,-0.00095931,-0.000111056,0,0.0438569,0.0313863
0,-0.0442923,-0.00093113,-9.17497e-05,0,0.0465575,0.0352824
0,-0.0395697,-0.000904641,-7.30285e-05,0,0.0494601,0.0392325
0,-0.035404,-0.000879666,-5.4843e-05,0,0.0525809,0.0432869
0,-0.0317017,-0.000856075,-3.71622e-05,0,0.0559375,0.0474872
0,-0.0279463,-0.000833043,-1.99464e-05,0,0.0595484,0.0519977
0,-0.0253993,-0.00081111,-3.20491e-06,0,0.0634339,0.0564683
0,-0.0232242,-0.000789267,1.30721e-05,0,0.0676157,0.0612233
0,-0.0216915,-0.00076786,2.89121e-05,0,0.0721171,0.0661763
0,-0.0209286,-0.000747087,4.43549e-05,0,0.0769632,0.0713336
0,-0.0210673,-0.000727139,5.93797e-05,0,0.0821811,0.076689
0,-0.0221626,-0.000708123,7.39923e-05,0,0.0877998,0.0822492
0,-0.0242292,-0.000690096,8.82023e-05,0,0.0938506,0.0880148
0,-0.0283043,-0.00067485,0.000102049,0,0.100421,0.0940125
0,-0.0300933,-0.000657694,0.000115584,0,0.107463,0.10028
0,-0.0325335,-0.000639911,0.000128781,0,0.114934,0.106915
0,-0.0344882,-0.000621939,0.000141624,0,0.122948,0.113883
0,-0.0349628,-0.000602639,0.000154108,0,0.131539,0.121272
0.000401579,-0.0331073,-0.000580961,0.000166209,0,0.140638,0.129119
0.0164647,-0.0281559,-0.000556044,0.000177904,0,0.14986,0.137428
0.0325279,-0.0217812,-0.000529625,0.000189087,0,0.158788,0.145571
0.048591,-0.0166016,-0.00050449,0.000199785,0,0.167292,0.152834
0.0646542,-0.00534583,-0.000480001,0.000209975,0,0.17531,0.160993
0.0807173,0.0142755,-0.000439486,0.000219686,0,0.182798,0.171294
0.0967805,0.0379202,-0.000394911,0.000228779,0,0.189714,0.181363
0.112844,0.0647419,-0.000347256,0.000236789,0,0.196014,0.191472
-0.11204,-0.0704062,-0.000235122,0.000243925,0,-0.0392962,-0.0363884
-0.0959773,-0.0259773,-0.000159739,0.000249019,0,-0.0343726,-0.0263
-0.0799142,-0.00991416,-4.56076e-05,0.000252403,0,-0.0302168,-0.0189719
-0.063851,0.00614898,9.90239e-05,0.000254057,0,-0.0268869,-0.012641
-0.0477879,0.0222121,0.00028781,0.000253161,0,-0.0244445,-0.0062167
-0.0317247,0.0382753,0.000520152,0.000248254,0,-0.0229496,-0.000277571
-0.0156616,0.0543384,0.000815786,0.000238897,0,-0.0224441,0.00504408
0,0.07,0.0012743,0.000224946,0,-0.0228843,0.00853704
0,0.07,0.00183211,0.000202211,0,-0.0239164,0.0089834
0,0.07,0.00232086,0.000168916,0,-0.025162,0.00713421
0,0.07,0.00267932,0.000124698,0,-0.0265272,0.00418661
0,0.07,0.00292035,7.29041e-05,0,-0.0279933,0.000749837
0,0.07,0.00305773,1.58227e-05,0,-0.0295616,-0.00279715
0,0.07,0.00311929,-4.4645e-05,0,-0.0312388,-0.00653293
0,0.07,0.00311629,-0.000106754,0,-0.0330337,-0.0102912
0,0.07,0.00307487,-0.000169101,0,-0.0349563,-0.0140506
0,0.07,0.00299923,-0.000230784,0,-0.0370172,-0.0178252
0,0.07,0.00289253,-0.000291147,0,-0.0392277,-0.021662
0,0.0648716,0.00278154,-0.000349531,0,-0.0416002,-0.0256174
0,0.0582563,0.00267363,-0.000405717,0,-0.0441476,-0.0297467
0,0.0518917,0.0025705,-0.000459459,0,-0.0468838,-0.0339248
0,0.0462568,0.00247252,-0.000511282,0,-0.0498238,-0.03812
0,0.0411731,0.00237933,-0.000561075,0,-0.0529841,-0.0424256
0,0.0363428,0.00229046,-0.000608895,0,-0.0563822,-0.0469384
0,0.0327581,0.0022054,-0.00065506,0,-0.0600373,-0.0513922
0,0.0294911,0.00212029,-0.00069938,0,-0.0639696,-0.0561219
0,0.0268368,0.00203528,-0.000741999,0,-0.0682012,-0.0610295
0,0.0249036,0.00195077,-0.000782917,0,-0.0727557,-0.0661292
0,0.0238238,0.00186712,-0.00082227,0,-0.0776584,-0.0714176
0,0.0236485,0.00178459,-0.000859906,0,-0.0829368,-0.0769103
0,0.024428,0.00170343,-0.000895886,0,-0.0886201,-0.0826103
0,0.0261152,0.00162375,-0.00093028,0,-0.0947402,-0.0885327
0,0.0317246,0.00155399,-0.000963073,0,-0.101486,-0.0947159
0,0.035686,0.00147838,-0.000994432,0,-0.108937,-0.101253
0,0.0383882,0.00140298,-0.0010243,0,-0.116984,-0.108302
0,0.0394591,0.00132764,-0.00105263,0,-0.125614,-0.115854
0,0.0384111,0.00125116,-0.0010794,0,-0.1348,-0.123879
-0.00694364,0.0338785,0.00117175,-0.00110473,0,-0.144334,-0.132571
-0.0232816,0.0278926,0.00109135,-0.00112849,0,-0.153805,-0.141144
-0.0396196,0.0219703,0.00101153,-0.00115063,0,-0.162912,-0.149172
-0.0559576,0.0140424,0.000943927,-0.00117114,0,-0.171547,-0.156596
-0.0722956,-0.00229556,0.00087792,-0.00119033,0,-0.179659,-0.165877
-0.0886335,-0.0192556,0.000787384,-0.00120855,0,-0.187203,-0.175948
-0.104972,-0.0430042,0.000690964,-0.0012252,0,-0.194137,-0.186095
-0.121309,-0.0706262,0.000592003,-0.0012396,0,-0.200416,-0.19631
0.107422,0.0686317,0.00045058,-0.00125342,0,0.0390782,0.0348161
0.0910842,0.0210842,0.000298186,-0.00126339,0,0.0342592,0.0241652
0.0747463,0.00474625,9.96545e-05,-0.00127004,0,0.0302525,0.0164579
0.0584083,-0.0115917,-0.000121666,-0.00127362,0,0.0271183,0.0104499
0.0420703,-0.0279297,-0.000380382,-0.00127285,0,0.024918,0.00425876
0.0257323,-0.0442677,-0.000693188,-0.00126705,0,0.0237056,-0.00191601
0.00939434,-0.0606057,-0.00115454,-0.00125506,0,0.0234907,-0.0071774
0,-0.07,-0.00186719,-0.0012352,0,0.0240992,-0.0107085
0,-0.07,-0.00268976,-0.0012032,0,0.0251567,-0.0110504
0,-0.07,-0.00344138,-0.00115393,0,0.0263954,-0.00945581
0,-0.07,-0.00404818,-0.00109037,0,0.0277505,-0.00684401
0,-0.07,-0.00450489,-0.00101274,0,0.0292107,-0.00371384
0,-0.07,-0.00481532,-0.000925839,0,0.0307792,-0.000294162
0,-0.07,-0.00501869,-0.000831705,0,0.0324634,0.00322569
0,-0.07,-0.00512652,-0.000732755,0,0.0342722,0.00676277
0,-0.07,-0.00517663,-0.000631033,0,0.0362155,0.0102928
0,-0.07,-0.00517603,-0.000527726,0,0.0383042,0.0138343
0,-0.07,-0.00513317,-0.000424203,0,0.0405499,0.0174336
0,-0.07,-0.00506542,-0.000321325,0,0.0429648,0.0211534
0,-0.07,-0.00497367,-0.000219543,0,0.0455622,0.0250614
0,-0.07,-0.00485746,-0.000119427,0,0.0483562,0.0292332
0,-0.0699422,-0.00471324,-2.16388e-05,0,0.0513623,0.0338432
0,-0.064564,-0.00456981,7.34193e-05,0,0.0545973,0.0385879
0,-0.0568509,-0.00442995,0.000165174,0,0.0580792,0.0439885
0,-0.0494838,-0.00429179,0.000254332,0,0.0618276,0.0494675
0,-0.0433793,-0.00415321,0.00034079,0,0.0658633,0.0549275
0,-0.0378461,-0.00401365,0.000424409,0,0.0702089,0.0606358
0,-0.0333603,-0.00387404,0.00050517,0,0.0748885,0.0664551
0,-0.0301523,-0.00373506,0.000583,0,0.0799284,0.0723708
0,-0.0282946,-0.00359715,0.000658049,0,0.0853566,0.0783934
0,-0.027733,-0.00346056,0.000730543,0,0.0912032,0.0845504
0,-0.0277797,-0.00332489,0.000800232,0,0.097501,0.0910224
0,-0.0301304,-0.00320071,0.000867341,0,0.104301,0.0973537
0,-0.032345,-0.00306781,0.000931852,0,0.111643,0.104068
0,-0.034099,-0.00293675,0.00099374,0,0.119549,0.111119
0,-0.0346778,-0.00280696,0.001053,0,0.128035,0.118561
0,-0.0325758,-0.0026757,0.00110966,0,0.137065,0.126633
0.0101029,-0.0290576,-0.00254383,0.00116363,0,0.14637,0.134743
0.0262677,-0.0224424,-0.00240924,0.00121503,0,0.15554,0.143278
0.0424324,-0.0162105,-0.00227566,0.00126362,0,0.16433,0.151099
0.0585971,-0.00687086,-0.00213961,0.00130947,0,0.172652,0.159295
0.0747618,0.00476178,-0.00204322,0.00135287,0,0.180454,0.165689
0.0909265,0.0209265,-0.00197318,0.00139422,-0.00393004,0.187694,0.172656
0.107091,0.0240728,-0.00184374,0.00143417,-0.0130184,0.194329,0.180284
-0.119215,-0.13583,-0.00175623,0.00147208,0,-0.0421583,-0.0542248
-0.10305,-0.101237,-0.00159379,0.00150808,0,-0.0368748,-0.0458704
-0.0868853,-0.0739424,-0.0014417,0.00154053,0,-0.0323445,-0.0379335
-0.0707206,-0.0523604,-0.00129834,0.00157043,0,-0.0286243,-0.0319342
-0.0545559,-0.0308569,-0.0011585,0.00159747,0,-0.0257746,-0.0263359
-0.0383912,-0.00649957,-0.00102006,0.00162162,0,-0.0238566,-0.0205235
-0.0222265,0.0179287,-0.000885396,0.00164306,0,-0.0229204,-0.0153196
-0.00606177,0.0389865,-0.000757549,0.00166117,0,-0.02296,-0.0114346
0,0.054269,-0.000638966,0.00167683,0,-0.0237397,-0.00924535
0,0.0616038,-0.000531394,0.00169003,0,-0.0248832,-0.00913929
0,0.0609921,-0.000436016,0.00170092,0,-0.0261845,-0.010968
0,0.0554808,-0.000349991,0.00170998,0,-0.0275953,-0.0138749
0,0.0475358,-0.000270692,0.00171719,0,-0.0291086,-0.0173235
0,0.0396317,-0.000195453,0.00172288,0,-0.0307292,-0.0207499
0,0.0320101,-0.000123917,0.00172713,0,-0.032465,-0.0242152
0,0.0251311,-5.54762e-05,0.00172986,0,-0.0343254,-0.0276119
0,0.0194884,1.05184e-05,0.00173124,0,-0.0363205,-0.0308344
0,0.0145797,7.36533e-05,0.0017313,0,-0.0384615,-0.034058
0,0.0109112,0.000134587,0.00173005,0,-0.0407602,-0.0371287
0,0.00743327,0.000192334,0.00172751,0,-0.0432293,-0.0403768
0,0.00387926,0.000246753,0.0017238,0,-0.0458822,-0.0438403
0,-0.000335772,0.000297364,0.001719,0,-0.0487334,-0.0476868
0,-0.00402111,0.000345562,0.00171326,0,-0.0517988,-0.0515743
0,-0.00825319,0.000390354,0.00170654,0,-0.0550955,-0.0558828
0,-0.0129707,0.000432039,0.00169889,0,-0.0586419,-0.060567
0,-0.0180661,0.00047171,0.00169035,0,-0.0624578,-0.0656264
0,-0.0231638,0.000510098,0.00168106,0,-0.0665645,-0.0709902
0,-0.0282333,0.000547185,0.00167101,0,-0.070985,-0.076698
0,-0.0327632,0.000583446,0.00166022,0,-0.0757439,-0.0826373
0,-0.0365896,0.000619021,0.00164867,0,-0.0808678,-0.0888129
0,-0.0397606,0.000653843,0.00163644,0,-0.0863851,-0.0952642
0,-0.0423528,0.000687838,0.00162348,0,-0.0923267,-0.102016
0,-0.0445375,0.000720865,0.00160984,0,-0.0987256,-0.109099
0,-0.0395998,0.000753235,0.00159552,0,-0.105944,-0.116567
0,-0.0383045,0.000786712,0.00158057,0,-0.114115,-0.124473
0,-0.0389436,0.000816665,0.00156497,0,-0.122965,-0.132976
0,-0.0421222,0.000842431,0.00154876,0,-0.13244,-0.142174
0,-0.0450654,0.000867206,0.001532,0,-0.142481,-0.1511
-0.0107795,-0.0506446,0.000888071,0.00151472,0,-0.152797,-0.160516
-0.0280267,-0.0548033,0.000909407,0.00149701,0,-0.162947,-0.168995
-0.0452739,-0.0554239,0.000933423,0.00147891,0,-0.172671,-0.176053
-0.0625211,-0.0544123,0.000958024,0.00146035,0,-0.181876,-0.182266
-0.0797684,-0.0557462,0.000978993,0.00144133,0,-0.190508,-0.188606
-0.0970156,-0.0625036,0.000993042,0.00142185,0,-0.198523,-0.195691
-0.114263,-0.075889,0.000998817,0.00140205,0,-0.205876,-0.203665
0.127198,0.13519,0.000948337,0.00138211,0,0.0461885,0.0581459
0.109951,0.103447,0.000932767,0.00136302,0,0.0403063,0.0485268
0.0927038,0.067157,0.00091109,0.00134433,0,0.0352409,0.0376334
0.0754565,0.0278096,0.000884962,0.00132605,0,0.0310522,0.0268593
0.0582093,-0.00955455,0.000859656,0.00130829,0,0.0278039,0.0174954
0.0409621,-0.0290379,0.000775474,0.00129099,0,0.0255605,0.0100082
0.0237149,-0.0462851,0.000653333,0.00127515,0,0.0243747,0.00445937
0.0064677,-0.0635323,0.00050481,0.00126141,0,0.0242391,-0.00021714
0,-0.07,0.000269775,0.00125027,0,0.0248996,-0.00267751
0,-0.07,9.35449e-06,0.0012437,0,0.0259516,-0.00232768
0,-0.07,-0.000211602,0.00124234,0,0.0271731,-0.000454395
0,-0.07,-0.0003937,0.00124492,0,0.0285112,0.00178789
0,-0.07,-0.000535053,0.00125142,0,0.0299575,0.00424057
0,-0.07,-0.000637354,0.00126128,0,0.0315161,0.00680697
0,-0.07,-0.000702916,0.00127341,0,0.0331944,0.00947377
0,-0.07,-0.000747628,0.00128711,0,0.0350014,0.0120352
0,-0.07,-0.000776181,0.00130186,0,0.0369472,0.0147107
0,-0.07,-0.00078994,0.00131726,0,0.0390424,0.0175035
0,-0.07,-0.000788851,0.00133299,0,0.0412987,0.0204888
0,-0.07,-0.000771394,0.00134877,0,0.0437285,0.0237464
0,-0.07,-0.00073473,0.00136432,0,0.0463449,0.0273532
0,-0.07,-0.000674884,0.00137928,0,0.0491623,0.0313819
0,-0.0654016,-0.000609423,0.00139319,0,0.0521964,0.0358877
0,-0.0584145,-0.000544457,0.00140584,0,0.055464,0.0409006
0,-0.0506861,-0.000481413,0.00141689,0,0.0589835,0.0462726
0,-0.042799,-0.000419434,0.00142677,0,0.0627745,0.0519476
0,-0.0360064,-0.000359306,0.00143544,0,0.0668581,0.0576327
0,-0.0309925,-0.000301836,0.00144286,0,0.0712571,0.0632273
0,-0.0269716,-0.000246308,0.00144916,0,0.0759962,0.0690131
0,-0.0243283,-0.000193227,0.00145431,0,0.0811016,0.0748699
0,-0.0232309,-0.000142857,0.00145836,0,0.0866019,0.0807874
0,-0.0236334,-9.52245e-05,0.00146142,0,0.0925277,0.0867923
0,-0.0247847,-4.96031e-05,0.00146349,0,0.0989118,0.0930793
0,-0.0276405,-8.23781e-06,0.00146466,0,0.105778,0.0992284
0,-0.0305934,3.30875e-05,0.00146499,0,0.11316,0.105765
0,-0.0330188,7.30486e-05,0.00146448,0,0.121102,0.112651
0,-0.0340788,0.000112664,0.00146316,0,0.129628,0.11996
0,-0.0328711,0.000153455,0.00146106,0,0.138688,0.127751
0.012511,-0.028586,0.000196486,0.00145813,0,0.147967,0.136041
0.0286543,-0.0217177,0.000241353,0.00145438,0,0.15705,0.144517
0.0447975,-0.0159903,0.000284116,0.00144966,0,0.165735,0.152083
0.0609408,-0.00880765,0.000327491,0.00144417,0,0.173945,0.159595
0.077084,0.0127411,0.000385055,0.00143793,0,0.181632,0.170486
0.0932272,0.037289,0.000444626,0.00143057,0,0.188752,0.18091
0.10937,0.063437,0.00050459,0.00142209,0,0.195263,0.190988
-0.116635,-0.0704633,0.00061932,0.00141221,0,-0.0410297,-0.0372437
-0.100492,-0.0304917,0.000728442,0.00140028,0,-0.0358797,-0.0270258
-0.0843485,-0.0143485,0.000888537,0.0013861,0,-0.0314888,-0.0187959
-0.0682052,0.00179478,0.00108284,0.00136953,0,-0.0279145,-0.0119661
-0.052062,0.017938,0.00132066,0.00134943,0,-0.0252176,-0.00524239
-0.0359187,0.0340813,0.00161886,0.00132539,0,-0.0234593,0.000791537
-0.0197755,0.0502245,0.00199306,0.00129525,0,-0.0226871,0.00621806
-0.00363223,0.0663678,0.00257083,0.00125745,0,-0.0228832,0.0101635
0,0.07,0.00327282,0.00120892,0,-0.0237642,0.0112613
0,0.07,0.00391799,0.00114908,0,-0.0249498,0.00978458
0,0.07,0.00444233,0.00107523,0,-0.026278,0.00722674
0,0.07,0.00480567,0.000990058,0,-0.027712,0.0039547
0,0.07,0.00503397,0.000896125,0,-0.0292482,0.000313051
0,0.07,0.0051726,0.000796587,0,-0.030892,-0.00286913
0,0.07,0.00521542,0.000694106,0,-0.0326519,-0.00692812
0,0.07,0.00517646,0.000590097,0,-0.0345373,-0.0111657
0,0.07,0.00509114,0.000486334,0,-0.0365587,-0.0153413
0,0.07,0.00496923,0.000384127,0,-0.0387272,-0.0194203
0,0.07,0.00481594,0.000284011,0,-0.041055,-0.0234781
0,0.0645805,0.00466025,0.000186619,0,-0.0435547,-0.0276267
0,0.0576741,0.00450944,9.22467e-05,0,-0.0462399,-0.0319637
0,0.0513545,0.00436555,1.60548e-06,0,-0.0491254,-0.036269
0,0.045169,0.00422789,-8.60652e-05,0,-0.0522273,-0.0407892
0,0.0398683,0.00409703,-0.000171174,0,-0.0555629,-0.0453146
0,0.0352123,0.00397139,-0.000253638,0,-0.0591507,-0.0499732
0,0.0308393,0.00384563,-0.000333568,0,-0.063011,-0.0548815
0,0.0279732,0.00371989,-0.000410984,0,-0.0671651,-0.059709
0,0.0256548,0.00359351,-0.000485696,0,-0.0716364,-0.0648131
0,0.0241682,0.00346717,-0.000558071,0,-0.0764496,-0.0700966
0,0.0235983,0.00334133,-0.00062792,0,-0.0816318,-0.0755744
0,0.0245309,0.00321693,-0.000695062,0,-0.0872117,-0.0811038
0,0.0254758,0.00309267,-0.000759711,0,-0.0932204,-0.0871329
0,0.0275472,0.00296998,-0.000822124,0,-0.0996914,-0.0932624
0,0.0296378,0.00285662,-0.000882014,0,-0.106632,-0.0996343
0,0.03203,0.0027349,-0.0009396,0,-0.114071,-0.106306
0,0.0338673,0.00261507,-0.000994785,0,-0.122069,-0.113327
0,0.0343094,0.00249588,-0.00104751,0,-0.130649,-0.120757
0,0.0325191,0.00237546,-0.00109772,0,-0.139753,-0.128636
-0.014892,0.027754,0.00225267,-0.00114553,0,-0.149017,-0.136962
-0.0309916,0.0231903,0.00213066,-0.00119089,0,-0.158022,-0.144683
-0.0470911,0.0229089,0.00202558,-0.00123405,0,-0.166611,-0.150185
-0.0631906,0.00680942,0.00205554,-0.00127504,0,-0.174717,-0.155559
-0.0792901,-0.00929009,0.00217634,-0.00131589,0.00714781,-0.182295,-0.161464
-0.0953896,-0.0253896,0.00225091,-0.00135852,0.0192547,-0.189303,-0.167394
-0.111489,-0.0158754,0.00227739,-0.00140301,0.0256137,-0.195697,-0.173008
0.113904,0.183904,0.00225032,-0.00144837,-7.96315e-09,0.0400629,0.0669026
0.0978045,0.165589,0.00208739,-0.00149358,0,0.0350406,0.0605641
0.081705,0.14537,0.0019252,-0.00153615,0,0.0307833,0.05405
0.0656055,0.126584,0.00176757,-0.00157546,0,0.0273487,0.0487146
0.049506,0.108556,0.00161504,-0.00161152,0,0.0247982,0.0441593
0.0334065,0.0875257,0.0014645,-0.00164474,0,0.0231926,0.0392881
0.017307,0.0642048,0.00131555,-0.00167493,0,0.0225768,0.0343783
0.00120746,0.0409345,0.00116969,-0.00170161,0,0.0229211,0.0299299
0,0.0231278,0.00103251,-0.00172559,0,0.0238953,0.0272108
0,0.0110017,0.000904133,-0.00174686,0,0.0251152,0.0259308
0,0.0022782,0.000783754,-0.00176546,0,0.026463,0.0254209
0,-0.00329826,0.000671438,-0.00178143,0,0.0279135,0.0257204
0,-0.00498589,0.000568065,-0.00179514,0,0.0294663,0.0270546
0,-0.00341389,0.000472928,-0.00180692,0,0.0311277,0.0292195
0,0.000446865,0.000384874,-0.00181675,0,0.0329064,0.0319831
0,0.00596106,0.000303099,-0.0018248,0,0.0348119,0.0352248
0,0.0124179,0.000226738,-0.00183119,0,0.036855,0.0387872
0,0.0193477,0.000155172,-0.00183603,0,0.0390468,0.0425849
0,0.0267783,8.82779e-05,-0.00183946,0,0.0413997,0.0466606
0,0.0347386,2.59095e-05,-0.00184149,0,0.0439263,0.0510337
0,0.0431168,-3.22588e-05,-0.00184226,0,0.0466405,0.0556872
0,0.051794,-8.65549e-05,-0.00184185,0,0.0495572,0.0606111
0,0.0610974,-0.000136822,-0.00184033,0,0.0526927,0.0659221
0,0.0690662,-0.000185309,-0.0018378,0,0.0560644,0.0710791
0,0.07,-0.000190683,-0.00183421,0,0.0596913,0.0768759
0,0.07,-0.000154002,-0.00183041,0,0.0635935,0.0828196
0,0.07,-5.34611e-05,-0.00182717,0,0.0677929,0.0891815
0,0.07,0.000119806,-0.0018256,0,0.0723129,0.0959766
0,0.07,0.000398155,-0.00182713,0,0.0771787,0.103192
0,0.07,0.000823344,-0.001833,0,0.0824174,0.111038
0,0.07,0.00142767,-0.00184628,0,0.0880583,0.119027
0,0.07,0.00245447,-0.0018706,0,0.0941328,0.127822
0,0.07,0.00398941,-0.00191199,0,0.100674,0.137493
0,0.07,0.00490651,-0.00198257,0,0.108449,0.147621
0,0.07,0.00583063,-0.0020752,0,0.117707,0.158205
0,0.07,0.00685325,-0.00218719,0,0.127795,0.169764
0,0.07,0.00774941,-0.00231914,0,0.138556,0.180019
0,0.07,0.00820217,-0.00246965,0,0.149878,0.187555
0.0169526,0.0869526,0.00821574,-0.00263165,0,0.161334,0.193414
0.0352797,0.10528,0.00800781,-0.00279589,0,0.172443,0.198874
0.0536068,0.123607,0.00765455,-0.00295771,0,0.183028,0.204099
0.0719339,0.128093,0.00726025,-0.00311309,0,0.193016,0.210197
0.090261,0.130361,0.00686655,-0.00326106,0,0.202357,0.216963
0.108588,0.137635,0.00648245,-0.00340016,0,0.211008,0.224509
0.126915,0.151717,0.00611108,-0.0035325,0,0.218921,0.232943
-0.129664,-0.0648763,0.0061728,-0.00365695,0,-0.0488607,-0.0431227
-0.111337,-0.0413372,0.0058325,-0.00378013,0,-0.0425789,-0.0350781
-0.0930101,-0.0230101,0.00551736,-0.00389814,0,-0.0371995,-0.027535
-0.074683,-0.00468299,0.00524382,-0.00401006,0,-0.0327862,-0.0199798
-0.0563559,0.0136441,0.00502566,-0.00411617,0,-0.029407,-0.0125755
-0.0380288,0.0319712,0.00485336,-0.00421766,0,-0.0271293,-0.00637482
-0.0197016,0.0502984,0.0047006,-0.00431551,0,-0.0260022,-0.00178579
-0.00137453,0.0686255,0.00456032,-0.00441059,0,-0.0259892,0.000926902
0,0.07,0.00446888,-0.00450278,0,-0.0267081,0.00150995
0,0.07,0.00436415,-0.00459275,0,-0.0277143,9.59426e-05
0,0.07,0.00423335,-0.00468082,0,-0.02887,-0.0019674
0,0.07,0.0040682,-0.0047664,0,-0.0301442,-0.00445378
0,0.07,0.00386574,-0.004849,0,-0.0315338,-0.00720321
0,0.07,0.00363894,-0.00492773,0,-0.0330441,-0.010123
0,0.07,0.00339054,-0.0050021,0,-0.0346827,-0.0133429
0,0.07,0.00311983,-0.00507165,0,-0.0364585,-0.0167803
0,0.07,0.00282968,-0.00513608,0,-0.0383813,-0.0202741
0,0.0656746,0.00254323,-0.0051947,0,-0.0404616,-0.0238525
0,0.0590716,0.00226807,-0.00524729,0,-0.0427111,-0.0277502
0,0.0522776,0.00200586,-0.00529375,0,-0.0451419,-0.0317696
0,0.0460207,0.00175683,-0.00533491,0,-0.0477673,-0.0358243
0,0.0399549,0.00152012,-0.00537105,0,-0.0506017,-0.0400634
0,0.035075,0.0012962,-0.00540251,0,-0.0536609,-0.0442117
0,0.0305594,0.00108368,-0.00542933,0,-0.0569619,-0.048569
0,0.0266325,0.000880423,-0.00545186,0,-0.0605232,-0.0530572
0,0.0235528,0.000681557,-0.00547028,0,-0.0643647,-0.0576423
0,0.021032,0.000486225,-0.00548471,0,-0.0685077,-0.0624465
0,0.0203189,0.000296176,-0.00549531,0,-0.0729755,-0.0671366
0,0.0204325,0.000110795,-0.0055018,0,-0.0777929,-0.0720757
0,0.0215346,-6.94482e-05,-0.00550485,0,-0.0829868,-0.077195
0,0.0235919,-0.000244333,-0.00550418,0,-0.0885861,-0.0825267
0,0.0265088,-0.000413721,-0.0055,0,-0.094622,-0.088097
0,0.0308555,-0.000572788,-0.00549215,0,-0.101164,-0.0939455
0,0.0324038,-0.000732212,-0.00548133,0,-0.108138,-0.100127
0,0.0346451,-0.000889479,-0.00546732,0,-0.115511,-0.106723
0,0.0361486,-0.0010398,-0.00545016,0,-0.123421,-0.113725
0,0.0352222,-0.0011861,-0.00542997,0,-0.13191,-0.121404
-0.000400127,0.0329325,-0.00132911,-0.00540683,0,-0.140909,-0.129229
-0.0164052,0.0268294,-0.00147206,-0.0053806,0,-0.150033,-0.137768
-0.0324103,0.0181858,-0.00161394,-0.00535173,0,-0.158871,-0.146422
-0.0484154,0.0112309,-0.00175023,-0.00532009,0,-0.167289,-0.154009
-0.0644205,0.000989437,-0.00188605,-0.00528563,0,-0.175227,-0.162077
-0.0804255,-0.0222038,-0.00203132,-0.00524859,0,-0.18264,-0.173036
-0.0964306,-0.0481318,-0.00217479,-0.00520898,0,-0.189487,-0.183522
-0.112436,-0.076746,-0.00231598,-0.00516613,0,-0.195722,-0.193977
0.111635,0.0507975,-0.00243525,-0.00512045,0,0.0387761,0.0311925
0.0956304,0.0256304,-0.00269709,-0.00507222,0,0.0339065,0.0210492
0.0796253,0.0096253,-0.00299319,-0.00501946,0,0.0297995,0.0135617
0.0636202,-0.00637979,-0.00333295,-0.00496167,0,0.0265132,0.00697779
0.0476151,-0.0223849,-0.0037309,-0.00489857,0,0.0241091,0.000515894
0.03161,-0.03839,-0.00418628,-0.00482634,0,0.0226473,-0.00553142
0.015605,-0.054395,-0.00483516,-0.00474581,0,0.0221693,-0.0105717
0,-0.07,-0.00577569,-0.00465397,0,0.0226321,-0.0141972
0,-0.07,-0.00685511,-0.00454598,0,0.0236833,-0.0146607
0,-0.07,-0.00782143,-0.00441697,0,0.0249461,-0.0129386
0,-0.07,-0.00860367,-0.00426634,0,0.0263272,-0.0102353
0,-0.07,-0.00916772,-0.00409779,0,0.0278079,-0.00702675
0,-0.07,-0.00955801,-0.00391726,0,0.0293897,-0.00352141
0,-0.07,-0.009791,-0.00372883,0,0.0310794,7.11262e-05
0,-0.07,-0.00992142,-0.00353406,0,0.032886,0.0036503
0,-0.07,-0.00996163,-0.00333654,0,0.0348194,0.00720435
0,-0.07,-0.00994198,-0.00313759,0,0.0368903,0.0108158
0,-0.07,-0.00987801,-0.00293863,0,0.0391101,0.0143541
0,-0.07,-0.00977794,-0.00274069,0,0.0414912,0.0178714
0,-0.07,-0.00965321,-0.00254443,0,0.0440466,0.0215242
0,-0.07,-0.00950617,-0.0023508,0,0.0467901,0.0255902
0,-0.07,-0.00933809,-0.00216002,0,0.049737,0.0298491
0,-0.07,-0.00914738,-0.00197225,0,0.0529036,0.0344455
0,-0.067472,-0.00894067,-0.00178844,0,0.0563076,0.0395911
0,-0.0612251,-0.00873445,-0.00160808,0,0.0599681,0.0449041
0,-0.05369,-0.00852243,-0.00143256,0,0.0639055,0.0507
0,-0.0458264,-0.00830514,-0.00126127,0,0.0681418,0.0568584
0,-0.0390642,-0.00808496,-0.0010943,0,0.0727006,0.0630566
0,-0.033439,-0.00786271,-0.000931716,0,0.0776073,0.0693827
0,-0.0297171,-0.00763989,-0.000773573,0,0.0828894,0.0756477
0,-0.0269993,-0.00741616,-0.000620107,0,0.0885763,0.0821545
0,-0.0256526,-0.00719249,-0.000470889,0,0.0946995,0.0887566
0,-0.0288107,-0.00698444,-0.00032648,0,0.101443,0.0954504
0,-0.0313075,-0.00676268,-0.000186271,0,0.108884,0.102281
0,-0.0334378,-0.0065421,-5.04626e-05,0,0.11692,0.109427
0,-0.034737,-0.00632339,8.09309e-05,0,0.12554,0.116903
0,-0.0344493,-0.00610433,0.000207945,0,0.134721,0.124751
0.00614145,-0.0332012,-0.0058846,0.000330908,0,0.14427,0.132595
0.0225187,-0.0368911,-0.00566993,0.000449479,0,0.153779,0.138664
0.0388959,-0.0311041,-0.00556231,0.000563737,0,0.162928,0.14336
0.0552731,-0.0147269,-0.00577363,0.00067579,0,0.17161,0.147795
0.0716503,0.00165028,-0.00618225,0.000789044,-0.0174038,0.179768,0.152154
0.0880275,0.0180275,-0.00670866,0.000908398,-0.0289584,0.18736,0.156045
0.104405,0.0344047,-0.00759,0.00103704,-0.0279454,0.194343,0.159175
0.120782,0.023564,-0.00893712,0.00118179,-0.0272179,0.200672,0.162092
-0.108499,-0.178499,-0.0106912,0.00133359,2.8661e-09,-0.0393607,-0.081953
-0.0921218,-0.162122,-0.0124496,0.0015102,-4.1359e-25,-0.03449,-0.0780433
-0.0757446,-0.145745,-0.0142477,0.00174689,0,-0.0304306,-0.0731939
-0.0593674,-0.129367,-0.0162297,0.00201925,0,-0.0272424,-0.0697683
-0.0429902,-0.11299,-0.0183007,0.00233096,0,-0.0249873,-0.0670594
-0.026613,-0.096613,-0.0199138,0.00268352,0,-0.0237202,-0.0637553
-0.0102358,-0.0802358,-0.0206894,0.00306808,0,-0.0234547,-0.0599609
0,-0.07,-0.0207542,0.00347644,0,-0.0240324,-0.0565254
0,-0.07,-0.0204092,0.00389101,0,-0.0250798,-0.0545273
0,-0.07,-0.0198293,0.00430161,0,-0.0263135,-0.0529915
0,-0.07,-0.0191093,0.00470167,0,-0.0276646,-0.0516755
0,-0.07,-0.0183222,0.00508818,0,-0.0291206,-0.0510569
0,-0.07,-0.0175331,0.00546052,0,-0.0306845,-0.0516478
0,-0.07,-0.0168022,0.00581671,0,-0.0323636,-0.0540638
0,-0.07,-0.016214,0.00615714,0,-0.0341668,-0.058341
0,-0.07,-0.0158998,0.00648465,0,-0.0361039,-0.06405
0,-0.07,-0.016125,0.00680406,0,-0.0381858,-0.070811
0,-0.07,-0.0173907,0.00712544,0,-0.040424,-0.0782975
0,-0.07,-0.0206921,0.00746756,0,-0.0428307,-0.0862381
0,-0.07,-0.0282258,0.00786489,0,-0.0454192,-0.0946521
0,-0.07,-0.0459744,0.00836914,0,-0.0482035,-0.103028
0,-0.07,-0.0843305,0.00914664,-0.00821702,-0.051199,-0.111537
0,-0.07,-0.143766,0.0105264,-0.0619036,-0.0544226,-0.120016
0,-0.07,-0.234385,0.0128371,-0.0660106,-0.0578921,-0.129048
0,-0.07,-0.384188,0.0170264,-0.0641875,-0.061627,-0.138809
0,-0.07,-0.746625,0.0238862,-0.058224,-0.065648,-0.14973
0,-0.07,-2.35432,0.0361004,-0.05203,-0.0699778,-0.160951
0,-0.07,-6.22384,0.0679137,-0.0458298,-0.0746404,-0.173271
0,-0.07,-15,0.169173,-0.039757,-0.0796617,-0.186305
0,-0.07,-15,0.363859,-0.0337537,-0.0850699,-0.199986
0,-0.07,-15,0.663859,-0.0279496,-0.090895,-0.214267
0,-0.07,-15,0.963859,-0.0225984,-0.0971695,-0.229489
0,-0.07,-14.6894,1.26386,-0.019617,-0.106162,-0.242111
0,-0.07,-14.2156,1.56339,-0.0201584,-0.118558,-0.247356
0,-0.07,-13.6888,1.85007,-0.0215369,-0.132291,-0.247918
0,-0.07,-13.151,2.12675,-0.0211845,-0.146851,-0.249085
0,-0.07,-12.6121,2.3938,-0.0191537,-0.16205,-0.252042
-0.0150036,-0.0850036,-12.0784,2.65062,-0.0164964,-0.177463,-0.255792
-0.0372312,-0.107231,-11.5435,2.89779,-0.00471932,-0.192511,-0.258514
-0.0594589,-0.129459,-11.0078,3.13455,1.60609e-08,-0.206882,-0.258687
-0.0816865,-0.151686,-10.472,3.3606,-4.1359e-25,-0.220466,-0.259019
-0.103914,-0.169598,-9.93721,3.57566,0,-0.233203,-0.261172
-0.126142,-0.15861,-9.40503,3.77895,0,-0.245045,-0.264983
-0.148369,-0.15257,-8.87734,3.96971,0,-0.255938,-0.270611
0.162817,0.0972849,-8.87739,4.1499,0,0.0675854,0.0584865
0.14059,0.0771933,-8.32801,4.32745,0,0.0587591,0.0522406
0.118362,0.0631346,-7.80226,4.49813,0,0.0510635,0.045602
0.0961344,0.0445041,-7.28687,4.65627,0,0.0445713,0.0384065
0.0739068,0.0173104,-6.7883,4.80407,0,0.0393601,0.0299876
0.0516792,-0.0116726,-6.30975,4.94109,0,0.0355089,0.022324
0.0294516,-0.0391822,-5.84506,5.06919,0,0.0330801,0.0158559
0.00722397,-0.0612146,-5.39216,5.18726,0,0.0320527,0.011374
0,-0.07,-4.95176,5.29623,0,0.0320656,0.00936678
0,-0.07,-4.52354,5.39703,0,0.0325802,0.010242
0,-0.07,-4.11301,5.48943,0,0.0333204,0.0126259
0,-0.0640589,-3.72093,5.57354,0,0.0342174,0.0157621
0,-0.0554377,-3.34685,5.65089,0,0.0352567,0.0191335
0,-0.0461166,-2.99045,5.71933,0,0.036439,0.0226987
0,-0.0371107,-2.65115,5.78056,0,0.0377696,0.026277
0,-0.028881,-2.32836,5.83477,0,0.0392552,0.0297969
0,-0.0214081,-2.0215,5.88247,0,0.0409041,0.0332946
0,-0.0158815,-1.72997,5.92428,0,0.0427252,0.0364466
0,-0.0123835,-1.45325,5.96005,0,0.0447285,0.0392987
0,-0.00981858,-1.19079,5.99022,0,0.0469251,0.0421719
0,-0.00864342,-0.941993,6.01508,0,0.0493266,0.0448995
0,-0.00803807,-0.706288,6.03467,0,0.0519464,0.0477488
0,-0.00773626,-0.483093,6.04939,0,0.0547987,0.0507727
0,-0.00762753,-0.271802,6.05994,0,0.0578997,0.0540099
0,-0.00760073,-0.0709609,6.06622,0,0.0612664,0.0575098
0,-0.00756132,0.124631,6.06814,0,0.0649178,0.0613209
0,-0.00749816,0.316484,6.06643,0,0.0688741,0.06547
0,-0.00705011,0.504353,6.06087,0,0.0731574,0.0700865
0,-0.00752532,0.687913,6.05153,0,0.0777916,0.0748158
0,-0.00754546,0.866905,6.03851,0,0.0828025,0.0801309
0,-0.00820558,1.04107,6.02189,0,0.088218,0.0856761
0,-0.0093235,1.21022,6.00185,0,0.0940683,0.0915599
0,-0.0113183,1.37416,5.97824,0,0.100386,0.0976422
0,-0.0141523,1.52753,5.95116,0,0.107265,0.104268
0,-0.0158548,1.67962,5.92107,0,0.11476,0.111321
0,-0.0163088,1.82426,5.88786,0,0.122849,0.118871
0,-0.014988,1.96143,5.85195,0,0.131536,0.126923
0,-0.0112759,2.09271,5.81328,0,0.140768,0.135471
0.0127049,-0.00447323,2.2194,5.77195,0,0.150222,0.144509
0.0290982,0.00513909,2.34208,5.72806,0,0.159476,0.153786
0.0454916,0.0144991,2.46096,5.68171,0,0.168326,0.162384
0.061885,0.0352418,2.57596,5.63303,0,0.176692,0.173646
0.0782783,0.0586022,2.68675,5.58232,0,0.184525,0.184514
0.0946717,0.0837967,2.79298,5.52936,0,0.191784,0.195149
0.111065,0.111313,2.89423,5.47424,0,0.198422,0.205684
-0.118442,-0.0719038,2.89436,5.41676,0,-0.0415065,-0.0393092
-0.102049,-0.0378022,2.9897,5.35887,0,-0.0362519,-0.0301615
-0.0856554,-0.0156554,3.07917,5.29932,0,-0.0317689,-0.0215768
-0.069262,0.000738007,3.16356,5.23809,0,-0.0281157,-0.0138229
-0.0528686,0.0171314,3.24248,5.1752,0,-0.0253544,-0.00672162
-0.0364753,0.0335247,3.31346,5.11071,0,-0.0235467,-0.000821001
-0.0200819,0.0499181,3.37741,5.04476,0,-0.0227412,0.00342373
-0.00368851,0.0663115,3.4356,4.97766,0,-0.0229193,0.00684117
0,0.07,3.48844,4.90924,0,-0.023793,0.00846029
0,0.07,3.53604,4.8397,0,-0.0249752,0.00757398
0,0.07,3.57923,4.76932,0,-0.0263012,0.00535709
0,0.07,3.61852,4.69803,0,-0.0277334,0.00228928
0,0.07,3.6543,4.62594,0,-0.029268,-0.00133106
0,0.07,3.68687,4.55307,0,-0.0309104,-0.00521195
0,0.07,3.71651,4.47948,0,-0.0326689,-0.00945957
0,0.07,3.74342,4.40529,0,-0.0345531,-0.0136659
0,0.07,3.76782,4.33055,0,-0.0365733,-0.0178495
0,0.0643375,3.78987,4.2553,0,-0.0387408,-0.0219807
0,0.0569827,3.80982,4.17961,0,-0.0410675,-0.0260666
0,0.050611,3.82787,4.1035,0,-0.0435663,-0.029968
0,0.045897,3.84414,4.02701,0,-0.0462507,-0.0336418
0,0.0426446,3.85876,3.95019,0,-0.0491354,-0.037193
0,0.0405057,3.87179,3.87308,0,-0.0522365,-0.0407285
0,0.0390998,3.88334,3.79569,0,-0.0555714,-0.0443596
0,0.038088,3.89343,3.71807,0,-0.0591587,-0.0481869
0,0.0371992,3.90068,3.64025,0,-0.0630183,-0.0522972
0,0.0362393,3.90432,3.56226,0,-0.0671719,-0.0567606
0,0.0351156,3.90442,3.48418,0,-0.0716427,-0.0616234
0,0.0337999,3.90116,3.4061,0,-0.0764555,-0.0669178
0,0.0325821,3.89469,3.32806,0,-0.0816372,-0.0725863
0,0.0321126,3.88515,3.25014,0,-0.0872167,-0.078478
0,0.0326645,3.87265,3.1724,0,-0.0932251,-0.0845516
0,0.0266642,3.85725,3.09492,0,-0.0996957,-0.0929199
0,0.0251557,3.8464,3.01771,0,-0.106611,-0.0997605
0,0.0277793,3.82566,2.94074,0,-0.113993,-0.106155
0,0.0317368,3.80194,2.86414,0,-0.121925,-0.112563
0,0.0350214,3.77533,2.78801,0,-0.130438,-0.119278
0,0.0403014,3.74623,2.71239,0,-0.139479,-0.125306
-0.0140726,0.0494332,3.71482,2.63735,0,-0.148702,-0.130091
-0.0301555,0.0398445,3.68133,2.56292,0,-0.157688,-0.13478
-0.0462384,0.0237616,3.64584,2.48911,0,-0.166267,-0.139197
-0.0623213,0.00767866,3.60845,2.41583,0.0171156,-0.174369,-0.143349
-0.0784043,-0.00840426,3.5693,2.34327,0.0318579,-0.181946,-0.146912
-0.0944872,-0.0244872,3.52872,2.27148,0.0309124,-0.188958,-0.149809
-0.11057,-0.0104604,3.48674,2.20054,0.0301097,-0.195359,-0.151994
0.114591,0.184591,3.49277,2.13051,3.67212e-09,0.0401403,0.0959374
0.0985079,0.168508,3.45378,2.06071,4.3944e-25,0.035102,0.0943174
0.082425,0.152425,3.4112,1.99135,0,0.0308242,0.0893796
0.0663421,0.136342,3.36442,1.92285,0,0.0273645,0.0829001
0.0502591,0.120259,3.31655,1.85525,0,0.024784,0.0790219
0.0341762,0.104176,3.26815,1.78861,0,0.0231435,0.0764246
0.0180933,0.0880933,3.21677,1.72286,0,0.022489,0.0725176
0.00201037,0.0720104,3.16256,1.65799,0,0.0227946,0.0691383
0,0.07,3.10591,1.59433,0,0.0237466,0.0661948
0,0.07,3.04685,1.53181,0,0.0249629,0.064144
0,0.07,2.98713,1.47043,0,0.0263113,0.0623916
0,0.07,2.92757,1.41036,0,0.0277629,0.06109
0,0.07,2.86862,1.35136,0,0.0293163,0.0607479
0,0.07,2.8106,1.29355,0,0.0309775,0.0619679
0,0.07,2.75382,1.23702,0,0.0327551,0.0653829
0,0.07,2.69855,1.18163,0,0.0346588,0.0703335
0,0.07,2.64535,1.12738,0,0.0366992,0.0765643
0,0.07,2.59505,1.07421,0,0.0388874,0.0835198
0,0.07,2.54921,1.02206,0,0.0412357,0.0909079
0,0.07,2.51079,0.97073,0,0.043757,0.0983042
0,0.07,2.48537,0.920245,0,0.0464648,0.105443
0,0.07,2.47799,0.870398,0.0103696,0.0493742,0.112297
0,0.07,2.48457,0.820801,0.0559632,0.0525014,0.118929
0,0.07,2.5055,0.771143,0.060857,0.0558637,0.125611
0,0.07,2.53625,0.721179,0.0630218,0.05948,0.132529
0,0.07,2.59109,0.670608,0.0585993,0.0633705,0.140644
0,0.07,2.6983,0.619142,0.0539861,0.0675569,0.148842
0,0.07,2.91122,0.565873,0.0494493,0.0720626,0.157886
0,0.07,3.4072,0.508713,0.0451415,0.0769127,0.16748
0,0.07,4.97739,0.443297,0.0411053,0.0821343,0.177551
0,0.07,7.58394,0.352386,0.0373843,0.0877564,0.188043
0,0.07,11.2578,0.218953,0.0340353,0.0938104,0.198917
0,0.07,15,0.0195139,0.0311381,0.10033,0.209864
0,0.07,15,-0.239322,0.0300654,0.109065,0.219737
0,0.07,14.5272,-0.636822,0.0308981,0.120734,0.228798
0,0.07,13.9555,-0.838849,0.0320262,0.133617,0.231943
0,0.07,13.4275,-1.12396,0.0339897,0.14709,0.234207
0,0.07,12.9037,-1.39858,0.0212664,0.161121,0.236745
0.018403,0.088403,12.3803,-1.66294,0.0035704,0.175267,0.240743
0.0394351,0.109435,11.8559,-1.91631,-7.77603e-09,0.18898,0.245068
0.0604672,0.130467,11.3308,-2.15893,6.64415e-09,0.202043,0.248947
0.0814992,0.151499,10.8058,-2.39106,-8.27181e-25,0.214372,0.254202
0.102531,0.172531,10.2818,-2.61112,0,0.225914,0.261335
0.123563,0.193563,9.76041,-2.82042,0,0.236619,0.26983
0.144595,0.224337,9.24357,-3.01902,0.00974129,0.246437,0.279111
-0.149853,-0.0798534,9.24426,-3.20957,-8.67362e-19,-0.0601672,-0.0312735
-0.128821,-0.0588213,8.71124,-3.39445,0,-0.052292,-0.0246528
-0.107789,-0.0377893,8.19599,-3.57294,0,-0.0454837,-0.0179721
-0.0867572,-0.0167572,7.69008,-3.74227,0,-0.039813,-0.0109866
-0.0657252,0.00427483,7.20156,-3.89885,0,-0.0353556,-0.00397477
-0.0446931,0.0253069,6.73192,-4.0463,0,-0.0321868,0.00295425
-0.0236611,0.0463389,6.27626,-4.18306,0,-0.0303621,0.00912182
-0.00262901,0.067371,5.83265,-4.31086,0,-0.0298418,0.0140955
0,0.07,5.40166,-4.42951,0,-0.0302016,0.0161186
0,0.07,4.98448,-4.54077,0,-0.030926,0.015386
0,0.07,4.58584,-4.64318,0,-0.0318333,0.0134897
0,0.07,4.20547,-4.73768,0,-0.0328801,0.0111027
0,0.07,3.84315,-4.82446,0,-0.0340592,0.00837707
0,0.07,3.49837,-4.90385,0,-0.0353738,0.00559875
0,0.07,3.17051,-4.97624,0,-0.0368302,0.00276257
0,0.07,2.85901,-5.0421,0,-0.0384361,-4.22982e-05
0,0.07,2.56332,-5.10147,0,-0.0402005,-0.00299584
0,0.07,2.28274,-5.15406,0,-0.0421329,-0.00605081
0,0.07,2.01659,-5.20182,0,-0.0442441,-0.00932093
0,0.07,1.76422,-5.24375,0,-0.0465456,-0.0126034
0,0.07,1.52505,-5.2808,0,-0.0490497,-0.0161752
0,0.07,1.2984,-5.31298,0,-0.0517703,-0.0199997
0,0.07,1.08358,-5.34053,0,-0.0547224,-0.0241271
0,0.07,0.879928,-5.36371,0,-0.0579225,-0.0286053
0,0.07,0.685221,-5.38273,0,-0.0613884,-0.0334765
0,0.07,0.49415,-5.39741,0,-0.0651395,-0.0387662
0,0.07,0.30576,-5.40815,0,-0.0691967,-0.044644
0,0.07,0.120317,-5.41568,0,-0.0735826,-0.0506552
0,0.07,-0.061822,-5.41911,0,-0.0783217,-0.0572734
0,0.07,-0.240341,-5.41878,0,-0.0834403,-0.0643859
0,0.07,-0.41496,-5.41478,0,-0.0889671,-0.07199
0,0.0642925,-0.585358,-5.40726,0,-0.0949326,-0.0800737
0,0.0579898,-0.732778,-5.39675,0,-0.101478,-0.0888472
0,0.0514872,-0.892655,-5.38268,0,-0.10867,-0.0974598
0,0.0438577,-1.04628,-5.36539,0,-0.116439,-0.106576
0,0.0345428,-1.19344,-5.34492,0,-0.124777,-0.116175
0,0.023153,-1.33566,-5.32142,0,-0.133635,-0.126192
-0.0114126,0.00937558,-1.47373,-5.29528,0,-0.142719,-0.136534
-0.0271541,-0.00560197,-1.6081,-5.26636,0,-0.151626,-0.14672
-0.0428956,-0.0182585,-1.73895,-5.23466,0,-0.160148,-0.155745
-0.0586371,-0.0295751,-1.86616,-5.20021,0,-0.168205,-0.164003
-0.0743786,-0.0502549,-1.98951,-5.16346,0,-0.17575,-0.174392
-0.0901201,-0.0823501,-2.10852,-5.12423,0,-0.182741,-0.186921
-0.105862,-0.115499,-2.22268,-5.08289,0,-0.189137,-0.198557
0.114519,0.0445194,-2.22293,-5.03901,0,0.0412296,0.029847
0.0987779,0.0287779,-2.33161,-4.99455,0,0.0361622,0.0204711
0.0830364,0.0130364,-2.43619,-4.94868,0,0.0318349,0.0122449
0.0672949,-0.00270511,-2.53582,-4.90048,0,0.0283032,0.00441365
0.0515534,-0.0184466,-2.62759,-4.85081,0,0.0256263,-0.00291119
0.0358119,-0.0341881,-2.71105,-4.79908,0,0.0238635,-0.00820025
0.0200704,-0.0499296,-2.78805,-4.74524,0,0.023062,-0.0124197
0.00432891,-0.0656711,-2.8597,-4.69001,0,0.023208,-0.0159827
0,-0.07,-2.92613,-4.63336,0,0.0240417,-0.0176599
0,-0.07,-2.98725,-4.5752,0,0.0251945,-0.0170743
0,-0.07,-3.04347,-4.51573,0,0.0264948,-0.0151518
0,-0.07,-3.09528,-4.45511,0,0.027903,-0.0124661
0,-0.07,-3.14304,-4.39344,0,0.0294147,-0.00919876
0,-0.07,-3.18709,-4.33094,0,0.0310352,-0.00574351
0,-0.07,-3.22773,-4.26753,0,0.0327726,-0.00225212
0,-0.07,-3.26516,-4.2032,0,0.0346362,0.00143375
0,-0.07,-3.29963,-4.13814,0,0.0366364,0.00489766
0,-0.07,-3.33132,-4.0723,0,0.0387843,0.00839052
0,-0.07,-3.36044,-4.00588,0,0.0410917,0.0118443
0,-0.07,-3.38716,-3.93887,0,0.0435712,0.0153185
0,-0.07,-3.41166,-3.87132,0,0.0462365,0.0188739
0,-0.07,-3.43409,-3.80322,0,0.0491021,0.0226052
0,-0.07,-3.45461,-3.73468,0,0.052184,0.0265814
0,-0.07,-3.47334,-3.6657,0,0.0554993,0.0309884
0,-0.07,-3.4904,-3.59637,0,0.0590666,0.0355458
0,-0.07,-3.50471,-3.52664,0,0.0629057,0.0406396
0,-0.07,-3.51566,-3.45661,0,0.0670383,0.0461712
0,-0.07,-3.52328,-3.38636,0,0.0714872,0.052031
0,-0.07,-3.52771,-3.31593,0,0.0762774,0.058189
0,-0.0668696,-3.5291,-3.24539,0,0.0814355,0.0646287
0,-0.0631419,-3.52759,-3.17482,0,0.0869903,0.0713106
0,-0.0604933,-3.52328,-3.10426,0,0.0929727,0.0780932
0,-0.0610993,-3.51554,-3.03378,0,0.0995233,0.0851022
0,-0.0561852,-3.52391,-2.96344,0,0.106407,0.0918981
0,-0.0539374,-3.51237,-2.89299,0,0.113473,0.0991164
0,-0.0521612,-3.49742,-2.82269,0,0.121011,0.106486
0,-0.0495237,-3.47968,-2.7527,0,0.129101,0.114156
0.000387903,-0.044847,-3.45939,-2.68304,0,0.137687,0.122244
0.015904,-0.0372059,-3.43665,-2.61379,0,0.146401,0.130792
0.0314201,-0.0281014,-3.41158,-2.545,0,0.154844,0.139212
0.0469363,-0.0199663,-3.38427,-2.47668,0,0.162886,0.146839
0.0624524,-0.00754763,-3.35487,-2.4089,0,0.170469,0.154362
0.0779685,0.00926736,-3.32347,-2.34167,0,0.177549,0.16406
0.0934846,0.0409972,-3.29026,-2.27498,0,0.184085,0.176274
0.109001,0.0744487,-3.25538,-2.20902,0,0.190033,0.187621
-0.108225,-0.0382249,-3.2552,-2.14376,0,-0.0373922,-0.0253668
-0.0927088,-0.0227088,-3.21744,-2.07865,0,-0.0327583,-0.0147411
-0.0771927,-0.00719268,-3.17658,-2.0141,0,-0.0288594,-0.00697288
-0.0616766,0.00832344,-3.13325,-1.95034,0,-0.0257523,0.000211504
-0.0461604,0.0238396,-3.08819,-1.88729,0,-0.0234966,0.006917
-0.0306443,0.0393557,-3.0417,-1.82518,0,-0.0221509,0.0133853
-0.0151282,0.0548718,-2.99324,-1.76398,0,-0.0217558,0.0188495
0,0.07,-2.94246,-1.70382,0,-0.0222699,0.0222937
0,0.07,-2.88965,-1.64464,0,-0.0233532,0.0230479
0,0.07,-2.83516,-1.58648,0,-0.0246415,0.0218091
0,0.07,-2.78084,-1.52953,0,-0.0260452,0.019672
0,0.07,-2.72729,-1.47367,0,-0.0275467,0.0169497
0,0.07,-2.67482,-1.41888,0,-0.0291475,0.0138207
0,0.07,-2.62352,-1.36499,0,-0.030855,0.010742
0,0.07,-2.57345,-1.31217,0,-0.032678,0.00758483
0,0.07,-2.52467,-1.26035,0,-0.0346266,0.00438159
0,0.07,-2.47717,-1.20958,0,-0.0367115,0.00137445
0,0.07,-2.43099,-1.15968,0,-0.0389444,-0.00169124
0,0.07,-2.38617,-1.11083,0,-0.0413376,-0.00479442
0,0.07,-2.34272,-1.06291,0,-0.0439042,-0.00800094
0,0.07,-2.30068,-1.01586,0,-0.0466581,-0.011401
0,0.07,-2.26009,-0.969635,0,-0.0496146,-0.0151614
0,0.07,-2.22097,-0.92421,0,-0.0527902,-0.0191473
0,0.07,-2.1833,-0.879517,0,-0.0562025,-0.0233418
0,0.07,-2.1459,-0.835587,0,-0.0598706,-0.0281172
0,0.07,-2.10695,-0.792464,0,-0.0638151,-0.0331222
0,0.07,-2.0665,-0.750052,0,-0.068058,-0.0383451
0,0.07,-2.02474,-0.70854,0,-0.0726229,-0.0440389
0,0.07,-1.98185,-0.667753,0,-0.0775354,-0.0500639
0,0.07,-1.93798,-0.627815,0,-0.0828227,-0.0564101
0,0.07,-1.89327,-0.588727,0,-0.0885144,-0.0630777
0,0.07,-1.87204,-0.550526,0,-0.0948071,-0.0702481
0,0.07,-1.82338,-0.512968,0,-0.101782,-0.0773866
0,0.07,-1.77529,-0.47616,0,-0.109314,-0.0852367
0,0.07,-1.72754,-0.440318,0,-0.117385,-0.0932564
0,0.07,-1.67978,-0.405504,0,-0.125952,-0.101457
-0.0094739,0.0605261,-1.6318,-0.371574,0,-0.134762,-0.110316
-0.0246321,0.0453679,-1.58353,-0.338603,0,-0.143431,-0.119506
-0.0397904,0.0302096,-1.53491,-0.30657,0,-0.151735,-0.127894
-0.0549486,0.0150514,-1.48611,-0.275629,0.00657865,-0.159589,-0.135638
-0.0701069,-0.000106872,-1.43723,-0.245443,0.00515443,-0.166948,-0.143314
-0.0852651,-0.0152651,-1.38839,-0.216185,-0.000701021,-0.173772,-0.151607
-0.100423,-0.0343685,-1.34009,-0.187904,-0.00394511,-0.18002,-0.163069
0.111792,0.0861621,-1.3402,-0.160764,0.00444616,0.0417216,0.0414122
0.0966338,0.0354215,-1.29063,-0.133961,0.00499489,0.0367526,0.0299075
0.0814756,0.0114756,-1.24223,-0.107926,0.00327324,0.0324954,0.0203631
0.0663173,-0.00368269,-1.19444,-0.0828391,0,0.0290028,0.0125956
0.0511591,-0.0188409,-1.1476,-0.0584724,0,0.0263309,0.00573447
0.0360008,-0.0339992,-1.10218,-0.0350286,0,0.0245368,-0.000154209
0.0208426,-0.0491574,-1.05795,-0.0125307,0.00242875,0.0236671,-0.00546506
0.00568434,-0.0643157,-1.01463,0.00909264,0.00561841,0.0237162,-0.00960352
0,-0.07,-0.972127,0.0297102,0.00685934,0.0244643,-0.0112606
0,-0.07,-0.930179,0.0494715,0.00550263,0.025561,-0.010774
0,-0.07,-0.889337,0.0683058,0.00459294,0.0268143,-0.00833888
0,-0.07,-0.849851,0.0863784,0.00411644,0.0281794,-0.00547328
0,-0.07,-0.811745,0.103573,0.003133,0.0296501,-0.00204273
0,-0.07,-0.775075,0.119998,0.00173174,0.0312311,0.00172925
0,-0.07,-0.73984,0.135683,0.000198271,0.0329301,0.00566561
0,-0.07,-0.706055,0.150674,-4.95728e-20,0.0347564,0.00938656
0,-0.07,-0.673695,0.164964,-1.12847e-36,0.0367199,0.0131697
0,-0.07,-0.642751,0.178599,0,0.0388317,0.0169549
0,-0.07,-0.613183,0.191671,0,0.0411033,0.0208073
0,-0.07,-0.584949,0.204068,0,0.0435473,0.0248056
0,-0.0680882,-0.558011,0.215922,0,0.0461768,0.0290239
0,-0.0610186,-0.532341,0.227284,0,0.0490065,0.0337383
0,-0.0515663,-0.507884,0.238034,0,0.0520519,0.0390893
0,-0.0423567,-0.484583,0.248289,0,0.05533,0.0445001
0,-0.0349293,-0.462306,0.258063,0,0.0588593,0.0496923
0,-0.0286396,-0.440299,0.267387,0,0.0626593,0.0549477
0,-0.0235714,-0.418259,0.276248,0,0.0667512,0.0602401
0,-0.0197484,-0.396223,0.284679,0,0.0711581,0.0655969
0,-0.0171212,-0.374252,0.29267,0,0.0759043,0.0710618
0,-0.0157843,-0.352401,0.30022,0,0.0810164,0.0766316
0,-0.0152475,-0.330717,0.307356,0,0.0865229,0.0824657
0,-0.0169138,-0.309244,0.314046,0,0.0924544,0.0881542
0,-0.0194043,-0.288018,0.320285,0,0.0988439,0.0941376
0,-0.0226634,-0.26772,0.326098,0,0.105729,0.100337
0,-0.0261997,-0.247036,0.331503,0,0.113148,0.106782
0,-0.029401,-0.22692,0.336496,0,0.121133,0.113539
0,-0.0314504,-0.207364,0.341084,0,0.129703,0.120674
0,-0.0315398,-0.18816,0.34531,0,0.138814,0.128223
0.0117703,-0.0288649,-0.169223,0.34915,0,0.148163,0.136205
0.0280051,-0.0230786,-0.150502,0.35261,0,0.157335,0.144537
0.04424,-0.0197186,-0.132011,0.355704,0,0.166113,0.151575
0.0604749,-0.00952514,-0.113803,0.358391,0,0.174415,0.158586
0.0767097,0.00670972,-0.095871,0.360712,0,0.182191,0.168553
0.0929446,0.0236906,-0.0782777,0.362746,0,0.1894,0.178105
0.109179,0.0477271,-0.0610978,0.3644,0,0.195997,0.188034
-0.118109,-0.0906072,-0.0609863,0.365682,0,-0.0415868,-0.0423626
-0.101874,-0.0454584,-0.0440727,0.366902,0,-0.0363555,-0.0322158
-0.0856389,-0.0156389,-0.0276812,0.367843,0,-0.0318856,-0.0240695
-0.069404,0.000595966,-0.0117572,0.36847,0,-0.0282347,-0.0171389
-0.0531692,0.0168308,0.00366008,0.368864,0,-0.0254639,-0.0104551
-0.0369343,0.0330657,0.0183176,0.368899,0,-0.0236345,-0.00441962
-0.0206994,0.0493006,0.0322423,0.368613,0,-0.0227953,0.000990542
-0.00446459,0.0655354,0.0456525,0.368066,0,-0.0229321,0.00506254
0,0.07,0.0586285,0.367247,0,-0.0237759,0.00644508
0,0.07,0.0710861,0.366133,0,-0.0249456,0.00505438
0,0.07,0.0828815,0.364773,0,-0.0262634,0.00231039
0,0.07,0.0939969,0.363169,0,-0.0276884,-0.00104944
0,0.07,0.104458,0.361361,0,-0.0292159,-0.00487792
0,0.07,0.114301,0.359345,0,-0.030851,-0.0086838
0,0.07,0.123556,0.357128,0,-0.0326018,-0.0127449
0,0.07,0.132254,0.354726,0,-0.034478,-0.0166287
0,0.0643224,0.140439,0.352142,0,-0.0364898,-0.0206374
0,0.0564712,0.14815,0.349391,0,-0.0386484,-0.0246961
0,0.0491959,0.155413,0.346458,0,-0.0409658,-0.0286473
0,0.0433556,0.162252,0.343379,0,-0.0434546,-0.0323973
0,0.0384027,0.168688,0.340165,0,-0.0461284,-0.0361557
0,0.0349909,0.174744,0.33682,0,-0.049002,-0.0397307
0,0.0320996,0.180436,0.333346,0,-0.0520912,-0.0434582
0,0.0297144,0.185787,0.329752,0,-0.0554133,-0.0473145
0,0.0276184,0.19082,0.32605,0,-0.0589869,-0.0513838
0,0.0258354,0.195561,0.322253,0,-0.0628319,-0.0556758
0,0.0244143,0.200013,0.318361,0,-0.0669699,-0.060207
0,0.0234812,0.204177,0.314372,0,-0.0714239,-0.0649744
0,0.0231368,0.208056,0.310303,0,-0.0762187,-0.069985
0,0.0234968,0.211653,0.306152,0,-0.0813811,-0.0752363
0,0.0246517,0.21497,0.301931,0,-0.0869398,-0.0807258
0,0.0266093,0.218013,0.297645,0,-0.0929259,-0.08646
0,0.0287363,0.220781,0.293292,0,-0.0993726,-0.0926015
0,0.0315605,0.223575,0.288889,0,-0.106281,-0.0987136
0,0.0343526,0.225805,0.284427,0,-0.113677,-0.10528
0,0.0357535,0.227719,0.279917,0,-0.121629,-0.112418
0,0.0368371,0.229355,0.27537,0,-0.130161,-0.11963
0,0.0345822,0.230766,0.27079,0,-0.13922,-0.127661
-0.0140711,0.0304994,0.231974,0.266181,0,-0.14846,-0.135774
-0.0301524,0.0231886,0.232987,0.261546,0,-0.157461,-0.144303
-0.0462338,0.0183199,0.233816,0.25689,0,-0.166055,-0.151524
-0.0623151,0.00768494,0.234467,0.252218,0,-0.17417,-0.15933
-0.0783964,-0.0116211,0.234914,0.247532,0,-0.18176,-0.169965
-0.0944777,-0.0343962,0.235171,0.242838,0,-0.188782,-0.179914
-0.110559,-0.062172,0.235233,0.238136,0,-0.195194,-0.190442
0.114579,0.075811,0.235124,0.233431,0,0.0402708,0.038359
0.098498,0.0308209,0.234821,0.228728,0,0.0352234,0.0283179
0.0824167,0.0124167,0.234253,0.224031,0,0.0309371,0.0202805
0.0663354,-0.00366461,0.233496,0.219344,0,0.0274695,0.0137454
0.0502541,-0.0197459,0.23252,0.214666,0,0.0248816,0.00714408
0.0341728,-0.0358272,0.231269,0.210011,0,0.0232343,0.00110066
0.0180915,-0.0519085,0.229756,0.205376,0,0.0225733,-0.0043021
0.00201016,-0.0679898,0.227885,0.200773,0,0.0228728,-0.00809868
0,-0.07,0.225719,0.196206,0,0.0238192,-0.00891279
0,-0.07,0.223436,0.19168,0,0.0250301,-0.00718152
0,-0.07,0.2212,0.187196,0,0.0263736,-0.00442657
0,-0.07,0.219039,0.18276,0,0.0278206,-0.00106999
0,-0.07,0.216969,0.178368,0,0.0293693,0.00262177
0,-0.07,0.214972,0.174018,0,0.0310255,0.00645027
0,-0.07,0.213039,0.169705,0,0.0327978,0.0102185
0,-0.07,0.211158,0.165435,0,0.0346958,0.0141847
0,-0.07,0.209331,0.161202,0,0.03673,0.0181614
0,-0.068066,0.207548,0.157002,0,0.038912,0.0220926
0,-0.0619835,0.205789,0.152838,0,0.0412538,0.0260228
0,-0.0551413,0.204057,0.148715,0,0.0437686,0.0301375
0,-0.0489526,0.202354,0.144627,0,0.0464703,0.034222
0,-0.0436208,0.200684,0.140573,0,0.0493741,0.0383055
0,-0.0390474,0.199049,0.136554,0,0.0524961,0.0424448
0,-0.0351924,0.197452,0.132569,0,0.0558538,0.0466684
0,-0.0318935,0.195848,0.128616,0,0.0594659,0.0510445
0,-0.0291421,0.194097,0.124692,0,0.0633524,0.0555946
0,-0.0269447,0.192176,0.120803,0,0.0675352,0.0603459
0,-0.0253979,0.190098,0.11695,0,0.0720373,0.0653016
0,-0.0246019,0.187876,0.11314,0,0.076884,0.070467
0,-0.024647,0.185522,0.109374,0,0.0821023,0.0758461
0,-0.0255518,0.183047,0.105656,0,0.0877211,0.0814539
0,-0.0272946,0.180462,0.101989,0,0.0937717,0.0872993
0,-0.0309653,0.177861,0.0983696,0,0.100342,0.0933924
0,-0.031991,0.17553,0.094802,0,0.107368,0.0997633
0,-0.0344048,0.172645,0.0912844,0,0.114804,0.106334
0,-0.0345394,0.169711,0.0878243,0,0.122778,0.113773
0,-0.0341343,0.166728,0.0844198,0,0.131327,0.121284
0.000400589,-0.0325105,0.163693,0.0810733,0,0.140383,0.128988
0.0164242,-0.0273976,0.160603,0.0777873,0,0.149562,0.137319
0.0324477,-0.0207473,0.157456,0.0745644,0,0.158449,0.145498
0.0484713,-0.0153179,0.154255,0.0714027,0,0.166913,0.152786
0.0644949,-0.00493103,0.151014,0.0683096,0,0.174892,0.160996
0.0805184,0.0154776,0.147749,0.0652813,0,0.182343,0.171195
0.096542,0.040061,0.144465,0.0623116,0,0.189224,0.181461
0.112566,0.0670057,0.141168,0.0594042,0,0.19549,0.191533
-0.111764,-0.0684569,0.141279,0.056566,0,-0.0392584,-0.035971
-0.0957408,-0.0257408,0.137874,0.0537408,0,-0.0343651,-0.0260265
-0.0797172,-0.00971725,0.134512,0.0509731,0,-0.0302378,-0.018315
-0.0636937,0.00630632,0.131196,0.0482627,0,-0.0269347,-0.0116733
-0.0476701,0.0223299,0.127962,0.0456139,0,-0.0245168,-0.00519412
-0.0316465,0.0383535,0.124828,0.0430401,0,-0.0230441,0.000728669
-0.015623,0.054377,0.121806,0.04052,0,-0.022558,0.00608171
0,0.07,0.118978,0.0380673,0,-0.0230154,0.00957998
0,0.07,0.11625,0.035675,0,-0.0240634,0.00997859
0,0.07,0.113455,0.0333378,0,-0.0253249,0.00806421
0,0.07,0.110597,0.0310491,0,-0.0267065,0.00517366
0,0.07,0.107702,0.0288171,0,-0.0281897,0.00196663
0,0.07,0.104787,0.0266472,0,-0.0297758,-0.00159471
0,0.07,0.101881,0.0245383,0,-0.0314718,-0.00524844
0,0.07,0.0990082,0.0224876,0,-0.0332868,-0.00891462
0,0.07,0.0961853,0.0204946,0,-0.0352307,-0.0125719
0,0.07,0.0933917,0.0185511,0,-0.0373144,-0.0162319
0,0.07,0.0905453,0.0166637,0,-0.0395493,-0.0200347
0,0.07,0.0876521,0.0148371,0,-0.0419481,-0.0237578
0,0.0675877,0.0847365,0.0130638,0,-0.0445239,-0.0277512
0,0.0614499,0.08182,0.0113472,0,-0.0472913,-0.0321034
0,0.0553913,0.0789123,0.00969772,0,-0.0502654,-0.036464
0,0.049428,0.076019,0.00811221,0,-0.053463,-0.0410336
0,0.0439453,0.0731451,0.0065817,0,-0.0569018,-0.045728
0,0.0389441,0.0702955,0.00511161,0,-0.060601,-0.050591
0,0.0345479,0.0674744,0.00369858,0,-0.0645811,-0.0556161
0,0.0308773,0.0646861,0.00234204,0,-0.0688642,-0.0608053
0,0.0280833,0.0619341,0.00104135,0,-0.0734743,-0.0661525
0,0.0260921,0.059222,-0.000204218,0,-0.078437,-0.0717143
0,0.0243274,0.0565518,-0.00139951,0,-0.0837799,-0.0776719
0,0.0243816,0.0539282,-0.00253989,0,-0.0895327,-0.0835672
0,0.0250423,0.0513528,-0.00362501,0,-0.0957275,-0.0898164
0,0.0298498,0.0489287,-0.0046585,0,-0.102563,-0.0963104
0,0.0332131,0.0464521,-0.00564435,0,-0.110122,-0.103084
0,0.0349944,0.0440399,-0.0065833,0,-0.118286,-0.110476
0,0.0360717,0.0416992,-0.00747495,0,-0.127042,-0.118103
0,0.0362061,0.0394176,-0.00831947,0,-0.136362,-0.125927
-0.00695287,0.0332344,0.0371838,-0.00911466,0,-0.146037,-0.134378
-0.0233126,0.027201,0.0349938,-0.00986393,0,-0.155659,-0.143185
-0.0396723,0.0216497,0.0328501,-0.0105693,0,-0.164924,-0.151261
-0.056032,0.013968,0.0307677,-0.0112349,0,-0.173728,-0.15876
-0.0723917,-0.00239168,0.0287477,-0.0118575,0,-0.182017,-0.168552
-0.0887514,-0.0199059,0.0267809,-0.0124436,0,-0.18975,-0.178678
-0.105111,-0.0417421,0.0248643,-0.01299,0,-0.196885,-0.18846
-0.121471,-0.0685322,0.0229926,-0.0134949,0,-0.203377,-0.198744
0.107565,0.0766701,0.022858,-0.0139922,0,0.0362162,0.0340796
0.0912053,0.0238667,0.0209789,-0.0144574,0,0.0311551,0.0230451
0.0748456,0.00484563,0.01912,-0.0148845,0,0.0268902,0.0146644
0.0584859,-0.0115141,0.0172892,-0.0152743,0,0.0234801,0.00816968
0.0421262,-0.0278738,0.015477,-0.0156302,0,0.0209848,0.00155196
0.0257665,-0.0442335,0.0136842,-0.0159479,0,0.0194563,-0.00481803
0.00940683,-0.0605932,0.011802,-0.0162305,0,0.0189024,-0.0111638
0,-0.07,0.00973579,-0.0164751,0,0.0191469,-0.0152378
0,-0.07,0.00762718,-0.0166791,0,0.0198131,-0.0160767
0,-0.07,0.00564881,-0.0168432,0,0.0206307,-0.01491
0,-0.07,0.0038566,-0.0169651,0,0.0215324,-0.0128125
0,-0.07,0.00225937,-0.0170503,0,0.0225045,-0.0103198
0,-0.07,0.000849968,-0.0171043,0,0.0235475,-0.00759295
0,-0.07,-0.000405445,-0.0171311,0,0.0246659,-0.00476206
0,-0.07,-0.00151439,-0.0171312,0,0.0258656,-0.0018772
0,-0.07,-0.00251525,-0.0171087,0,0.0271532,0.000961812
0,-0.07,-0.00341015,-0.0170633,0,0.0285359,0.00398714
0,-0.07,-0.00421218,-0.0170001,0,0.0300212,0.00700812
0,-0.07,-0.00493928,-0.0169194,0,0.0316176,0.0101427
0,-0.07,-0.00559514,-0.0168239,0,0.0333339,0.0133595
0,-0.07,-0.00617741,-0.016715,0,0.0351797,0.0169603
0,-0.0654916,-0.00670762,-0.016594,0,0.0371651,0.0208412
0,-0.0582482,-0.00720263,-0.0164631,0,0.0393014,0.0247931
0,-0.0503526,-0.00766574,-0.0163203,0,0.0416003,0.0289732
0,-0.0430979,-0.00809944,-0.0161681,0,0.0440747,0.0331412
0,-0.0363507,-0.00850463,-0.0160078,0,0.0467383,0.037418
0,-0.0313322,-0.00888361,-0.0158392,0,0.0496059,0.0414772
0,-0.0268965,-0.00923604,-0.015663,0,0.0526936,0.0457177
0,-0.0242756,-0.00956414,-0.0154795,0,0.0560186,0.0497547
0,-0.0225334,-0.00986772,-0.0152891,0,0.0595992,0.0539161
0,-0.0215635,-0.0101475,-0.0150926,0,0.0634555,0.0581792
0,-0.021057,-0.0104039,-0.0148904,0,0.0676088,0.0625994
0,-0.0225575,-0.0106355,-0.0146829,0,0.0721795,0.0672158
0,-0.0224103,-0.0108447,-0.0144711,0,0.0772189,0.0720731
0,-0.0206398,-0.0110298,-0.014255,0,0.0826554,0.0772604
0,-0.01681,-0.0111914,-0.0140351,0,0.0884682,0.0827477
0,-0.0104521,-0.0113307,-0.0138119,0,0.0945818,0.0884837
0.013475,-0.00116112,-0.0114489,-0.0135856,0,0.100641,0.0943966
0.0298083,0.0100386,-0.0115479,-0.0133569,0,0.106204,0.10007
0.0461417,0.0200438,-0.0116315,-0.0131263,0,0.111061,0.104664
0.062475,0.0305157,-0.0116983,-0.0128939,0,0.115118,0.108819
0.0788083,0.0476848,-0.0117423,-0.0126601,0,0.118307,0.11426
0.0951417,0.0714821,-0.0117646,-0.0124254,0,0.120574,0.120759
0.111475,0.0964079,-0.0117721,-0.0121901,0,0.121906,0.126902
0.1225,0.119163,-0.0117693,-0.0119547,0,0.122451,0.132165
0.1225,0.140576,-0.0117554,-0.0117193,0,0.122586,0.137065
0.1225,0.160177,-0.0117285,-0.0114842,0,0.122613,0.1415
0.1225,0.176841,-0.0116907,-0.0112495,0,0.122613,0.145196
0.1225,0.189143,-0.0116452,-0.0110156,0,0.122607,0.147816
0.1225,0.1925,-0.0115776,-0.0107825,0,0.122599,0.14913
0.1225,0.1925,-0.0115008,-0.0105507,0,0.122591,0.149124
0.1225,0.1925,-0.0114305,-0.0103204,0,0.122584,0.148398
0.1225,0.188242,-0.0113649,-0.0100913,0,0.122578,0.146783
0.1225,0.178624,-0.0112968,-0.00986349,0,0.122572,0.144299
0.1225,0.165943,-0.0112242,-0.00963724,0,0.122566,0.141222
0.1225,0.151143,-0.0111468,-0.00941247,0,0.122561,0.137701
0.1225,0.135426,-0.0110641,-0.00918923,0,0.122556,0.134027
0.1225,0.119718,-0.0109756,-0.00896765,0,0.122552,0.130401
0.1225,0.104759,-0.01088,-0.00874779,0,0.122548,0.126984
0.1225,0.0909391,-0.0107763,-0.00852981,0,0.122544,0.123849
0.1225,0.079804,-0.0106634,-0.00831381,0,0.12254,0.121409
0.1225,0.0713956,-0.0105422,-0.00810026,0,0.122537,0.119599
0.1225,0.0661173,-0.0104128,-0.00788906,0,0.122534,0.118532
0.1225,0.0638758,-0.0102761,-0.00768048,0,0.122532,0.118161
0.1225,0.0646674,-0.0101324,-0.00747434,0,0.122529,0.118489
0.1225,0.0681783,-0.00998248,-0.00727119,0,0.122527,0.119429
0.1225,0.074037,-0.00982725,-0.00707117,0,0.122525,0.120893
0.1225,0.0818545,-0.00966749,-0.00687423,0,0.122523,0.122791
0.1225,0.091195,-0.00950403,-0.00668032,0,0.122521,0.125018
0.1225,0.101715,-0.00933763,-0.00648975,0,0.122519,0.127501
0.1225,0.112222,-0.00916992,-0.00630225,0,0.122516,0.129911
0.1225,0.122404,-0.0090014,-0.00611835,0,0.12251,0.132238
0.1225,0.132107,-0.00883216,-0.0059379,0,0.122503,0.134448
0.1225,0.140421,-0.00866303,-0.00576083,0,0.122496,0.136294
0.1225,0.147003,-0.00849453,-0.00558698,0,0.122491,0.137724
0.1225,0.151562,-0.00832728,-0.00541659,0,0.122485,0.138675
0.1225,0.153922,-0.00816183,-0.00524962,0,0.122481,0.139109
0.1225,0.154108,-0.00799846,-0.00508589,0,0.122477,0.139044
0.1225,0.152263,-0.00783728,-0.00492551,0,0.122473,0.138517
0.1225,0.148625,-0.00767827,-0.00476836,0,0.12247,0.137588
0.1225,0.143647,-0.00752117,-0.0046144,0,0.122466,0.136373
0.1225,0.137361,-0.00736611,-0.00446358,0,0.122463,0.134857
0.1225,0.130489,-0.00721249,-0.00431587,0,0.122461,0.133241
0.1225,0.123409,-0.00705997,-0.00417124,0,0.122458,0.131595
0.1225,0.116476,-0.00690818,-0.00402943,0,0.122455,0.130001
0.1225,0.110489,-0.00675625,-0.00389074,0,0.122452,0.128663
0.1225,0.105303,-0.00660442,-0.00375523,0,0.12245,0.127503
0.1225,0.101043,-0.00645266,-0.00362254,0,0.122447,0.126563
0.1225,0.0978576,-0.00630096,-0.00349288,0,0.122443,0.125877
0.1225,0.0959099,-0.00614928,-0.00336625,0,0.12244,0.125486
0.1225,0.0953004,-0.00599767,-0.00324273,0,0.122437,0.125408
0.1225,0.0961071,-0.00584617,-0.0031224,0,0.122435,0.125661
0.1225,0.0984085,-0.00569483,-0.00300502,0,0.122432,0.126263
0.1225,0.101603,-0.00554437,-0.00289052,0,0.12243,0.127042
0.1225,0.105387,-0.0053952,-0.00277918,0,0.122427,0.127942
0.1225,0.109417,-0.00524777,-0.0026709,0,0.122425,0.128882
0.1225,0.113549,-0.00510225,-0.00256558,0,0.122423,0.129839
0.1225,0.117655,-0.00495882,-0.00246317,0,0.122422,0.130783
0.1225,0.121573,-0.00481768,-0.00236364,0,0.12242,0.131677
0.1225,0.125141,-0.00467901,-0.00226693,0,0.122418,0.132482
0.1225,0.128201,-0.00454298,-0.0021728,0,0.122417,0.133162
0.1225,0.130571,-0.00440981,-0.00208146,0,0.122416,0.133674
0.1225,0.132097,-0.00427969,-0.00199273,0,0.122415,0.133984
0.1225,0.132739,-0.00415269,-0.00190662,0,0.122413,0.134089
0.1225,0.132493,-0.00402886,-0.00182325,0,0.122412,0.133988
0.1225,0.131432,-0.00390815,-0.00174236,0,0.122411,0.133703
0.1225,0.129678,-0.00379041,-0.00166371,0,0.122411,0.133264
0.1225,0.127312,-0.00367559,-0.00158743,0,0.12241,0.132688
0.1225,0.124667,-0.00356333,-0.0015134,0,0.122409,0.132064
0.1225,0.121814,-0.00345354,-0.00144169,0,0.122408,0.131395
0.1225,0.119027,-0.00334594,-0.00137223,0,0.122408,0.130755
0.1225,0.116512,-0.00324029,-0.00130489,0,0.122407,0.130188
0.1225,0.114341,-0.00313651,-0.00123966,0,0.122406,0.129703
0.1225,0.112504,-0.00303461,-0.00117651,0,0.122406,0.129295
0.1225,0.111013,-0.00293457,-0.00111546,0,0.122405,0.128968
0.1225,0.10989,-0.00283637,-0.00105652,0,0.122405,0.128727
0.1225,0.109237,-0.00273988,-0.00099945,0,0.122405,0.128599
0.1225,0.109046,-0.00264511,-0.000944266,0,0.122404,0.128577
0.1225,0.109335,-0.00255203,-0.000890985,0,0.122404,0.128667
0.1225,0.110084,-0.00246064,-0.000839619,0,0.122404,0.128861
0.1225,0.111263,-0.00237096,-0.00079004,0,0.122403,0.129154
0.1225,0.112705,-0.00228316,-0.000742262,0,0.122403,0.129499
0.1225,0.114356,-0.00219727,-0.000696248,0,0.122403,0.12989
0.1225,0.116024,-0.00211348,-0.000651959,0,0.122402,0.130276
0.1225,0.117578,-0.0020319,-0.000609354,0,0.122402,0.130628
0.1225,0.118958,-0.00195257,-0.000568471,0,0.122402,0.130938
0.1225,0.120184,-0.00187544,-0.000529142,0,0.122402,0.131213
0.1225,0.121268,-0.00180048,-0.000491402,0,0.122402,0.131456
0.1225,0.122166,-0.00172771,-0.00045513,0,0.122401,0.131654
0.1225,0.12284,-0.00165713,-0.000420321,0,0.122401,0.131799
0.1225,0.123252,-0.00158876,-0.000386897,0,0.122401,0.131881
0.1225,0.123374,-0.00152259,-0.000354882,0,0.122401,0.131895
0.1225,0.123199,-0.00145861,-0.000324133,0,0.122401,0.13184
0.1225,0.12275,-0.00139675,-0.000294705,0,0.122401,0.131723
0.1225,0.122006,-0.00133702,-0.000266646,0,0.122401,0.131537
0.1225,0.121102,-0.00127924,-0.000239756,0,0.122401,0.131321
0.1225,0.120094,-0.00122331,-0.000214027,0,0.122401,0.131083
0.1225,0.119057,-0.00116913,-0.000189337,0,0.1224,0.130842
0.1225,0.118096,-0.00111654,-0.000165792,0,0.1224,0.130625
0.1225,0.117222,-0.00106551,-0.000143329,0,0.1224,0.130427
0.1225,0.116515,-0.00101592,-0.000121815,0,0.1224,0.130272
0.1225,0.115989,-0.000967716,-0.000101323,0,0.1224,0.130159
0.1225,0.115649,-0.000920869,-8.18001e-05,0,0.1224,0.13009
0.1225,0.115435,-0.000875408,-6.31953e-05,0,0.1224,0.130047
0.1225,0.115313,-0.000831337,-4.55053e-05,0,0.1224,0.130023
0.1225,0.115284,-0.000788628,-2.87464e-05,0,0.1224,0.130021
0.1225,0.115366,-0.00074723,-1.2867e-05,0,0.1224,0.130045
0.1225,0.115553,-0.00070712,2.18105e-06,0,0.1224,0.130093
0.1225,0.115844,-0.000668266,1.64237e-05,0,0.1224,0.130166
0.1225,0.116208,-0.000630673,2.98862e-05,0,0.1224,0.130253
0.1225,0.116631,-0.000594325,4.25936e-05,0,0.1224,0.130354
0.1225,0.117087,-0.000559214,5.46255e-05,0,0.1224,0.13046
0.1225,0.117539,-0.000525351,6.59502e-05,0,0.1224,0.130565
0.1225,0.11795,-0.000492748,7.65758e-05,0,0.1224,0.130657
0.1225,0.1183,-0.000461394,8.65285e-05,0,0.1224,0.130735
0.1225,0.118587,-0.000431263,9.58662e-05,0,0.1224,0.130798
0.1225,0.118788,-0.000402349,0.000104597,0,0.1224,0.13084
0.1225,0.118908,-0.000374621,0.000112716,0,0.1224,0.130864
0.1225,0.118943,-0.00034805,0.000120319,0,0.1224,0.130868
0.1225,0.118903,-0.000322598,0.000127387,0,0.1224,0.130855
0.1225,0.1188,-0.000298226,0.000133915,0,0.1224,0.130828
0.1225,0.118648,-0.000274893,0.00013994,0,0.1224,0.130791
0.1225,0.118466,-0.000252547,0.00014552,0,0.1224,0.130747
0.1225,0.11827,-0.000231147,0.00015066,0,0.1224,0.130702
0.1225,0.118075,-0.000210649,0.000155369,0,0.1224,0.130657
0.1225,0.117894,-0.000191013,0.000159664,0,0.1224,0.130616
0.1225,0.117737,-0.000172205,0.000163543,0,0.1224,0.130581
0.1225,0.117609,-0.000154196,0.000167034,0,0.1224,0.130552
0.1225,0.117517,-0.000136951,0.000170181,0,0.1224,0.130533
0.1225,0.117459,-0.00012045,0.000172972,0,0.122399,0.130521
0.1225,0.117434,-0.00010467,0.000175422,0,0.122399,0.130517
0.1225,0.117439,-8.95904e-05,0.000177579,0,0.122399,0.13052
0.1225,0.11747,-7.51929e-05,0.000179423,0,0.122399,0.130528
0.1225,0.117521,-6.14622e-05,0.000180963,0,0.122399,0.130541
0.1225,0.117586,-4.83836e-05,0.000182227,0,0.122399,0.130556
0.1225,0.117662,-3.59374e-05,0.000183227,0,0.122399,0.130574
0.1225,0.117741,-2.41129e-05,0.000183977,0,0.122399,0.130593
0.1225,0.117816,-1.28942e-05,0.000184512,0,0.122399,0.13061
0.1225,0.117885,-2.26482e-06,0.000184815,0,0.122399,0.130625
0.1225,0.117945,7.79315e-06,0.000184903,0,0.122399,0.130639
0.1225,0.117998,1.72982e-05,0.000184777,0,0.122399,0.130651
0.1225,0.118037,2.62645e-05,0.000184469,0,0.122399,0.130659
0.1225,0.118065,3.47109e-05,0.000183975,0,0.122399,0.130665
0.1225,0.118078,4.26524e-05,0.000183302,0,0.122399,0.130667
0.1225,0.118074,5.0105e-05,0.000182469,0,0.122399,0.130666
0.1225,0.118057,5.70894e-05,0.000181501,0,0.122399,0.130661
0.1225,0.118029,6.36244e-05,0.000180387,0,0.122399,0.130654
0.1225,0.117994,6.97322e-05,0.000179144,0,0.122399,0.130646
0.1225,0.117955,7.54302e-05,0.000177773,0,0.122399,0.130637
0.1225,0.117916,8.07374e-05,0.000176288,0,0.122399,0.130627
0.1225,0.117877,8.56714e-05,0.000174694,0,0.122399,0.130619
0.1225,0.117843,9.02498e-05,0.000172998,0,0.122399,0.130611
0.1225,0.117815,9.44891e-05,0.000171209,0,0.122399,0.130605
0.1225,0.117796,9.84048e-05,0.000169334,0,0.122399,0.130601
0.1225,0.117783,0.00010201,0.000167376,0,0.122399,0.130598
0.1225,0.117779,0.000105317,0.000165343,0,0.122399,0.130598
0.1225,0.117782,0.00010834,0.000163243,0,0.122399,0.130599
0.1225,0.11779,0.000111087,0.000161084,0,0.122399,0.130601
0.1225,0.117803,0.000113571,0.000158869,0,0.122399,0.130604
0.1225,0.117818,0.000115801,0.000156604,0,0.122399,0.130608
0.1225,0.117835,0.000117786,0.000154293,0,0.122399,0.130611
0.1225,0.117851,0.000119537,0.000151942,0,0.122399,0.130615
0.1225,0.117866,0.000121062,0.000149555,0,0.122399,0.130619
0.1225,0.117879,0.000122372,0.000147137,0,0.122399,0.130621
0.1225,0.117889,0.000123476,0.000144693,0,0.122399,0.130624
0.1225,0.117896,0.000124382,0.000142227,0,0.122399,0.130625
0.1225,0.1179,0.0001251,0.000139742,0,0.122399,0.130626
0.1225,0.117899,0.000125638,0.000137242,0,0.122399,0.130625
0.1225,0.117895,0.000126007,0.00013473,0,0.122399,0.130624
0.1225,0.117888,0.000126216,0.000132211,0,0.122399,0.130623
0.1225,0.117881,0.000126273,0.000129687,0,0.122399,0.130621
0.1225,0.117873,0.000126189,0.000127162,0,0.122399,0.130619
0.1225,0.117867,0.000125972,0.000124638,0,0.122399,0.130618
0.1225,0.117861,0.000125629,0.000122118,0,0.122399,0.130616
0.1225,0.117856,0.000125168,0.000119604,0,0.122399,0.130615
0.1225,0.117853,0.000124596,0.0001171,0,0.122399,0.130615
0.1225,0.117851,0.00012392,0.000114607,0,0.122399,0.130614
0.1225,0.117851,0.000123146,0.000112127,0,0.122399,0.130614
0.1225,0.117852,0.00012228,0.000109662,0,0.122399,0.130615
0.1225,0.117854,0.000121327,0.000107215,0,0.122399,0.130615
0.1225,0.117851,0.000120288,0.000104786,0,0.122399,0.130614
0.1225,0.117843,0.000119167,0.000102377,0,0.122399,0.130612
0.1225,0.117831,0.000117972,9.99901e-05,0,0.122399,0.130609
0.1225,0.11782,0.000116712,9.76277e-05,0,0.122399,0.130607
0.1225,0.117812,0.000115394,9.52903e-05,0,0.122399,0.130605
0.1225,0.117807,0.000114023,9.29791e-05,0,0.122399,0.130604
0.1225,0.117806,0.000112605,9.06945e-05,0,0.122399,0.130604
0.1225,0.117807,0.000111143,8.84389e-05,0,0.122399,0.130604
0.1225,0.11781,0.000109638,8.62124e-05,0,0.122399,0.130605
0.1225,0.117814,0.000108096,8.40159e-05,0,0.122399,0.130606
0.1225,0.11782,0.00010652,8.18508e-05,0,0.122399,0.130607
0.1225,0.117828,0.000104916,7.97165e-05,0,0.122399,0.130609
0.1225,0.117838,0.000103285,7.76142e-05,0,0.122399,0.130612
0.1225,0.117848,0.000101629,7.55452e-05,0,0.122399,0.130614
0.1225,0.117857,9.99498e-05,7.35093e-05,0,0.122399,0.130616
0.1225,0.117867,9.82524e-05,7.15061e-05,0,0.122399,0.130618
0.1225,0.117878,9.65405e-05,6.95352e-05,0,0.122399,0.130621
0.1225,0.11789,9.48165e-05,6.75984e-05,0,0.122399,0.130624
0.1225,0.117903,9.3082e-05,6.56977e-05,0,0.122399,0.130627
0.1225,0.117914,9.13388e-05,6.38326e-05,0,0.122399,0.13063
0.1225,0.117925,8.95883e-05,6.20015e-05,0,0.122399,0.130632
0.1225,0.117933,8.78317e-05,6.02036e-05,0,0.122399,0.130634
0.1225,0.117939,8.60709e-05,5.84408e-05,0,0.122399,0.130635
0.1225,0.117942,8.43077e-05,5.67141e-05,0,0.122399,0.130635
0.1225,0.117943,8.2545e-05,5.50244e-05,0,0.122399,0.130635
0.1225,0.117942,8.07844e-05,5.33691e-05,0,0.122399,0.130635
0.1225,0.117939,7.90282e-05,5.1749e-05,0,0.122399,0.130635
