-0.215,0,-0.205,0
-0.215,0,-0.205,0
-0.215,0,-0.205,0
-0.215,0,-0.205,0
-0.215,0,-0.205,0
-0.215,0,-0.205,0
-0.215,0,-0.205,0
-0.215,0,-0.205,0
-0.215,0,-0.205,0
-0.215,0,-0.205,0
-0.215,0,-0.205,0
-0.215,0,-0.205,0
-0.215,0,-0.205,0
-0.215,0,-0.205,0
-0.215,0,-0.205,0
-0.215,0,-0.205,0
-0.215,0,-0.205,0
-0.215,0,-0.205,0
-0.215,0,-0.205,0
-0.215,0,-0.205,0
-0.215,0,-0.205,0
-0.215,0,-0.205,0
-0.215,0,-0.205,0
-0.215,0,-0.205,0
-0.215,0,-0.205,0
-0.215,0,-0.205,0
-0.215,0,-0.205,0
-0.215,0,-0.205,0
-0.215,0,-0.205,0
-0.215,0,-0.205,0
-0.215,0,-0.205,0
-0.215,0,-0.205,0
-0.215,0,-0.205,0
-0.215,0,-0.205,0
-0.215,0,-0.205,0
-0.215,0,-0.205,0
-0.215,0,-0.205,0
-0.215,0,-0.205,0
-0.215,0,-0.205,0
-0.215,0,-0.205,0
-0.215,0,-0.205,0
-0.215,0,-0.205,0
-0.215,0,-0.205,0
-0.215,0,-0.205,0
-0.215,0,-0.205,0
-0.215,0,-0.205,0
-0.215,0,-0.205,0
-0.215,0,-0.205,0
-0.215,0,-0.205,0
-0.215,0,-0.205,0
-0.215,0,-0.205,0
-0.215,0,-0.205,0
-0.215,0,-0.205,0
-0.215,0,-0.205,0
-0.215,0,-0.205,0
-0.215,0,-0.205,0
-0.215,0,-0.205,0
-0.215,0,-0.205,0
-0.215,0,-0.205,0
-0.215,0,-0.205,0
-0.215,0,-0.205,0
-0.215,0,-0.205,0
-0.215,0,-0.205,0
-0.215,0,-0.205,0
-0.215,0,-0.205,0
-0.215,0,-0.205,0
-0.215,0,-0.205,0
-0.215,0,-0.205,0
-0.215,0,-0.205,0
-0.215,0,-0.205,0
-0.215,0,-0.205,0
-0.215,0,-0.205,0
-0.215,0,-0.205,0
-0.215,0,-0.205,0
-0.215,0,-0.205,0
-0.215,0,-0.205,0
-0.215,0,-0.205,0
-0.215,0,-0.205,0
-0.215,0,-0.205,0
-0.215,0,-0.205,0
-0.215,0,-0.205,0
-0.215,0,-0.205,0
-0.215,0,-0.205,0
-0.215,0,-0.205,0
-0.215,0,-0.205,0
-0.215,0,-0.205,0
-0.215,0,-0.205,0
-0.215,0,-0.205,0
-0.215,0,-0.205,0
-0.215,0,-0.205,0
-0.215,0,-0.205,0
-0.215,0,-0.205,0
-0.215,0,-0.205,0
-0.215,0,-0.205,0
-0.215,0,-0.205,0
-0.215,0,-0.205,0
-0.215,0,-0.205,0
-0.215,0,-0.205,0
-0.215,0,-0.205,0
-0.215,0,-0.205,0
-0.215,0,-0.205,0
-0.215,0,-0.205,0
-0.215,0,-0.205,0
-0.215,0,-0.205,0
-0.215,0,-0.205,0
-0.215,0,-0.205,0
-0.215,0,-0.205,0
-0.215,0,-0.20502,0
-0.215,0,-0.205093,-0
-0.215,0,-0.205237,-0
-0.215,0,-0.205435,-0
-0.215,0,-0.205686,-0
-0.215,0,-0.205977,-0
-0.215,0,-0.206274,-0
-0.215,0,-0.206619,-0
-0.215,0,-0.207015,-0
-0.215,0,-0.207438,-0
-0.215,0,-0.207932,-0
-0.215,0,-0.208377,-0
-0.215,0,-0.208859,-0
-0.215,0,-0.209352,-0
-0.215,0,-0.209838,-0
-0.215,0,-0.210387,-0
-0.215,0,-0.210883,-0
-0.215,0,-0.211323,-0
-0.215,0,-0.211789,-0
-0.215,0,-0.21225,-0
-0.215,0,-0.212691,-0
-0.215,0,-0.213127,-0
-0.215,0,-0.213548,-0
-0.215,0,-0.213895,-0
-0.215,0,-0.214167,-0
-0.215,0,-0.214461,-0
-0.215,0,-0.214664,-0
-0.215,0,-0.214829,-0
-0.215,0,-0.214951,-0
-0.215,0,-0.214993,-0
-0.215,0,-0.215,-0
-0.215,0,-0.215,0
-0.215,0,-0.215,0
-0.215,0,-0.215,0
-0.215,0,-0.215,0
-0.215,0,-0.215,0
-0.215,0,-0.215,0
0.235,0.210941,0,0
0.235,0.210941,0,0
0.235,0.210941,0,0
0.235,0.210941,0,0
0.235,0.210941,0,0
0.235,0.210941,0,0
0.235,0.210941,0,0
0.235,0.210941,0,0
0.185,0.210853,0,0
0.21432,0.210976,0,-0.0239024
0.183436,0.21032,0,-0.0107785
0.183756,0.209816,0,-0.0094025
0.182878,0.209092,0,-0.00882093
0.185749,0.208562,0,-0.00825829
0.191646,0.208515,0,-0.00776993
0.196789,0.20869,0,-0.00718944
0.201161,0.209022,0,-0.0066291
0.205599,0.209662,0,-0.006126
0.217742,0.212897,0,-0.00667357
0.221303,0.214411,0,-0.00646526
0.224864,0.216268,0,-0.00601432
0.227749,0.218112,0,-0.00548191
0.23056,0.220309,0,-0.00483816
0.232708,0.222451,0,-0.00414549
0.234543,0.224685,0,-0.00351461
0.235817,0.226712,0,-0.00261363
0.236775,0.228525,0,-0.00208302
0.237219,0.230013,0,-0.00177106
0.237513,0.231343,0,-0.00147512
0.237563,0.232494,0,-0.00146857
0.237305,0.233382,0,-0.00187539
0.236753,0.23382,0,-0.00285894
0.235828,0.233807,0,-0.00459868
0.234259,0.233987,0,-0.00766644
0.232101,0.234516,0,-0.0119379
0.229497,0.234925,0,-0.0169591
0.226846,0.235176,0,-0.0218544
0.224219,0.235282,0,-0.0272292
0.236523,0.235286,0,0
0.236523,0.235286,0,0
0.236523,0.235286,0,0
0.236523,0.235286,0,0
0.236523,0.235286,0,0
0.236523,0.235286,0,0
0.236523,0.235286,0,0
-0.245,0,-0.229923,0
-0.245,0,-0.229923,0
-0.245,0,-0.229923,0
-0.245,0,-0.229923,0
-0.245,0,-0.229923,0
-0.245,0,-0.229923,0
-0.245,0,-0.229923,0
-0.245,0,-0.229923,0
-0.195,0,-0.22978,0
-0.209179,0,-0.229695,0.0153107
-0.183731,0,-0.22869,0.0112692
-0.185,0,-0.227866,0.0100004
-0.186084,0,-0.226823,0.0089155
-0.192133,0,-0.226134,0.0089155
-0.208527,0,-0.227061,0.00927593
-0.21451,0,-0.227282,0.00861631
-0.219598,0,-0.227736,0.00799784
-0.224071,0,-0.228429,0.00745584
-0.226644,0,-0.228953,0.0063291
-0.231079,0,-0.230321,0.0063291
-0.233986,0,-0.231496,0.00579748
-0.236868,0,-0.232963,0.00523568
-0.239248,0,-0.234469,0.00477426
-0.24106,0,-0.235923,0.00417706
-0.242521,0,-0.237337,0.00374005
-0.243644,0,-0.238669,0.00341958
-0.244427,0,-0.239859,0.00322723
-0.244957,0,-0.240981,0.00322337
-0.245076,0,-0.241681,0.00324793
-0.244975,0,-0.242237,0.00400175
-0.244501,0,-0.242412,0.00500974
-0.243626,0,-0.242144,0.00663124
-0.242214,0,-0.241275,0.00904519
-0.240136,0,-0.240647,0.0124531
-0.23783,0,-0.240885,0.0162774
-0.23429,0,-0.241074,0.0215346
-0.230476,0,-0.241181,0.0271007
-0.22725,0,-0.241216,0.0317825
-0.22725,0,-0.241216,0
-0.22725,0,-0.241216,0
-0.22725,0,-0.241216,0
-0.22725,0,-0.241216,0
-0.22725,0,-0.241216,0
-0.22725,0,-0.241216,0
-0.22725,0,-0.241216,0
0.245,0.237307,0,0
0.245,0.237307,0,0
0.245,0.237307,0,0
0.245,0.237307,0,0
0.245,0.237307,0,0
0.245,0.237307,0,0
0.245,0.237307,0,0
0.195,0.237298,0,0
0.195,0.237058,0,0
0.220186,0.237061,0,-0.0168958
0.182746,0.23574,0,-0.012254
0.183972,0.234582,0,-0.0110283
0.192247,0.233845,0,-0.0105295
0.199834,0.233398,0,-0.00986995
0.206832,0.233111,0,-0.00921935
0.212593,0.232977,0,-0.00854944
0.217337,0.233014,0,-0.00796944
0.221621,0.23324,0,-0.00748713
0.225868,0.233748,0,-0.00702937
0.228497,0.234225,0,-0.00656061
0.232322,0.235292,0,-0.00612533
0.236199,0.236807,0,-0.00536288
0.238691,0.237999,0,-0.0045374
0.240828,0.239248,0,-0.00377661
0.242281,0.240276,0,-0.00308797
0.243476,0.24129,0,-0.0025018
0.244282,0.24214,0,-0.00207056
0.244762,0.242812,0,-0.00185697
0.24493,0.243291,0,-0.00191299
0.244764,0.243464,0,-0.00234497
0.244257,0.243305,0,-0.0032734
0.243349,0.242729,0,-0.00487054
0.241888,0.241676,0,-0.0073532
0.239751,0.241791,0,-0.0109129
0.237349,0.241885,0,-0.0151044
0.233783,0.241959,0,-0.0200372
0.229822,0.242,0,-0.0256449
0.226331,0.242014,0,-0.0303852
0.226331,0.242014,0,0
0.226331,0.242014,0,0
0.226331,0.242014,0,0
0.226331,0.242014,0,0
0.226331,0.242014,0,0
0.226331,0.242014,0,0
0.226331,0.242014,0,0
-0.245,0,-0.24101,0
-0.245,0,-0.24101,0
-0.245,0,-0.24101,0
-0.245,0,-0.24101,0
-0.245,0,-0.24101,0
-0.245,0,-0.24101,0
-0.245,0,-0.24101,0
-0.195,0,-0.241004,0
-0.195,0,-0.240679,0
-0.212401,0,-0.240542,0.0154544
-0.183181,0,-0.239238,0.0118189
-0.18437,0,-0.238116,0.01063
-0.191919,0,-0.237272,0.0100656
-0.200743,0,-0.2367,0.00933574
-0.208942,0,-0.236336,0.00860765
-0.212104,0,-0.235848,0.00725141
-0.218294,0,-0.236032,0.00725141
-0.223147,0,-0.23618,0.00669378
-0.226188,0,-0.236398,0.00616054
-0.22917,0,-0.236811,0.0056704
-0.23249,0,-0.237543,0.00525351
-0.23486,0,-0.238211,0.00483122
-0.236898,0,-0.238944,0.00447638
-0.238826,0,-0.239798,0.00429466
-0.240169,0,-0.240504,0.00398145
-0.241421,0,-0.241277,0.00399175
-0.242254,0,-0.24188,0.0038048
-0.242736,0,-0.24229,0.00392988
-0.24296,0,-0.242543,0.00428868
-0.242859,0,-0.242538,0.00497751
-0.24239,0,-0.242204,0.00613356
-0.241559,0,-0.241504,0.00757994
-0.239994,0,-0.24034,0.0166629
-0.243115,0,-0.240322,0.0166629
-0.239871,0,-0.240308,0.0212471
-0.235929,0,-0.240299,0.0264688
-0.232,0,-0.240293,0.0312808
-0.249007,0,-0.240292,0
-0.249007,0,-0.240292,0
-0.249007,0,-0.240292,0
-0.249007,0,-0.240292,0
-0.249007,0,-0.240292,0
-0.249007,0,-0.240292,0
-0.249007,0,-0.240292,0
-0.249007,0,-0.240292,0
0.245,0.239366,0,0
0.245,0.239366,0,0
0.245,0.239366,0,0
0.245,0.239366,0,0
0.245,0.239366,0,0
0.245,0.239366,0,0
0.245,0.239366,0,0
0.195,0.23934,0,0
0.199884,0.2391,0,-0.0149003
0.182732,0.238406,0,-0.0122677
0.183503,0.237489,0,-0.0114973
0.183872,0.236377,0,-0.011128
0.191091,0.235315,0,-0.0106309
0.198329,0.23479,0,-0.00990793
0.205616,0.234401,0,-0.00921699
0.211216,0.234131,0,-0.00853305
0.216191,0.234018,0,-0.00788958
0.219846,0.234103,0,-0.0074963
0.224019,0.234425,0,-0.00707598
0.227077,0.234857,0,-0.00664848
0.229781,0.235442,0,-0.00623393
0.232729,0.23632,0,-0.00583121
0.241811,0.240622,0,-0.00670383
0.243867,0.241904,0,-0.00650385
0.245579,0.243208,0,-0.0060552
0.246666,0.244233,0,-0.00535043
0.247615,0.245242,0,-0.00535043
0.248186,0.246045,0,-0.00544324
0.248374,0.246561,0,-0.00560582
0.248203,0.246785,0,-0.00611993
0.24763,0.246614,0,-0.00717242
0.246565,0.245915,0,-0.00899911
0.244873,0.245182,0,-0.0118262
0.240644,0.245325,0,-0.0190136
0.236668,0.24543,0,-0.0251457
0.231622,0.245509,0,-0.0322938
0.22722,0.245546,0,-0.0375752
0.248222,0.24555,0,0
0.248222,0.24555,0,0
0.248222,0.24555,0,0
0.248222,0.24555,0,0
0.248222,0.24555,0,0
0.248222,0.24555,0,0
0.248222,0.24555,0,0
-0.245,0,-0.247157,0
-0.245,0,-0.247157,0
-0.245,0,-0.247157,0
-0.245,0,-0.247157,0
-0.245,0,-0.247157,0
-0.245,0,-0.247157,0
-0.245,0,-0.247157,0
-0.245,0,-0.247157,0
-0.213647,0,-0.247122,0
-0.197781,0,-0.246788,-0.00278057
-0.201288,0,-0.246208,-0.00169807
-0.213041,0,-0.245838,-0.00172505
-0.221914,0,-0.245597,-0.00228613
-0.228208,0,-0.245489,-0.00302367
-0.232714,0,-0.245423,-0.00383771
-0.241534,0,-0.246273,-0.00446815
-0.244524,0,-0.246642,-0.00446815
-0.245622,0,-0.24679,-0.00480163
-0.246357,0,-0.246931,-0.00497151
-0.247008,0,-0.247108,-0.00503926
-0.247703,0,-0.247366,-0.00506012
-0.248477,0,-0.247723,-0.00508947
-0.249421,0,-0.248241,-0.00519635
-0.250579,0,-0.248988,-0.00545648
-0.25159,0,-0.249744,-0.00593095
-0.252538,0,-0.250555,-0.00665188
-0.253435,0,-0.251421,-0.00758471
-0.254315,0,-0.252339,-0.00876959
-0.25507,0,-0.253198,-0.0121958
-0.255866,0,-0.254157,-0.0121958
-0.256642,0,-0.255152,-0.0145457
-0.257414,0,-0.256155,-0.0173424
-0.258243,0,-0.257263,-0.0205527
-0.258927,0,-0.257627,-0.0240557
-0.256702,0,-0.257876,-0.0216556
-0.256184,0,-0.258076,-0.0227133
-0.255291,0,-0.258215,-0.0241526
-0.254498,0,-0.258287,-0.026471
-0.249314,0,-0.258297,0
-0.249314,0,-0.258297,0
-0.249314,0,-0.258297,0
-0.249314,0,-0.258297,0
-0.249314,0,-0.258297,0
-0.249314,0,-0.258297,0
-0.249314,0,-0.258297,0
-0.249314,0,-0.258297,0
0.245,0.2699,0,0
0.245,0.2699,0,0
0.245,0.2699,0,0
0.245,0.2699,0,0
0.245,0.2699,0,0
0.245,0.2699,0,0
0.245,0.2699,0,0
0.195,0.269811,0,0
0.189212,0.269298,0,-0.0111414
0.185147,0.268148,0,-0.00985305
0.185623,0.266902,0,-0.00937683
0.185471,0.264798,0,-0.0095291
0.187288,0.26253,0,-0.00942065
0.193582,0.260916,0,-0.00930205
0.200269,0.258924,0,-0.00927741
0.204799,0.257181,0,-0.00927313
0.208649,0.255482,0,-0.00930804
0.212793,0.253649,0,-0.00954921
0.216145,0.252074,0,-0.00972308
0.226829,0.253602,0,-0.0114125
0.230075,0.252826,0,-0.011848
0.233176,0.25223,0,-0.0120612
0.236241,0.251888,0,-0.0120494
0.239027,0.251757,0,-0.0117357
0.241122,0.251818,0,-0.0113004
0.243131,0.251791,0,-0.0106305
0.24446,0.251564,0,-0.0098691
0.245389,0.251204,0,-0.00928014
0.245881,0.250541,0,-0.00894014
0.245911,0.249581,0,-0.00905028
0.24551,0.248402,0,-0.00977515
0.244522,0.246683,0,-0.0113142
0.242847,0.245129,0,-0.0138998
0.236717,0.244541,0,-0.0252904
0.235391,0.244119,0,-0.0252904
0.230961,0.243848,0,-0.0311091
0.226671,0.24372,0,-0.0360218
0.247341,0.243717,0,0
0.247341,0.243717,0,0
0.247341,0.243717,0,0
0.247341,0.243717,0,0
0.247341,0.243717,0,0
0.247341,0.243717,0,0
0.247341,0.243717,0,0
-0.245,0,-0.248567,0
-0.245,0,-0.248567,0
-0.245,0,-0.248567,0
-0.245,0,-0.248567,0
-0.245,0,-0.248567,0
-0.245,0,-0.248567,0
-0.245,0,-0.248567,0
-0.245,0,-0.248567,0
-0.195,0,-0.24844,0
-0.19334,0,-0.247898,0.00268564
-0.196369,0,-0.247185,0.00268564
-0.207071,0,-0.246686,0.00258381
-0.215562,0,-0.246347,0.00199583
-0.224013,0,-0.246214,0.00125663
-0.230153,0,-0.246174,0.000380373
-0.234533,0,-0.246194,-0.00109154
-0.237163,0,-0.246204,-0.00109154
-0.239172,0,-0.246187,-0.00164854
-0.240312,0,-0.246114,-0.00197232
-0.241244,0,-0.246063,-0.00203482
-0.241938,0,-0.245986,-0.00197386
-0.242629,0,-0.245954,-0.00168192
-0.243163,0,-0.245919,-0.00138629
-0.243686,0,-0.245938,-0.000913853
-0.244168,0,-0.245979,-0.000315953
-0.2445,0,-0.245961,0.000392411
-0.244633,0,-0.24587,0.00112402
-0.245051,0,-0.245986,0.00371501
-0.244462,0,-0.245388,0.00371501
-0.243978,0,-0.244823,0.00548294
-0.243102,0,-0.243878,0.00777054
-0.241945,0,-0.242659,0.0107393
-0.240218,0,-0.240854,0.0145622
-0.23779,0,-0.239804,0.019405
-0.23577,0,-0.239611,0.0230382
-0.232158,0,-0.239474,0.0289845
-0.228047,0,-0.239381,0.0349885
-0.224424,0,-0.239346,0.0396354
-0.224424,0,-0.239346,0
-0.224424,0,-0.239346,0
-0.224424,0,-0.239346,0
-0.224424,0,-0.239346,0
-0.224424,0,-0.239346,0
-0.224424,0,-0.239346,0
-0.224424,0,-0.239346,0
0.245,0.238369,0,0
0.245,0.238369,0,0
0.245,0.238369,0,0
0.245,0.238369,0,0
0.245,0.238369,0,0
0.245,0.238369,0,0
0.245,0.238369,0,0
0.245,0.238369,0,0
0.195,0.238191,0,0
0.191987,0.237735,0,-0.0027203
0.19228,0.237046,0,-0.0027203
0.195491,0.236321,0,-0.00262919
0.212766,0.236407,0,-0.00310537
0.217267,0.236221,0,-0.00212794
0.225119,0.236575,0,-0.00212794
0.230099,0.236939,0,-0.00142661
0.233726,0.237386,0,-0.000739461
0.23696,0.238011,0,-0.000115015
0.240028,0.238867,0,0.000507653
0.242968,0.23997,0,0.00121943
0.246154,0.241494,0,0.00328918
0.248872,0.24312,0,0.00328918
0.251014,0.244675,0,0.00490535
0.253639,0.246807,0,0.0066469
0.25561,0.248685,0,0.00888786
0.25767,0.250783,0,0.0116161
0.259642,0.253029,0,0.0151431
0.261821,0.255593,0,0.0194059
0.263742,0.258006,0,0.0247585
0.265694,0.260558,0,0.0312697
0.268615,0.264289,0,0.0391112
0.27124,0.267601,0,0.0480728
0.276449,0.273318,0,0.0576667
0.278202,0.273348,0,0.0690141
0.277863,0.274282,0,0.0690175
0.276997,0.274849,0,0.0699978
0.275528,0.275301,0,0.0699971
0.273058,0.275553,0,0
0.247792,0.275595,0,0
0.247792,0.275595,0,0
0.247792,0.275595,0,0
0.247792,0.275595,0,0
0.247792,0.275595,0,0
0.247792,0.275595,0,0
0.247792,0.275595,0,0
0.247792,0.275595,0,0
-0.245,0,-0.285096,0
-0.245,0,-0.285096,0
-0.245,0,-0.285096,0
-0.245,0,-0.285096,0
-0.245,0,-0.285096,0
-0.245,0,-0.285096,0
-0.245,0,-0.285096,0
-0.195,0,-0.285028,0
-0.185192,0,-0.284456,0.0098083
-0.186552,0,-0.283416,0.00844815
-0.186106,0,-0.281738,0.00889386
-0.185877,0,-0.279558,0.00912263
-0.185709,0,-0.276904,0.00929077
-0.193255,0,-0.274393,0.00936916
-0.19874,0,-0.272235,0.00938987
-0.203902,0,-0.269925,0.00953701
-0.209581,0,-0.267371,0.009827
-0.212747,0,-0.264916,0.009827
-0.216567,0,-0.262693,0.01003
-0.219897,0,-0.261004,0.0102932
-0.230704,0,-0.262114,0.0119432
-0.233925,0,-0.26086,0.012041
-0.236867,0,-0.259833,0.0113445
-0.239747,0,-0.259009,0.0113445
-0.242307,0,-0.25842,0.0107252
-0.24428,0,-0.25763,0.00967525
-0.245677,0,-0.256775,0.00898694
-0.246532,0,-0.255749,0.00830429
-0.246987,0,-0.254403,0.00790749
-0.246964,0,-0.252994,0.00798472
-0.246448,0,-0.251063,0.00907456
-0.245468,0,-0.24893,0.00999543
-0.243833,0,-0.246918,0.0126475
-0.239812,0,-0.246018,0.0196898
-0.235544,0,-0.245263,0.0262532
-0.231146,0,-0.244819,0.0319377
-0.22722,0,-0.244601,0.0362755
-0.247833,0,-0.244584,0
-0.247833,0,-0.244584,0
-0.247833,0,-0.244584,0
-0.247833,0,-0.244584,0
-0.247833,0,-0.244584,0
-0.247833,0,-0.244584,0
-0.247833,0,-0.244584,0
0.245,0.242376,0,0
0.245,0.242376,0,0
0.245,0.242376,0,0
0.245,0.242376,0,0
0.245,0.242376,0,0
0.245,0.242376,0,0
0.245,0.242376,0,0
0.245,0.242376,0,0
0.195,0.242218,0,0
0.216184,0.242066,0,-0.0171637
0.184103,0.240953,0,-0.0108972
0.184103,0.239995,0,-0.0108972
0.184783,0.238407,0,-0.0102171
0.191742,0.237618,0,-0.00924797
0.208894,0.238132,0,-0.00936882
0.215478,0.237959,0,-0.00845288
0.220505,0.237932,0,-0.00761834
0.225066,0.238104,0,-0.00696829
0.228777,0.238385,0,-0.00620732
0.231812,0.238797,0,-0.00550796
0.234723,0.239434,0,-0.00509928
0.237417,0.240206,0,-0.0047372
0.239331,0.240892,0,-0.00431106
0.240913,0.241595,0,-0.00410326
0.24228,0.24232,0,-0.00399835
0.243406,0.243028,0,-0.00404293
0.244237,0.243642,0,-0.00420551
0.244779,0.244122,0,-0.00452724
0.24503,0.24443,0,-0.00506278
0.24498,0.244491,0,-0.0058933
0.244559,0.244243,0,-0.00712421
0.243759,0.243606,0,-0.00890203
0.242462,0.242456,0,-0.0114168
0.240553,0.2416,0,-0.0148208
0.237956,0.241581,0,-0.0187845
0.234425,0.241569,0,-0.0239378
0.230197,0.24156,0,-0.0293229
0.226292,0.241557,0,-0.033744
0.245799,0.241557,0,0
0.245799,0.241557,0,0
0.245799,0.241557,0,0
0.245799,0.241557,0,0
0.245799,0.241557,0,0
0.245799,0.241557,0,0
0.245799,0.241557,0,0
-0.245,0,-0.245978,0
-0.245,0,-0.245978,0
-0.245,0,-0.245978,0
-0.245,0,-0.245978,0
-0.245,0,-0.245978,0
-0.245,0,-0.245978,0
-0.245,0,-0.245978,0
-0.245,0,-0.245978,0
-0.295,0,-0.246403,0
-0.319081,0,-0.246959,-0.0367343
-0.305844,0,-0.24774,-0.0250272
-0.303596,0,-0.248958,-0.0239062
-0.298028,0,-0.25001,-0.0220485
-0.298905,0,-0.252038,-0.0215645
-0.300858,0,-0.254025,-0.0223188
-0.303873,0,-0.257107,-0.0245367
-0.304892,0,-0.25952,-0.0282742
-0.305843,0,-0.262258,-0.0332051
-0.30655,0,-0.265416,-0.039975
-0.304313,0,-0.267194,-0.0490273
-0.29868,0,-0.267349,-0.05676
-0.294957,0,-0.267982,-0.0667589
-0.293252,0,-0.269381,-0.0699504
-0.290787,0,-0.270037,-0.0699232
-0.297507,0,-0.276026,-0.0698767
-0.35093,0,-0.313839,-0.0698203
-0.353488,0,-0.318699,-0.0697469
-0.354438,0,-0.324337,-0.0696429
-0.342838,0,-0.319243,-0.0694581
-0.336234,0,-0.317829,-0.0689679
-0.334727,0,-0.320331,-0.0664716
-0.333489,0,-0.323929,-0.0614373
-0.327729,0,-0.32108,-0.0540426
-0.32331,0,-0.319802,-0.0540426
-0.316815,0,-0.320328,-0.0541175
-0.308224,0,-0.321257,-0.0546685
-0.290555,0,-0.322068,-0.0556912
-0.287048,0,-0.322336,-0.0556912
-0.273573,0,-0.322338,0
-0.273573,0,-0.322338,0
-0.273573,0,-0.322338,0
-0.273573,0,-0.322338,0
-0.273573,0,-0.322338,0
-0.273573,0,-0.322338,0
-0.273573,0,-0.322338,0
0.245,0.3311,0,0
0.245,0.3311,0,0
0.245,0.3311,0,0
0.245,0.3311,0,0
0.245,0.3311,0,0
0.245,0.3311,0,0
0.245,0.3311,0,0
0.245,0.3311,0,0
0.245,0.330871,0,0
0.189599,0.328883,0,-0.00540148
0.180059,0.327548,0,-0.0156391
0.186133,0.324257,0,-0.00886734
0.184038,0.321474,0,-0.0109625
0.185532,0.317464,0,-0.0094683
0.184734,0.312751,0,-0.0102661
0.183988,0.307509,0,-0.0110116
0.183341,0.301108,0,-0.0116588
0.188784,0.296158,0,-0.0123719
0.19587,0.292285,0,-0.0127858
0.211904,0.290193,0,-0.0150572
0.218151,0.2869,0,-0.0157273
0.221242,0.282885,0,-0.0157273
0.224748,0.279253,0,-0.0162582
0.227526,0.275167,0,-0.0169672
0.229592,0.271224,0,-0.0180297
0.231163,0.26663,0,-0.0195153
0.232149,0.262296,0,-0.021543
0.232603,0.258397,0,-0.0239076
0.232604,0.253795,0,-0.0271678
0.231967,0.248698,0,-0.0307187
0.230909,0.24375,0,-0.0346843
0.233117,0.24129,0,-0.0448831
0.230459,0.236926,0,-0.0501654
0.227585,0.23499,0,-0.0547195
0.223806,0.233009,0,-0.0590902
0.21998,0.232122,0,-0.062701
0.218864,0.231555,0,-0.0606657
0.251803,0.231518,0,0
0.251803,0.231518,0,0
0.251803,0.231518,0,0
0.251803,0.231518,0,0
0.251803,0.231518,0,0
0.251803,0.231518,0,0
0.251803,0.231518,0,0
-0.245,0,-0.233482,0
-0.245,0,-0.233482,0
-0.245,0,-0.233482,0
-0.245,0,-0.233482,0
-0.245,0,-0.233482,0
-0.245,0,-0.233482,0
-0.245,0,-0.233482,0
-0.245,0,-0.233482,0
-0.245,0,-0.233505,0
-0.17194,0,-0.232478,0.0230598
-0.166185,0,-0.231741,0.0360319
-0.165979,0,-0.230536,0.0290207
-0.164432,0,-0.228932,0.0305679
-0.16546,0,-0.227041,0.02954
-0.164517,0,-0.22504,0.0304826
-0.163391,0,-0.222467,0.0316086
-0.161911,0,-0.219283,0.0330887
-0.164472,0,-0.216835,0.0350655
-0.183598,0,-0.218735,0.0440768
-0.189242,0,-0.218468,0.0440768
-0.193965,0,-0.217811,0.04788
-0.197789,0,-0.217433,0.0519014
-0.200773,0,-0.217169,0.0558289
-0.202667,0,-0.216274,0.0593118
-0.21148,0,-0.219913,0.0644274
-0.212674,0,-0.219608,0.0655699
-0.213981,0,-0.219538,0.0660277
-0.215358,0,-0.219665,0.0660218
-0.21679,0,-0.220007,0.0660188
-0.218236,0,-0.220574,0.0660187
-0.219179,0,-0.220827,0.0660213
-0.220114,0,-0.221219,0.0660265
-0.221023,0,-0.222027,0.0660341
-0.220889,0,-0.221751,0.0660208
-0.220413,0,-0.221545,0.0660383
-0.219395,0,-0.221413,0.0660532
-0.218073,0,-0.221362,0.0660699
-0.241782,0,-0.221362,0
-0.241782,0,-0.221362,0
-0.241782,0,-0.221362,0
-0.241782,0,-0.221362,0
-0.241782,0,-0.221362,0
-0.241782,0,-0.221362,0
-0.241782,0,-0.221362,0
0.245,0.231424,0,0
0.245,0.231424,0,0
0.245,0.231424,0,0
0.245,0.231424,0,0
0.245,0.231424,0,0
0.245,0.231424,0,0
0.245,0.231424,0,0
0.245,0.231424,0,0
0.295,0.231804,0,0
0.321979,0.23296,0,0.0269794
0.314366,0.234434,0,0.0189111
0.314623,0.236437,0,0.01689
0.314641,0.238895,0,0.01689
0.316114,0.241223,0,0.0177567
0.318159,0.246125,0,0.0201677
0.320098,0.249721,0,0.0250977
0.328378,0.254768,0,0.0333779
0.328166,0.258947,0,0.0423763
0.32291,0.260922,0,0.0536488
0.316256,0.261716,0,0.0663465
0.309901,0.26315,0,0.0672761
0.335569,0.279341,0,0.0672379
0.363486,0.296471,0,0.0671395
0.369201,0.307305,0,0.0669723
0.370836,0.314174,0,0.066606
0.365165,0.317929,0,0.0652277
0.366137,0.329947,0,0.0597792
0.359875,0.328257,0,0.0540483
0.355754,0.330957,0,0.0540426
0.351641,0.333605,0,0.0540426
0.346991,0.334393,0,0.0540426
0.34205,0.333456,0,0.0540426
0.335409,0.33627,0,0.0540426
0.324701,0.338512,0,0.0540426
0.309001,0.340842,0,0.0540426
0.294605,0.341629,0,0.0540426
0.286627,0.341877,0,0.0546345
0.286627,0.341877,0,0
0.286627,0.341877,0,0
0.286627,0.341877,0,0
0.286627,0.341877,0,0
0.286627,0.341877,0,0
0.286627,0.341877,0,0
0.286627,0.341877,0,0
-0.245,0,-0.347135,0
-0.245,0,-0.347135,0
-0.245,0,-0.347135,0
-0.245,0,-0.347135,0
-0.245,0,-0.347135,0
-0.245,0,-0.347135,0
-0.245,0,-0.347135,0
-0.245,0,-0.347135,0
-0.21059,0,-0.346725,0
-0.207664,0,-0.345364,-0.0132767
-0.203346,0,-0.343383,-0.0114562
-0.200881,0,-0.340616,-0.0113246
-0.199951,0,-0.337196,-0.0113246
-0.199936,0,-0.332906,-0.01117
-0.205264,0,-0.328493,-0.0111358
-0.22523,0,-0.326313,-0.0106447
-0.233674,0,-0.323422,-0.0112896
-0.239324,0,-0.319738,-0.0112896
-0.241851,0,-0.315681,-0.0117185
-0.243385,0,-0.311061,-0.0116646
-0.244169,0,-0.30686,-0.0113211
-0.244648,0,-0.301626,-0.0104402
-0.244931,0,-0.297051,-0.00940313
-0.24498,0,-0.291608,-0.00802478
-0.245079,0,-0.28662,-0.00642161
-0.245175,0,-0.281725,-0.0046086
-0.245288,0,-0.276979,-0.00262351
-0.24534,0,-0.272108,-0.000548775
-0.245305,0,-0.267622,0.00361433
-0.245202,0,-0.263436,0.00361433
-0.244895,0,-0.259316,0.00532177
-0.244417,0,-0.255199,0.00739155
-0.243669,0,-0.251031,0.00939232
-0.242837,0,-0.248614,0.0102071
-0.241504,0,-0.246452,0.0110993
-0.23998,0,-0.244975,0.0118216
-0.238688,0,-0.244013,0.0107729
-0.238248,0,-0.243704,0
-0.238248,0,-0.243704,0
-0.238248,0,-0.243704,0
-0.238248,0,-0.243704,0
-0.238248,0,-0.243704,0
-0.238248,0,-0.243704,0
-0.238248,0,-0.243704,0
-0.238248,0,-0.243704,0
0.245,0.252118,0,0
0.245,0.252118,0,0
0.245,0.252118,0,0
0.245,0.252118,0,0
0.245,0.252118,0,0
0.245,0.252118,0,0
0.245,0.252118,0,0
0.245,0.252117,0,0
0.245,0.252085,0,0
0.175874,0.250913,0,-0.019126
0.175874,0.249773,0,-0.019126
0.179314,0.248111,0,-0.0156862
0.179544,0.246392,0,-0.0154565
0.181319,0.244578,0,-0.0136806
0.181942,0.242219,0,-0.0130585
0.182265,0.239634,0,-0.0127353
0.182432,0.236764,0,-0.012568
0.18238,0.233783,0,-0.0128325
0.18814,0.232299,0,-0.0134968
0.192954,0.231251,0,-0.0145723
0.197538,0.230316,0,-0.0159902
0.202243,0.229338,0,-0.0179857
0.206273,0.228911,0,-0.0202588
0.209763,0.228683,0,-0.0227013
0.213154,0.228402,0,-0.0255965
0.215829,0.228178,0,-0.0284784
0.217878,0.227985,0,-0.0313499
0.219524,0.227577,0,-0.034108
0.22628,0.231177,0,-0.042301
0.22659,0.230253,0,-0.0449574
0.226574,0.229247,0,-0.0474183
0.22644,0.228344,0,-0.0493418
0.225957,0.227638,0,-0.0512121
0.227048,0.227152,0,-0.0496527
0.225585,0.226711,0,-0.0513303
0.225223,0.226512,0,-0.0499168
0.227311,0.226435,0,-0.0430168
0.227311,0.226435,0,0
0.227311,0.226435,0,0
0.227311,0.226435,0,0
0.227311,0.226435,0,0
0.227311,0.226435,0,0
0.227311,0.226435,0,0
0.227311,0.226435,0,0
-0.245,0,-0.221081,0
-0.245,0,-0.221081,0
-0.245,0,-0.221081,0
-0.245,0,-0.221081,0
-0.245,0,-0.221081,0
-0.245,0,-0.221081,0
-0.245,0,-0.221081,0
-0.195,0,-0.221074,0
-0.195,0,-0.22093,0
-0.222773,0,-0.221107,0.0172789
-0.214616,0,-0.220888,0.01628
-0.215324,0,-0.220776,0.0151275
-0.223609,0,-0.221286,0.014387
-0.229611,0,-0.222034,0.0119947
-0.234487,0,-0.223057,0.0119947
-0.238087,0,-0.224184,0.0107537
-0.247497,0,-0.226968,0.0101549
-0.25046,0,-0.229044,0.00890762
-0.25207,0,-0.230933,0.00766725
-0.252944,0,-0.23268,0.00659795
-0.253451,0,-0.234399,0.00573568
-0.253696,0,-0.23627,0.00510448
-0.253697,0,-0.237927,0.00470648
-0.253555,0,-0.23933,0.00443086
-0.253324,0,-0.240765,0.00457418
-0.252909,0,-0.241983,0.00487338
-0.252331,0,-0.243086,0.00546988
-0.251605,0,-0.243964,0.00640823
-0.250633,0,-0.244604,0.00794936
-0.249523,0,-0.244807,0.00960096
-0.247961,0,-0.244582,0.0120979
-0.246073,0,-0.243747,0.015479
-0.243369,0,-0.243098,0.0199287
-0.237513,0,-0.243643,0.0297691
-0.232285,0,-0.244062,0.037743
-0.226428,0,-0.244336,0.0458117
-0.221191,0,-0.244478,0.0519933
-0.248849,0,-0.244495,0
-0.248849,0,-0.244495,0
-0.248849,0,-0.244495,0
-0.248849,0,-0.244495,0
-0.248849,0,-0.244495,0
-0.248849,0,-0.244495,0
-0.248849,0,-0.244495,0
0.245,0.243216,0,0
0.245,0.243216,0,0
0.245,0.243216,0,0
0.245,0.243216,0,0
0.245,0.243216,0,0
0.245,0.243216,0,0
0.245,0.243216,0,0
0.245,0.243216,0,0
0.195,0.243116,0,0
0.185702,0.242691,0,-0.0092981
0.186736,0.241985,0,-0.00826378
0.186346,0.240952,0,-0.00865446
0.187633,0.239808,0,-0.0073665
0.188049,0.238063,0,-0.00695116
0.193382,0.236992,0,-0.00613871
0.201266,0.236388,0,-0.00551702
0.207475,0.235986,0,-0.00500844
0.212532,0.235717,0,-0.00456594
0.224787,0.237822,0,-0.00528069
0.228742,0.238273,0,-0.0049618
0.232209,0.238928,0,-0.0045879
0.235209,0.239762,0,-0.00426748
0.238069,0.240746,0,-0.00385427
0.240443,0.24175,0,-0.00339614
0.242609,0.242862,0,-0.00300863
0.244117,0.243782,0,-0.00268602
0.245374,0.244674,0,-0.00244102
0.246334,0.245478,0,-0.00248939
0.246712,0.245899,0,-0.00218164
0.246837,0.246154,0,-0.00250185
0.24659,0.246086,0,-0.00356199
0.245963,0.245649,0,-0.00470357
0.244813,0.24468,0,-0.00722495
0.242955,0.243864,0,-0.0104911
0.239117,0.24388,0,-0.0171226
0.235384,0.243891,0,-0.0225846
0.230877,0.243898,0,-0.0286567
0.226573,0.243901,0,-0.0338922
0.246569,0.243901,0,0
0.246569,0.243901,0,0
0.246569,0.243901,0,0
0.246569,0.243901,0,0
0.246569,0.243901,0,0
0.246569,0.243901,0,0
0.246569,0.243901,0,0
-0.245,0,-0.243798,0
-0.245,0,-0.243798,0
-0.245,0,-0.243798,0
-0.245,0,-0.243798,0
-0.245,0,-0.243798,0
-0.245,0,-0.243798,0
-0.245,0,-0.243798,0
-0.195,0,-0.243796,0
-0.195,0,-0.243557,0
-0.194751,0,-0.243117,0.0114621
-0.185777,0,-0.242229,0.00922327
-0.186815,0,-0.241146,0.00818496
-0.195826,0,-0.240396,0.00818496
-0.204811,0,-0.23989,0.00733763
-0.212108,0,-0.239561,0.00641129
-0.218181,0,-0.23942,0.00554259
-0.224044,0,-0.239485,0.00468536
-0.227088,0,-0.239557,0.00382
-0.230694,0,-0.239891,0.00324971
-0.233601,0,-0.240255,0.00267176
-0.235777,0,-0.240614,0.00225472
-0.237556,0,-0.241027,0.00200456
-0.239166,0,-0.241511,0.00188019
-0.240531,0,-0.242021,0.00187115
-0.24171,0,-0.242561,0.00197671
-0.242753,0,-0.243128,0.00228592
-0.243416,0,-0.243535,0.00242794
-0.243863,0,-0.243846,0.00284292
-0.24404,0,-0.243986,0.00348454
-0.243924,0,-0.243901,0.00443985
-0.243489,0,-0.243533,0.00609591
-0.242629,0,-0.242753,0.00811283
-0.241274,0,-0.241485,0.0105043
-0.239081,0,-0.241415,0.0141543
-0.236776,0,-0.241366,0.0178518
-0.233167,0,-0.24133,0.0231652
-0.228984,0,-0.241307,0.0287177
-0.224987,0,-0.241298,0.0339074
-0.224987,0,-0.241298,0
-0.224987,0,-0.241298,0
-0.224987,0,-0.241298,0
-0.224987,0,-0.241298,0
-0.224987,0,-0.241298,0
-0.224987,0,-0.241298,0
-0.224987,0,-0.241298,0
0.245,0.240587,0,0
0.245,0.240587,0,0
0.245,0.240587,0,0
0.245,0.240587,0,0
0.245,0.240587,0,0
0.245,0.240587,0,0
0.245,0.240587,0,0
0.195,0.240581,0,0
0.215316,0.240456,0,-0.0181602
0.222911,0.240301,0,-0.0181602
0.18171,0.238722,0,-0.0132903
0.182951,0.23759,0,-0.0120491
0.18943,0.236692,0,-0.0107847
0.20146,0.236305,0,-0.0107847
0.208336,0.235974,0,-0.0101407
0.213905,0.235768,0,-0.00945052
0.217958,0.235637,0,-0.00870166
0.222247,0.235771,0,-0.00823192
0.226225,0.236072,0,-0.00773098
0.229069,0.236474,0,-0.00723632
0.231732,0.237039,0,-0.00677326
0.234671,0.23791,0,-0.00635048
0.236997,0.238778,0,-0.00591411
0.23892,0.239662,0,-0.00554153
0.240304,0.240417,0,-0.00523758
0.24152,0.241192,0,-0.00502078
0.242427,0.241873,0,-0.00491103
0.242956,0.24235,0,-0.00498902
0.243173,0.242623,0,-0.00528833
0.243077,0.242643,0,-0.00589994
0.242609,0.242339,0,-0.00695818
0.241733,0.241618,0,-0.00861651
0.240401,0.24057,0,-0.0110719
0.243408,0.240569,0,-0.0171762
0.240225,0.240569,0,-0.0216737
0.236523,0.240568,0,-0.0261426
0.232499,0.240568,0,-0.0312872
0.249296,0.240568,0,0
0.249296,0.240568,0,0
0.249296,0.240568,0,0
0.249296,0.240568,0,0
0.249296,0.240568,0,0
0.249296,0.240568,0,0
0.249296,0.240568,0,0
0.249296,0.240568,0,0
-0.245,0,-0.239465,0
-0.245,0,-0.239465,0
-0.245,0,-0.239465,0
-0.245,0,-0.239465,0
-0.245,0,-0.239465,0
-0.245,0,-0.239465,0
-0.245,0,-0.239465,0
-0.195,0,-0.239446,0
-0.197122,0,-0.239199,0.0122497
-0.18275,0,-0.23846,0.0122497
-0.183428,0,-0.237582,0.0115721
-0.183701,0,-0.236362,0.0112989
-0.189423,0,-0.235338,0.0107764
-0.196636,0,-0.234758,0.0100238
-0.203853,0,-0.234355,0.00941293
-0.209866,0,-0.234064,0.00876781
-0.214576,0,-0.233907,0.00820469
-0.219002,0,-0.233971,0.00778664
-0.222854,0,-0.234214,0.00741158
-0.226508,0,-0.234695,0.00704324
-0.229176,0,-0.23525,0.00628262
-0.232172,0,-0.236127,0.00628262
-0.234907,0,-0.237141,0.00584739
-0.237038,0,-0.238106,0.00505149
-0.238822,0,-0.239074,0.00505149
-0.240125,0,-0.239896,0.00473363
-0.241318,0,-0.240772,0.00466778
-0.241845,0,-0.241246,0.00423967
-0.242212,0,-0.241635,0.00458665
-0.242173,0,-0.241713,0.00483771
-0.241785,0,-0.241483,0.0060629
-0.246091,0,-0.24549,0.0107838
-0.244606,0,-0.244771,0.013183
-0.240683,0,-0.244904,0.0201314
-0.237044,0,-0.245011,0.0254221
-0.232957,0,-0.245081,0.0306538
-0.229213,0,-0.245114,0.0349648
-0.248735,0,-0.245119,0
-0.248735,0,-0.245119,0
-0.248735,0,-0.245119,0
-0.248735,0,-0.245119,0
-0.248735,0,-0.245119,0
-0.248735,0,-0.245119,0
-0.248735,0,-0.245119,0
0.245,0.243494,0,0
0.245,0.243494,0,0
0.245,0.243494,0,0
0.245,0.243494,0,0
0.245,0.243494,0,0
0.245,0.243494,0,0
0.245,0.243494,0,0
0.245,0.243494,0,0
0.195,0.243372,0,0
0.214839,0.24325,0,-0.0192935
0.181108,0.242212,0,-0.0138916
0.181771,0.241162,0,-0.0130451
0.181955,0.239764,0,-0.0130451
0.182351,0.238023,0,-0.0126491
0.190252,0.23687,0,-0.0121752
0.196833,0.235965,0,-0.0118075
0.201386,0.235207,0,-0.0114647
0.206327,0.234492,0,-0.0113316
0.2187,0.236266,0,-0.0126976
0.22198,0.236326,0,-0.0129672
0.225278,0.236531,0,-0.0131912
0.228346,0.236961,0,-0.013578
0.231721,0.237726,0,-0.013578
0.23415,0.238482,0,-0.013479
0.23709,0.239708,0,-0.0134461
0.239025,0.240671,0,-0.01298
0.241279,0.241983,0,-0.012523
0.242745,0.242951,0,-0.0118265
0.243811,0.243737,0,-0.011151
0.244502,0.244314,0,-0.0109739
0.244653,0.244482,0,-0.0106238
0.244387,0.244284,0,-0.0106834
0.243457,0.24346,0,-0.014481
0.241887,0.242765,0,-0.014481
0.238781,0.242749,0,-0.0193566
0.235166,0.242737,0,-0.0242399
0.231139,0.242728,0,-0.0287942
0.227174,0.242725,0,-0.0336793
0.246838,0.242725,0,0
0.246838,0.242725,0,0
0.246838,0.242725,0,0
0.246838,0.242725,0,0
0.246838,0.242725,0,0
0.246838,0.242725,0,0
0.246838,0.242725,0,0
-0.245,0,-0.241152,0
-0.245,0,-0.241152,0
-0.245,0,-0.241152,0
-0.245,0,-0.241152,0
-0.245,0,-0.241152,0
-0.245,0,-0.241152,0
-0.245,0,-0.241152,0
-0.195,0,-0.241152,0
-0.195,0,-0.240897,0
-0.209235,0,-0.240715,0.0154314
-0.182815,0,-0.23944,0.0121848
-0.183987,0,-0.238346,0.0110128
-0.191673,0,-0.237644,0.010428
-0.20235,0,-0.237092,0.00969688
-0.209245,0,-0.236731,0.00884977
-0.214068,0,-0.236511,0.00807632
-0.219083,0,-0.236486,0.00749092
-0.223344,0,-0.236614,0.00691042
-0.227128,0,-0.236918,0.00635956
-0.23025,0,-0.237364,0.00540593
-0.233254,0,-0.238037,0.00540593
-0.235661,0,-0.238722,0.00487653
-0.23787,0,-0.239532,0.0046091
-0.239759,0,-0.240391,0.00435779
-0.241177,0,-0.241167,0.00418538
-0.242485,0,-0.242008,0.00423927
-0.243271,0,-0.242618,0.00393957
-0.243867,0,-0.243157,0.00425283
-0.244058,0,-0.243415,0.00444367
-0.244003,0,-0.243499,0.00534686
-0.243601,0,-0.243255,0.00650322
-0.242798,0,-0.242623,0.00824817
-0.241451,0,-0.241451,0.0107561
-0.239396,0,-0.241459,0.014241
-0.237008,0,-0.241466,0.0178278
-0.233412,0,-0.241471,0.022928
-0.229254,0,-0.241474,0.0282484
-0.225999,0,-0.241475,0.0318831
-0.225999,0,-0.241475,0
-0.225999,0,-0.241475,0
-0.225999,0,-0.241475,0
-0.225999,0,-0.241475,0
-0.225999,0,-0.241475,0
-0.225999,0,-0.241475,0
-0.225999,0,-0.241475,0
0.245,0.240547,0,0
0.245,0.240547,0,0
0.245,0.240547,0,0
0.245,0.240547,0,0
0.245,0.240547,0,0
0.245,0.240547,0,0
0.245,0.240547,0,0
0.195,0.240545,0,0
0.195,0.240253,0,0
0.219393,0.240198,0,-0.0170823
0.182516,0.238715,0,-0.0124839
0.183701,0.237676,0,-0.0112994
0.192127,0.236714,0,-0.0107518
0.200561,0.236172,0,-0.0100064
0.207582,0.235803,0,-0.0092756
0.211729,0.235301,0,-0.00793792
0.217781,0.235472,0,-0.00793792
0.22181,0.235565,0,-0.00742664
0.225043,0.235682,0,-0.00638356
0.228457,0.236216,0,-0.00638356
0.231287,0.236847,0,-0.00605397
0.234121,0.237655,0,-0.00563903
0.236432,0.238489,0,-0.00522699
0.23838,0.239356,0,-0.00489686
0.240011,0.240225,0,-0.00463719
0.241261,0.24101,0,-0.00446765
0.24221,0.241705,0,-0.00438418
0.242828,0.242244,0,-0.00446176
0.243086,0.242538,0,-0.004771
0.243049,0.24261,0,-0.00539443
0.242659,0.24237,0,-0.0067391
0.241801,0.241675,0,-0.0081396
0.240487,0.240667,0,-0.0167511
0.243463,0.24067,0,-0.0167511
0.240422,0.240673,0,-0.0207546
0.236457,0.240674,0,-0.0263985
0.232414,0.240675,0,-0.0313064
0.249267,0.240676,0,0
0.249267,0.240676,0,0
0.249267,0.240676,0,0
0.249267,0.240676,0,0
0.249267,0.240676,0,0
0.249267,0.240676,0,0
0.249267,0.240676,0,0
0.249267,0.240676,0,0
-0.245,0,-0.239694,0
-0.245,0,-0.239694,0
-0.245,0,-0.239694,0
-0.245,0,-0.239694,0
-0.245,0,-0.239694,0
-0.245,0,-0.239694,0
-0.245,0,-0.239694,0
-0.195,0,-0.239675,0
-0.198247,0,-0.23947,0.0148987
-0.182614,0,-0.238683,0.0123862
-0.18328,0,-0.237793,0.0117199
-0.183622,0,-0.236674,0.0113778
-0.189615,0,-0.235671,0.0107912
-0.199037,0,-0.235047,0.0100844
-0.204275,0,-0.23442,0.00880379
-0.211451,0,-0.234414,0.00823146
-0.216097,0,-0.234299,0.00823146
-0.220211,0,-0.234361,0.00779185
-0.223455,0,-0.23458,0.00738976
-0.22669,0,-0.23497,0.00690389
-0.229633,0,-0.235588,0.00656666
-0.232596,0,-0.236455,0.00619975
-0.235212,0,-0.237403,0.00536207
-0.237228,0,-0.23832,0.00536207
-0.23891,0,-0.239219,0.00501901
-0.240353,0,-0.240127,0.00473034
-0.241324,0,-0.240842,0.00454448
-0.241958,0,-0.24139,0.00451403
-0.242243,0,-0.241707,0.00470047
-0.242209,0,-0.24179,0.00521615
-0.247203,0,-0.246254,0.00889699
-0.246252,0,-0.245642,0.0108324
-0.244668,0,-0.244867,0.0138949
-0.240741,0,-0.244996,0.0202696
-0.234261,0,-0.245104,0.0306131
-0.233096,0,-0.245166,0.0306131
-0.229225,0,-0.245199,0.0350455
-0.248751,0,-0.245203,0
-0.248751,0,-0.245203,0
-0.248751,0,-0.245203,0
-0.248751,0,-0.245203,0
-0.248751,0,-0.245203,0
-0.248751,0,-0.245203,0
-0.248751,0,-0.245203,0
0.245,0.243762,0,0
0.245,0.243762,0,0
0.245,0.243762,0,0
0.245,0.243762,0,0
0.245,0.243762,0,0
0.245,0.243762,0,0
0.245,0.243762,0,0
0.245,0.243762,0,0
0.195,0.243591,0,0
0.235524,0.243671,0,-0.0233529
0.180029,0.242234,0,-0.0149706
0.180786,0.241214,0,-0.0142136
0.182154,0.239727,0,-0.0128462
0.182574,0.238229,0,-0.0124263
0.186609,0.236796,0,-0.0119971
0.193148,0.23576,0,-0.0116894
0.198407,0.234861,0,-0.0115946
0.203568,0.233939,0,-0.0117333
0.215698,0.23558,0,-0.0133323
0.219322,0.235416,0,-0.0138432
0.22252,0.235487,0,-0.0143656
0.225767,0.235866,0,-0.0150609
0.228582,0.2364,0,-0.0155967
0.231427,0.237146,0,-0.0159694
0.23412,0.238097,0,-0.0162448
0.236554,0.239162,0,-0.016234
0.23864,0.240254,0,-0.0152679
0.240367,0.241295,0,-0.0152679
0.241959,0.242369,0,-0.0145883
0.2431,0.243221,0,-0.0140467
0.243653,0.243669,0,-0.0130723
0.24374,0.243743,0,-0.0123429
0.243222,0.243265,0,-0.0129703
0.242049,0.242678,0,-0.0141742
0.239788,0.242654,0,-0.0170769
0.236796,0.242636,0,-0.020639
0.233001,0.242623,0,-0.0247592
0.229495,0.242618,0,-0.0283764
0.246872,0.242618,0,0
0.246872,0.242618,0,0
0.246872,0.242618,0,0
0.246872,0.242618,0,0
0.246872,0.242618,0,0
0.246872,0.242618,0,0
0.246872,0.242618,0,0
-0.245,0,-0.240872,0
-0.245,0,-0.240872,0
-0.245,0,-0.240872,0
-0.245,0,-0.240872,0
-0.245,0,-0.240872,0
-0.245,0,-0.240872,0
-0.245,0,-0.240872,0
-0.195,0,-0.240871,0
-0.195,0,-0.240643,0
-0.216415,0,-0.240551,0.01733
-0.181987,0,-0.239331,0.0130129
-0.183099,0,-0.23824,0.0119007
-0.18986,0,-0.237323,0.0113342
-0.198931,0,-0.236746,0.0105921
-0.206504,0,-0.23635,0.00987616
-0.212602,0,-0.236082,0.00909191
-0.217418,0,-0.235962,0.00842857
-0.22178,0,-0.236048,0.00791321
-0.226033,0,-0.236345,0.00744563
-0.229298,0,-0.23677,0.00690875
-0.231842,0,-0.23731,0.00646791
-0.234753,0,-0.238155,0.00567197
-0.237039,0,-0.238989,0.00567197
-0.23915,0,-0.23994,0.00542278
-0.240801,0,-0.24083,0.00515177
-0.242236,0,-0.241749,0.00498752
-0.243151,0,-0.242439,0.00490876
-0.243853,0,-0.243068,0.00497999
-0.244163,0,-0.243439,0.00526126
-0.244165,0,-0.243569,0.00586364
-0.243813,0,-0.243393,0.0068756
-0.243052,0,-0.242819,0.00848148
-0.241833,0,-0.24176,0.0104779
-0.239823,0,-0.240897,0.0141812
-0.237727,0,-0.240897,0.0173476
-0.234223,0,-0.240898,0.0222763
-0.229922,0,-0.240898,0.0281281
-0.22645,0,-0.240898,0.0318749
-0.22645,0,-0.240898,0
-0.22645,0,-0.240898,0
-0.22645,0,-0.240898,0
-0.22645,0,-0.240898,0
-0.22645,0,-0.240898,0
-0.22645,0,-0.240898,0
-0.22645,0,-0.240898,0
0.245,0.24002,0,0
0.245,0.24002,0,0
0.245,0.24002,0,0
0.245,0.24002,0,0
0.245,0.24002,0,0
0.245,0.24002,0,0
0.245,0.24002,0,0
0.195,0.240019,0,0
0.195,0.239757,0,0
0.219717,0.239699,0,-0.0168889
0.182679,0.238257,0,-0.0123212
0.183885,0.237305,0,-0.0111154
0.191942,0.236448,0,-0.0106434
0.200383,0.235904,0,-0.00979494
0.207465,0.235566,0,-0.00903633
0.213337,0.23537,0,-0.00827024
0.219177,0.235418,0,-0.00769195
0.222799,0.235517,0,-0.00704978
0.226755,0.235892,0,-0.0065079
0.229494,0.236312,0,-0.00597314
0.232442,0.236994,0,-0.00546847
0.235169,0.237837,0,-0.00510479
0.237145,0.238589,0,-0.00463299
0.239279,0.239611,0,-0.00456117
0.240571,0.240349,0,-0.00424655
0.24179,0.241163,0,-0.00412582
0.242656,0.24185,0,-0.00408671
0.243202,0.24237,0,-0.00424417
0.243449,0.242701,0,-0.00461691
0.243366,0.242779,0,-0.00531217
0.242949,0.242546,0,-0.00645777
0.242093,0.24188,0,-0.00820059
0.24069,0.240823,0,-0.0107304
0.238067,0.240843,0,-0.0154213
0.236332,0.240861,0,-0.018242
0.232777,0.240874,0,-0.0231975
0.22879,0.240881,0,-0.0282713
0.225478,0.240884,0,0
0.225478,0.240884,0,0
0.225478,0.240884,0,0
0.225478,0.240884,0,0
0.225478,0.240884,0,0
0.225478,0.240884,0,0
0.225478,0.240884,0,0
0.225478,0.240884,0,0
-0.245,0,-0.239924,0
-0.245,0,-0.239924,0
-0.245,0,-0.239924,0
-0.245,0,-0.239924,0
-0.245,0,-0.239924,0
-0.245,0,-0.239924,0
-0.245,0,-0.239924,0
-0.195,0,-0.239914,0
-0.184681,0,-0.239664,0.0103191
-0.182724,0,-0.239069,0.0122763
-0.183325,0,-0.238202,0.0116753
-0.183716,0,-0.23702,0.0112842
-0.190032,0,-0.236056,0.0107359
-0.198809,0,-0.235491,0.0100669
-0.20581,0,-0.235075,0.00928444
-0.211565,0,-0.234817,0.00857674
-0.216427,0,-0.234726,0.00797693
-0.22078,0,-0.234833,0.00755925
-0.22433,0,-0.235054,0.00703222
-0.227765,0,-0.235539,0.00666478
-0.23052,0,-0.236121,0.00617097
-0.233475,0,-0.236989,0.00586666
-0.23585,0,-0.237867,0.005465
-0.237753,0,-0.238719,0.00499932
-0.239446,0,-0.239635,0.00483079
-0.240687,0,-0.240422,0.00449405
-0.241684,0,-0.241156,0.00452597
-0.242297,0,-0.241693,0.00458354
-0.242588,0,-0.242024,0.00486396
-0.242523,0,-0.242077,0.00521799
-0.242143,0,-0.241843,0.00651415
