0.000160425,0.0608992,6.41487e-05,0,0,0.000160365,0.0137966
0.000160425,0.068834,7.23049e-05,7.69784e-07,0,0.000160228,0.0138636
0.000160425,0.0661106,6.91151e-05,2.18733e-06,0,0.00016007,0.0130288
0.000160425,0.0574263,5.95789e-05,3.5824e-06,0,0.000159904,0.0111575
0.000160425,0.051585,5.30241e-05,4.80258e-06,0,0.000159735,0.0100919
0.000160425,0.0418432,4.23293e-05,5.87945e-06,0,0.000159562,0.0080713
0.000160425,0.0311547,3.06374e-05,6.76347e-06,0,0.000159384,0.00594831
0.000160425,0.0207234,1.92358e-05,7.3996e-06,0,0.0001592,0.00390969
0.000160425,0.0111895,8.81166e-06,7.80712e-06,0,0.00015901,0.00206511
0.000160425,0.00300284,-1.53575e-07,8.01984e-06,0,0.000158812,0.000497424
0.000160425,-0.00399892,-7.82715e-06,8.04814e-06,0,0.000158605,-0.000842484
0.000160425,-0.00976727,-1.41548e-05,7.91846e-06,0,0.000158388,-0.00193915
0.000160425,-0.014372,-1.92091e-05,7.65751e-06,0,0.00015816,-0.00280959
0.000160425,-0.0177168,-2.2888e-05,7.28344e-06,0,0.000157919,-0.00343025
0.000160425,-0.0195001,-2.48754e-05,6.83855e-06,0,0.000157665,-0.0037362
0.000160425,-0.0198504,-2.53114e-05,6.348e-06,0,0.000157395,-0.00376476
0.000160425,-0.0187548,-2.4188e-05,5.84308e-06,0,0.000157107,-0.0035094
0.000160425,-0.0165057,-2.18212e-05,5.35539e-06,0,0.000156802,-0.0030361
0.000160425,-0.0135505,-1.86907e-05,4.91305e-06,0,0.000156476,-0.00243697
0.000160425,-0.010453,-1.53984e-05,4.53141e-06,0,0.000156128,-0.00182585
0.000160425,-0.00765166,-1.2412e-05,4.21521e-06,0,0.000155756,-0.00128519
0.000160425,-0.00519238,-9.78284e-06,3.961e-06,0,0.000155358,-0.00081294
0.000160425,-0.00328148,-7.73082e-06,3.75877e-06,0,0.000154932,-0.00045408
0.000160425,-0.0018179,-6.15004e-06,3.60005e-06,0,0.000154475,-0.000180122
0.000160425,-0.000738054,-4.97367e-06,3.47072e-06,0,0.000153985,2.03389e-05
0.000160425,5.72804e-05,-4.09721e-06,3.36713e-06,0,0.00015346,0.000167767
0.000160425,0.000585425,-3.50262e-06,3.28343e-06,0,0.000152896,0.000263245
0.000160425,0.000898298,-3.13496e-06,3.21219e-06,0,0.00015229,0.000317928
0.000160425,0.00101247,-2.97651e-06,3.14857e-06,0,0.00015164,0.000334066
0.000160425,0.000967232,-2.98543e-06,3.08873e-06,0,0.00015094,0.000320001
0.000160425,0.000791232,-3.13102e-06,3.02904e-06,0,0.000150189,0.000281047
0.000160425,0.000519882,-3.37543e-06,2.96671e-06,0,0.000149381,0.000224336
0.000160425,0.000197415,-3.6715e-06,2.89969e-06,0,0.000148512,0.000158787
0.000160425,-0.000145517,-3.9865e-06,2.827e-06,0,0.000147577,9.00226e-05
0.000160425,-0.000479834,-4.28948e-06,2.74821e-06,0,0.000146571,2.36965e-05
0.000160425,-0.000807026,-4.58184e-06,2.66303e-06,0,0.000145489,-4.13507e-05
0.000160425,-0.0010663,-4.79924e-06,2.57212e-06,0,0.000144324,-9.14481e-05
0.000160425,-0.00124871,-4.93235e-06,2.47657e-06,0,0.000143069,-0.000126307
0.000160425,-0.00133583,-4.96198e-06,2.37839e-06,0,0.000141719,-0.000142057
0.000160425,-0.0013409,-4.90247e-06,2.27924e-06,0,0.000140264,-0.000142196
0.000160425,-0.00128161,-4.77296e-06,2.18098e-06,0,0.000138698,-0.000130328
0.000160425,-0.00118712,-4.60467e-06,2.08507e-06,0,0.000137012,-0.000112508
0.000160425,-0.00108916,-4.43146e-06,1.99239e-06,0,0.000135195,-9.50399e-05
0.000160425,-0.00101274,-4.28002e-06,1.90324e-06,0,0.000133238,-8.26507e-05
0.000160425,-0.000957041,-4.14965e-06,1.81734e-06,0,0.00013113,-7.44597e-05
0.000160425,-0.000907792,-4.0254e-06,1.73382e-06,0,0.00012886,-6.72933e-05
0.000160425,-0.000847165,-3.88859e-06,1.65307e-06,0,0.000126415,-5.75462e-05
0.000160425,-0.000772957,-3.73711e-06,1.57495e-06,0,0.000123783,-4.52071e-05
0.000160425,-0.000689581,-3.57584e-06,1.49991e-06,0,0.000120957,-3.12926e-05
0.000160425,-0.000608516,-3.41712e-06,1.42799e-06,0,0.000117944,-1.82083e-05
0.000157296,-0.000542573,-3.27463e-06,1.35917e-06,0,0.000114821,-8.46675e-06
0.000154088,-0.000485284,-3.14163e-06,1.29318e-06,0,0.000111674,-2.388e-07
0.000150879,-0.000441668,-3.02355e-06,1.22994e-06,0,0.000108527,5.17236e-06
0.000147671,-0.000381869,-2.8889e-06,1.16906e-06,0,0.000105387,1.46069e-05
0.000144462,-0.000305598,-2.73756e-06,1.11095e-06,0,0.000102255,2.72884e-05
0.000141254,-0.000213828,-2.57073e-06,1.05589e-06,0,9.91323e-05,4.29913e-05
0.000138045,-0.00013605,-2.41976e-06,1.00414e-06,0,9.60195e-05,5.51278e-05
0.000134837,-9.31127e-05,-2.3067e-06,9.55296e-07,0,9.29171e-05,5.98541e-05
0.000131628,-7.4595e-05,-2.22054e-06,9.08766e-07,0,8.98259e-05,6.00962e-05
0.00012842,-8.12952e-05,-2.16206e-06,8.64054e-07,0,8.67464e-05,5.53822e-05
0.000125211,-0.000114708,-2.13281e-06,8.20696e-07,0,8.36797e-05,4.54e-05
0.000122003,-0.000163857,-2.12109e-06,7.77966e-07,0,8.06265e-05,3.26541e-05
0.000118794,-0.000219906,-2.11748e-06,7.35509e-07,0,7.75876e-05,1.88186e-05
0.000115586,-0.000269391,-2.10771e-06,6.93147e-07,0,7.45638e-05,6.66469e-06
0.000112377,-0.000300037,-2.07881e-06,6.50973e-07,0,7.15563e-05,-1.43263e-06
0.000109169,-0.000306568,-2.02526e-06,6.09339e-07,0,6.8566e-05,-4.63461e-06
0.00010596,-0.000306643,-1.96578e-06,5.68727e-07,0,6.55942e-05,-7.05041e-06
0.000102752,-0.000323129,-1.92457e-06,5.29292e-07,0,6.26421e-05,-1.33099e-05
9.95434e-05,-0.000357661,-1.90331e-06,4.90657e-07,0,5.97111e-05,-2.31335e-05
9.63349e-05,-0.000403188,-1.89447e-06,4.52548e-07,0,5.68027e-05,-3.4892e-05
9.31264e-05,-0.00043628,-1.87324e-06,4.14632e-07,0,5.39185e-05,-4.35269e-05
8.9918e-05,-0.000444225,-1.82622e-06,3.77093e-07,0,5.10604e-05,-4.68458e-05
8.67095e-05,-0.000423428,-1.74969e-06,3.40428e-07,0,4.82303e-05,-4.43988e-05
8.3501e-05,-0.000375279,-1.64525e-06,3.05166e-07,0,4.54302e-05,-3.65973e-05
8.02925e-05,-0.00030418,-1.51768e-06,2.71896e-07,0,4.26622e-05,-2.43873e-05
7.7084e-05,-0.000238471,-1.39705e-06,2.41095e-07,0,3.99286e-05,-1.39992e-05
7.38755e-05,-0.000183985,-1.2896e-06,2.12913e-07,0,3.72321e-05,-5.9392e-06
7.0667e-05,-0.000142001,-1.19668e-06,1.86853e-07,0,3.45754e-05,-3.27013e-07
6.74585e-05,-0.000110576,-1.11624e-06,1.62733e-07,0,3.19618e-05,3.31239e-06
6.425e-05,-8.74022e-05,-1.04582e-06,1.40207e-07,0,2.93946e-05,5.44516e-06
6.10415e-05,-7.38377e-05,-9.86841e-07,1.19044e-07,0,2.68772e-05,5.7052e-06
5.7833e-05,-6.92161e-05,-9.3857e-07,9.91307e-08,0,2.44137e-05,4.28409e-06
5.46246e-05,-7.40579e-05,-9.0152e-07,8.02628e-08,0,2.20082e-05,1.05043e-06
5.14161e-05,-8.54462e-05,-8.72554e-07,6.21027e-08,0,1.96651e-05,-3.32245e-06
4.82076e-05,-0.000101976,-8.50141e-07,4.45502e-08,0,1.73893e-05,-8.59688e-06
4.49991e-05,-0.000121453,-8.31914e-07,2.74577e-08,0,1.51861e-05,-1.4315e-05
4.17906e-05,-0.000142951,-8.16849e-07,1.07557e-08,0,1.30609e-05,-2.03255e-05
3.85821e-05,-0.00016565,-8.04039e-07,-5.63403e-09,0,1.10199e-05,-2.6464e-05
3.53736e-05,-0.00019129,-7.95279e-07,-2.17597e-08,0,9.06956e-06,-3.31366e-05
3.21651e-05,-0.000218245,-7.88806e-07,-3.76959e-08,0,7.21687e-06,-3.99214e-05
2.89566e-05,-0.00024545,-7.8345e-07,-5.34947e-08,0,5.46938e-06,-4.66158e-05
2.57481e-05,-0.000273881,-7.80203e-07,-6.91771e-08,0,3.83523e-06,-5.34581e-05
2.25396e-05,-0.000303323,-7.78797e-07,-8.47876e-08,0,2.32319e-06,-6.03618e-05
1.93312e-05,-0.000336699,-7.82278e-07,-1.00366e-07,0,9.4269e-07,-6.79782e-05
1.61227e-05,-0.000375303,-7.91958e-07,-1.16005e-07,0,-2.96123e-07,-7.65072e-05
1.29142e-05,-0.00041577,-8.04226e-07,-1.3181e-07,0,-1.3824e-06,-8.51562e-05
9.70568e-06,-0.000459058,-8.20041e-07,-1.47852e-07,0,-2.30477e-06,-9.42424e-05
6.49719e-06,-0.000502999,-8.3706e-07,-1.64189e-07,0,-3.05218e-06,-0.000103274
3.2887e-06,-0.000545475,-8.52996e-07,-1.80888e-07,0,-3.61733e-06,-0.000111874
8.02123e-08,-0.000579055,-8.59961e-07,-1.97916e-07,0,-4.00996e-06,-0.000118479
0,-0.000618596,-8.73641e-07,-2.15101e-07,0,-4.30771e-06,-0.000126672
0,-0.00070216,-9.34176e-07,-2.32547e-07,0,-4.59715e-06,-0.000144588
0,-0.000820761,-1.03187e-06,-2.50988e-07,0,-4.90373e-06,-0.000169146
0,-0.000934319,-1.12414e-06,-2.71284e-07,0,-5.18493e-06,-0.000191372
0,-0.00102133,-1.18813e-06,-2.93536e-07,0,-5.31736e-06,-0.000207405
0,-0.00109856,-1.24157e-06,-3.1717e-07,0,-5.20434e-06,-0.000221745
0,-0.00117181,-1.29057e-06,-3.41868e-07,0,-4.83082e-06,-0.000235277
0,-0.00114085,-1.22926e-06,-3.67508e-07,0,-4.21879e-06,-0.000225389
0,-0.000983185,-1.03427e-06,-3.92308e-07,0,-3.40063e-06,-0.00018989
0,-0.000672213,-6.78065e-07,-4.13578e-07,0,-2.40853e-06,-0.000123468
0,-0.000317138,-2.76786e-07,-4.28208e-07,0,-1.27119e-06,-5.13882e-05
0,0.000190475,2.83617e-07,-4.35148e-07,0,-1.30427e-08,5.37374e-05
0,0.000945367,1.10228e-06,-4.31717e-07,0,1.3456e-06,0.00021009
0,0.00209107,2.32934e-06,-4.12537e-07,0,2.78821e-06,0.000447186
0,0.00370738,4.04682e-06,-3.69632e-07,0,4.30164e-06,0.000778867
0,0.00578992,6.24719e-06,-2.92989e-07,0,5.87578e-06,0.0012019
0,0.00809024,8.66483e-06,-1.73546e-07,0,7.50323e-06,0.00166068
0,0.0104148,1.10927e-05,-6.29357e-09,0,9.179e-06,0.00211879
0,0.0125397,1.32926e-05,2.07064e-07,0,1.08498e-05,0.00253123
0,0.0141395,1.49197e-05,4.66317e-07,0,1.23879e-05,0.00283113
0,0.0150851,1.58385e-05,7.5983e-07,0,1.36951e-05,0.00299889
0,0.0152116,1.58765e-05,1.07384e-06,0,1.47565e-05,0.00300116
0,0.0144363,1.49495e-05,1.39128e-06,0,1.55958e-05,0.00282414
0,0.012736,1.30373e-05,1.69351e-06,0,1.62479e-05,0.00246493
0,0.0101515,1.0188e-05,1.96095e-06,0,1.67488e-05,0.0019334
0,0.00682803,6.56105e-06,2.17184e-06,0,1.71321e-05,0.00126098
0,0.00297451,2.3831e-06,2.31031e-06,0,1.74276e-05,0.000490475
0,-0.00116709,-2.08463e-06,2.36633e-06,0,1.76623e-05,-0.000329727
0,-0.00524892,-6.46982e-06,2.33357e-06,0,1.78597e-05,-0.00112841
0,-0.00917729,-1.06701e-05,2.21733e-06,0,1.8041e-05,-0.00189435
0,-0.0127993,-1.45213e-05,2.01863e-06,0,1.82249e-05,-0.0025959
0,-0.0159618,-1.78596e-05,1.74168e-06,0,1.84283e-05,-0.00320299
0,-0.018555,-2.05679e-05,1.39284e-06,0,1.86663e-05,-0.00369528
0,-0.020504,-2.25676e-05,9.90957e-07,0,1.89533e-05,-0.00405905
0,-0.0217915,-2.38413e-05,5.45605e-07,0,1.93037e-05,-0.00429243
0,-0.0223289,-2.42976e-05,7.19642e-08,0,1.97376e-05,-0.00437599
0,-0.0220969,-2.3919e-05,-4.12391e-07,0,2.0298e-05,-0.00430771
-3.23907e-06,-0.0210743,-2.26869e-05,-8.91528e-07,0,2.11191e-05,-0.00408328
-1.00582e-05,-0.0190494,-2.03824e-05,-1.34896e-06,0,2.24216e-05,-0.00365573
-1.68773e-05,-0.0156066,-1.65725e-05,-1.76122e-06,0,2.43736e-05,-0.00293768
-2.36964e-05,-0.0103127,-1.08088e-05,-2.10029e-06,0,2.70593e-05,-0.00184368
-3.05155e-05,-0.00393008,-3.90725e-06,-2.33664e-06,0,3.05433e-05,-0.000556841
-3.73346e-05,0.00462818,5.26997e-06,-2.43894e-06,0,3.48884e-05,0.00118817
-4.41537e-05,0.00905324,1.00446e-05,-2.36107e-06,0,4.01599e-05,0.00194566
-5.09728e-05,0.0110041,1.21771e-05,-2.16973e-06,0,4.64274e-05,0.00226573
0,0.000638929,3.21298e-06,-1.96884e-06,0,0.000136748,2.52298e-05
0,-0.0185393,-1.70743e-05,-1.88067e-06,0,0.000147746,-0.00402775
0,-0.0234115,-2.21762e-05,-2.18158e-06,0,0.000159625,-0.00456795
0,-0.0211471,-1.97048e-05,-2.61235e-06,0,0.000172466,-0.00390959
0,-0.0181732,-1.64728e-05,-3.01509e-06,0,0.00018646,-0.00329196
0,-0.0149125,-1.29327e-05,-3.35424e-06,0,0.00020178,-0.00262865
0,-0.0105664,-8.24599e-06,-3.62529e-06,0,0.000218525,-0.00172861
0,-0.0056635,-2.96713e-06,-3.80661e-06,0,0.000259322,-0.000626251
0,-0.000260627,2.816e-06,-3.88443e-06,0,0.000306253,0.000404621
0,0.00396454,7.32667e-06,-3.84835e-06,0,0.000329501,0.00121174
0,0.00668721,1.02283e-05,-3.7176e-06,0,0.000346225,0.00171847
0,0.00814561,1.17751e-05,-3.52319e-06,0,0.000362859,0.00198734
0,0.0088875,1.25481e-05,-3.29311e-06,0,0.00038196,0.00213518
0,0.00946461,1.31308e-05,-3.04523e-06,0,0.000403997,0.00226699
0,0.0102118,1.38771e-05,-2.78466e-06,0,0.000428733,0.00244466
0,0.0112081,1.48688e-05,-2.50935e-06,0,0.000456375,0.00267625
0,0.01234,1.59836e-05,-2.21396e-06,0,0.000487102,0.00293424
0,0.0136886,1.73057e-05,-1.89708e-06,0,0.000521725,0.00324317
0,0.0150595,1.86239e-05,-1.55493e-06,0,0.000560649,0.003553
0,0.0162984,1.97752e-05,-1.18641e-06,0,0.000603413,0.00383579
0,0.0171547,2.04929e-05,-7.9378e-07,0,0.000649971,0.00404018
0,0.0173573,2.04901e-05,-3.85357e-07,0,0.000700543,0.00411281
0,0.0167593,1.96124e-05,2.44503e-08,0,0.00075547,0.00402874
0,0.0152328,1.77249e-05,4.18453e-07,0,0.000814823,0.00376233
0,0.0128708,1.49301e-05,7.79557e-07,0,0.000878591,0.00333908
0,0.00959646,1.115e-05,1.08794e-06,0,0.000947438,0.00274129
0,0.00557332,6.56161e-06,1.32417e-06,0,0.00102186,0.00200553
0,0.00104766,1.43231e-06,1.46917e-06,0,0.00110192,0.00118376
0,-0.00369495,-3.93117e-06,1.51064e-06,0,0.00118799,0.000333562
0,-0.00835362,-9.20664e-06,1.44274e-06,0,0.00128054,-0.000485157
0,-0.0127209,-1.41724e-05,1.27707e-06,0,0.0013801,-0.00123383
0,-0.0167522,-1.87824e-05,1.011e-06,0,0.00148782,-0.00190489
0,-0.0202092,-2.27848e-05,6.51491e-07,0,0.00160514,-0.00244675
0,-0.0229967,-2.60747e-05,2.09804e-07,0,0.00173234,-0.00284721
0,-0.024977,-2.85075e-05,-3.00176e-07,0,0.00186937,-0.00307582
0,-0.0259861,-2.99119e-05,-8.61812e-07,0,0.00201679,-0.00309894
0,-0.0259725,-3.02369e-05,-1.45513e-06,0,0.00217537,-0.00290883
0,-0.0248632,-2.94099e-05,-2.05906e-06,0,0.00234599,-0.00248968
0,-0.022431,-2.71964e-05,-2.64974e-06,0,0.0025296,-0.00179162
0,-0.0181414,-2.30396e-05,-3.19809e-06,0,0.00272722,-0.000700195
0,-0.0121736,-1.71391e-05,-3.67343e-06,0,0.00293995,0.000730462
0,-0.00548057,-1.05129e-05,-4.03392e-06,0,0.00316898,0.00229284
0,0.00328154,-1.75097e-06,-4.25743e-06,0,0.00341556,0.0043165
0,0.00861295,3.32377e-06,-4.32312e-06,0,0.00368109,0.00553127
0.00156401,0.00048189,-9.15077e-06,-4.26679e-06,0,0.00705915,0.00607013
0.00135049,-0.00908019,-1.97526e-05,-4.40614e-06,0,0.00712335,0.00434105
0.00113697,-0.0204717,-3.22793e-05,-4.76409e-06,0,0.00719487,0.00218951
0.000923458,-0.0198914,-3.21383e-05,-5.36583e-06,0,0.00730586,0.00282001
0.000709942,-0.0164857,-2.90262e-05,-6.00902e-06,0,0.00746616,0.00379457
0.000496425,-0.0125769,-2.54086e-05,-6.60044e-06,0,0.00767996,0.00485087
0.000282909,-0.00842827,-2.15696e-05,-7.11946e-06,0,0.0079499,0.00599493
6.93928e-05,-0.00383869,-1.73022e-05,-7.56045e-06,0,0.00827752,0.0072783
0,0.00113596,-1.26708e-05,-7.92143e-06,0,0.008661,0.00868216
0,0.00501954,-9.23898e-06,-8.18874e-06,0,0.00909692,0.00987772
0,0.00730227,-7.54165e-06,-8.3821e-06,0,0.00958481,0.0107942
0,0.00792523,-7.63619e-06,-8.53888e-06,0,0.0101266,0.0114355
0,0.00771929,-8.64042e-06,-8.69122e-06,0,0.010725,0.0119927
0,0.00763658,-9.54609e-06,-8.86052e-06,0,0.0113832,0.0126594
0,0.00818339,-9.81888e-06,-9.04827e-06,0,0.012105,0.0135259
0,0.00960588,-9.20136e-06,-9.24369e-06,0,0.0128941,0.0146375
0,0.011877,-7.72628e-06,-9.42988e-06,0,0.0137551,0.0159854
0,0.0150091,-5.38547e-06,-9.58957e-06,0,0.0146926,0.0175781
0,0.0181683,-3.06559e-06,-9.70664e-06,0,0.0157118,0.0192334
0,0.0216209,-4.88525e-07,-9.77375e-06,0,0.0168183,0.02104
0,0.0248432,1.78802e-06,-9.78996e-06,0,0.0180182,0.0228787
0,0.0272777,3.17304e-06,-9.7599e-06,0,0.0193178,0.0246462
0,0.0291412,3.89569e-06,-9.6992e-06,0,0.0207245,0.0264137
0,0.0296852,3.16578e-06,-9.62274e-06,0,0.0222462,0.0280153
0,0.0287844,8.4903e-07,-9.55796e-06,0,0.0238912,0.0294524
0,0.0263183,-3.17866e-06,-9.53635e-06,0,0.0256687,0.0307113
0,0.0222745,-8.92151e-06,-9.58985e-06,0,0.0275888,0.031804
0,0.0168031,-1.62111e-05,-9.7568e-06,0,0.0296619,0.0327774
0,0.00973209,-2.52192e-05,-1.00555e-05,0,0.0318998,0.033604
0,0.00149637,-3.54741e-05,-1.05329e-05,0,0.0343149,0.034403
0,-0.00750588,-4.65437e-05,-1.12116e-05,0,0.0369206,0.03527
0,-0.016928,-5.8051e-05,-1.21148e-05,0,0.0397314,0.0362888
0,-0.0263989,-6.95937e-05,-1.32528e-05,0,0.042763,0.0375455
0,-0.0337056,-7.86793e-05,-1.46158e-05,0,0.0459404,0.0390956
0,-0.0411046,-8.7834e-05,-1.61667e-05,0,0.0492546,0.0409926
0,-0.0476294,-9.60327e-05,-1.7905e-05,0,0.0528078,0.0432513
0,-0.0526023,-0.000102555,-1.9797e-05,0,0.056631,0.0459261
0,-0.0553785,-0.000106718,-2.18253e-05,0,0.0607071,0.049048
0.00552596,-0.0553071,-0.000107833,-2.39472e-05,0,0.0648902,0.0526603
0.0118413,-0.0523684,-0.000105882,-2.6101e-05,0,0.0690034,0.0567003
0.0181567,-0.0477893,-0.00010217,-2.82255e-05,0,0.0729752,0.0608679
0.0244721,-0.0406728,-9.57527e-05,-3.02819e-05,0,0.0767771,0.0653818
0.0307875,-0.0255521,-8.08666e-05,-3.22162e-05,0,0.0803911,0.0714256
0.0371029,-0.00777707,-6.31958e-05,-3.38707e-05,0,0.0838011,0.0776263
0.0434183,0.00725419,-4.84619e-05,-3.517e-05,0,0.0869906,0.0829034
-0.0449971,-0.0655709,-2.52446e-05,-3.61687e-05,0,-0.00478859,-0.0123692
-0.0386817,-0.0644219,-2.53518e-05,-3.67548e-05,0,-0.00209361,-0.010854
-0.0323663,-0.0654691,-2.7785e-05,-3.72616e-05,0,0.00032468,-0.00953801
-0.026051,-0.0491939,-1.19131e-05,-3.78124e-05,0,0.0024448,-0.00457144
-0.0197356,-0.0294262,7.59905e-06,-3.81062e-05,0,0.0042443,0.000407119
-0.0134202,-0.0109424,2.56814e-05,-3.80128e-05,0,0.00570125,0.00475527
-0.00710481,0.00485096,4.08388e-05,-3.75715e-05,0,0.00680033,0.00836
-0.000789423,0.0180965,5.32162e-05,-3.68077e-05,0,0.00755699,0.011381
0,0.0269012,6.0811e-05,-3.57867e-05,0,0.00811016,0.0134665
0,0.0301205,6.24258e-05,-3.45895e-05,0,0.00862845,0.0144531
0,0.0291664,5.95753e-05,-3.33458e-05,0,0.00917402,0.0147042
0,0.0260049,5.43544e-05,-3.21486e-05,0,0.00976538,0.014627
0,0.0225634,4.881e-05,-3.10433e-05,0,0.0104098,0.0146027
0,0.0202643,4.44496e-05,-3.00477e-05,0,0.011112,0.0148997
0,0.019909,4.21193e-05,-2.91456e-05,0,0.011876,0.0156616
0,0.0217822,4.21152e-05,-2.82985e-05,0,0.0127061,0.0169341
0,0.0256357,4.41666e-05,-2.74562e-05,0,0.0136069,0.0186582
0,0.0311122,4.78872e-05,-2.6577e-05,0,0.0145834,0.0207656
0,0.0376781,5.27034e-05,-2.56267e-05,0,0.015641,0.0231522
0,0.0446978,5.79354e-05,-2.45895e-05,0,0.0167855,0.0256959
0,0.0593413,7.11495e-05,-2.34465e-05,0,0.0180231,0.0300292
0,0.0645769,7.43212e-05,-2.20763e-05,0,0.0193605,0.0321365
0,0.0657202,7.30897e-05,-2.0601e-05,0,0.0208052,0.0336976
0,0.0645759,6.93745e-05,-1.91349e-05,0,0.0223653,0.0349755
0,0.0614891,6.35394e-05,-1.77344e-05,0,0.0240494,0.0360057
0,0.0563769,5.5507e-05,-1.6452e-05,0,0.025867,0.0367698
0,0.0494446,4.55089e-05,-1.53217e-05,0,0.0278281,0.0373278
0,0.0408225,3.36977e-05,-1.43916e-05,0,0.0299437,0.0377167
0,0.0307249,2.03155e-05,-1.3694e-05,0,0.0322256,0.0379964
0,0.0193163,5.55064e-06,-1.32408e-05,0,0.0346865,0.0382154
0,0.00686101,-1.03016e-05,-1.30782e-05,0,0.0373401,0.0384467
0,-0.00615704,-2.67148e-05,-1.32287e-05,0,0.0402011,0.0388086
0,-0.0193344,-4.32483e-05,-1.37138e-05,0,0.0432855,0.0393892
0,-0.0304594,-5.74459e-05,-1.45291e-05,0,0.046527,0.0402755
0,-0.0410202,-7.09666e-05,-1.56425e-05,0,0.049919,0.041644
0,-0.0504005,-8.31658e-05,-1.70281e-05,0,0.0535562,0.0434208
0,-0.058022,-9.34267e-05,-1.86548e-05,0,0.0574669,0.0456437
0,-0.0632847,-0.000101111,-2.04977e-05,0,0.0616294,0.0483333
0.00623057,-0.065748,-0.000105752,-2.25007e-05,0,0.0658826,0.0514876
0.0126209,-0.0657767,-0.000107737,-2.46064e-05,0,0.0700457,0.0549669
0.0190112,-0.0639984,-0.000107733,-2.67572e-05,0,0.074059,0.0586185
0.0254016,-0.0597723,-0.000105068,-2.89119e-05,0,0.0778969,0.0625868
0.0317919,-0.0490336,-9.54563e-05,-3.10213e-05,0,0.0815419,0.0677482
0.0381822,-0.033642,-8.0888e-05,-3.29592e-05,0,0.0849778,0.0735518
0.0445726,-0.0163656,-6.43117e-05,-3.4628e-05,0,0.0881882,0.0794078
-0.0448921,-0.0862239,-3.67582e-05,-3.59639e-05,0,-0.00469986,-0.0162178
-0.0385018,-0.10021,-5.3344e-05,-3.6768e-05,0,-0.00199532,-0.0182167
-0.0321114,-0.107838,-6.31257e-05,-3.77768e-05,0,0.000426356,-0.0179598
-0.0257211,-0.0864462,-4.21692e-05,-3.90051e-05,0,0.00254333,-0.011674
-0.0193308,-0.0593487,-1.52005e-05,-3.99218e-05,0,0.00433281,-0.00521216
-0.0129404,-0.0337856,1.00932e-05,-4.03067e-05,0,0.00577267,0.000501388
-0.00655009,-0.0115556,3.17965e-05,-4.0206e-05,0,0.00684817,0.00533888
-0.000159758,0.00813325,5.07335e-05,-3.96352e-05,0,0.0075784,0.00961969
0,0.0227831,6.42529e-05,-3.86584e-05,0,0.00811771,0.0128373
0,0.0304088,7.02667e-05,-3.74207e-05,0,0.00863818,0.0146533
0,0.032279,7.01377e-05,-3.60364e-05,0,0.00919015,0.0154205
0,0.0306737,6.62937e-05,-3.46333e-05,0,0.00978909,0.0156199
0,0.0279409,6.12284e-05,-3.32978e-05,0,0.0104415,0.0157181
0,0.0258216,5.67883e-05,-3.20631e-05,0,0.0111519,0.016043
0,0.0252832,5.39959e-05,-3.09163e-05,0,0.0119244,0.0167667
0,0.0267578,5.33039e-05,-2.98266e-05,0,0.0127632,0.0179632
0,0.0303032,5.47665e-05,-2.87588e-05,0,0.0136731,0.0196379
0,0.0356466,5.80863e-05,-2.76664e-05,0,0.0146591,0.0217331
0,0.0422344,6.26691e-05,-2.65163e-05,0,0.0157265,0.0241378
0,0.0493903,6.77909e-05,-2.52743e-05,0,0.0168813,0.0267213
0,0.0563112,7.25961e-05,-2.39313e-05,0,0.0181297,0.0293289
0,0.0623448,7.63915e-05,-2.24962e-05,0,0.0194785,0.031844
0,0.0666324,7.82685e-05,-2.09798e-05,0,0.0209353,0.0340996
0,0.06924,7.83003e-05,-1.94182e-05,0,0.0225081,0.0361429
0,0.0690612,7.53107e-05,-1.78522e-05,0,0.0242058,0.0377328
0,0.066514,6.9752e-05,-1.63401e-05,0,0.0260378,0.0390045
0,0.0611313,6.11444e-05,-1.49311e-05,0,0.0280143,0.0398531
0,0.05314,4.97436e-05,-1.36781e-05,0,0.0301464,0.0403564
0,0.0427732,3.5815e-05,-1.26604e-05,0,0.0324459,0.0405762
0,0.030552,1.99281e-05,-1.19163e-05,0,0.0349255,0.0406405
0,0.0168474,2.49375e-06,-1.14859e-05,0,0.0375992,0.0406363
0,0.00213552,-1.59679e-05,-1.1375e-05,0,0.0404818,0.0406768
0,-0.0121543,-3.38606e-05,-1.16575e-05,0,0.0435455,0.0408775
0,-0.0264613,-5.16898e-05,-1.22721e-05,0,0.0467946,0.0413919
0,-0.0401205,-6.87548e-05,-1.32435e-05,0,0.0502875,0.042255
0,-0.0519971,-8.38453e-05,-1.45588e-05,0,0.05405,0.0436511
0,-0.0614524,-9.62793e-05,-1.61829e-05,0,0.0580881,0.0456094
0.000807654,-0.067895,-0.000105427,-1.80712e-05,0,0.0623571,0.0481467
0.00726889,-0.071378,-0.000111344,-2.01614e-05,0,0.0666876,0.0511548
0.0137301,-0.0714256,-0.000113531,-2.23765e-05,0,0.0709122,0.0546998
0.0201914,-0.0696145,-0.000113659,-2.46406e-05,0,0.0749778,0.0583938
0.0266526,-0.0633474,-0.000124587,-2.69134e-05,0,0.0788604,0.0624084
0.0331138,-0.0545521,-0.00011634,-2.93724e-05,0,0.0825429,0.067535
0.0395751,-0.0386856,-0.00010059,-3.17363e-05,0,0.0860091,0.0735128
0.0460363,-0.0207724,-8.26775e-05,-3.37875e-05,0,0.0892421,0.0795034
-0.044421,-0.0912667,-5.46707e-05,-3.54947e-05,0,-0.00469441,-0.0171911
-0.0379597,-0.111452,-7.71405e-05,-3.66442e-05,0,-0.00198292,-0.0206027
-0.0314985,-0.114092,-8.09814e-05,-3.81083e-05,0,0.000437356,-0.0190675
-0.0250373,-0.0891598,-5.56435e-05,-3.97145e-05,0,0.00254427,-0.0121468
-0.018576,-0.0604852,-2.63949e-05,-4.09161e-05,0,0.00431493,-0.00544827
-0.0121148,-0.0349372,-5.26962e-07,-4.15317e-05,0,0.00572803,0.000206379
-0.00565358,-0.0116429,2.28686e-05,-4.1594e-05,0,0.00677328,0.00528215
0,0.00820636,4.25187e-05,-4.11834e-05,0,0.00748835,0.00957775
0,0.0230012,5.6715e-05,-4.03822e-05,0,0.00803467,0.0128373
0,0.0308111,6.34271e-05,-3.92976e-05,0,0.00857083,0.014706
0,0.0327034,6.3804e-05,-3.80491e-05,0,0.00914049,0.0154887
0,0.0311985,6.05282e-05,-3.67742e-05,0,0.00975744,0.0157257
0,0.028738,5.61927e-05,-3.55571e-05,0,0.0104279,0.0158978
0,0.0269462,5.25201e-05,-3.44181e-05,0,0.0111562,0.0163044
0,0.0267087,5.04475e-05,-3.33603e-05,0,0.0119465,0.0171023
0,0.0286787,5.06613e-05,-3.23451e-05,0,0.0128034,0.0184176
0,0.0324774,5.27542e-05,-3.13326e-05,0,0.0137315,0.0201517
0,0.0380835,5.66956e-05,-3.02848e-05,0,0.014736,0.0223157
0,0.0448271,6.17683e-05,-2.91588e-05,0,0.0158223,0.0247654
0,0.0519713,6.71861e-05,-2.79412e-05,0,0.0169966,0.0273599
0,0.0589411,7.23348e-05,-2.66137e-05,0,0.018265,0.0299976
0,0.0648105,7.62324e-05,-2.51773e-05,0,0.0196345,0.032494
0,0.0687797,7.80341e-05,-2.36624e-05,0,0.021113,0.0347033
0,0.0711625,7.80744e-05,-2.21053e-05,0,0.0227084,0.0367267
0,0.0709529,7.52854e-05,-2.05439e-05,0,0.0244298,0.0383389
0,0.0682023,6.97327e-05,-1.90284e-05,0,0.0262868,0.0395902
0,0.0625122,6.10098e-05,-1.76143e-05,0,0.0282896,0.0404018
0,0.0542459,4.95179e-05,-1.63636e-05,0,0.0304495,0.0408804
0,0.0435812,3.54635e-05,-1.5333e-05,0,0.0327785,0.0410719
0,0.0309132,1.92838e-05,-1.45816e-05,0,0.0352896,0.0410778
0,0.016741,1.52581e-06,-1.41393e-05,0,0.0379967,0.0410171
0,0.00154107,-1.72879e-05,-1.40466e-05,0,0.0409149,0.0409987
0,-0.0154662,-3.79546e-05,-1.43265e-05,0,0.0441225,0.0411621
0,-0.0315029,-5.75644e-05,-1.50236e-05,0,0.0476543,0.0416408
0,-0.0459676,-7.54318e-05,-1.61161e-05,0,0.051469,0.0426348
0,-0.0577403,-9.03622e-05,-1.7589e-05,0,0.0555638,0.0443095
0,-0.0666087,-0.000102126,-1.93589e-05,0,0.059926,0.0465885
0.00316442,-0.0722676,-0.000110397,-2.13779e-05,0,0.0644577,0.049439
0.00982636,-0.074716,-0.000115175,-2.3561e-05,0,0.0689789,0.0527852
0.0164883,-0.0735117,-0.000134873,-2.58502e-05,0,0.0733628,0.0561614
0.0231502,-0.0668498,-0.000290405,-2.84984e-05,0,0.0775666,0.0574507
0.0298122,-0.0601878,-0.000550596,-3.36066e-05,0,0.081569,0.0603336
0.0364741,-0.0535259,-0.000828504,-4.29273e-05,0,0.085353,0.0641296
0.0431361,-0.0468639,-0.000982208,-5.7691e-05,-0.0065468,0.0889021,0.068702
0.049798,-0.0590593,-0.000948005,-7.64898e-05,-0.0188573,0.092199,0.0737925
-0.0434692,-0.130202,-0.000930408,-9.61339e-05,0,-0.00775321,-0.0274501
-0.0368072,-0.126807,-0.00119924,-0.000115079,0,-0.00479397,-0.0313201
-0.0301453,-0.120145,-0.00140152,-0.000138392,0,-0.00216537,-0.0276157
-0.0234833,-0.113483,-0.0013878,-0.000165411,0,0.000111948,-0.0213201
-0.0168214,-0.0950966,-0.0012922,-0.000193235,0,0.00201624,-0.0143957
-0.0101595,-0.0676976,-0.00118974,-0.000219557,0,0.00352954,-0.0079326
-0.00349752,-0.0461279,-0.00109612,-0.000243711,0,0.00465496,-0.00317679
0,-0.0315544,-0.00101253,-0.000265914,0,0.00548262,0.000116844
0,-0.0235928,-0.000938541,-0.000286373,0,0.00618526,0.00212712
0,-0.0206475,-0.000872483,-0.000305366,0,0.00688152,0.00322697
0,-0.0208152,-0.000812313,-0.000323047,0,0.0076053,0.00380784
0,-0.0227228,-0.000756499,-0.000339504,0,0.00836847,0.00412941
0,-0.0257646,-0.000704308,-0.000354829,0,0.00917732,0.00429342
0,-0.028331,-0.000653954,-0.000369072,0,0.0100369,0.00464832
0,-0.0298635,-0.000604767,-0.000382302,0,0.010952,0.00527873
0,-0.0287604,-0.00055498,-0.00039452,0,0.0119278,0.00653315
0,-0.0245789,-0.000504059,-0.00040572,0,0.0129698,0.00847113
0,-0.0177927,-0.000452439,-0.000415953,0,0.0140837,0.0109796
0,-0.00921605,-0.000400929,-0.000425105,0,0.0152756,0.0138951
0,0.000187325,-0.000350495,-0.000433227,0,0.0165521,0.0170306
0,0.00968359,-0.000301864,-0.000440388,0,0.0179201,0.0202558
0,0.0185948,-0.000255711,-0.000446547,0,0.0193873,0.0234468
0,0.0262219,-0.00021273,-0.000451754,0,0.0209617,0.0264738
0,0.0326076,-0.000172789,-0.000456159,0,0.0226522,0.0293749
0,0.0373529,-0.000136238,-0.000459754,0,0.0244683,0.0320694
0,0.039801,-0.000103726,-0.000462607,0,0.02642,0.0344322
0,0.0388911,-7.63218e-05,-0.000464795,0,0.0285182,0.036257
0,0.0343901,-5.42124e-05,-0.000466418,0,0.0307747,0.0375362
0,0.0265445,-3.70742e-05,-0.000467557,0,0.033202,0.0383488
0,0.0160912,-2.40643e-05,-0.000468333,0,0.0358136,0.0388713
0,0.00370588,-1.44087e-05,-0.00046884,0,0.0386242,0.0392524
0,-0.00992339,-7.32781e-06,-0.000469148,0,0.0416492,0.0396415
0,-0.0226908,-2.50213e-07,-0.000469319,0,0.0448375,0.0401605
0,-0.036282,4.57254e-06,-0.000469352,0,0.0481871,0.0408776
0,-0.0492039,8.96116e-06,-0.000469278,0,0.0517794,0.0419623
0,-0.0603764,1.4101e-05,-0.000469114,0,0.0556447,0.0435575
0,-0.0696899,2.01628e-05,-0.00046885,0,0.0597833,0.0455704
0.00212897,-0.0760779,2.83322e-05,-0.000468468,0,0.0641222,0.0481412
0.00867964,-0.0791754,3.90423e-05,-0.000467926,0,0.0684864,0.0512488
0.0152303,-0.0747697,-2.10857e-05,-0.000467172,0,0.0727317,0.0536027
0.021781,-0.068219,-6.30479e-05,-0.000467353,0,0.0768107,0.0585917
0.0283316,-0.0616684,-7.61488e-05,-0.000468341,0,0.0807008,0.0637116
0.0348823,-0.0531971,-4.7372e-05,-0.000469805,0,0.0843847,0.0694001
0.041433,-0.0386635,-1.33019e-05,-0.000470868,0,0.0878459,0.0750699
0.0479837,-0.0218838,2.20305e-05,-0.000471253,0,0.091067,0.0808176
-0.0437257,-0.0901936,5.37807e-05,-0.000470901,0,-0.0042305,-0.0165316
-0.0371751,-0.106952,5.23744e-05,-0.000469888,0,-0.00154646,-0.0193156
-0.0306244,-0.100423,7.45584e-05,-0.000468836,0,0.000837667,-0.0158673
-0.0240737,-0.0768507,0.000113759,-0.0004674,0,0.00289922,-0.00955796
-0.017523,-0.0538544,0.000151361,-0.000465262,0,0.00461508,-0.00413805
-0.0109724,-0.0341217,0.000184545,-0.000462367,0,0.00596516,0.00034021
-0.0044217,-0.0178599,0.000213112,-0.000458792,0,0.00694605,0.00398655
0,-0.00392053,0.000238291,-0.000454587,0,0.00762416,0.00715301
0,0.00430518,0.000256512,-0.000449884,0,0.00816611,0.00911069
0,0.00824788,0.000269326,-0.000444799,0,0.00870697,0.0103046
0,0.00943818,0.000278397,-0.000439458,0,0.00928426,0.0110473
0,0.00999144,0.000286004,-0.000433908,0,0.00991021,0.0117752
0,0.0109589,0.000293293,-0.000428214,0,0.0105906,0.0126685
0,0.0131801,0.000301181,-0.000422374,0,0.0113298,0.0138897
0,0.0173563,0.000310431,-0.00041637,0,0.0121321,0.0155766
0,0.0235902,0.00032117,-0.000410194,0,0.0130019,0.017737
0,0.0309664,0.000332444,-0.000403808,0,0.0139441,0.0201676
0,0.040019,0.000344833,-0.000397193,0,0.0149638,0.0230192
0,0.0493833,0.000356907,-0.000390346,0,0.0160666,0.025976
0,0.0582918,0.000367874,-0.000383256,0,0.0172586,0.0289102
0,0.0666786,0.000377686,-0.000375926,0,0.0185463,0.0318353
0,0.0736257,0.000385395,-0.000368392,0,0.0199367,0.0345544
0,0.078585,0.000390448,-0.000360707,0,0.0214376,0.0369779
0,0.0810922,0.000392371,-0.000352916,0,0.0230574,0.0390257
0,0.0807437,0.000390752,-0.000345075,0,0.024805,0.0406296
0,0.0773417,0.000385416,-0.000337255,0,0.0266904,0.0417676
0,0.0708537,0.00037637,-0.000329528,0,0.0287238,0.0424502
0,0.061521,0.000363908,-0.000321977,0,0.0309168,0.042747
0,0.0497097,0.000348459,-0.000314668,0,0.0332814,0.0427498
0,0.0358203,0.000330487,-0.000307653,0,0.0358309,0.0425561
0,0.0203728,0.000310585,-0.00030098,0,0.0385794,0.0422893
0,0.00405271,0.000289516,-0.000294728,0,0.0415423,0.0421034
0,-0.0140043,0.000266415,-0.000288875,0,0.0448071,0.0421542
0,-0.0310441,0.00024411,-0.000283466,0,0.0484115,0.0425019
0,-0.0462186,0.000223604,-0.000278506,0,0.0523052,0.0434196
0,-0.0587735,0.000205721,-0.000273962,0,0.0564818,0.044977
0,-0.0680863,0.000191148,-0.000269803,0,0.0609204,0.0471955
0.00451396,-0.0737595,0.000180328,-0.000265929,0,0.065494,0.0500541
0.0112013,-0.0787987,0.000153225,-0.000262295,0,0.0700184,0.052334
0.0178886,-0.0721114,4.21523e-05,-0.000259176,0,0.0743925,0.0547959
0.024576,-0.065424,-7.19391e-05,-0.000257889,0,0.0785803,0.0592122
0.0312633,-0.0587367,-0.000155512,-0.000258757,0,0.0825617,0.0643519
0.0379507,-0.0520493,-0.000186348,-0.000261491,0,0.08632,0.0699285
0.044638,-0.0427475,-0.000161522,-0.00026508,-3.20065e-08,0.0898387,0.075922
-0.0489848,-0.0900896,-0.000105372,-0.000268471,0,-0.00721011,-0.0179811
-0.0422975,-0.101546,-0.000103316,-0.000270775,0,-0.00422522,-0.0199452
-0.0356101,-0.12324,-0.000112805,-0.000272848,0,-0.00153728,-0.0227017
-0.0289228,-0.106156,-8.19697e-05,-0.000275085,0,0.000831647,-0.0167914
-0.0222354,-0.0733333,-3.52176e-05,-0.000276786,0,0.00285834,-0.00875337
-0.0155481,-0.0415347,9.70697e-06,-0.000277607,0,0.00451973,-0.00166209
-0.00886073,-0.013097,5.03368e-05,-0.000277525,0,0.00579827,0.00449677
-0.00217339,0.0114088,8.60638e-05,-0.0002766,0,0.00670332,0.00975041
0,0.0338721,0.000118866,-0.00027495,0,0.00735333,0.0146234
0,0.0496092,0.00014379,-0.000272688,0,0.00792394,0.0180628
0,0.0596566,0.000161971,-0.000269899,0,0.00850729,0.0204536
0,0.0626204,0.000171977,-0.000266714,0,0.00912987,0.0214614
0,0.0617519,0.000177296,-0.000263295,0,0.0098012,0.0218597
0,0.0591595,0.000180193,-0.000259762,0,0.0105266,0.0220336
0,0.0569577,0.000182935,-0.000256164,0,0.0113104,0.0224022
0,0.0563365,0.000186804,-0.000252512,0,0.0121572,0.0231771
0,0.0580723,0.000192637,-0.00024879,0,0.0130715,0.0245036
0,0.0618633,0.000200127,-0.000244954,0,0.0140586,0.0262974
0,0.0670773,0.000208617,-0.000240982,0,0.0151237,0.0284304
0,0.073505,0.000217895,-0.000236835,0,0.0162728,0.0308791
0,0.0799168,0.000226672,-0.000232496,0,0.0175121,0.0333798
0,0.0863495,0.000235,-0.00022798,0,0.0188485,0.0359823
0,0.0914026,0.000241415,-0.000223301,0,0.0202892,0.0383788
0,0.0945716,0.000245401,-0.000218488,0,0.0218423,0.0405034
0,0.0953591,0.000246443,-0.000213592,0,0.0235166,0.0422678
0,0.0936358,0.000244423,-0.000208666,0,0.0253213,0.0436666
0,0.0888736,0.000238813,-0.000203769,0,0.0272665,0.0445966
0,0.0814718,0.000230066,-0.000198974,0,0.029363,0.0451752
0,0.071576,0.000218367,-0.000194342,0,0.0316225,0.0454392
0,0.0595213,0.000204104,-0.000189939,0,0.0340577,0.0454767
0,0.0458264,0.00018786,-0.000185821,0,0.036682,0.0454131
0,0.0309821,0.000170184,-0.000182007,0,0.0395101,0.0453613
0,0.015444,0.000151592,-0.000178551,0,0.0425577,0.0454222
0,-0.0015644,0.000131268,-0.000175463,0,0.0459128,0.0457639
0,-0.0172214,0.000112178,-0.000172767,0,0.0496137,0.0464813
0,-0.0309114,9.50518e-05,-0.000170456,0,0.05361,0.0477767
0,-0.0418379,8.07464e-05,-0.000168504,0,0.0578942,0.0497298
0,-0.049475,6.98346e-05,-0.000166853,0,0.0624396,0.0523345
0.0056,-0.053704,6.24568e-05,-0.000165418,0,0.0670951,0.0555111
0.0123879,-0.0579416,5.50143e-05,-0.000164143,0,0.0716715,0.0584358
0.0191757,-0.0681375,4.12392e-05,-0.000163017,0,0.0760859,0.0598438
0.0259636,-0.0640364,9.96466e-06,-0.000162158,0,0.0803069,0.0635122
0.0327515,-0.0572485,-7.73013e-06,-0.000161833,0,0.0843152,0.0683332
0.0395394,-0.0470049,2.95305e-06,-0.000161899,0,0.0880942,0.0740255
0.0463272,-0.0305217,2.00845e-05,-0.000161888,0,0.091627,0.0801
-0.048703,-0.0765902,7.9175e-05,-0.00016153,0,-0.00692293,-0.0150132
-0.0419151,-0.103277,5.02086e-05,-0.000160153,0,-0.00393874,-0.0204896
-0.0351273,-0.125127,-6.23867e-05,-0.000159091,0,-0.00125968,-0.0253685
-0.0283394,-0.118339,-8.49691e-05,-0.000160001,0,0.00109162,-0.0202474
-0.0215515,-0.0935887,-5.33896e-05,-0.000161598,0,0.00309141,-0.0128179
-0.0147636,-0.058688,-1.14535e-05,-0.000162824,0,0.00471635,-0.0048343
-0.00797575,-0.0280103,2.56052e-05,-0.0001632,0,0.00594981,0.00171624
-0.00118788,-0.00812318,5.08428e-05,-0.000162781,0,0.00680676,0.00585965
0,-0.00205687,6.10722e-05,-0.000161814,0,0.00742935,0.00718477
0,-0.00471621,6.17193e-05,-0.000160629,0,0.00799815,0.00696525
0,-0.00771899,6.16811e-05,-0.000159397,0,0.00858668,0.00695432
0,-0.00605526,6.62671e-05,-0.000158163,0,0.00921661,0.00804621
0,0.000113783,7.53052e-05,-0.000156851,0,0.00989623,0.0100679
0,0.0083116,8.61723e-05,-0.000155377,0,0.0106305,0.0124725
0,0.0151155,9.52489e-05,-0.000153692,0,0.0114239,0.0145663
0,0.0202064,0.000102206,-0.000151818,0,0.0122808,0.0163786
0,0.024319,0.000107831,-0.000149799,0,0.013206,0.0180879
0,0.0284007,0.000113134,-0.000147659,0,0.0142046,0.0198913
0,0.0329002,0.000118596,-0.000145407,0,0.0152822,0.0218681
0,0.0376301,0.000124024,-0.000143046,0,0.0164445,0.0239692
0,0.0430082,0.000129863,-0.000140576,0,0.0176981,0.0263001
0,0.0482757,0.000135316,-0.000137999,0,0.0190496,0.0286855
0,0.0523762,0.000139272,-0.000135312,0,0.0205066,0.0309173
0,0.0553924,0.000141829,-0.000132539,0,0.0220773,0.0330519
0,0.0568918,0.000142528,-0.000129711,0,0.0237704,0.034999
0,0.0571904,0.000141715,-0.000126863,0,0.0255954,0.0368516
0,0.0558134,0.000138903,-0.000124026,0,0.0275624,0.0385059
0,0.0525554,0.000133891,-0.000121243,0,0.0296824,0.0399426
0,0.0464435,0.000125671,-0.000118552,0,0.0319671,0.040965
0,0.0379473,0.000114763,-0.000116023,0,0.0344294,0.0417232
0,0.0275807,0.000101735,-0.000113705,0,0.037083,0.0423377
0,0.0156844,8.69709e-05,-0.000111625,0,0.0399425,0.0428877
0,0.0048221,7.32004e-05,-0.000109834,0,0.0430239,0.0439504
0,-0.00837294,5.68746e-05,-0.000108322,0,0.0462521,0.0442217
0,-0.0219787,4.00957e-05,-0.000107144,0,0.0496183,0.0449733
0,-0.0349551,2.39379e-05,-0.000106283,0,0.0532275,0.0460829
0,-0.0464176,9.35187e-06,-0.000105764,0,0.0571168,0.047665
0,-0.058358,-5.75192e-06,-0.000105548,0,0.0612916,0.049161
0.00151117,-0.0680346,-1.84549e-05,-0.000105625,0,0.0656915,0.0511417
0.00822746,-0.0760918,-2.94239e-05,-0.000105962,0,0.0701386,0.0533065
0.0149438,-0.0750562,-8.86072e-05,-0.000106523,0,0.0744718,0.0556832
0.0216601,-0.0683399,-0.000169341,-0.000108147,0,0.0786391,0.0596633
0.0283764,-0.0616236,-0.000238963,-0.000111171,0,0.0826162,0.0643305
0.0350927,-0.0549073,-0.000275324,-0.000115637,0,0.086385,0.0694188
0.0418089,-0.0481031,-0.000256262,-0.00012098,0,0.0899285,0.0749589
0.0485252,-0.0321171,-0.000227973,-0.000126191,0,0.093229,0.0808116
-0.0455029,-0.0786767,-0.000170541,-0.000130821,0,-0.00447709,-0.013691
-0.0387866,-0.063962,-0.000144152,-0.000134433,0,-0.0017213,-0.010043
-0.0320703,-0.0465731,-0.000115492,-0.000137408,0,0.000730004,-0.00499769
-0.025354,-0.0251399,-8.31088e-05,-0.000139818,0,0.00285353,0.000564904
-0.0186377,-0.013247,-6.13545e-05,-0.000141594,0,0.00462537,0.00358249
-0.0119214,-0.00760851,-4.67297e-05,-0.000142897,0,0.00602398,0.00522704
-0.00520513,-0.00607907,-3.69433e-05,-0.000143861,0,0.0070421,0.00596749
0,-0.00443172,-2.7506e-05,-0.000144624,0,0.00773321,0.00678384
0,-0.00460504,-2.04533e-05,-0.000145198,0,0.00826647,0.00719196
0,-0.00594992,-1.50829e-05,-0.000145625,0,0.00879337,0.00742368
0,-0.00715629,-9.9935e-06,-0.000145937,0,0.00935569,0.00776501
0,-0.00724655,-4.13633e-06,-0.00014615,0,0.0099667,0.00840343
0,-0.00549408,3.26812e-06,-0.000146247,0,0.0106324,0.00947831
0,-0.0013461,1.28112e-05,-0.0001462,0,0.0113572,0.0110971
0,0.0046127,2.38784e-05,-0.000145977,0,0.0121451,0.013117
0,0.0124219,3.65122e-05,-0.000145527,0,0.0130007,0.015568
0,0.0217932,5.04069e-05,-0.000144829,0,0.0139287,0.0183891
0,0.0317028,6.44789e-05,-0.000143869,0,0.0149341,0.0213638
0,0.0414583,7.79978e-05,-0.000142629,0,0.0160226,0.0243712
0,0.0511067,9.10174e-05,-0.000141116,0,0.0172,0.0274471
0,0.0598105,0.000102657,-0.000139329,0,0.0184727,0.0304087
0,0.0665973,0.000111899,-0.000137299,0,0.0198478,0.0330687
0,0.071899,0.000119212,-0.000135079,0,0.0213329,0.0355588
0,0.0746161,0.000123445,-0.000132713,0,0.0229363,0.0376285
0,0.0747122,0.000124572,-0.000130255,0,0.024667,0.0393101
0,0.0714935,0.00012188,-0.000127767,0,0.0265345,0.0404594
0,0.0654182,0.000115879,-0.00012532,0,0.0285493,0.041211
0,0.056606,0.000106723,-0.000122982,0,0.0307226,0.0415931
0,0.0453758,9.47754e-05,-0.00012082,0,0.0330665,0.0416902
0,0.032177,8.05409e-05,-0.000118883,0,0.0355941,0.0416119
0,0.0174815,6.45484e-05,-0.000117243,0,0.0383195,0.0414696
0,0.0019924,4.75663e-05,-0.000115896,0,0.0412577,0.0414233
0,-0.0155132,2.8304e-05,-0.000114886,0,0.0444887,0.0415121
0,-0.0319668,1.00337e-05,-0.000114271,0,0.0480478,0.0419347
0,-0.0463629,-6.14947e-06,-0.000114034,0,0.051892,0.0429742
0,-0.0581905,-1.9691e-05,-0.0001141,0,0.0560175,0.0446451
0,-0.0675883,-3.07206e-05,-0.00011446,0,0.0604077,0.0468069
0.003833,-0.0733238,-3.79214e-05,-0.000115053,0,0.0649503,0.0496465
0.0104991,-0.0762055,-4.21424e-05,-0.000115786,0,0.0694635,0.0528842
0.0171652,-0.0728348,-6.53859e-05,-0.00011662,0,0.0738334,0.0565541
0.0238312,-0.0661688,-0.00011592,-0.000117835,0,0.0780206,0.0604142
0.0304973,-0.0595027,-0.000166441,-0.000119926,0,0.0820045,0.0647921
0.0371634,-0.0528366,-0.000166943,-0.000123028,0,0.0857682,0.0703469
0.0438295,-0.04027,-0.000147079,-0.000126363,6.13959e-08,0.0892952,0.0760431
-0.0494957,-0.089042,-9.27889e-05,-0.000129424,1.32349e-23,-0.00742334,-0.017984
-0.0428296,-0.100042,-9.82906e-05,-0.000131415,0,-0.00442376,-0.0197759
-0.0361635,-0.126163,-0.000177966,-0.00013337,0,-0.00171767,-0.0251421
-0.0294974,-0.119497,-0.000176807,-0.00013673,0,0.000673095,-0.0202015
-0.0228313,-0.0943915,-0.000141179,-0.000140272,0,0.00272546,-0.0131659
-0.0161652,-0.0658509,-0.000102384,-0.000143327,0,0.00441634,-0.00656637
-0.00949917,-0.0389986,-6.58644e-05,-0.000145472,0,0.00572745,-0.000656407
-0.00283308,-0.014787,-3.26323e-05,-0.000146917,0,0.00666451,0.00458189
0,0.00497037,-4.6096e-06,-0.000147686,0,0.00733121,0.00885465
0,0.0177742,1.55582e-05,-0.000147848,0,0.0079011,0.0117074
0,0.0257859,3.01709e-05,-0.000147607,0,0.00847908,0.0137182
0,0.0277587,3.79346e-05,-0.000147055,0,0.00909496,0.0145547
0,0.0267226,4.20847e-05,-0.000146312,0,0.0097591,0.0149365
0,0.0244989,4.45731e-05,-0.000145485,0,0.010477,0.0151908
0,0.0230797,4.75253e-05,-0.000144599,0,0.011253,0.0157171
0,0.0234127,5.19553e-05,-0.000143655,0,0.0120917,0.0166763
0,0.0257728,5.81608e-05,-0.000142627,0,0.0129976,0.0181079
0,0.0306475,6.66607e-05,-0.000141476,0,0.0139757,0.0201185
0,0.0374233,7.68065e-05,-0.00014016,0,0.0150315,0.0225623
0,0.0447281,8.71486e-05,-0.000138649,0,0.0161708,0.0251542
0,0.052272,9.73854e-05,-0.000136942,0,0.0173998,0.0278741
0,0.0600116,0.000107475,-0.000135015,0,0.0187251,0.0307271
0,0.066317,0.000115702,-0.000132901,0,0.0201541,0.0333562
0,0.0708307,0.0001217,-0.000130616,0,0.0216949,0.0357351
0,0.0728871,0.000124772,-0.000128197,0,0.0233559,0.037733
0,0.0721218,0.000124549,-0.000125709,0,0.0251464,0.039297
0,0.0684353,0.000120946,-0.000123217,0,0.0270765,0.0404261
0,0.0618967,0.000114062,-0.000120789,0,0.0291569,0.0411516
0,0.0527033,0.000104131,-0.000118494,0,0.0313991,0.0415307
0,0.0411241,9.14641e-05,-0.000116377,0,0.0338157,0.0416354
0,0.0276212,7.65804e-05,-0.000114522,0,0.0364201,0.0415798
0,0.0128129,6.016e-05,-0.000112939,0,0.0392268,0.0415074
0,-0.00294333,4.26059e-05,-0.000111678,0,0.0422515,0.0414941
0,-0.0189948,2.46521e-05,-0.000110764,0,0.0455155,0.0417135
0,-0.0343146,7.38194e-06,-0.000110227,0,0.0490378,0.0422977
0,-0.047882,-8.11231e-06,-0.000110018,0,0.0528303,0.0434271
0,-0.0590663,-2.11472e-05,-0.00011015,0,0.0569019,0.0451399
0,-0.0709791,-3.49943e-05,-0.00011054,0,0.0612322,0.0466232
0.00509895,-0.0849011,-0.000111526,-0.000111205,0,0.0656828,0.0458874
0.0116782,-0.0783218,-0.000407595,-0.000113245,0,0.0700709,0.0469532
0.0182575,-0.0717425,-0.000857959,-0.000120064,0,0.0743096,0.0492888
0.0248368,-0.0651632,-0.00146862,-0.000134521,0,0.0783665,0.0522138
0.0314161,-0.0585839,-0.00204617,-0.00016084,-0.00870994,0.0822223,0.05555
0.0379954,-0.0520046,-0.00234286,-0.000198876,-0.0271883,0.0858606,0.0591844
0.0445747,-0.0971734,-0.00226313,-0.000244398,-0.0517481,0.0892647,0.0630359
-0.0475353,-0.137535,-0.00250704,-0.000290059,-5.20417e-18,-0.00627234,-0.0331336
-0.0409561,-0.130956,-0.00282514,-0.000339102,0,-0.00339108,-0.0330587
-0.0343768,-0.124377,-0.00321668,-0.000393696,0,-0.000801291,-0.0310054
-0.0277975,-0.117797,-0.00344353,-0.000455485,0,0.00147504,-0.0266941
-0.0212182,-0.111218,-0.00336168,-0.000523335,0,0.00341484,-0.0201291
-0.0146389,-0.0945347,-0.00314217,-0.000591141,0,0.00499535,-0.0121675
-0.00805962,-0.0646224,-0.00291576,-0.000655521,0,0.0062,-0.00529042
-0.00148034,-0.0409529,-0.00270308,-0.000714403,0,0.00704145,-0.000291619
0,-0.0241467,-0.00250465,-0.000768889,0,0.00765036,0.00332044
0,-0.0150592,-0.00232135,-0.000819677,0,0.00820096,0.0054174
0,-0.00997558,-0.00214933,-0.000866562,0,0.00877094,0.00687404
0,-0.00838272,-0.00198794,-0.000909893,0,0.009383,0.00770768
0,-0.00861143,-0.00183516,-0.000950055,0,0.0100456,0.00828265
0,-0.0101596,-0.00169023,-0.000987064,0,0.0107637,0.00866849
0,-0.0123642,-0.00155222,-0.00102138,0,0.0115417,0.00900386
0,-0.0139988,-0.00141963,-0.00105277,0,0.0123838,0.00954952
0,-0.0144826,-0.00129162,-0.00108162,0,0.0132949,0.0104059
0,-0.0131676,-0.00116732,-0.00110784,0,0.0142799,0.011707
0,-0.00975765,-0.00104623,-0.00113143,0,0.0153443,0.0135064
0,-0.00514966,-0.000929115,-0.00115278,0,0.0164939,0.0156001
0,0.000729707,-0.000815731,-0.00117177,0,0.0177349,0.0180361
0,0.00710057,-0.000706747,-0.00118849,0,0.0190741,0.0206444
0,0.0133165,-0.000602701,-0.001203,0,0.020519,0.0233091
0,0.0188386,-0.000504025,-0.00121542,0,0.0220777,0.0259356
0,0.023151,-0.000410998,-0.00122575,0,0.0237588,0.0284323
0,0.0258712,-0.000323868,-0.0012342,0,0.0255717,0.030738
0,0.0262551,-0.000243306,-0.00124098,0,0.0275265,0.0327078
0,0.0241143,-0.000169386,-0.00124605,0,0.029634,0.034334
0,0.0200823,-0.000101306,-0.00124962,0,0.0319062,0.0357794
0,0.013666,-3.94603e-05,-0.00125178,0,0.0343555,0.0369327
0,0.00499301,1.64147e-05,-0.0012527,0,0.0369957,0.0378551
0,-0.00572521,6.66637e-05,-0.00125251,0,0.0398413,0.0386075
0,-0.0180722,0.00011183,-0.00125128,0,0.0429083,0.0392896
0,-0.0290748,0.00015604,-0.00124913,0,0.0461039,0.0400168
0,-0.0472097,0.000188598,-0.00124569,0,0.0494423,0.0397548
0,-0.0758433,0.000207508,-0.00124262,0,0.0530217,0.0372989
0,-0.09,9.0275e-05,-0.00123854,0,0.0568443,0.0344203
0,-0.09,-0.000235463,-0.00123626,0,0.0609264,0.035225
0.00371518,-0.0862848,-0.000733818,-0.00123934,0,0.0651668,0.0376523
0.0101764,-0.0798236,-0.00130365,-0.00125177,0,0.0693906,0.0416132
0.0166375,-0.0733625,-0.00191447,-0.00127443,0,0.0734871,0.0456255
0.0230987,-0.0669013,-0.00256042,-0.00130997,0,0.0774175,0.0494825
0.0295599,-0.0604401,-0.00308618,-0.00135827,-0.0117024,0.0811612,0.0530806
0.0360211,-0.0539789,-0.00329425,-0.00141658,-0.0297902,0.084701,0.0567925
0.0424823,-0.103407,-0.00310328,-0.00148101,-0.0558888,0.0880205,0.0604986
-0.0479743,-0.137974,-0.00356132,-0.00154412,0,-0.00581582,-0.0357663
-0.0415131,-0.117281,-0.00327448,-0.00161237,0,-0.00299121,-0.0212416
-0.0350519,-0.0503681,-0.00294884,-0.00167915,0,-0.000443636,-0.00511701
-0.0285907,-0.0210822,-0.00267302,-0.00173927,0,0.00180531,0.000961173
-0.0221296,-0.0091031,-0.00242549,-0.00179369,0,0.00373286,0.00392339
-0.0156684,-0.00216252,-0.00219294,-0.00184282,0,0.00531628,0.00598046
-0.00920719,0.00362955,-0.00197104,-0.00188715,0,0.00653754,0.00771934
-0.002746,0.00378042,-0.00176431,-0.00192745,0,0.0074019,0.00810677
0,0.000828743,-0.00156986,-0.00196346,0,0.00800959,0.00792215
0,-0.00462368,-0.00138686,-0.00199564,0,0.00852861,0.00728201
0,-0.0102851,-0.00121286,-0.00202383,0,0.00906044,0.00670533
0,-0.0146023,-0.00104603,-0.00204853,0,0.00963379,0.00648388
0,-0.0164514,-0.000884882,-0.00207003,0,0.0102586,0.0068305
0,-0.0152488,-0.000728489,-0.00208813,0,0.01094,0.00784828
0,-0.011074,-0.000576624,-0.00210325,0,0.0116823,0.00950684
0,-0.00393224,-0.00042901,-0.00211531,0,0.0124896,0.0118115
0,0.00492382,-0.000286715,-0.00212441,0,0.0133664,0.0144859
0,0.0159484,-0.000149041,-0.00213064,0,0.0143177,0.0176722
0,0.027239,-1.7808e-05,-0.0021341,0,0.0153485,0.0209361
0,0.0388207,0.000107209,-0.00213479,0,0.0164647,0.0243423
0,0.0504762,0.000226003,-0.00213308,0,0.0176722,0.0278473
0,0.0604871,0.000336993,-0.00212904,0,0.0189777,0.0310787
0,0.0686849,0.000440241,-0.00212258,0,0.0203883,0.0340541
0,0.0740102,0.000534856,-0.00211403,0,0.0219119,0.0365484
0,0.0761428,0.000620782,-0.00210357,0,0.0235571,0.0385285
0,0.0748547,0.00069801,-0.00209132,0,0.025333,0.0399618
0,0.0702823,0.000766878,-0.00207763,0,0.0272494,0.0408964
0,0.0624032,0.000827552,-0.00206254,0,0.0293172,0.0413365
0,0.0517151,0.000880748,-0.00204614,0,0.0315477,0.0414092
0,0.0385761,0.000927038,-0.00202866,0,0.0339535,0.0411978
0,0.0233201,0.000966981,-0.00201028,0,0.0365478,0.0407853
0,0.00654763,0.0010014,-0.00199108,0,0.0393453,0.0403145
0,-0.0149291,0.00102486,-0.00197117,0,0.0425286,0.039931
0,-0.034576,0.00104835,-0.00195076,0,0.0461628,0.0398311
0,-0.0522917,0.00107026,-0.00192985,0,0.0501063,0.0402965
0,-0.0673919,0.00109147,-0.00190852,0,0.0543301,0.0414015
0,-0.0795714,0.00111253,-0.00188674,0,0.0588115,0.0431003
0.00381835,-0.0861817,0.00112092,-0.00186454,0,0.0634376,0.0454496
0.010459,-0.079541,0.00104798,-0.00184215,0,0.0680271,0.0482869
0.0170996,-0.0729004,0.000875346,-0.00182086,0,0.0724673,0.0515233
0.0237402,-0.0662598,0.000596879,-0.00180258,0,0.0767192,0.0546259
0.0303808,-0.0596192,0.000261061,-0.00178897,0,0.0807627,0.0581146
0.0370214,-0.0529786,7.79385e-05,-0.00178156,-0.0129872,0.0845817,0.062385
0.043662,-0.0753587,0.000135684,-0.00177918,-0.0290207,0.0881598,0.0672494
-0.0493065,-0.134996,0.000178229,-0.00177687,3.46945e-18,-0.00812902,-0.0278665
-0.0426659,-0.132666,0.000175083,-0.00177358,0,-0.00508507,-0.0286337
-0.0360253,-0.126025,-0.000238483,-0.00177007,0,-0.00233738,-0.0318101
-0.0293847,-0.119385,-0.000471753,-0.00177277,0,9.25709e-05,-0.0268028
-0.0227441,-0.112744,-0.000452981,-0.00178116,0,0.00218209,-0.0205225
-0.0161035,-0.103624,-0.00033141,-0.0017903,0,0.00390843,-0.0149154
-0.00946287,-0.0827107,-0.000202794,-0.00179772,0,0.00525363,-0.00976215
-0.00282226,-0.0583571,-7.59471e-05,-0.00180223,0,0.0062236,-0.0042982
0,-0.0359282,4.36033e-05,-0.00180419,0,0.00692186,0.0005945
0,-0.0184277,0.000152819,-0.00180362,0,0.00752147,0.0044484
0,-0.00412541,0.000253597,-0.00180094,0,0.00812712,0.00775908
0,0.00458559,0.000343498,-0.00179622,0,0.00876869,0.0099494
0,0.00955776,0.000424625,-0.00178958,0,0.00945665,0.0115073
0,0.0121814,0.000498643,-0.00178137,0,0.0101966,0.0126964
0,0.0142408,0.000567628,-0.00177165,0,0.0109931,0.0138821
0,0.0167778,0.000632852,-0.00176047,0,0.0118508,0.0152522
0,0.0205851,0.000695315,-0.00174798,0,0.0127742,0.0169597
0,0.0260182,0.00075554,-0.00173423,0,0.0137687,0.0190674
0,0.0328069,0.000813377,-0.00171927,0,0.0148396,0.0215099
0,0.0404964,0.000868479,-0.0017032,0,0.0159929,0.0241986
0,0.0485277,0.000920387,-0.00168597,0,0.0172349,0.0270269
0,0.056136,0.000968432,-0.00166775,0,0.0185722,0.029846
0,0.0627029,0.00101211,-0.00164855,0,0.0200124,0.0325461
0,0.0674824,0.00105076,-0.00162841,0,0.0215635,0.0349851
0,0.0700054,0.00108402,-0.00160753,0,0.0232341,0.0370877
0,0.0701018,0.00111183,-0.00158594,0,0.0250335,0.0388386
0,0.0676766,0.00113421,-0.00156376,0,0.0269719,0.0402326
0,0.0626205,0.00115119,-0.00154112,0,0.0290599,0.0412609
0,0.0548593,0.00116282,-0.00151813,0,0.0313092,0.041925
0,0.0447064,0.00116954,-0.00149491,0,0.0337323,0.0423142
0,0.0323935,0.00117175,-0.00147153,0,0.0363428,0.0424901
0,0.0184285,0.00117011,-0.0014481,0,0.0391552,0.0425776
0,-0.00251873,0.00115808,-0.00142469,0,0.0424475,0.0427119
0,-0.0217312,0.00114641,-0.0014015,0,0.0463122,0.0429228
0,-0.0396923,0.00113424,-0.00137854,0,0.0505182,0.0435447
0,-0.0554321,0.00112267,-0.00135583,0,0.0550125,0.0447218
0,-0.0680265,0.00111282,-0.00133335,0,0.0597608,0.0465324
0.004951,-0.0765468,0.00110582,-0.00131107,0,0.0646237,0.0490654
0.01178,-0.07822,0.00108236,-0.00128893,0,0.0694128,0.0522321
0.0186089,-0.0713911,0.000970029,-0.00126719,0,0.0740321,0.0548055
0.0254379,-0.0645621,0.000658252,-0.00124723,0,0.0784475,0.0567825
0.0322668,-0.0577332,0.000260866,-0.00123266,0,0.0826397,0.0599921
0.0390958,-0.0509042,1.57179e-05,-0.00122566,-0.0165002,0.0865925,0.063827
0.0459248,-0.0796926,4.04218e-05,-0.00122412,-0.0356174,0.0902898,0.068245
-0.0496807,-0.132577,9.30647e-05,-0.00122342,6.93889e-18,-0.00872049,-0.0275182
-0.0428517,-0.132852,-0.000621795,-0.00122179,-1.54074e-33,-0.00558835,-0.0375103
-0.0360228,-0.126023,-0.00376528,-0.00123244,2.35203e-49,-0.00276869,-0.0451908
-0.0291938,-0.119194,-0.00639234,-0.00128732,0,-0.000283584,-0.0412797
-0.0223649,-0.112365,-0.00746525,-0.00139809,0,0.00184368,-0.0330221
-0.0155359,-0.105536,-0.00733485,-0.00154203,0,0.00359,-0.0221549
-0.00870693,-0.0959355,-0.00685382,-0.00168931,0,0.00493826,-0.0129484
-0.00187796,-0.0634932,-0.00636552,-0.00182855,0,0.00590024,-0.00533483
0,-0.035261,-0.00589855,-0.00195757,0,0.00660457,0.000655732
0,-0.016033,-0.00545789,-0.00207671,0,0.00723169,0.00476086
0,-0.00470311,-0.00504254,-0.00218741,0,0.00786926,0.00738347
0,0.000347796,-0.00465058,-0.00228992,0,0.00854283,0.00886326
0,0.001275,-0.00427921,-0.00238431,0,0.0092619,0.00964282
0,-0.000362295,-0.00392621,-0.00247119,0,0.0100319,0.0100154
0,-0.00298201,-0.00358937,-0.00255042,0,0.0108576,0.0102962
0,-0.00703377,-0.00326862,-0.00262339,0,0.0117435,0.0103443
0,-0.00948607,-0.00296028,-0.00268972,0,0.0126947,0.0108573
0,-0.00943634,-0.00266291,-0.00274954,0,0.0137164,0.0119575
0,-0.00667659,-0.0023758,-0.00280384,0,0.0148142,0.0136716
0,-0.00204626,-0.0020994,-0.00285251,0,0.0159942,0.0158111
0,0.00362446,-0.00183415,-0.00289546,0,0.0172627,0.0182198
0,0.0102848,-0.00157973,-0.00293307,0,0.0186268,0.0209169
0,0.0171122,-0.00133664,-0.00296556,0,0.0200941,0.0237266
0,0.0236633,-0.00110503,-0.0029929,0,0.0216726,0.0265807
0,0.0283536,-0.000885918,-0.00301581,0,0.0233712,0.0291453
0,0.0319934,-0.000678033,-0.00303419,0,0.0251995,0.0316568
0,0.0333231,-0.000482445,-0.00304847,0,0.0271675,0.0338213
0,0.0324045,-0.000298785,-0.00305881,0,0.0292862,0.0357015
0,0.0295437,-0.000126436,-0.00306515,0,0.0315675,0.0373799
0,0.0243976,3.45466e-05,-0.00306811,0,0.0340241,0.038788
0,0.0171917,0.000184711,-0.00306798,0,0.0366697,0.0400046
0,0.00767183,0.000324077,-0.00306481,0,0.0395189,0.0409838
0,-0.0135515,0.000435062,-0.00305882,0,0.0427944,0.0406951
0,-0.0689379,0.000509412,-0.00305051,0,0.0465724,0.0327054
0,-0.09,0.000194214,-0.00304054,0,0.0506745,0.0257259
0,-0.09,-0.000553178,-0.00303587,0,0.0550605,0.0258249
0,-0.09,-0.001424,-0.00304357,0,0.0596979,0.02946
0.00520741,-0.0847926,-0.00259758,-0.00306639,0,0.064443,0.032789
0.0119266,-0.0780734,-0.00389307,-0.00311071,0,0.0691094,0.0369184
0.0186459,-0.0713541,-0.0053034,-0.0031821,0,0.0736093,0.0408534
0.0253651,-0.0646349,-0.00653588,-0.00328252,-0.0213807,0.0779103,0.0441414
0.0320843,-0.0579157,-0.00734341,-0.00340831,-0.0444301,0.0819938,0.0465503
0.0388036,-0.0511964,-0.00757561,-0.00355155,-0.0656474,0.0858438,0.0486542
0.0455228,-0.153555,-0.00709824,-0.00370201,-0.109078,0.0894441,0.0507977
-0.0485465,-0.138546,-0.00872163,-0.00384708,6.93889e-18,-0.00801128,-0.0451393
-0.0418272,-0.118505,-0.00803764,-0.00401421,7.70372e-34,-0.0049641,-0.0229628
-0.035108,-0.0278443,-0.00730282,-0.00417838,0,-0.00222322,-0.00137467
-0.0283888,-0.00249398,-0.0066617,-0.00432627,0,0.000189483,0.00324637
-0.0216695,0.00478028,-0.00606476,-0.00446079,0,0.00225093,0.00534155
-0.0149503,0.00671721,-0.00549744,-0.00458417,0,0.00393836,0.00647562
-0.00823106,0.00885531,-0.00495335,-0.00469611,0,0.00523525,0.00760112
-0.00151183,0.00477845,-0.00443883,-0.00479735,0,0.00615493,0.00721474
0,-0.00183669,-0.00394944,-0.00488742,0,0.00683119,0.00640575
0,-0.00903302,-0.00348283,-0.00496738,0,0.00744227,0.00555665
0,-0.0157544,-0.00303782,-0.00503797,0,0.00806781,0.00486716
0,-0.021031,-0.00261282,-0.00509962,0,0.00873123,0.0045323
0,-0.0240169,-0.00220617,-0.00515294,0,0.00944141,0.00471913
0,-0.02413,-0.00181643,-0.00519787,0,0.0102036,0.00553857
0,-0.0211857,-0.00144262,-0.00523518,0,0.0110225,0.00701991
0,-0.0149091,-0.0010837,-0.00526496,0,0.0119025,0.00922411
0,-0.00601795,-0.000739713,-0.00528772,0,0.0128487,0.0119873
0,0.00544474,-0.000410073,-0.00530371,0,0.0138663,0.0153253
0,0.0170684,-9.6827e-05,-0.00531307,0,0.0149608,0.0187043
0,0.0289762,0.00020062,-0.0053161,0,0.0161384,0.0222253
0,0.0387762,0.000480243,-0.00531313,0,0.0174053,0.0253549
0,0.0477687,0.000744001,-0.00530422,0,0.0187686,0.0284592
0,0.0544153,0.000990857,-0.00529027,0,0.0202359,0.0311637
0,0.0586338,0.0012213,-0.00527094,0,0.0218152,0.0335017
0,0.0600667,0.00143572,-0.00524733,0,0.0235154,0.035404
0,0.0588114,0.00163475,-0.00521936,0,0.0253461,0.0369127
0,0.0547395,0.0018187,-0.00518736,0,0.0273173,0.0380079
0,0.0480993,0.00198827,-0.00515163,0,0.0294402,0.0387623
0,0.0388692,0.00214389,-0.00511246,0,0.0317264,0.0391794
0,0.0274948,0.00228651,-0.00507013,0,0.0341889,0.0393773
0,0.0143092,0.00241689,-0.00502483,0,0.0368412,0.0394366
0,-0.000168554,0.00253595,-0.00497688,0,0.0396981,0.0394817
0,-0.0153252,0.00264462,-0.0049264,0,0.0427756,0.0396475
0,-0.029491,0.0027452,-0.00487389,0,0.0460396,0.0400565
0,-0.0437038,0.00283657,-0.00481928,0,0.0494931,0.0407523
0,-0.0565434,0.0029204,-0.00476287,0,0.0532001,0.0419166
0,-0.0672711,0.00299787,-0.00470463,0,0.0571812,0.0435989
0,-0.0749334,0.00307049,-0.00464487,0,0.0614129,0.0458936
0.0062681,-0.0792702,0.00313897,-0.00458371,0,0.0657325,0.048748
0.0126969,-0.0773031,0.00318122,-0.00452114,0,0.0699584,0.0520577
0.0191257,-0.0708743,0.00317503,-0.00445766,0,0.0740308,0.0554081
0.0255546,-0.0644454,0.00316718,-0.00439412,0,0.0779239,0.0598174
0.0319834,-0.0580166,0.00319832,-0.00433074,0,0.0816204,0.0651621
0.0384122,-0.0488688,0.00325771,-0.00426693,0,0.0851043,0.0705692
0.044841,-0.0319522,0.00331915,-0.00420216,0,0.0883589,0.076554
-0.0451624,-0.0972272,0.00335228,-0.0041359,0,-0.00506557,-0.0184947
-0.0387336,-0.107911,0.00337499,-0.00406897,0,-0.00232374,-0.0198713
-0.0323048,-0.112539,0.00339832,-0.00400153,0,0.000131718,-0.0190108
-0.025876,-0.0891201,0.00344599,-0.00393363,0,0.00227893,-0.0123345
-0.0194472,-0.0623491,0.00349233,-0.00386485,0,0.00409507,-0.00598537
-0.0130184,-0.0382324,0.00353123,-0.00379517,0,0.00555798,-0.000572092
-0.00658954,-0.0169512,0.00356274,-0.00372468,0,0.0066529,0.0041061
-0.00016072,0.00292709,0.00358851,-0.00365354,0,0.00739912,0.00846735
0,0.0159835,0.00360281,-0.00358186,0,0.00795199,0.0113323
0,0.0215445,0.00360513,-0.00350984,0,0.00848467,0.0127394
0,0.0218758,0.00359829,-0.00343775,0,0.00904787,0.0132283
0,0.0192073,0.00358495,-0.00336577,0,0.0096572,0.0132406
0,0.0157202,0.00356763,-0.00329401,0,0.0103193,0.0132069
0,0.0129283,0.00354809,-0.0032226,0,0.0110386,0.0134091
0,0.0117911,0.0035275,-0.00315156,0,0.0118193,0.0140238
0,0.0127817,0.0035065,-0.00308094,0,0.0126658,0.0151345
0,0.016058,0.00348539,-0.00301074,0,0.0135828,0.016768
0,0.0214779,0.00346413,-0.00294095,0,0.0145753,0.018893
0,0.0286661,0.00344244,-0.0028716,0,0.0156489,0.0214349
0,0.0371925,0.00341996,-0.00280267,0,0.0168094,0.0243132
0,0.0452477,0.0033949,-0.00273421,0,0.018063,0.0271407
0,0.0526985,0.00336725,-0.00266626,0,0.0194167,0.0299453
0,0.0589701,0.00333654,-0.00259882,0,0.020878,0.0326095
0,0.0627437,0.00330153,-0.00253198,0,0.022455,0.0348616
0,0.0641458,0.00326224,-0.00246584,0,0.0241566,0.0367762
0,0.0628812,0.0032185,-0.00240046,0,0.0259921,0.0382937
0,0.0589063,0.00317044,-0.00233594,0,0.027972,0.0394245
0,0.052356,0.00311835,-0.00227241,0,0.0301071,0.0402138
0,0.0434676,0.00306263,-0.00220991,0,0.0324095,0.0407268
0,0.032663,0.00300387,-0.00214852,0,0.0348918,0.0410691
0,0.0205782,0.00294289,-0.00208824,0,0.0375679,0.0413902
0,0.00744752,0.00288005,-0.00202916,0,0.0404528,0.0417414
0,-0.0105461,0.00281354,-0.00197138,0,0.0437481,0.0422191
0,-0.0267898,0.00274551,-0.00191487,0,0.0475244,0.0429115
0,-0.0414748,0.00267863,-0.00185983,0,0.0516224,0.0440711
0,-0.0540486,0.00261355,-0.00180602,0,0.0560059,0.0457386
0,-0.0643551,0.00255058,-0.00175352,0,0.060638,0.0478301
0.00619961,-0.0717989,0.00249047,-0.00170229,0,0.0653537,0.0503863
0.0129019,-0.0765467,0.00243313,-0.00165233,0,0.0699647,0.053304
0.0196042,-0.0703958,0.00231747,-0.00160355,0,0.0744029,0.056443
0.0263065,-0.0636935,0.00216636,-0.00155697,0,0.0786407,0.0600406
0.0330087,-0.0569913,0.00196778,-0.00151296,0,0.0826607,0.0635397
0.039711,-0.050289,0.00178038,-0.00147271,-0.00320282,0.0864471,0.0673375
0.0464133,-0.0559264,0.00174813,-0.00143626,-0.0123397,0.0899833,0.073044
-0.0474187,-0.114926,0.00179225,-0.00140114,0,-0.00728257,-0.0232578
-0.0407164,-0.130716,0.00161461,-0.00136549,0,-0.00430098,-0.0292545
-0.0340141,-0.124014,0.00107557,-0.00133249,0,-0.00162682,-0.0311439
-0.0273118,-0.117312,0.000893685,-0.00130748,0,0.000717746,-0.023975
-0.0206095,-0.11061,0.000906117,-0.00128842,0,0.00270948,-0.0172514
-0.0139072,-0.0868397,0.000943751,-0.00127035,0,0.00432572,-0.0110168
-0.00720496,-0.0600739,0.000982792,-0.00125165,0,0.00555111,-0.00501944
-0.000502671,-0.0366531,0.00101658,-0.00123213,0,0.0064043,4.63899e-05
0,-0.0162046,0.00104559,-0.00121193,0,0.00704037,0.00452396
0,-5.93243e-05,0.00106849,-0.00119114,0,0.00763938,0.008145
0,0.0134507,0.00108708,-0.00116982,0,0.00826101,0.0113353
0,0.0209766,0.00109787,-0.00114812,0,0.00892346,0.0133028
0,0.023603,0.00110209,-0.0011262,0,0.00963422,0.0143898
0,0.0239798,0.00110264,-0.00110417,0,0.0103982,0.0151641
0,0.023565,0.00110112,-0.00108212,0,0.01122,0.0158823
0,0.0241102,0.00109946,-0.00106009,0,0.0121041,0.0169009
0,0.0263551,0.00109848,-0.0010381,0,0.0130554,0.0183412
0,0.0306568,0.00109862,-0.00101613,0,0.0140793,0.0202677
0,0.0366952,0.00109957,-0.000994155,0,0.0151814,0.0226043
0,0.0439649,0.00110082,-0.000972167,0,0.0163677,0.025252
0,0.0516833,0.0011016,-0.000950155,0,0.0176446,0.0280562
0,0.0589837,0.00110104,-0.000928124,0,0.0190193,0.0308516
0,0.0653685,0.00109865,-0.000906101,0,0.0204992,0.0335586
0,0.0694283,0.00109301,-0.00088412,0,0.0220927,0.0358831
0,0.0711235,0.00108404,-0.000862246,0,0.0238087,0.037865
0,0.0699781,0.00107129,-0.000840542,0,0.0256568,0.0394091
0,0.0658963,0.00105474,-0.000819085,0,0.0276471,0.0405189
0,0.058854,0.00103443,-0.000797957,0,0.029791,0.0412054
0,0.0492295,0.00101082,-0.000777228,0,0.0321002,0.0415701
0,0.0372088,0.000984167,-0.000756929,0,0.0345876,0.0416616
0,0.0232566,0.000955042,-0.000737165,0,0.0372672,0.0415976
0,0.00807167,0.000924239,-0.000717963,0,0.0401538,0.0415386
0,-0.0105071,0.000889891,-0.000699401,0,0.0433844,0.0416058
0,-0.0277043,0.00085614,-0.000681483,0,0.047011,0.0419652
0,-0.0434078,0.000823701,-0.000664242,0,0.0509365,0.0428114
0,-0.0564471,0.000793856,-0.000647654,0,0.0551441,0.044332
0,-0.0667591,0.000766729,-0.000631688,0,0.0596174,0.0464141
0.00319596,-0.0729481,0.000743846,-0.000616285,0,0.0642572,0.049273
0.0099243,-0.0763009,0.000723876,-0.000601351,0,0.0688815,0.0525127
0.0166526,-0.0733474,0.000678083,-0.000586834,0,0.0733627,0.0560026
0.023381,-0.066619,0.000601435,-0.00057318,0,0.0776579,0.059853
0.0301093,-0.0598907,0.000512527,-0.000560807,0,0.0817456,0.0639674
0.0368376,-0.0531624,0.000455874,-0.000549978,0,0.0856092,0.0690824
0.043566,-0.0463805,0.000458807,-0.000540493,0,0.0892321,0.0747711
0.0502943,-0.030037,0.000471446,-0.00053133,0,0.0925971,0.0807343
-0.0439024,-0.0963892,0.000525424,-0.000522154,0,-0.00835147,-0.0202848
-0.0371741,-0.122722,0.00049096,-0.000511778,0,-0.00533086,-0.0255714
-0.0304457,-0.116695,0.000490426,-0.000501856,0,-0.00264704,-0.0217573
-0.0237174,-0.0914641,0.000509912,-0.000492045,0,-0.000320657,-0.014876
-0.016989,-0.0642771,0.000531146,-0.000481906,0,0.00162649,-0.00839407
-0.0102607,-0.0397882,0.000549207,-0.000471336,0,0.00317641,-0.002808
-0.00353238,-0.0177644,0.000564354,-0.000460397,0,0.00433235,0.00215235
0,0.00401717,0.00057894,-0.00044914,0,0.00518545,0.00706834
0,0.018405,0.000585397,-0.000437605,0,0.00591027,0.0103336
0,0.0274006,0.00058588,-0.000425913,0,0.00662673,0.0126248
0,0.029776,0.000579143,-0.000414197,0,0.00736914,0.0136198
0,0.0284974,0.000568363,-0.000402594,0,0.00814955,0.0140239
0,0.0259212,0.000556062,-0.000391205,0,0.00897438,0.0142869
0,0.0237951,0.000544104,-0.000380041,0,0.00984873,0.0147388
0,0.0231281,0.000533566,-0.000369117,0,0.0107776,0.0155615
0,0.0246552,0.000525232,-0.000358408,0,0.0117662,0.0168964
0,0.0283839,0.000519111,-0.000347875,0,0.0128199,0.0187299
0,0.0340005,0.000514868,-0.000337471,0,0.0139448,0.0209972
0,0.0409784,0.000511947,-0.000327159,0,0.0151468,0.0235948
0,0.0485808,0.000509567,-0.00031691,0,0.0164327,0.0263787
0,0.0559913,0.000506867,-0.00030671,0,0.0178094,0.0291935
0,0.0623661,0.000502963,-0.000296563,0,0.0192846,0.0318805
0,0.066956,0.000497074,-0.000286492,0,0.0208666,0.0343035
0,0.0691975,0.000488592,-0.000276539,0,0.022564,0.0363661
0,0.0687727,0.000477175,-0.000266737,0,0.0243865,0.0380226
0,0.0654249,0.000462581,-0.000257171,0,0.0263442,0.0392358
0,0.0595278,0.000445233,-0.00024789,0,0.028448,0.0401095
0,0.0508129,0.000424875,-0.000238925,0,0.0307096,0.0405881
0,0.0395942,0.00040187,-0.000230366,0,0.0331416,0.0407665
0,0.0264599,0.00037687,-0.000222248,0,0.0357577,0.0407861
0,0.0118223,0.000350339,-0.000214611,0,0.0385723,0.0407408
0,-0.0036671,0.000322992,-0.000207525,0,0.0416011,0.040779
0,-0.0199627,0.000294964,-0.00020101,0,0.0448915,0.0410617
0,-0.0351177,0.000268194,-0.000195055,0,0.0484698,0.0417423
0,-0.0486264,0.000243302,-0.000189597,0,0.0523239,0.0429319
0,-0.0598106,0.000221022,-0.000184669,0,0.0564563,0.0446924
0,-0.0678779,0.000202209,-0.000180193,0,0.0608453,0.047085
0.00511533,-0.0726861,0.000187022,-0.000176083,0,0.0653517,0.0500297
0.0117158,-0.0745799,0.000175099,-0.000172297,0,0.0697923,0.0533904
0.0183162,-0.0716838,0.000148425,-0.000168765,0,0.0740802,0.0570087
0.0249166,-0.0650834,9.15787e-05,-0.00016573,0,0.0781829,0.060701
0.031517,-0.058483,4.88652e-05,-0.000163642,0,0.0820815,0.0653835
0.0381175,-0.0513817,5.33602e-05,-0.000162451,0,0.0857595,0.0708847
0.0447179,-0.0358896,6.66805e-05,-0.000161404,0,0.0892005,0.0767613
-0.0476881,-0.0904673,0.000113774,-0.000160097,0,-0.0066197,-0.0178923
-0.0410877,-0.106676,9.31886e-05,-0.000157916,0,-0.0037072,-0.0207422
-0.0344872,-0.124487,3.1944e-05,-0.00015598,0,-0.00108886,-0.0236461
-0.0278868,-0.109434,4.65285e-05,-0.000155158,0,0.00121338,-0.017258
-0.0212864,-0.0801036,7.60898e-05,-0.000154322,0,0.00317647,-0.0099921
-0.0146859,-0.0515307,0.000104683,-0.000152874,0,0.0047777,-0.00356301
-0.00808552,-0.0268087,0.000129025,-0.000150852,0,0.00600051,0.00182721
-0.0014851,-0.00384381,0.000151323,-0.000148332,0,0.0068577,0.00682565
0,0.01357,0.000167557,-0.000145384,0,0.00748041,0.0106042
0,0.02562,0.000177926,-0.00014209,0,0.00804351,0.0133581
0,0.0306343,0.000180689,-0.000138567,0,0.00862502,0.0147244
0,0.0307483,0.000178131,-0.000134962,0,0.00924772,0.0152364
0,0.0286201,0.000173085,-0.000131394,0,0.00992019,0.0154346
0,0.026351,0.000167786,-0.00012792,0,0.0106475,0.0157193
0,0.0252697,0.000163645,-0.000124551,0,0.0114339,0.0163334
0,0.0261419,0.000161473,-0.000121268,0,0.0122839,0.0174157
0,0.0294354,0.000161761,-0.000118034,0,0.0132023,0.0190543
0,0.0343746,0.000163684,-0.0001148,0,0.014194,0.021067
0,0.0409745,0.000167253,-0.000111533,0,0.0152647,0.0234845
0,0.0484106,0.000171588,-0.000108196,0,0.0164201,0.0261271
0,0.0559075,0.000175867,-0.00010478,0,0.0176665,0.0288503
0,0.0627911,0.000179376,-0.000101277,0,0.0190107,0.0315317
0,0.068228,0.000181235,-9.76987e-05,0,0.0204603,0.0340108
0,0.0715194,0.000180712,-9.40787e-05,0,0.0220232,0.0361622
0,0.0721008,0.000177203,-9.04631e-05,0,0.0237083,0.037888
0,0.0702205,0.00017098,-8.69103e-05,0,0.0255248,0.0392697
0,0.0654181,0.000161575,-8.34782e-05,0,0.027483,0.0402086
0,0.0578851,0.000149212,-8.02279e-05,0,0.0295938,0.0407739
0,0.0478696,0.000134174,-7.7219e-05,0,0.0318688,0.0410314
0,0.0357273,0.00011686,-7.44979e-05,0,0.0343209,0.0410712
0,0.0219252,9.77883e-05,-7.21261e-05,0,0.0369636,0.0410064
0,0.00707099,7.76219e-05,-7.01321e-05,0,0.0398116,0.0409775
0,-0.00830324,5.69429e-05,-6.85394e-05,0,0.0428808,0.0410988
0,-0.0230848,3.69839e-05,-6.73488e-05,0,0.0461604,0.04148
0,-0.0373947,1.76078e-05,-6.65393e-05,0,0.0496601,0.0422233
0,-0.0501814,-7.97122e-08,-6.61193e-05,0,0.0534221,0.043459
0,-0.0607737,-1.53568e-05,-6.60767e-05,0,0.0574619,0.045231
0,-0.0677986,-2.67635e-05,-6.63533e-05,0,0.061756,0.0477293
0.00602778,-0.0716452,-3.47086e-05,-6.68657e-05,0,0.0661461,0.0507418
0.0125443,-0.0727009,-3.96025e-05,-6.754e-05,0,0.0704492,0.0541443
0.0190608,-0.0709392,-4.72878e-05,-6.8315e-05,0,0.0745979,0.0577653
0.0255773,-0.0624753,-4.16178e-05,-6.92338e-05,0,0.0785649,0.0629525
0.0320939,-0.0502866,-3.19509e-05,-7.00917e-05,0,0.0823322,0.0684166
0.0386104,-0.0344383,-1.83749e-05,-7.07549e-05,0,0.0858835,0.0743725
0.0451269,-0.0169535,-3.0469e-06,-7.11699e-05,0,0.0892022,0.0803467
-0.0461044,-0.0782531,3.5584e-05,-7.12845e-05,0,-0.00547746,-0.0148989
-0.0395879,-0.0968503,1.25599e-05,-7.06501e-05,0,-0.00267897,-0.0181561
-0.0330713,-0.110651,-5.29195e-06,-7.03298e-05,0,-0.000170783,-0.0190904
-0.0265548,-0.0905157,1.28207e-05,-7.03731e-05,0,0.00202505,-0.012857
-0.0200383,-0.0635096,3.81994e-05,-7.01801e-05,0,0.00388544,-0.00633353
-0.0135218,-0.037739,6.22399e-05,-6.9505e-05,0,0.00538792,-0.000533193
-0.00700526,-0.013535,8.45758e-05,-6.83443e-05,0,0.00651715,0.00476981
-0.000488739,0.00630352,0.000102234,-6.67421e-05,0,0.00729092,0.00904885
0,0.0208947,0.000114275,-6.47504e-05,0,0.00785968,0.0122635
0,0.0285068,0.000118878,-6.25071e-05,0,0.00839821,0.0140896
0,0.0306253,0.00011764,-6.01456e-05,0,0.00896427,0.0149226
0,0.0294028,0.000112853,-5.77885e-05,0,0.00957534,0.0152096
0,0.027056,0.000106873,-5.55147e-05,0,0.0102385,0.0153911
0,0.0252462,0.000101461,-5.33593e-05,0,0.0109584,0.0157813
0,0.0250101,9.77114e-05,-5.13111e-05,0,0.0117393,0.0165698
0,0.0269715,9.62799e-05,-4.93437e-05,0,0.0125855,0.0178719
0,0.030651,9.66515e-05,-4.74131e-05,0,0.0135017,0.019567
0,0.0361654,9.89414e-05,-4.5481e-05,0,0.014493,0.0217001
0,0.0428638,0.000102452,-4.35079e-05,0,0.0155649,0.0241272
0,0.0501042,0.000106495,-4.14712e-05,0,0.0167232,0.0267283
0,0.0572199,0.000110359,-3.93514e-05,0,0.0179742,0.0293782
0,0.0633561,0.000113136,-3.71539e-05,0,0.0193248,0.031911
0,0.0679306,0.00011421,-3.48995e-05,0,0.0207824,0.0342275
0,0.0704185,0.00011303,-3.26191e-05,0,0.0223553,0.0362346
0,0.0704452,0.00010919,-3.03543e-05,0,0.0240521,0.0378719
0,0.0677766,0.000102452,-2.81609e-05,0,0.0258824,0.0391076
0,0.0623929,9.28115e-05,-2.6095e-05,0,0.0278563,0.0399557
0,0.0544247,8.04218e-05,-2.42051e-05,0,0.0299849,0.0404596
0,0.0440357,6.54741e-05,-2.25533e-05,0,0.0322799,0.040668
0,0.0316415,4.84269e-05,-2.11915e-05,0,0.0347543,0.0406872
0,0.0178043,2.98947e-05,-2.01803e-05,0,0.0374217,0.0406502
0,0.00307102,1.04728e-05,-1.95176e-05,0,0.040297,0.0406806
0,-0.011331,-8.46678e-06,-1.92401e-05,0,0.0433548,0.0408589
0,-0.0257663,-2.73326e-05,-1.93716e-05,0,0.0466,0.0413456
0,-0.0391415,-4.49784e-05,-1.98616e-05,0,0.0500889,0.0422765
0,-0.0511832,-6.11051e-05,-2.07083e-05,0,0.0538471,0.0436319
0,-0.0607501,-7.44982e-05,-2.1882e-05,0,0.0578823,0.045579
0.000485197,-0.0676649,-8.49659e-05,-2.33385e-05,0,0.0621567,0.0480265
0.00695448,-0.0707195,-9.12301e-05,-2.50169e-05,0,0.0665016,0.0511589
0.0134238,-0.0712851,-9.47456e-05,-2.68227e-05,0,0.070743,0.0545913
0.0198931,-0.069848,-9.60299e-05,-2.87053e-05,0,0.0748261,0.0582319
0.0263623,-0.0636377,-0.000106813,-3.06214e-05,0,0.0787265,0.0622872
0.0328316,-0.0555874,-0.000100124,-3.27145e-05,0,0.0824272,0.0672386
0.0393009,-0.0400229,-8.5441e-05,-3.47471e-05,0,0.0859118,0.0731871
0.0457702,-0.0229182,-6.91067e-05,-3.64926e-05,0,0.0891637,0.079023
-0.0447998,-0.0909502,-3.83622e-05,-3.79074e-05,0,-0.00487442,-0.0171807
-0.0383305,-0.110818,-6.12198e-05,-3.87823e-05,0,-0.00214319,-0.0205748
-0.0318612,-0.115584,-6.80105e-05,-3.99495e-05,0,0.00029736,-0.0195073
-0.025392,-0.0905535,-4.32432e-05,-4.1286e-05,0,0.00242512,-0.0124873
-0.0189227,-0.0618828,-1.46531e-05,-4.22251e-05,0,0.00421715,-0.00577796
-0.0124534,-0.0362696,1.06511e-05,-4.26183e-05,0,0.00565173,-9.8199e-05
-0.00598409,-0.0129015,3.35131e-05,-4.24685e-05,0,0.00671683,0.00499767
0,0.00761314,5.32749e-05,-4.1844e-05,0,0.00744318,0.00944178
0,0.0231622,6.76938e-05,-4.0818e-05,0,0.00799169,0.0128511
0,0.0311789,7.40669e-05,-3.95146e-05,0,0.00852749,0.0147437
0,0.0332271,7.40701e-05,-3.80587e-05,0,0.00909593,0.0155539
0,0.0319116,7.04742e-05,-3.65773e-05,0,0.00971126,0.0158272
0,0.0294005,6.55825e-05,-3.51553e-05,0,0.0103798,0.0159805
0,0.0274058,6.12105e-05,-3.38265e-05,0,0.0111059,0.0163406
0,0.026992,5.84841e-05,-3.25914e-05,0,0.0118937,0.017102
0,0.0286264,5.78936e-05,-3.14162e-05,0,0.0127478,0.0183441
0,0.0323058,5.94282e-05,-3.02572e-05,0,0.0136729,0.0200577
0,0.0377385,6.27709e-05,-2.90724e-05,0,0.0146739,0.0221826
0,0.0443831,6.73402e-05,-2.78254e-05,0,0.0157566,0.0246111
0,0.0515763,7.24263e-05,-2.64923e-05,0,0.0169267,0.0272151
0,0.0586183,7.72831e-05,-2.50616e-05,0,0.0181906,0.0298631
0,0.0647409,8.10946e-05,-2.35329e-05,0,0.0195552,0.0324093
0,0.0691976,8.30707e-05,-2.19224e-05,0,0.0210283,0.0347153
0,0.0714929,8.26903e-05,-2.02679e-05,0,0.0226179,0.0366995
0,0.0712549,7.95555e-05,-1.86128e-05,0,0.024333,0.0383014
0,0.0681518,7.3326e-05,-1.70107e-05,0,0.0261831,0.0394673
0,0.0625661,6.44223e-05,-1.55317e-05,0,0.0281785,0.0403045
0,0.0541766,5.25201e-05,-1.42121e-05,0,0.0303303,0.0407441
0,0.0433698,3.80468e-05,-1.31201e-05,0,0.0326506,0.0408977
0,0.0306043,2.15069e-05,-1.23157e-05,0,0.0351522,0.0408752
0,0.0164551,3.52791e-06,-1.18442e-05,0,0.0378491,0.0408112
0,0.00146148,-1.53028e-05,-1.17107e-05,0,0.0407563,0.0408267
0,-0.0152387,-3.58668e-05,-1.19509e-05,0,0.0439499,0.0410316
0,-0.0306775,-5.50588e-05,-1.26168e-05,0,0.0474644,0.0416204
0,-0.0442737,-7.22156e-05,-1.36604e-05,0,0.05126,0.0427793
0,-0.0556328,-8.6912e-05,-1.50447e-05,0,0.0553352,0.0445134
0,-0.0642743,-9.86341e-05,-1.67315e-05,0,0.059679,0.046828
0.00282888,-0.0697518,-0.000106906,-1.86749e-05,0,0.0642011,0.0497137
0.00948507,-0.0721138,-0.00011178,-2.0784e-05,0,0.0687221,0.0530775
0.0161413,-0.0722988,-0.000114251,-2.30074e-05,0,0.073109,0.0566747
0.0227974,-0.0672026,-0.000136348,-2.52863e-05,0,0.0773175,0.0604972
0.0294536,-0.0605464,-0.000169932,-2.79359e-05,0,0.0813256,0.0646178
0.0361098,-0.0538902,-0.000164514,-3.11666e-05,0,0.0851165,0.069916
0.042766,-0.0388462,-0.00014708,-3.44921e-05,0,0.0886737,0.0759025
0.0494222,-0.0213291,-0.000127113,-3.75209e-05,0,0.0919799,0.0818565
-0.0437644,-0.0977603,-8.37329e-05,-4.04625e-05,0,-0.0048265,-0.0181444
-0.0371083,-0.121734,-0.000108722,-4.23589e-05,0,-0.00207981,-0.0228218
-0.0304521,-0.113627,-9.97636e-05,-4.44584e-05,0,0.0003555,-0.0187902
-0.0237959,-0.0849301,-6.90849e-05,-4.64716e-05,0,0.00245655,-0.0113563
-0.0171397,-0.0561566,-3.84355e-05,-4.793e-05,0,0.00420019,-0.00476876
-0.0104835,-0.0317317,-1.25123e-05,-4.87753e-05,0,0.00556696,0.000616345
-0.00382731,-0.00857018,1.19362e-05,-4.90903e-05,0,0.00655722,0.0056997
0,0.0116876,3.31607e-05,-4.89127e-05,0,0.00725294,0.0101148
0,0.0262298,4.81811e-05,-4.83026e-05,0,0.00782515,0.0133384
0,0.0334925,5.53558e-05,-4.7369e-05,0,0.00839814,0.0151254
0,0.0349149,5.6229e-05,-4.62762e-05,0,0.00900679,0.015852
0,0.0332683,5.37501e-05,-4.51534e-05,0,0.00966276,0.0161042
0,0.0307213,5.02247e-05,-4.40722e-05,0,0.0103718,0.0162945
0,0.0289486,4.74303e-05,-4.30589e-05,0,0.0111384,0.0167413
0,0.0289468,4.64223e-05,-4.21005e-05,0,0.011967,0.0176254
0,0.030921,4.74145e-05,-4.11685e-05,0,0.0128621,0.0189692
0,0.0350366,5.05767e-05,-4.02232e-05,0,0.0138287,0.020809
0,0.0405558,5.51217e-05,-3.92228e-05,0,0.0148722,0.0229801
0,0.047457,6.10201e-05,-3.81362e-05,0,0.0159983,0.0255039
0,0.0547815,6.72508e-05,-3.69306e-05,0,0.0172131,0.0281718
0,0.0616424,7.28719e-05,-3.5598e-05,0,0.0185233,0.0308189
0,0.0676128,7.74309e-05,-3.41546e-05,0,0.019936,0.0333815
0,0.0713298,7.94892e-05,-3.2622e-05,0,0.0214593,0.0355737
0,0.0729559,7.92201e-05,-3.10384e-05,0,0.0231015,0.037479
0,0.0719301,7.60331e-05,-2.9453e-05,0,0.0248718,0.0389764
0,0.0681387,6.98221e-05,-2.79212e-05,0,0.0267801,0.0400673
0,0.0615096,6.05277e-05,-2.6503e-05,0,0.028837,0.0407513
0,0.0522452,4.83827e-05,-2.52646e-05,0,0.0310541,0.0410906
0,0.0407864,3.38741e-05,-2.42726e-05,0,0.0334435,0.0411952
0,0.0274849,1.7393e-05,-2.35444e-05,0,0.0360188,0.0411495
0,0.0127097,-6.50066e-07,-2.31388e-05,0,0.0387941,0.0410444
0,-0.00274895,-1.93983e-05,-2.31158e-05,0,0.0417849,0.0410609
0,-0.0193336,-3.92859e-05,-2.34381e-05,0,0.0450508,0.0413092
0,-0.0350843,-5.82622e-05,-2.41542e-05,0,0.0486214,0.0418628
0,-0.0487074,-7.49253e-05,-2.5272e-05,0,0.0524728,0.0430434
0,-0.0600308,-8.90844e-05,-2.67289e-05,0,0.0566043,0.0447765
0,-0.0679691,-9.9586e-05,-2.8461e-05,0,0.0609936,0.0472029
0.00512227,-0.0731138,-0.000107052,-3.04212e-05,0,0.0655008,0.0500695
0.0117317,-0.0745342,-0.000110499,-3.25473e-05,0,0.0699426,0.053547
0.018341,-0.071659,-0.000131395,-3.47452e-05,0,0.0742318,0.0570902
0.0249504,-0.0650496,-0.000179316,-3.73e-05,0,0.0783358,0.0608738
0.0315598,-0.0584402,-0.00020992,-4.06707e-05,0,0.0822357,0.0656533
0.0381692,-0.0511883,-0.000197917,-4.46701e-05,0,0.0859149,0.0710653
0.0447786,-0.0353671,-0.000177011,-4.87125e-05,0,0.089357,0.0770123
-0.0477528,-0.0890024,-0.00012878,-5.23259e-05,0,-0.00659653,-0.0175531
-0.0411434,-0.106573,-0.000143422,-5.50703e-05,0,-0.00368321,-0.0207386
-0.034534,-0.124534,-0.000203366,-5.79022e-05,0,-0.0010643,-0.0238009
-0.0279246,-0.109236,-0.000181079,-6.17896e-05,0,0.00123824,-0.0171908
-0.0213153,-0.0801187,-0.000144447,-6.55115e-05,0,0.0032013,-0.00998036
-0.0147059,-0.0523386,-0.000109539,-6.84737e-05,0,0.00480213,-0.00372408
-0.0080965,-0.0278157,-7.8399e-05,-7.07343e-05,0,0.00602412,0.00164268
-0.00148711,-0.00410495,-4.84513e-05,-7.23646e-05,0,0.00688009,0.0068128
0,0.0131908,-2.5629e-05,-7.34234e-05,0,0.00750135,0.0105426
0,0.0255867,-8.32732e-06,-7.40159e-05,0,0.00806297,0.0133762
0,0.0311507,1.42229e-06,-7.4243e-05,0,0.00864306,0.014855
0,0.031588,5.44726e-06,-7.42487e-05,0,0.00926446,0.015423
0,0.0295151,6.53796e-06,-7.41538e-05,0,0.00993571,0.0156236
0,0.0271504,7.05738e-06,-7.40252e-05,0,0.0106619,0.0158844
0,0.0259224,8.52689e-06,-7.38859e-05,0,0.0114473,0.0164675
0,0.026464,1.16214e-05,-7.37212e-05,0,0.0122963,0.0174791
0,0.0293083,1.69062e-05,-7.34966e-05,0,0.0132138,0.0190255
0,0.0342244,2.41349e-05,-7.3169e-05,0,0.0142047,0.021045
0,0.0407002,3.2763e-05,-7.27008e-05,0,0.0152745,0.0234348
0,0.0480798,4.20945e-05,-7.20671e-05,0,0.0164292,0.0260676
0,0.0559465,5.16877e-05,-7.12578e-05,0,0.0176749,0.0288749
0,0.0626226,5.97692e-05,-7.02529e-05,0,0.0190186,0.0314989
0,0.0680265,6.62579e-05,-6.90736e-05,0,0.0204675,0.0339759
0,0.071412,7.03726e-05,-6.77615e-05,0,0.02203,0.036149
0,0.0722553,7.15655e-05,-6.63664e-05,0,0.0237145,0.0379305
0,0.0708825,7.01935e-05,-6.49374e-05,0,0.0255306,0.0394183
0,0.0663242,6.52493e-05,-6.35294e-05,0,0.0274884,0.0403973
0,0.0590986,5.73017e-05,-6.22072e-05,0,0.0295988,0.0410244
0,0.0492112,4.63789e-05,-6.10333e-05,0,0.0318735,0.0413016
0,0.037153,3.3024e-05,-6.0073e-05,0,0.0343252,0.0413564
0,0.0234009,1.77651e-05,-5.93657e-05,0,0.0369676,0.0413003
0,0.00848125,1.18282e-06,-5.89723e-05,0,0.0398153,0.0412551
0,-0.00692513,-1.59819e-05,-5.89072e-05,0,0.0428842,0.0413708
0,-0.0218927,-3.26852e-05,-5.91839e-05,0,0.0461689,0.0417369
0,-0.0362747,-4.88001e-05,-5.97875e-05,0,0.0496806,0.0424818
0,-0.0491068,-6.32993e-05,-6.07071e-05,0,0.0534567,0.0437222
0,-0.0594155,-7.51419e-05,-6.19223e-05,0,0.057511,0.0455718
0,-0.0671823,-8.42977e-05,-6.33837e-05,0,0.0618198,0.0479081
0.00604134,-0.0710843,-8.93607e-05,-6.50468e-05,0,0.0662246,0.050941
0.0125725,-0.0730305,-9.23479e-05,-6.68188e-05,0,0.0705417,0.0541565
0.0191037,-0.0708963,-9.84705e-05,-6.86598e-05,0,0.0747037,0.0578519
0.0256349,-0.0643651,-0.000125171,-7.06047e-05,0,0.0786832,0.0617201
0.0321661,-0.0578339,-0.000123096,-7.29479e-05,0,0.0824622,0.0667382
0.0386973,-0.0437727,-0.000106771,-7.54192e-05,0,0.0860245,0.072631
0.0452284,-0.0270473,-8.77481e-05,-7.76362e-05,0,0.0893533,0.0784929
-0.0462081,-0.0883137,-4.88478e-05,-7.94578e-05,0,-0.005537,-0.0169045
-0.0396769,-0.107798,-6.83592e-05,-8.0532e-05,0,-0.00273011,-0.0203619
-0.0331458,-0.121834,-8.21556e-05,-8.18309e-05,0,-0.000214435,-0.0213191
-0.0266146,-0.0993507,-5.74022e-05,-8.34257e-05,0,0.00198793,-0.0145484
-0.0200834,-0.0695211,-2.50263e-05,-8.46604e-05,0,0.00385386,-0.00745462
-0.0135522,-0.0423138,4.40099e-06,-8.52742e-05,0,0.00536085,-0.0014092
-0.00702102,-0.0185058,3.00462e-05,-8.52745e-05,0,0.00649352,0.00376624
-0.000489839,0.00379158,5.38947e-05,-8.47377e-05,0,0.00726972,0.00860944
0,0.0199775,7.10694e-05,-8.37075e-05,0,0.00784024,0.0121137
0,0.0299987,8.15233e-05,-8.2329e-05,0,0.00838023,0.0144363
0,0.0332551,8.46447e-05,-8.07352e-05,0,0.00894763,0.0154576
0,0.032544,8.34154e-05,-7.90532e-05,0,0.00955991,0.0158281
0,0.0300225,8.01332e-05,-7.73818e-05,0,0.0102242,0.0159569
0,0.027707,7.69418e-05,-7.57677e-05,0,0.0109452,0.0162394
0,0.0268539,7.51748e-05,-7.42176e-05,0,0.011727,0.0169045
0,0.0278393,7.52304e-05,-7.2708e-05,0,0.0125741,0.0180058
0,0.0310644,7.75301e-05,-7.12036e-05,0,0.0134911,0.0196271
0,0.0362841,8.18092e-05,-6.9661e-05,0,0.0144832,0.0217075
0,0.0431791,8.77236e-05,-6.80398e-05,0,0.0155558,0.0241876
0,0.0503028,9.37377e-05,-6.6306e-05,0,0.0167148,0.0267575
0,0.0575393,9.97261e-05,-6.44493e-05,0,0.0179664,0.0294383
0,0.0639271,0.000104671,-6.24698e-05,0,0.0193175,0.0320245
0,0.0687498,0.000107816,-6.03862e-05,0,0.0207757,0.03439
0,0.0714764,0.000108608,-5.82378e-05,0,0.0223491,0.036444
0,0.0717655,0.000106681,-5.60672e-05,0,0.0240464,0.0381338
0,0.0693647,0.000101781,-5.39287e-05,0,0.0258771,0.0394225
0,0.0642615,9.39127e-05,-5.18833e-05,0,0.0278514,0.0403263
0,0.0564948,8.31347e-05,-4.99854e-05,0,0.0299803,0.0408677
0,0.0462329,6.96456e-05,-4.8285e-05,0,0.0322757,0.0410992
0,0.033878,5.38937e-05,-4.68651e-05,0,0.0347503,0.0411239
0,0.020039,3.65446e-05,-4.57557e-05,0,0.037418,0.0410855
0,0.0051293,1.80555e-05,-4.49814e-05,0,0.0402936,0.0410767
0,-0.00966703,-2.50839e-07,-4.45556e-05,0,0.0433603,0.0412133
0,-0.0245979,-1.86588e-05,-4.45057e-05,0,0.0466254,0.0416207
0,-0.0387401,-3.61949e-05,-4.48053e-05,0,0.0501374,0.042415
0,-0.051244,-5.1948e-05,-4.5459e-05,0,0.0539196,0.0437099
0,-0.0611228,-6.4864e-05,-4.64586e-05,0,0.0579792,0.0456213
0.000487083,-0.0678435,-7.4373e-05,-4.77171e-05,0,0.0622785,0.0481419
0.00698152,-0.0712909,-8.03503e-05,-4.91856e-05,0,0.0666477,0.0512003
0.013476,-0.0719414,-8.3301e-05,-5.07717e-05,0,0.0709124,0.0546432
0.0199704,-0.0700296,-8.75494e-05,-5.24273e-05,0,0.0750175,0.0582957
0.0264648,-0.0635352,-0.000103555,-5.41635e-05,0,0.0789388,0.062355
0.0329593,-0.0556971,-9.60289e-05,-5.61385e-05,0,0.0826589,0.0674429
0.0394537,-0.0407252,-8.09672e-05,-5.81005e-05,0,0.0861617,0.0732782
0.0459481,-0.023066,-6.30994e-05,-5.975e-05,0,0.0894303,0.0792675
-0.044974,-0.0905283,-3.13509e-05,-6.10566e-05,0,-0.00496969,-0.0171342
-0.0384795,-0.111527,-5.4523e-05,-6.1763e-05,0,-0.00222463,-0.0207994
-0.0319851,-0.116652,-6.0865e-05,-6.27724e-05,0,0.000228212,-0.0197722
-0.0254907,-0.0909489,-3.46122e-05,-6.39675e-05,0,0.00236664,-0.012585
-0.0189962,-0.0623704,-5.39439e-06,-6.47254e-05,0,0.00416765,-0.0059102
-0.0125018,-0.0367583,2.0587e-05,-6.49209e-05,0,0.00560945,-0.000224325
-0.00600735,-0.0133789,4.40941e-05,-6.45611e-05,0,0.00667995,0.00487691
0,0.00704298,6.43479e-05,-6.37263e-05,0,0.00741003,0.0093021
0,0.0224371,7.91507e-05,-6.24899e-05,0,0.00796124,0.0126812
0,0.0306888,8.62774e-05,-6.09513e-05,0,0.00849933,0.0146326
0,0.0329841,8.70057e-05,-5.92507e-05,0,0.00906985,0.0154932
0,0.0318666,8.40441e-05,-5.75132e-05,0,0.00968708,0.0158054
0,0.0294937,7.96863e-05,-5.58234e-05,0,0.0103573,0.0159854
0,0.0276182,7.57928e-05,-5.42166e-05,0,0.0110851,0.0163696
0,0.0272817,7.34666e-05,-5.26871e-05,0,0.0118745,0.0171462
0,0.0289386,7.31854e-05,-5.12096e-05,0,0.01273,0.0183922
0,0.0326844,7.50444e-05,-4.97449e-05,0,0.0136563,0.0201211
0,0.038209,7.87086e-05,-4.82506e-05,0,0.0146586,0.0222656
0,0.0452382,8.38796e-05,-4.66892e-05,0,0.0157423,0.0247787
0,0.0522665,8.8958e-05,-4.50271e-05,0,0.0169135,0.0273357
0,0.0592083,9.38495e-05,-4.32607e-05,0,0.0181783,0.0299666
0,0.0652194,9.76588e-05,-4.13984e-05,0,0.0195439,0.0324912
0,0.0696054,9.96527e-05,-3.94528e-05,0,0.0210178,0.0347853
0,0.0718046,9.92412e-05,-3.74667e-05,0,0.0226082,0.0367504
0,0.0715519,9.61396e-05,-3.54809e-05,0,0.024324,0.0383522
0,0.0685793,9.00766e-05,-3.35519e-05,0,0.0261747,0.0395484
0,0.062892,8.10737e-05,-3.17291e-05,0,0.0281707,0.0403596
0,0.0545595,6.92218e-05,-3.00761e-05,0,0.0303231,0.0408152
0,0.0438661,5.48409e-05,-2.86502e-05,0,0.0326439,0.0409931
0,0.0312354,3.83997e-05,-2.75174e-05,0,0.035146,0.0409981
0,0.0172165,2.0498e-05,-2.66919e-05,0,0.0378434,0.0409598
0,0.00230165,1.6756e-06,-2.62282e-05,0,0.040751,0.0409896
0,-0.0143221,-1.88954e-05,-2.61571e-05,0,0.0439606,0.0412879
0,-0.0296926,-3.81322e-05,-2.64836e-05,0,0.0475112,0.0419248
0,-0.0434424,-5.55809e-05,-2.72077e-05,0,0.0513482,0.04308
0,-0.05493,-7.05548e-05,-2.82583e-05,0,0.055466,0.0448178
0,-0.0638123,-8.2683e-05,-2.96319e-05,0,0.0598507,0.0471041
0.00317046,-0.0697814,-9.16351e-05,-3.12553e-05,0,0.0644043,0.0499029
0.00984512,-0.0720863,-9.66162e-05,-3.30701e-05,0,0.0689464,0.0533065
0.0165198,-0.0723325,-9.93269e-05,-3.49924e-05,0,0.0733499,0.056899
0.0231944,-0.0668056,-0.000126129,-3.69709e-05,0,0.0775722,0.0606884
0.0298691,-0.0601309,-0.000164258,-3.94264e-05,0,0.0815917,0.0648168
0.0365437,-0.0534563,-0.000163596,-4.24637e-05,0,0.0853918,0.0701102
0.0432184,-0.0390083,-0.000146236,-4.574e-05,0,0.0889558,0.0761069
0.0498931,-0.0214931,-0.000125741,-4.87775e-05,0,0.0922664,0.0820763
-0.0435521,-0.0992103,-8.34327e-05,-5.17022e-05,0,-0.00481497,-0.0184523
-0.0368775,-0.119894,-0.000104443,-5.35907e-05,0,-0.00206883,-0.0223687
-0.0302028,-0.103928,-8.67197e-05,-5.5606e-05,0,0.00036331,-0.0166739
-0.0235282,-0.0742636,-5.46155e-05,-5.73936e-05,0,0.00245848,-0.0092525
-0.0168535,-0.0480885,-2.63441e-05,-5.85661e-05,0,0.00419352,-0.00328156
-0.0101789,-0.0264298,-2.99865e-06,-5.9192e-05,0,0.00554937,0.00155245
-0.00350419,-0.00502418,1.9919e-05,-5.93103e-05,0,0.00652819,0.00632009
0,0.0133793,3.94888e-05,-5.89921e-05,0,0.00721941,0.0103723
0,0.0260388,5.28068e-05,-5.82611e-05,0,0.00779531,0.0132309
0,0.0313336,5.81754e-05,-5.72516e-05,0,0.00837402,0.0146349
0,0.0318614,5.83646e-05,-5.61068e-05,0,0.00898882,0.0152217
0,0.0299287,5.58306e-05,-5.49401e-05,0,0.00965097,0.0154404
0,0.0276482,5.28191e-05,-5.38146e-05,0,0.0103662,0.0157038
0,0.0264257,5.08226e-05,-5.27507e-05,0,0.0111389,0.016272
0,0.0270777,5.0705e-05,-5.17303e-05,0,0.0119736,0.0172926
0,0.0297343,5.26009e-05,-5.07159e-05,0,0.0128748,0.0187766
0,0.0348249,5.69584e-05,-4.96677e-05,0,0.0138477,0.0208215
0,0.0413687,6.27325e-05,-4.85438e-05,0,0.0148975,0.0232006
0,0.0492903,6.98366e-05,-4.73094e-05,0,0.01603,0.0259303
0,0.0568961,7.64734e-05,-4.59375e-05,0,0.0172514,0.0286388
0,0.0641753,8.26293e-05,-4.44313e-05,0,0.0185683,0.0313781
0,0.0702114,8.73345e-05,-4.28002e-05,0,0.0199882,0.0339503
0,0.0743435,8.9893e-05,-4.10629e-05,0,0.0215187,0.0362407
0,0.0759376,8.96352e-05,-3.92715e-05,0,0.0231686,0.0381343
0,0.0748009,8.63626e-05,-3.74783e-05,0,0.0249469,0.0396155
0,0.0707711,7.99191e-05,-3.57428e-05,0,0.0268637,0.0406643
0,0.0639182,7.03966e-05,-3.41315e-05,0,0.0289296,0.0413138
0,0.0543931,5.79744e-05,-3.26998e-05,0,0.031156,0.0416105
0,0.0425197,4.30164e-05,-3.15155e-05,0,0.0335555,0.0416399
0,0.0287344,2.60047e-05,-3.06028e-05,0,0.0361413,0.0415087
0,0.0135334,7.48519e-06,-3.00147e-05,0,0.0389279,0.0413338
0,-0.00243086,-1.18315e-05,-2.98001e-05,0,0.0419308,0.0412615
0,-0.0189467,-3.16809e-05,-2.99692e-05,0,0.045185,0.0414285
0,-0.0346062,-5.05895e-05,-3.05333e-05,0,0.0487134,0.0419587
0,-0.0485031,-6.75768e-05,-3.14978e-05,0,0.052515,0.0430356
0,-0.0598382,-8.17875e-05,-3.28154e-05,0,0.0565956,0.0447392
0,-0.0682182,-9.28003e-05,-3.44014e-05,0,0.0609361,0.0470388
0.0047791,-0.0733813,-0.000100334,-3.62189e-05,0,0.0654046,0.0498916
0.011371,-0.0753685,-0.000104432,-3.82067e-05,0,0.0698187,0.0532245
0.0179628,-0.0720372,-0.000126605,-4.02871e-05,0,0.0740852,0.0568228
0.0245547,-0.0654453,-0.000173324,-4.27527e-05,0,0.0781698,0.0606581
0.0311465,-0.0588535,-0.000207595,-4.6009e-05,0,0.082053,0.0652891
0.0377384,-0.0513683,-0.000195194,-4.99381e-05,0,0.0857183,0.0708477
0.0443302,-0.0348069,-0.000173367,-5.39226e-05,0,0.0891491,0.0769492
-0.0479558,-0.0890181,-0.000126024,-5.74663e-05,0,-0.00655003,-0.0175446
-0.0413639,-0.105461,-0.000139348,-6.01762e-05,0,-0.00364251,-0.0204531
-0.034772,-0.124772,-0.000206011,-6.29165e-05,0,-0.00102658,-0.0239992
-0.0281802,-0.110533,-0.000184448,-6.68034e-05,0,0.00127586,-0.0174323
-0.0215883,-0.0822877,-0.000148354,-7.06001e-05,0,0.00324175,-0.0103822
-0.0149965,-0.054302,-0.00011286,-7.36394e-05,0,0.00484832,-0.00405086
-0.00840462,-0.0292782,-8.0837e-05,-7.59853e-05,0,0.00607858,0.00142414
-0.00181276,-0.00519431,-5.01548e-05,-7.77142e-05,0,0.00694347,0.00666168
0,0.0127436,-2.63294e-05,-7.88247e-05,0,0.00756681,0.0105196
0,0.0253285,-8.52248e-06,-7.94108e-05,0,0.00812243,0.0133706
0,0.03099,1.61898e-06,-7.96436e-05,0,0.00869465,0.014859
0,0.0316622,6.16452e-06,-7.96366e-05,0,0.0093079,0.01547
0,0.0297348,7.66509e-06,-7.95246e-05,0,0.00997111,0.0156897
0,0.0273831,8.43923e-06,-7.93743e-05,0,0.0106894,0.0159427
0,0.0261865,1.01687e-05,-7.92071e-05,0,0.0114671,0.0165259
0,0.0268583,1.36138e-05,-7.9008e-05,0,0.0123085,0.0175592
0,0.0296622,1.90552e-05,-7.87444e-05,0,0.0132185,0.0190863
0,0.0344887,2.63761e-05,-7.83769e-05,0,0.0142019,0.0210802
0,0.0411583,3.53839e-05,-7.7864e-05,0,0.0152643,0.0235093
0,0.0485582,4.48999e-05,-7.71878e-05,0,0.0164114,0.0261345
0,0.0558254,5.40113e-05,-7.63232e-05,0,0.0176495,0.0287998
0,0.0630188,6.27825e-05,-7.52748e-05,0,0.0189854,0.0315497
0,0.0683869,6.93653e-05,-7.40499e-05,0,0.0204265,0.0339968
0,0.0719721,7.38129e-05,-7.26757e-05,0,0.0219808,0.0362081
0,0.0730965,7.54145e-05,-7.12106e-05,0,0.0236569,0.0380391
0,0.0715567,7.39675e-05,-6.97055e-05,0,0.0254643,0.0394733
0,0.0671843,6.93123e-05,-6.82211e-05,0,0.027413,0.0404899
0,0.0600839,6.15807e-05,-6.68255e-05,0,0.0295138,0.0411305
0,0.0504255,5.09744e-05,-6.55669e-05,0,0.0317786,0.0414456
0,0.0384569,3.77793e-05,-6.45102e-05,0,0.0342198,0.0415032
0,0.0247435,2.26185e-05,-6.37151e-05,0,0.036851,0.0414415
0,0.00987857,6.143e-06,-6.32172e-05,0,0.039687,0.0413951
0,-0.00559697,-1.10534e-05,-6.30532e-05,0,0.0427435,0.0414808
0,-0.0207064,-2.78781e-05,-6.32312e-05,0,0.0460203,0.0418297
0,-0.0351874,-4.40755e-05,-6.37552e-05,0,0.0495299,0.0425572
0,-0.0481684,-5.87152e-05,-6.46043e-05,0,0.053305,0.0437706
0,-0.0585186,-7.05894e-05,-6.57493e-05,0,0.0573586,0.0456227
0,-0.0660963,-7.95387e-05,-6.71314e-05,0,0.0616683,0.0480151
0.00572691,-0.0708547,-8.55061e-05,-6.86998e-05,0,0.0660824,0.0508666
0.0122719,-0.0720409,-8.76926e-05,-7.0398e-05,0,0.0704174,0.0542946
0.018817,-0.071183,-8.85818e-05,-7.21442e-05,0,0.0745997,0.0578858
0.025362,-0.064638,-0.000113952,-7.39127e-05,0,0.0786,0.0616736
0.0319071,-0.0580929,-0.000108721,-7.60395e-05,0,0.0823999,0.0667668
0.0384521,-0.0449896,-9.40308e-05,-7.8248e-05,0,0.0859832,0.0723626
0.0449971,-0.0277791,-7.50985e-05,-8.01947e-05,0,0.0893331,0.0783796
-0.0466334,-0.0871547,-3.3974e-05,-8.1744e-05,0,-0.00574378,-0.0167646
-0.0400884,-0.105454,-5.2845e-05,-8.25263e-05,0,-0.00291553,-0.0199956
-0.0335433,-0.122797,-7.07301e-05,-8.35454e-05,0,-0.000378286,-0.0217077
-0.0269983,-0.100885,-4.71511e-05,-8.48974e-05,0,0.00184587,-0.0149529
-0.0204532,-0.0710559,-1.53279e-05,-8.58876e-05,0,0.00373383,-0.00782543
-0.0139082,-0.0436483,1.37762e-05,-8.63056e-05,0,0.00526301,-0.00172043
-0.00736317,-0.0196828,3.90693e-05,-8.61028e-05,0,0.00641761,0.00349514
-0.00081813,0.0026743,6.24786e-05,-8.5372e-05,0,0.00721377,0.00835265
0,0.0190143,7.93311e-05,-8.41692e-05,0,0.00779553,0.0118911
0,0.0295292,8.98378e-05,-8.26247e-05,0,0.00833768,0.0143194
0,0.0329574,9.26874e-05,-8.087e-05,0,0.00890467,0.0153641
0,0.0323288,9.11078e-05,-7.90277e-05,0,0.00951571,0.0157467
0,0.029877,8.74777e-05,-7.72024e-05,0,0.0101784,0.0158869
0,0.0275825,8.39021e-05,-7.54437e-05,0,0.0108974,0.0161699
0,0.0266382,8.16474e-05,-7.37585e-05,0,0.011677,0.0168117
0,0.0275409,8.12392e-05,-7.21211e-05,0,0.0125216,0.0178942
0,0.03087,8.32867e-05,-7.04955e-05,0,0.0134358,0.0195383
0,0.0360381,8.71625e-05,-6.88369e-05,0,0.0144248,0.021601
0,0.0426201,9.24106e-05,-6.71053e-05,0,0.015494,0.0240088
0,0.0502411,9.86284e-05,-6.52754e-05,0,0.0166492,0.0266951
0,0.0572966,0.000104115,-6.33246e-05,0,0.0178967,0.0293171
0,0.0640142,0.00010911,-6.12588e-05,0,0.0192433,0.0319778
0,0.0684739,0.000111585,-5.90916e-05,0,0.0206966,0.0342476
0,0.0715337,0.000112453,-5.68648e-05,0,0.0222646,0.0363811
0,0.0720166,0.000110466,-5.46188e-05,0,0.023956,0.0380991
0,0.0698316,0.000105537,-5.24045e-05,0,0.0257804,0.0394243
0,0.064833,9.75305e-05,-5.02815e-05,0,0.0277478,0.0403384
0,0.0571882,8.6642e-05,-4.83108e-05,0,0.0298693,0.0408965
0,0.0470783,7.30828e-05,-4.65508e-05,0,0.0321566,0.0411501
0,0.0349004,5.72948e-05,-4.5062e-05,0,0.0346225,0.0412007
0,0.0211117,3.97824e-05,-4.38688e-05,0,0.0372807,0.0411582
0,0.00617734,2.10585e-05,-4.30293e-05,0,0.0401461,0.0411311
0,-0.0097905,1.26473e-06,-4.2552e-05,0,0.0432602,0.0412758
0,-0.0243065,-1.69256e-05,-4.24574e-05,0,0.0465885,0.0416543
0,-0.0382376,-3.44242e-05,-4.27595e-05,0,0.0501074,0.0424821
0,-0.0503047,-4.98926e-05,-4.3413e-05,0,0.0538824,0.0438686
0,-0.0600536,-6.28417e-05,-4.43799e-05,0,0.0579332,0.0458012
0.00016267,-0.0668505,-7.2595e-05,-4.56109e-05,0,0.0622319,0.0483095
0.00666947,-0.0704459,-7.88859e-05,-4.70433e-05,0,0.06661,0.0513477
0.0131763,-0.0712989,-8.22007e-05,-4.86084e-05,0,0.0708864,0.0547612
0.0196831,-0.0700899,-8.32611e-05,-5.02458e-05,0,0.0750045,0.0583887
0.0261899,-0.0638101,-9.75449e-05,-5.19089e-05,0,0.0789394,0.0623831
0.0326967,-0.0555677,-9.00485e-05,-5.38312e-05,0,0.0826738,0.067517
0.0392035,-0.041461,-7.63421e-05,-5.56772e-05,0,0.0861915,0.0731616
0.0457103,-0.0238896,-5.89884e-05,-5.72314e-05,0,0.0894757,0.0791711
-0.0453849,-0.0886214,-2.41493e-05,-5.84459e-05,0,-0.00509356,-0.0167574
-0.0388781,-0.108998,-4.70854e-05,-5.89986e-05,0,-0.00233163,-0.0203486
-0.0323713,-0.11905,-5.90404e-05,-5.98944e-05,0,0.000138751,-0.0204282
-0.0258645,-0.094316,-3.41859e-05,-6.10513e-05,0,0.00229539,-0.0133046
-0.0193577,-0.0640015,-3.48875e-06,-6.17847e-05,0,0.00411517,-0.00620092
-0.0128509,-0.0384436,2.20908e-05,-6.19159e-05,0,0.00557587,-0.000568132
-0.00634413,-0.0153275,4.49913e-05,-6.15252e-05,0,0.00666362,0.00447866
0,0.00641421,6.63275e-05,-6.06712e-05,0,0.00740231,0.00920645
0,0.0220101,8.10422e-05,-5.93873e-05,0,0.00795304,0.0125909
0,0.0309685,8.86265e-05,-5.77959e-05,0,0.00848824,0.0146919
0,0.033554,8.93834e-05,-5.60386e-05,0,0.00905519,0.0155942
0,0.0323939,8.61106e-05,-5.42524e-05,0,0.00966863,0.0158852
0,0.029814,8.12807e-05,-5.25237e-05,0,0.0103349,0.0160163
0,0.0277685,7.69672e-05,-5.08884e-05,0,0.0110586,0.0163644
0,0.0272264,7.4196e-05,-4.93404e-05,0,0.0118438,0.0170957
0,0.0286994,7.35051e-05,-4.78509e-05,0,0.0126949,0.0183021
0,0.0320317,7.47241e-05,-4.63795e-05,0,0.0136166,0.019939
0,0.0375626,7.82039e-05,-4.48874e-05,0,0.0146141,0.022092
0,0.0439432,8.25094e-05,-4.33303e-05,0,0.0156928,0.0244545
0,0.0514407,8.79162e-05,-4.16887e-05,0,0.0168587,0.02713
0,0.0583088,9.2571e-05,-3.99412e-05,0,0.0181179,0.0297256
0,0.0644617,9.63814e-05,-3.80991e-05,0,0.0194776,0.0322784
0,0.0693326,9.87476e-05,-3.61791e-05,0,0.0209452,0.0346711
0,0.0716501,9.83289e-05,-3.42089e-05,0,0.0225289,0.0366425
0,0.0717763,9.55032e-05,-3.22415e-05,0,0.0242375,0.0383189
0,0.0689479,8.94742e-05,-3.03257e-05,0,0.0260806,0.0395291
0,0.063491,8.06032e-05,-2.85242e-05,0,0.0280685,0.0403797
0,0.0554459,6.895e-05,-2.68944e-05,0,0.0302122,0.0408842
0,0.0450547,5.47892e-05,-2.54921e-05,0,0.0325236,0.0411118
0,0.0326381,3.84797e-05,-2.4368e-05,0,0.0350157,0.0411454
0,0.0187048,2.05796e-05,-2.35658e-05,0,0.0377024,0.0411087
