-0.000102287,0,-9.75293e-05,0,0.9
-0.000102287,0,-9.75293e-05,0,0.9
-0.000102287,0,-9.75293e-05,0,0.9
-0.000102287,0,-9.75293e-05,0,0.9
-0.000102287,0,-9.75293e-05,0,0.9
-0.000102287,0,-9.75293e-05,0,0.9
-0.000102287,0,-9.75293e-05,0,0.9
-0.000102287,0,-9.75293e-05,0,0.9
-0.000102287,0,-9.75293e-05,0,0.9
-0.000102287,0,-9.75293e-05,0,0.9
-0.000102287,0,-9.75293e-05,0,0.9
-0.000102287,0,-9.75293e-05,0,0.9
-0.000102287,0,-9.75293e-05,0,0.9
-0.000102287,0,-9.75293e-05,0,0.9
-0.000102287,0,-9.75293e-05,0,0.9
-0.000102287,0,-9.75293e-05,0,0.9
-0.000102287,0,-9.75293e-05,0,0.9
-0.000102287,0,-9.75293e-05,0,0.9
-0.000102287,0,-9.75293e-05,0,0.9
-0.000102287,0,-9.75293e-05,0,0.9
-0.000102287,0,-9.75293e-05,0,0.9
-0.000102287,0,-9.75293e-05,0,0.9
-0.000102287,0,-9.75293e-05,0,0.9
-0.000102287,0,-9.75293e-05,0,0.9
-0.000102287,0,-9.75293e-05,0,0.9
-0.000102287,0,-9.75293e-05,0,0.9
-0.000102287,0,-9.75293e-05,0,0.9
-0.000102287,0,-9.75293e-05,0,0.9
-0.000102287,0,-9.75293e-05,0,0.9
-0.000102287,0,-9.75293e-05,0,0.9
-0.000102287,0,-9.75293e-05,0,0.9
-0.000102287,0,-9.75293e-05,0,0.9
-0.000102287,0,-9.75293e-05,0,0.9
-0.000102287,0,-9.75293e-05,0,0.9
-0.000102287,0,-9.75293e-05,0,0.9
-0.000102287,0,-9.75293e-05,0,0.9
-0.000102287,0,-9.75293e-05,0,0.9
-0.000102287,0,-9.75293e-05,0,0.9
-0.000102287,0,-9.75293e-05,0,0.9
-0.000102287,0,-9.75293e-05,0,0.9
-0.000102287,0,-9.75293e-05,0,0.9
-0.000102287,0,-9.75293e-05,0,0.9
-0.000102287,0,-9.75293e-05,0,0.9
-0.000102287,0,-9.75293e-05,0,0.9
-0.000102287,0,-9.75293e-05,0,0.9
-0.000102287,0,-9.75293e-05,0,0.9
-0.000102287,0,-9.75293e-05,0,0.9
-0.000102287,0,-9.75293e-05,0,0.9
-0.000102287,0,-9.75293e-05,0,0.9
-0.000102287,0,-9.75293e-05,0,0.9
-0.000102287,0,-9.75293e-05,0,0.9
-0.000102287,0,-9.75293e-05,0,0.9
-0.000102287,0,-9.75293e-05,0,0.9
-0.000102287,0,-9.75293e-05,0,0.9
-0.000102287,0,-9.75293e-05,0,0.9
-0.000102287,0,-9.75293e-05,0,0.9
-0.000102287,0,-9.75293e-05,0,0.9
-0.000102287,0,-9.75293e-05,0,0.9
-0.000102287,0,-9.75293e-05,0,0.9
-0.000102287,0,-9.75293e-05,0,0.9
-0.000102287,0,-9.75293e-05,0,0.9
-0.000102287,0,-9.75293e-05,0,0.9
-0.000102287,0,-9.75293e-05,0,0.9
-0.000102287,0,-9.75293e-05,0,0.9
-0.000102287,0,-9.75293e-05,0,0.9
-0.000102287,0,-9.75293e-05,0,0.9
-0.000102287,0,-9.75293e-05,0,0.9
-0.000102287,0,-9.75293e-05,0,0.9
-0.000102287,0,-9.75293e-05,0,0.9
-0.000102287,0,-9.75293e-05,0,0.9
-0.000102287,0,-9.75293e-05,0,0.9
-0.000102287,0,-9.75293e-05,0,0.9
-0.000102287,0,-9.75293e-05,0,0.9
-0.000102287,0,-9.75293e-05,0,0.9
-0.000102287,0,-9.75293e-05,0,0.9
-0.000102287,0,-9.75293e-05,0,0.9
-0.000102287,0,-9.75293e-05,0,0.9
-0.000102287,0,-9.75293e-05,0,0.9
-0.000102287,0,-9.75293e-05,0,0.9
-0.000102287,0,-9.75293e-05,0,0.9
-0.000102287,0,-9.75293e-05,0,0.9
-0.000102287,0,-9.75293e-05,0,0.9
-0.000102287,0,-9.75293e-05,0,0.9
-0.000102287,0,-9.75293e-05,0,0.9
-0.000102287,0,-9.75293e-05,0,0.9
-0.000102287,0,-9.75293e-05,0,0.9
-0.000102287,0,-9.75293e-05,0,0.9
-0.000102287,0,-9.75293e-05,0,0.9
-0.000102287,0,-9.75293e-05,0,0.9
-0.000102287,0,-9.75293e-05,0,0.9
-0.000102287,0,-9.75293e-05,0,0.9
-0.000102287,0,-9.75293e-05,0,0.9
-0.000102287,0,-9.75293e-05,0,0.9
-0.000102287,0,-9.75293e-05,0,0.9
-0.000102287,0,-9.75293e-05,0,0.9
-0.000102287,0,-9.75293e-05,0,0.9
-0.000102287,0,-9.75293e-05,0,0.9
-0.000102287,0,-9.75293e-05,0,0.9
-0.000102287,0,-9.75293e-05,0,0.9
-0.000102287,0,-9.75293e-05,0,0.9
-0.000102287,0,-9.75293e-05,0,0.9
-0.000102287,0,-9.75293e-05,0,0.9
-0.000102287,0,-9.75293e-05,0,0.9
-0.000102287,0,-9.75293e-05,0,0.9
-0.000102287,0,-9.75293e-05,0,0.9
-0.000102287,0,-9.75293e-05,0,0.9
-0.000102287,0,-9.75293e-05,0,0.9
-0.000102287,0,-9.75387e-05,0,0.9
-0.000102287,0,-9.75734e-05,-0,0.9
-0.000102287,0,-9.76419e-05,-0,0.9
-0.000102287,0,-9.77363e-05,-0,0.9
-0.000102287,0,-9.78557e-05,-0,0.9
-0.000102287,0,-9.7994e-05,-0,0.9
-0.000102287,0,-9.81352e-05,-0,0.9
-0.000102287,0,-9.82996e-05,-0,0.9
-0.000102287,0,-9.84877e-05,-0,0.9
-0.000102287,0,-9.86893e-05,-0,0.9
-0.000102287,0,-9.89241e-05,-0,0.9
-0.000102287,0,-9.91356e-05,-0,0.9
-0.000102287,0,-9.93651e-05,-0,0.9
-0.000102287,0,-9.95995e-05,-0,0.9
-0.000102287,0,-9.98306e-05,-0,0.9
-0.000102287,0,-0.000100092,-0,0.9
-0.000102287,0,-0.000100328,-0,0.9
-0.000102287,0,-0.000100537,-0,0.9
-0.000102287,0,-0.000100759,-0,0.9
-0.000102287,0,-0.000100979,-0,0.9
-0.000102287,0,-0.000101188,-0,0.9
-0.000102287,0,-0.000101396,-0,0.9
-0.000102287,0,-0.000101596,-0,0.9
-0.000102287,0,-0.000101761,-0,0.9
-0.000102287,0,-0.00010189,-0,0.9
-0.000102287,0,-0.00010203,-0,0.9
-0.000102287,0,-0.000102127,-0,0.9
-0.000102287,0,-0.000102205,-0,0.9
-0.000102287,0,-0.000102263,-0,0.9
-0.000102287,0,-0.000102283,-0,0.9
-0.000102287,0,-0.000102287,-0,0.9
-0.000102287,0,-0.000102287,0,0.9
-0.000102287,0,-0.000102287,0,0.9
-0.000102287,0,-0.000102287,0,0.9
-0.000102287,0,-0.000102287,0,0.9
-0.000102287,0,-0.000102287,0,0.9
-0.000102287,0,-0.000102287,0,0.9
0,-0.00769096,0,0,0.9
0,-0.00769096,0,0,0.9
0,-0.00769096,0,0,0.9
0,-0.00769096,0,0,0.9
0,-0.00769096,0,0,0.9
0,-0.00769096,0,0,0.9
0,-0.00769096,0,0,0.9
0,-0.00769096,0,0,0.9
-0.00265013,-0.00767397,0,0,0.772
0.00608792,-0.00754903,0,-0.000947291,0.902
0.00604292,-0.00738108,0,8.5239e-05,0.915
0.006084,-0.00712089,0,0.000502641,0.916
0.00552825,-0.00681987,0,0.000773566,0.913
0.00507218,-0.00648553,0,0.000927574,0.911
0.00491662,-0.00610582,0,0.00102062,0.911
0.00494161,-0.00568206,0,0.00112293,0.91
0.00501733,-0.00519704,0,0.00125916,0.909
0.00508399,-0.00463275,0,0.00144136,0.908
0.00509127,-0.00401425,0,0.00174075,0.904
0.00506106,-0.00342037,0,0.0020184,0.903
0.00488537,-0.00287891,0,0.00233733,0.902
0.00452279,-0.00248046,0,0.00267029,0.901
0.00400733,-0.00210495,0,0.00297152,0.9
0.00335556,-0.00184974,0,0.00318406,0.899
0.00253835,-0.0017344,0,0.0032649,0.899
0.00169235,-0.00174214,0,0.00316448,0.898
0.000863704,-0.00186822,0,0.00286112,0.898
7.05617e-05,-0.002058,0,0.00226422,0.898
-0.000610918,-0.00225493,0,0.0013504,0.898
-0.00127602,-0.00249746,0,6.9989e-05,0.898
-0.00195367,-0.00280733,0,-0.00162871,0.898
-0.00255165,-0.00313571,0,-0.00380184,0.898
-0.00324659,-0.00360744,0,-0.00653783,0.897
-0.004113,-0.00341367,0,-0.0099859,0.896
-0.00523744,-0.00331539,0,-0.0140547,0.896
-0.00662587,-0.00323961,0,-0.018542,0.896
-0.008026,-0.00319297,0,-0.022874,0.896
-0.00908284,-0.00317322,0,-0.0259862,0.896
-0.00143106,-0.00317245,0,0,0.896
-0.00143106,-0.00317245,0,0,0.896
-0.00143106,-0.00317245,0,0,0.896
-0.00143106,-0.00317245,0,0,0.896
-0.00143106,-0.00317245,0,0,0.896
-0.00143106,-0.00317245,0,0,0.896
-0.00143106,-0.00317245,0,0,0.896
0.1,0,-0.00540661,0,0.899
0.1,0,-0.00540661,0,0.899
0.1,0,-0.00540661,0,0.899
0.1,0,-0.00540661,0,0.899
0.1,0,-0.00540661,0,0.899
0.1,0,-0.00540661,0,0.899
0.1,0,-0.00540661,0,0.899
0.1,0,-0.00540661,0,0.899
0.0901607,0,-0.00501673,0,0.782
0.123504,0,-0.0039918,0.00114502,0.899
0.111356,0,-0.00228936,0.00106546,0.915
0.107168,0,-0.000251575,0.00124825,0.919
0.105769,0,0.00245571,0.00119057,0.915
0.104572,0,0.0056202,0.00119057,0.912
0.107421,0,0.0096866,0.00113387,0.908
0.107844,0,0.0139998,0.00119241,0.906
0.108406,0,0.0187044,0.00137861,0.905
0.108918,0,0.0237714,0.00170085,0.904
0.1082,0,0.0281783,0.00270375,0.904
0.109351,0,0.0340843,0.00270375,0.902
0.109146,0,0.0389606,0.00334309,0.901
0.108803,0,0.0445767,0.00401269,0.9
0.108231,0,0.0499921,0.00461949,0.9
0.107373,0,0.055357,0.00521416,0.899
0.106335,0,0.0603515,0.00561676,0.899
0.105141,0,0.0650556,0.00578089,0.899
0.103857,0,0.0694457,0.00562272,0.899
0.102341,0,0.0738455,0.00505675,0.899
0.101114,0,0.0772488,0.00400367,0.899
0.0996742,0,0.0805655,0.00221198,0.899
0.0983414,0,0.0834754,-0.000437148,0.898
0.0968779,0,0.0858092,-0.00416576,0.897
0.0950553,0,0.087378,-0.00928039,0.896
0.0926389,0,0.0897411,-0.0160928,0.896
0.0904597,0,0.0918561,-0.0224906,0.896
0.0862745,0,0.0935281,-0.0323695,0.896
0.0815264,0,0.0944753,-0.0431447,0.896
0.0772762,0,0.0947901,-0.0526024,0.896
0.0772762,0,0.0947901,0,0.896
0.0772762,0,0.0947901,0,0.896
0.0772762,0,0.0947901,0,0.896
0.0772762,0,0.0947901,0,0.896
0.0772762,0,0.0947901,0,0.896
0.0772762,0,0.0947901,0,0.896
0.0772762,0,0.0947901,0,0.896
0.1,-0.107004,0,0,0.881
0.1,-0.107004,0,0,0.881
0.1,-0.107004,0,0,0.881
0.1,-0.107004,0,0,0.881
0.1,-0.107004,0,0,0.881
0.1,-0.107004,0,0,0.881
0.1,-0.107004,0,0,0.881
0.106563,-0.106968,0,0,0.771
0.110754,-0.105722,0,0,0.778
0.135331,-0.103529,0,0.00401701,0.893
0.122621,-0.10041,0,0.00324167,0.907
0.115476,-0.0956387,0,0.00302987,0.91
0.112487,-0.0901397,0,0.00272529,0.909
0.11142,-0.0842187,0,0.00240455,0.909
0.111424,-0.0769283,0,0.00222032,0.907
0.112248,-0.0685878,0,0.00227465,0.906
0.113385,-0.0596291,0,0.00262512,0.905
0.114649,-0.0495382,0,0.00326957,0.903
0.11609,-0.0375857,0,0.00419974,0.902
0.116268,-0.0288933,0,0.0053781,0.901
0.120716,-0.0149774,0,0.00674637,0.899
0.117341,-0.00575287,0,0.0097096,0.9
0.115339,0.00416772,0,0.0109393,0.9
0.113435,0.0144956,0,0.0117404,0.9
0.111566,0.0234718,0,0.0122695,0.9
0.1095,0.032771,0,0.0124933,0.9
0.107468,0.041611,0,0.0123076,0.9
0.105478,0.0499176,0,0.0116686,0.9
0.103381,0.0581586,0,0.0104665,0.9
0.101518,0.0651454,0,0.00855946,0.9
0.099678,0.0713559,0,0.00569182,0.9
0.0978308,0.07679,0,0.00152055,0.899
0.09561,0.0813539,0,-0.00432061,0.898
0.0928315,0.0863447,0,-0.0123061,0.898
0.0900289,0.0903809,0,-0.0206652,0.898
0.0851658,0.0935629,0,-0.0325591,0.898
0.0795121,0.0953154,0,-0.0458094,0.898
0.0740911,0.0959169,0,-0.0580221,0.898
0.0740911,0.0959169,0,0,0.898
0.0740911,0.0959169,0,0,0.898
0.0740911,0.0959169,0,0,0.898
0.0740911,0.0959169,0,0,0.898
0.0740911,0.0959169,0,0,0.898
0.0740911,0.0959169,0,0,0.898
0.0740911,0.0959169,0,0,0.898
0.1,0,-0.114163,0,0.881
0.1,0,-0.114163,0,0.881
0.1,0,-0.114163,0,0.881
0.1,0,-0.114163,0,0.881
0.1,0,-0.114163,0,0.881
0.1,0,-0.114163,0,0.881
0.1,0,-0.114163,0,0.881
0.100986,0,-0.114139,0,0.787
0.111475,0,-0.112541,0,0.792
0.13743,0,-0.11005,0.00339134,0.894
0.125651,0,-0.106816,0.00330547,0.906
0.11897,0,-0.102254,0.00336399,0.91
0.115544,0,-0.0966738,0.00321926,0.909
0.113693,0,-0.0897787,0.00298458,0.908
0.113144,0,-0.081038,0.00283827,0.907
0.11285,0,-0.0736245,0.00321974,0.907
0.114532,0,-0.0640491,0.00321974,0.905
0.116103,0,-0.0519033,0.0038564,0.903
0.116819,0,-0.0422905,0.0048039,0.902
0.117247,0,-0.0320964,0.00602333,0.901
0.117606,0,-0.0198582,0.00745373,0.901
0.117228,0,-0.00886801,0.00899543,0.9
0.116401,0,0.00169504,0.0105599,0.9
0.115168,0,0.0130932,0.0119883,0.9
0.113507,0,0.0228629,0.0132983,0.9
0.111602,0,0.0326742,0.0141945,0.9
0.109343,0,0.0421972,0.0147372,0.901
0.107321,0,0.0500625,0.0146841,0.901
0.105148,0,0.0582364,0.0139469,0.9
0.103062,0,0.0653828,0.0123422,0.9
0.100861,0,0.0719694,0.00968701,0.9
0.0988766,0,0.0773315,0.00560408,0.899
0.0961849,0,0.0827902,-0.00920136,0.897
0.095872,0,0.0879433,-0.00920136,0.897
0.0913701,0,0.092117,-0.02182,0.897
0.0856377,0,0.0949532,-0.0369727,0.897
0.0794156,0,0.096594,-0.0519972,0.897
0.0983548,0,0.0969872,0,0.897
0.0983548,0,0.0969872,0,0.897
0.0983548,0,0.0969872,0,0.897
0.0983548,0,0.0969872,0,0.897
0.0983548,0,0.0969872,0,0.897
0.0983548,0,0.0969872,0,0.897
0.0983548,0,0.0969872,0,0.897
0.0983548,0,0.0969872,0,0.897
0.1,-0.116191,0,0,0.898
0.1,-0.116191,0,0,0.898
0.1,-0.116191,0,0,0.898
0.1,-0.116191,0,0,0.898
0.1,-0.116191,0,0,0.898
0.1,-0.116191,0,0,0.898
0.1,-0.116191,0,0,0.898
0.0969337,-0.116068,0,0,0.766
0.14293,-0.114447,0,0.00166481,0.892
0.130534,-0.11201,0,0.00249355,0.909
0.12398,-0.108122,0,0.00313474,0.914
0.119058,-0.103521,0,0.00331138,0.911
0.115157,-0.096778,0,0.00318646,0.909
0.113832,-0.0905402,0,0.0029932,0.909
0.113405,-0.0824175,0,0.00289525,0.908
0.113947,-0.0733919,0,0.00299718,0.906
0.115211,-0.0627983,0,0.00340356,0.905
0.116104,-0.05356,0,0.00408561,0.904
0.117402,-0.0409845,0,0.00508933,0.903
0.117786,-0.030347,0,0.00635213,0.902
0.117608,-0.0204856,0,0.00780259,0.901
0.11719,-0.00910198,0,0.00938183,0.901
0.117939,0.00410918,0,0.0116362,0.897
0.116658,0.015116,0,0.0131869,0.897
0.114892,0.0266969,0,0.0146648,0.897
0.1125,0.0362787,0,0.0165079,0.897
0.110904,0.0455922,0,0.0165079,0.897
0.108793,0.0541961,0,0.0165953,0.897
0.10679,0.061929,0,0.0159589,0.897
0.104754,0.0692895,0,0.014318,0.897
0.102813,0.075912,0,0.0113275,0.896
0.100727,0.0811228,0,0.00651284,0.896
0.0982592,0.0871321,0,-0.000757195,0.893
0.0940702,0.0921256,0,-0.0124991,0.893
0.0891793,0.0958176,0,-0.0264065,0.893
0.082577,0.098552,0,-0.0424857,0.893
0.0759665,0.0998542,0,-0.0577404,0.893
0.0980732,0.100002,0,0,0.893
0.0980732,0.100002,0,0,0.893
0.0980732,0.100002,0,0,0.893
0.0980732,0.100002,0,0,0.893
0.0980732,0.100002,0,0,0.893
0.0980732,0.100002,0,0,0.893
0.0980732,0.100002,0,0,0.893
0.1,0,-0.11365,0,0.899
0.1,0,-0.11365,0,0.899
0.1,0,-0.11365,0,0.899
0.1,0,-0.11365,0,0.899
0.1,0,-0.11365,0,0.899
0.1,0,-0.11365,0,0.899
0.1,0,-0.11365,0,0.899
0.1,0,-0.11365,0,0.899
0.0569591,0,-0.11347,0,0.91
0.0884302,0,-0.112138,-0.00415548,0.92
0.0878502,0,-0.109482,-0.00354404,0.914
0.0869347,0,-0.105896,-0.00337032,0.913
0.0858421,0,-0.101318,-0.00347839,0.911
0.0848184,0,-0.096181,-0.00376214,0.91
0.0850686,0,-0.0897838,-0.00418853,0.908
0.0904462,0,-0.0815696,-0.00510575,0.904
0.0920761,0,-0.0734005,-0.00510575,0.903
0.0956096,0,-0.063596,-0.00506428,0.902
0.0990322,0,-0.0534126,-0.0045861,0.901
0.102227,0,-0.0422935,-0.00369271,0.9
0.105046,0,-0.0300973,-0.00244789,0.899
0.106819,0,-0.0191028,-0.000950888,0.899
0.108164,0,-0.00746317,0.000723506,0.899
0.109075,0,0.00552839,0.00248751,0.898
0.109381,0,0.0165284,0.00422378,0.898
0.109298,0,0.0271052,0.00596642,0.899
0.108698,0,0.037365,0.00761856,0.899
0.107495,0,0.0464415,0.0089921,0.9
0.106095,0,0.0540943,0.00945773,0.901
0.104474,0,0.0616736,0.00945773,0.902
0.102852,0,0.068821,0.00798661,0.902
0.101192,0,0.0748135,0.00501237,0.903
0.0991543,0,0.080335,8.39272e-05,0.903
0.0967507,0,0.0855805,-0.00734088,0.903
0.0940613,0,0.0903225,-0.0161304,0.903
0.0895977,0,0.0941266,-0.029482,0.903
0.0838545,0,0.0967658,-0.0451489,0.903
0.0777941,0,0.0981474,-0.0603764,0.903
0.0967076,0,0.098338,0,0.903
0.0967076,0,0.098338,0,0.903
0.0967076,0,0.098338,0,0.903
0.0967076,0,0.098338,0,0.903
0.0967076,0,0.098338,0,0.903
0.0967076,0,0.098338,0,0.903
0.0967076,0,0.098338,0,0.903
0.0967076,0,0.098338,0,0.903
0.1,-0.118052,0,0,0.898
0.1,-0.118052,0,0,0.898
0.1,-0.118052,0,0,0.898
0.1,-0.118052,0,0,0.898
0.1,-0.118052,0,0,0.898
0.1,-0.118052,0,0,0.898
0.1,-0.118052,0,0,0.898
0.0919958,-0.117801,0,0,0.823
0.122944,-0.116253,0,1.94703e-05,0.901
0.113835,-0.113256,0,0.000549583,0.914
0.109764,-0.109945,0,0.000865516,0.918
0.108352,-0.104368,0,0.000937833,0.915
0.108069,-0.0978769,0,0.000987961,0.911
0.109251,-0.0912933,0,0.00111075,0.91
0.111646,-0.0818427,0,0.00140815,0.909
0.113695,-0.0727739,0,0.00198458,0.907
0.115617,-0.0630464,0,0.00287859,0.906
0.117987,-0.0508811,0,0.00399271,0.905
0.119253,-0.0393558,0,0.00546605,0.904
0.121352,-0.0274637,0,0.00745484,0.899
0.121406,-0.0153894,0,0.00931799,0.898
0.1208,-0.00312576,0,0.0113234,0.897
0.119645,0.00915184,0,0.0133055,0.897
0.117911,0.0206191,0,0.0151675,0.896
0.11598,0.0289959,0,0.0167951,0.896
0.113775,0.0387785,0,0.0180524,0.896
0.111574,0.0474548,0,0.0188099,0.896
0.109355,0.0554109,0,0.0189174,0.897
0.107095,0.0634127,0,0.0182204,0.897
0.104842,0.0707472,0,0.0164855,0.897
0.102968,0.0767635,0,0.0133325,0.896
0.100641,0.082026,0,0.00825136,0.896
0.0979305,0.0886131,0,0.000681541,0.893
0.0912795,0.093514,0,-0.0260711,0.893
0.088281,0.0970327,0,-0.0260711,0.893
0.0817241,0.0992988,0,-0.0427101,0.893
0.0745625,0.100364,0,-0.0587733,0.893
0.0976366,0.100387,0,0,0.893
0.0976366,0.100387,0,0,0.893
0.0976366,0.100387,0,0,0.893
0.0976366,0.100387,0,0,0.893
0.0976366,0.100387,0,0,0.893
0.0976366,0.100387,0,0,0.893
0.0976366,0.100387,0,0,0.893
0.1,0,-0.114816,0,0.899
0.1,0,-0.114816,0,0.899
0.1,0,-0.114816,0,0.899
0.1,0,-0.114816,0,0.899
0.1,0,-0.114816,0,0.899
0.1,0,-0.114816,0,0.899
0.1,0,-0.114816,0,0.899
0.1,0,-0.114816,0,0.899
0.149712,0,-0.114189,0,0.899
0.14795,0,-0.11163,0.00483793,0.9
0.14413,0,-0.107959,0.00483793,0.897
0.138679,0,-0.103327,0.00594318,0.899
0.133837,0,-0.0980896,0.00635537,0.9
0.129153,0,-0.0914368,0.00643588,0.901
0.125955,0,-0.0835241,0.00636548,0.9
0.124224,0,-0.0743911,0.00637943,0.899
0.123736,0,-0.0653825,0.00662014,0.899
0.123951,0,-0.0543264,0.0072135,0.899
0.124236,0,-0.0437811,0.00814604,0.898
0.124438,0,-0.0330112,0.00937072,0.898
0.124398,0,-0.0216702,0.010915,0.899
0.124027,0,-0.00971854,0.0126065,0.899
0.12303,0,0.00172431,0.0145138,0.899
0.121589,0,0.0125388,0.0163801,0.9
0.11972,0,0.0231696,0.0181313,0.9
0.117473,0,0.0340314,0.0196461,0.9
0.115107,0,0.0428281,0.0208643,0.901
0.112446,0,0.0520051,0.0217674,0.9
0.110407,0,0.0596155,0.0217674,0.9
0.10816,0,0.0670689,0.021293,0.9
0.105912,0,0.0745798,0.0199558,0.899
0.104056,0,0.0804436,0.0174993,0.898
0.102011,0,0.0854933,0.0135023,0.897
0.0995921,0,0.0911234,0.00738647,0.897
0.0958542,0,0.0956556,-0.00299279,0.897
0.0916475,0,0.0988851,-0.014906,0.897
0.0862485,0,0.101058,-0.028643,0.897
0.080593,0,0.10188,-0.0418379,0.897
0.080593,0,0.101881,0,0.897
0.080593,0,0.101881,0,0.897
0.080593,0,0.101881,0,0.897
0.080593,0,0.101881,0,0.897
0.080593,0,0.101881,0,0.897
0.080593,0,0.101881,0,0.897
0.080593,0,0.101881,0,0.897
0.1,-0.117812,0,0,0.881
0.1,-0.117812,0,0,0.881
0.1,-0.117812,0,0,0.881
0.1,-0.117812,0,0,0.881
0.1,-0.117812,0,0,0.881
0.1,-0.117812,0,0,0.881
0.1,-0.117812,0,0,0.881
0.1,-0.117812,0,0,0.881
0.103273,-0.116908,0,0,0.915
0.0973381,-0.114872,0,-0.000416326,0.915
0.0940208,-0.111732,0,-0.000750781,0.917
0.0987193,-0.10747,0,-0.00109017,0.913
0.108354,-0.100486,0,-0.00099613,0.907
0.108065,-0.0948191,0,0.000688098,0.907
0.111893,-0.0867131,0,0.000688098,0.904
0.112039,-0.0780748,0,0.0015065,0.903
0.112056,-0.0691678,0,0.00217905,0.902
0.112352,-0.0593282,0,0.00280432,0.901
0.112796,-0.0486056,0,0.00351104,0.9
0.113223,-0.0373756,0,0.00436547,0.899
0.113633,-0.0248879,0,0.00656499,0.898
0.113613,-0.0131144,0,0.00656499,0.898
0.113205,-0.00259342,0,0.00789352,0.898
0.112615,0.00951904,0,0.00915352,0.898
0.111737,0.0195365,0,0.0103866,0.899
0.110927,0.0293113,0,0.0114834,0.9
0.1099,0.0391134,0,0.0125216,0.901
0.108724,0.0485657,0,0.0133453,0.902
0.107296,0.0564019,0,0.0138517,0.904
0.105902,0.0638542,0,0.0135779,0.906
0.104077,0.0723399,0,0.0124274,0.907
0.102644,0.0782381,0,0.0101572,0.909
0.101435,0.0834075,0,0.00630223,0.91
0.0995708,0.0876172,0,0.00169421,0.912
0.0972852,0.0931065,0,-0.00611287,0.912
0.0940194,0.0964331,0,-0.0179098,0.912
0.0893982,0.0990864,0,-0.0320951,0.912
0.0837034,0.100568,0,-0.0464176,0.912
0.0960769,0.100817,0,0,0.912
0.0960769,0.100817,0,0,0.912
0.0960769,0.100817,0,0,0.912
0.0960769,0.100817,0,0,0.912
0.0960769,0.100817,0,0,0.912
0.0960769,0.100817,0,0,0.912
0.0960769,0.100817,0,0,0.912
0.0960769,0.100817,0,0,0.912
0.1,0,-0.106459,0,0.899
0.1,0,-0.106459,0,0.899
0.1,0,-0.106459,0,0.899
0.1,0,-0.106459,0,0.899
0.1,0,-0.106459,0,0.899
0.1,0,-0.106459,0,0.899
0.1,0,-0.106459,0,0.899
0.0902145,0,-0.10631,0,0.832
0.109724,0,-0.105074,-0.000161716,0.907
0.0988164,0,-0.102959,-0.000317024,0.92
0.0985651,0,-0.0995042,-0.000527346,0.92
0.0992282,0,-0.0949778,-0.000714015,0.917
0.100743,0,-0.0893786,-0.000774884,0.912
0.10423,0,-0.0819045,-0.00061875,0.911
0.107244,0,-0.0746306,-0.000158062,0.91
0.11035,0,-0.0659467,0.000554022,0.908
0.110947,0,-0.0554283,0.0028856,0.907
0.115979,0,-0.0444138,0.0028856,0.905
0.117679,0,-0.033183,0.00438933,0.904
0.1182,0,-0.0234439,0.00601658,0.903
0.120088,0,-0.0107385,0.00822764,0.898
0.119543,0,0.000581898,0.010201,0.897
0.116671,0,0.0104214,0.0139073,0.898
0.117025,0,0.0220995,0.0139073,0.896
0.115177,0,0.0317162,0.0154698,0.896
0.113045,0,0.0412527,0.0167176,0.896
0.110913,0,0.0497181,0.0173747,0.896
0.108852,0,0.0573935,0.017444,0.896
0.106624,0,0.0651596,0.0167245,0.896
0.104804,0,0.0713947,0.01498,0.896
0.102608,0,0.0776433,0.0118702,0.896
0.100545,0,0.0824622,0.00689116,0.896
0.0980541,0,0.088166,-0.000460175,0.893
0.0938103,0,0.0927537,-0.0125227,0.893
0.0883977,0,0.0966061,-0.0267598,0.893
0.0820486,0,0.0988667,-0.0428132,0.893
0.0754087,0,0.0999815,-0.0581905,0.893
0.0978295,0,0.100067,0,0.893
0.0978295,0,0.100067,0,0.893
0.0978295,0,0.100067,0,0.893
0.0978295,0,0.100067,0,0.893
0.0978295,0,0.100067,0,0.893
0.0978295,0,0.100067,0,0.893
0.0978295,0,0.100067,0,0.893
0.1,-0.120137,0,0,0.899
0.1,-0.120137,0,0,0.899
0.1,-0.120137,0,0,0.899
0.1,-0.120137,0,0,0.899
0.1,-0.120137,0,0,0.899
0.1,-0.120137,0,0,0.899
0.1,-0.120137,0,0,0.899
0.1,-0.120137,0,0,0.899
0.0898892,-0.119434,0,0,0.759
0.138953,-0.117061,0,0.000994534,0.891
0.120585,-0.114254,0,0.00241501,0.917
0.119372,-0.11035,0,0.00241501,0.916
0.113987,-0.104,0,0.0025947,0.911
0.111578,-0.0983607,0,0.00252165,0.91
0.112926,-0.0905909,0,0.00238881,0.906
0.112928,-0.0818613,0,0.00233011,0.905
0.113805,-0.0726009,0,0.00250846,0.904
0.115166,-0.0620642,0,0.00297949,0.902
0.116582,-0.050657,0,0.00385922,0.901
0.117477,-0.0396207,0,0.00509622,0.9
0.118029,-0.0285641,0,0.00652023,0.899
0.118495,-0.0157255,0,0.00814452,0.899
0.118071,-0.00401499,0,0.0100046,0.899
0.117135,0.00651528,0,0.0118004,0.899
0.115775,0.0175272,0,0.0134927,0.899
0.114014,0.027975,0,0.0149136,0.899
0.112005,0.0378036,0,0.015935,0.899
0.109869,0.0469702,0,0.0164446,0.899
0.107521,0.0560314,0,0.0163159,0.899
0.105553,0.0631607,0,0.0153782,0.899
0.103276,0.0708556,0,0.0133641,0.898
0.101191,0.0767701,0,0.00992558,0.898
0.098869,0.0819771,0,0.00462461,0.896
0.0961486,0.087345,0,-0.0032533,0.896
0.0921823,0.0922555,0,-0.0141947,0.896
0.0871765,0.0955131,0,-0.0281604,0.896
0.0805939,0.0978546,0,-0.0439793,0.896
0.0733994,0.0987504,0,-0.0590663,0.896
0.0966022,0.098767,0,0,0.896
0.0966022,0.098767,0,0,0.896
0.0966022,0.098767,0,0,0.896
0.0966022,0.098767,0,0,0.896
0.0966022,0.098767,0,0,0.896
0.0966022,0.098767,0,0,0.896
0.0966022,0.098767,0,0,0.896
0.1,0,-0.0976288,0,0.9
0.1,0,-0.0976288,0,0.9
0.1,0,-0.0976288,0,0.9
0.1,0,-0.0976288,0,0.9
0.1,0,-0.0976288,0,0.9
0.1,0,-0.0976288,0,0.9
0.1,0,-0.0976288,0,0.9
0.1,0,-0.0976288,0,0.9
0.0655915,0,-0.0962158,0,0.702
0.121169,0,-0.094693,-0.00292174,0.877
0.0975852,0,-0.0918846,-0.00156574,0.875
0.100115,0,-0.0874015,-0.00118312,0.877
0.0967488,0,-0.0825725,-0.00113653,0.88
0.0952547,0,-0.0755468,-0.00126677,0.879
0.0945975,0,-0.0694423,-0.0015544,0.878
0.0946084,0,-0.0606771,-0.00193415,0.877
0.0959226,0,-0.0531411,-0.00224534,0.879
0.0979686,0,-0.0444366,-0.00241176,0.882
0.100892,0,-0.0339222,-0.00231453,0.887
0.104035,0,-0.0242849,-0.0018732,0.893
0.10385,0,-0.0159274,-0.00114331,0.9
0.106186,0,-0.00606477,-0.000218648,0.905
0.107452,0,0.00389803,0.000886693,0.907
0.108096,0,0.0128281,0.00209322,0.909
0.10839,0,0.0225058,0.00332078,0.911
0.108092,0,0.035387,0.00446904,0.911
0.107417,0,0.0410651,0.00544154,0.913
0.106351,0,0.0497397,0.00599504,0.914
0.102913,0,0.0540598,0.0055514,0.919
0.101614,0,0.060984,0.00499953,0.92
0.0995383,0,0.0675544,0.00357297,0.917
0.0961601,0,0.0749911,0.000984042,0.911
0.0973242,0,0.0814677,-0.00402753,0.905
0.0907916,0,0.0905389,-0.0115971,0.904
0.089335,0,0.0918792,-0.0196816,0.904
0.0817495,0,0.0942476,-0.0381815,0.904
0.0600001,0,0.0963134,-0.0899999,0.904
0.0600001,0,0.0969965,-0.0899999,0.904
0.095009,0,0.0970029,0,0.904
0.095009,0,0.0970029,0,0.904
0.095009,0,0.0970029,0,0.904
0.095009,0,0.0970029,0,0.904
0.095009,0,0.0970029,0,0.904
0.095009,0,0.0970029,0,0.904
0.095009,0,0.0970029,0,0.904
0.1,-0.0817452,0,0,0.898
0.1,-0.0817452,0,0,0.898
0.1,-0.0817452,0,0,0.898
0.1,-0.0817452,0,0,0.898
0.1,-0.0817452,0,0,0.898
0.1,-0.0817452,0,0,0.898
0.1,-0.0817452,0,0,0.898
0.1,-0.0817452,0,0,0.898
0.1,-0.0812611,0,0,0.898
0.0804389,-0.0792047,0,0.00022683,0.779
0.110443,-0.0772257,0,-0.000251876,0.902
0.0903392,-0.0736226,0,-0.00104942,0.894
0.0981366,-0.0699717,0,-0.00163215,0.912
0.0957132,-0.065122,0,-0.00172127,0.919
0.100774,-0.0588634,0,-0.00164507,0.921
0.104927,-0.0518106,0,-0.00121595,0.919
0.108431,-0.0431435,0,-0.000387291,0.913
0.111687,-0.0342526,0,0.000711856,0.91
0.11411,-0.0255287,0,0.00221625,0.909
0.118858,-0.0129006,0,0.00399492,0.903
0.119863,-0.00267644,0,0.00820909,0.901
0.119928,0.00676628,0,0.00820909,0.9
0.119417,0.0163214,0,0.0103856,0.9
0.11815,0.0262037,0,0.0125157,0.899
0.116299,0.0350743,0,0.014356,0.898
0.113907,0.0444705,0,0.0158059,0.897
0.111284,0.0524755,0,0.0167308,0.896
0.108863,0.0589467,0,0.0170468,0.895
0.106228,0.0657854,0,0.0165543,0.893
0.10336,0.0721181,0,0.0151336,0.892
0.10085,0.0774479,0,0.0124866,0.889
0.100237,0.0850581,0,0.00962842,0.88
0.0969949,0.0898328,0,0.00193861,0.88
0.0916656,0.0933615,0,-0.0133792,0.88
0.0851615,0.0969705,0,-0.0296467,0.88
0.0780784,0.0985852,0,-0.0486187,0.88
0.0703213,0.099619,0,-0.0673907,0.88
0.0983294,0.0996868,0,0,0.88
0.0983294,0.0996868,0,0,0.88
0.0983294,0.0996868,0,0,0.88
0.0983294,0.0996868,0,0,0.88
0.0983294,0.0996868,0,0,0.88
0.0983294,0.0996868,0,0,0.88
0.0983294,0.0996868,0,0,0.88
0.1,0,-0.118413,0,0.897
0.1,0,-0.118413,0,0.897
0.1,0,-0.118413,0,0.897
0.1,0,-0.118413,0,0.897
0.1,0,-0.118413,0,0.897
0.1,0,-0.118413,0,0.897
0.1,0,-0.118413,0,0.897
0.1,0,-0.118413,0,0.897
0.1,0,-0.117979,0,0.897
0.0883089,0,-0.115039,-0.00365326,0.802
0.124705,0,-0.112122,-0.00230342,0.899
0.109534,0,-0.108462,-0.000768021,0.899
0.112252,0,-0.103213,4.54758e-05,0.913
0.109502,0,-0.0968291,0.000569063,0.918
0.110085,0,-0.090442,0.000852556,0.92
0.110581,0,-0.0824241,0.00112848,0.918
0.111247,0,-0.07285,0.00150698,0.914
0.112289,0,-0.0627593,0.00209685,0.91
0.116361,0,-0.049008,0.00425525,0.904
0.116869,0,-0.0385652,0.00425525,0.902
0.117483,0,-0.0248632,0.0057195,0.898
0.117139,0,-0.0124956,0.00739702,0.895
0.116086,0,-0.00146083,0.00918837,0.892
0.114913,0,0.0118892,0.0110076,0.889
0.114462,0,0.0252027,0.0137369,0.88
0.112936,0,0.0358488,0.0154544,0.879
0.11131,0,0.045853,0.0169105,0.879
0.109566,0,0.0553845,0.0180124,0.879
0.107778,0,0.064196,0.0185933,0.878
0.106048,0,0.0716286,0.0183757,0.878
0.104321,0,0.0786592,0.0170635,0.877
0.102503,0,0.0842334,0.0141024,0.877
0.100355,0,0.0903788,0.00887154,0.877
0.0948505,0,0.0953917,-0.00578099,0.877
0.0900243,0,0.0991544,-0.0198935,0.877
0.0835246,0,0.101556,-0.0373349,0.877
0.076064,0,0.102491,-0.0554309,0.877
0.0996144,0,0.102495,0,0.877
0.0996144,0,0.102495,0,0.877
0.0996144,0,0.102495,0,0.877
0.0996144,0,0.102495,0,0.877
0.0996144,0,0.102495,0,0.877
0.0996144,0,0.102495,0,0.877
0.0996144,0,0.102495,0,0.877
0.1,-0.117703,0,0,0.899
0.1,-0.117703,0,0,0.899
0.1,-0.117703,0,0,0.899
0.1,-0.117703,0,0,0.899
0.1,-0.117703,0,0,0.899
0.1,-0.117703,0,0,0.899
0.1,-0.117703,0,0,0.899
0.1,-0.117703,0,0,0.899
0.0586498,-0.116648,0,0,0.708
0.121823,-0.113639,0,-0.0051612,0.831
0.106431,-0.109567,0,-0.00225785,0.833
0.105455,-0.104256,0,-0.000652186,0.839
0.101686,-0.0980061,0,-0.000652186,0.844
0.100523,-0.0924535,0,-0.000610558,0.845
0.097478,-0.0812309,0,-0.000871518,0.839
0.0972219,-0.0733541,0,-0.00126037,0.844
0.0997706,-0.0653401,0,-0.00191053,0.859
0.100163,-0.0557192,0,-0.00228035,0.871
0.101334,-0.0470765,0,-0.00224696,0.884
0.10523,-0.0380976,0,-0.00183802,0.896
0.104692,-0.0277933,0,-0.00106021,0.9
0.106958,-0.0143355,0,-0.000126611,0.901
0.107923,-0.00657083,0,0.00109193,0.904
0.108906,0.00710187,0,0.00247744,0.905
0.108956,0.0168341,0,0.00399194,0.906
0.108469,0.0285875,0,0.00529329,0.905
0.105702,0.0456855,0,0.00661318,0.895
0.104079,0.0494862,0,0.00756465,0.889
0.105421,0.0609196,0,0.00918134,0.886
0.103801,0.0705697,0,0.00947358,0.883
0.102273,0.0782923,0,0.00887151,0.88
0.100595,0.0841741,0,0.00701037,0.879
0.0962053,0.0897418,0,0.00299585,0.879
0.0843333,0.0941773,0,-0.0128145,0.879
0.0705162,0.0987881,0,-0.0598087,0.879
0.0600002,0.100345,0,-0.0899998,0.879
0.0599994,0.100837,0,-0.0900006,0.879
0.0599994,0.100837,0,0,0.879
0.0599994,0.100837,0,0,0.879
0.0599994,0.100837,0,0,0.879
0.0599994,0.100837,0,0,0.879
0.0599994,0.100837,0,0,0.879
0.0599994,0.100837,0,0,0.879
0.0599994,0.100837,0,0,0.879
0.1,0,-0.0637782,0,0.88
0.1,0,-0.0637782,0,0.88
0.1,0,-0.0637782,0,0.88
0.1,0,-0.0637782,0,0.88
0.1,0,-0.0637782,0,0.88
0.1,0,-0.0637782,0,0.88
0.1,0,-0.0637782,0,0.88
0.1,0,-0.0637782,0,0.88
0.0970965,0,-0.0632955,0,0.91
0.0877876,0,-0.0618536,-0.000990097,0.886
0.0919023,0,-0.0597165,-0.00177305,0.912
0.088715,0,-0.0569816,-0.00287976,0.92
0.0865329,0,-0.0536283,-0.00287976,0.924
0.0888195,0,-0.0490274,-0.00324697,0.919
0.0922537,0,-0.0432753,-0.00331495,0.914
0.100357,0,-0.0357431,-0.0032336,0.909
0.101899,0,-0.029153,-0.00135854,0.908
0.108735,0,-0.0199385,-0.00135854,0.904
0.111673,0,-0.0113624,0.000248214,0.903
0.114068,0,-0.00194104,0.00199038,0.902
0.114852,0,0.00609239,0.00397345,0.902
0.115711,0,0.0159222,0.00578215,0.902
0.115218,0,0.023936,0.00771152,0.902
0.114443,0,0.0330949,0.00941806,0.902
0.113009,0,0.0410487,0.0108886,0.902
0.111271,0,0.0485212,0.0119904,0.902
0.10926,0,0.0554175,0.0126812,0.902
0.107101,0,0.0621659,0.0128153,0.901
0.105008,0,0.0680171,0.0109036,0.9
0.102995,0,0.0731624,0.0109036,0.899
0.100903,0,0.0776753,0.00838818,0.899
0.0987705,0,0.0817083,0.00434883,0.897
0.096011,0,0.0851487,-0.00170521,0.896
0.0931825,0,0.0888942,-0.0103239,0.896
0.0896141,0,0.0922451,-0.020637,0.896
0.0843644,0,0.0945343,-0.0351955,0.896
0.0778279,0,0.0960251,-0.0516717,0.896
0.0716625,0,0.0965034,0,0.896
0.0716625,0,0.0965034,0,0.896
0.0716625,0,0.0965034,0,0.896
0.0716625,0,0.0965034,0,0.896
0.0716625,0,0.0965034,0,0.896
0.0716625,0,0.0965034,0,0.896
0.0716625,0,0.0965034,0,0.896
0.0716625,0,0.0965034,0,0.896
0.1,-0.114356,0,0,0.884
0.1,-0.114356,0,0,0.884
0.1,-0.114356,0,0,0.884
0.1,-0.114356,0,0,0.884
0.1,-0.114356,0,0,0.884
0.1,-0.114356,0,0,0.884
0.1,-0.114356,0,0,0.884
0.1,-0.114309,0,0,0.884
0.1,-0.113342,0,0,0.884
0.124054,-0.110588,0,0.00268199,0.891
0.123751,-0.107031,0,0.00268199,0.9
0.112792,-0.101852,0,0.0022437,0.904
0.111739,-0.0965156,0,0.00194881,0.912
0.108525,-0.0906184,0,0.00152284,0.917
0.108976,-0.0828511,0,0.00124816,0.918
0.109952,-0.0742674,0,0.00117154,0.916
0.111344,-0.0646271,0,0.00136947,0.913
0.112646,-0.0546745,0,0.00189507,0.91
0.114747,-0.043383,0,0.00277075,0.909
0.115885,-0.0331471,0,0.003991,0.908
0.116582,-0.0221047,0,0.00554658,0.908
0.116993,-0.00869157,0,0.00716272,0.906
0.116279,0.00239144,0,0.00887389,0.905
0.114926,0.012507,0,0.0105807,0.904
0.113161,0.0241283,0,0.0120018,0.903
0.111038,0.0343366,0,0.0131556,0.901
0.108919,0.0430165,0,0.013902,0.899
0.106648,0.0520465,0,0.0141382,0.897
0.106041,0.0642703,0,0.015443,0.887
0.103886,0.0725745,0,0.014366,0.885
0.101971,0.07933,0,0.0121538,0.883
0.100216,0.0846148,0,0.00849939,0.881
0.0977526,0.0905164,0,0.00275644,0.881
0.0932101,0.0945895,0,-0.0101467,0.881
0.0881359,0.0982786,0,-0.0231515,0.881
0.0827064,0.099948,0,-0.038552,0.881
0.0772656,0.100588,0,-0.0540459,0.881
0.0772656,0.100588,0,0,0.881
0.0772656,0.100588,0,0,0.881
0.0772656,0.100588,0,0,0.881
0.0772656,0.100588,0,0,0.881
0.0772656,0.100588,0,0,0.881
0.0772656,0.100588,0,0,0.881
0.0772656,0.100588,0,0,0.881
0.1,0,-0.120303,0,0.872
0.1,0,-0.120303,0,0.872
0.1,0,-0.120303,0,0.872
0.1,0,-0.120303,0,0.872
0.1,0,-0.120303,0,0.872
0.1,0,-0.120303,0,0.872
0.1,0,-0.120303,0,0.872
0.0681218,0,-0.120248,0,0.854
0.0907404,0,-0.119079,0,0.86
0.121305,0,-0.1167,-0.00196157,0.895
0.120831,0,-0.113088,-0.000388337,0.899
0.116899,0,-0.107737,0.000966772,0.902
0.113876,0,-0.101298,0.00171928,0.9
0.111482,0,-0.0944262,0.00211108,0.899
0.110089,0,-0.0863445,0.00211108,0.897
0.109892,0,-0.0782975,0.00215621,0.896
0.112415,0,-0.0684403,0.00248048,0.891
0.113597,0,-0.056909,0.00297594,0.889
0.114944,0,-0.0455184,0.00383212,0.889
0.116066,0,-0.0342602,0.00504254,0.889
0.116918,0,-0.0227024,0.00658351,0.89
0.117515,0,-0.00955086,0.00837178,0.89
0.117393,0,0.00246579,0.0102947,0.891
0.116569,0,0.0128037,0.0122986,0.892
0.115381,0,0.0235773,0.014079,0.893
0.113797,0,0.0334312,0.0156354,0.894
0.111964,0,0.0432455,0.016783,0.894
0.109992,0,0.0523429,0.0173942,0.894
0.107821,0,0.061279,0.0172654,0.894
0.105956,0,0.0684369,0.0162138,0.894
0.10387,0,0.0756885,0.0138062,0.893
0.101923,0,0.0812433,0.00953338,0.892
0.0993117,0,0.0877927,0.00284334,0.889
0.0945417,0,0.0929401,-0.00986246,0.889
0.0893218,0,0.0969075,-0.0238369,0.889
0.0826835,0,0.0994889,-0.0403643,0.889
0.0756601,0,0.10084,-0.0564462,0.889
0.0985246,0,0.100993,0,0.889
0.0985246,0,0.100993,0,0.889
0.0985246,0,0.100993,0,0.889
0.0985246,0,0.100993,0,0.889
0.0985246,0,0.100993,0,0.889
0.0985246,0,0.100993,0,0.889
0.0985246,0,0.100993,0,0.889
0.1,-0.120472,0,0,0.899
0.1,-0.120472,0,0,0.899
0.1,-0.120472,0,0,0.899
0.1,-0.120472,0,0,0.899
0.1,-0.120472,0,0,0.899
0.1,-0.120472,0,0,0.899
0.1,-0.120472,0,0,0.899
0.1,-0.120472,0,0,0.899
0.0901418,-0.120034,0,0,0.808
0.134611,-0.118145,0,-0.000901744,0.896
0.126344,-0.115093,0,0.000368926,0.909
0.122432,-0.110803,0,0.00132639,0.912
0.116319,-0.105955,0,0.00158488,0.917
0.111905,-0.0987664,0,0.00154552,0.912
0.110219,-0.0916629,0,0.00139524,0.911
0.11012,-0.0829426,0,0.00131122,0.91
0.111036,-0.0736414,0,0.00140987,0.909
0.112356,-0.063574,0,0.00180361,0.907
0.116094,-0.0512318,0,0.00261553,0.902
0.117343,-0.0392607,0,0.00371273,0.901
0.118015,-0.0275657,0,0.00512316,0.9
0.117852,-0.0176492,0,0.00677635,0.9
0.117462,-0.00627054,0,0.00857325,0.899
0.116627,0.00490189,0,0.0103875,0.899
0.115336,0.0168396,0,0.0120824,0.899
0.113696,0.0265137,0,0.0135258,0.899
0.111798,0.0364607,0,0.0146032,0.899
0.109611,0.0464305,0,0.015164,0.899
0.107622,0.054566,0,0.0151872,0.899
0.105411,0.0627559,0,0.0143537,0.899
0.103308,0.0699054,0,0.012424,0.899
0.101409,0.0760082,0,0.00910012,0.898
0.0992932,0.0809688,0,0.00383511,0.897
0.0965713,0.0874211,0,-0.00391667,0.894
0.0922712,0.0925101,0,-0.0152727,0.894
0.0872602,0.0958723,0,-0.0290314,0.894
0.0807418,0.0981622,0,-0.0447544,0.894
0.0738922,0.0990792,0,-0.0598104,0.894
0.0973714,0.0990834,0,0,0.894
0.0973714,0.0990834,0,0,0.894
0.0973714,0.0990834,0,0,0.894
0.0973714,0.0990834,0,0,0.894
0.0973714,0.0990834,0,0,0.894
0.0973714,0.0990834,0,0,0.894
0.0973714,0.0990834,0,0,0.894
0.1,0,-0.118413,0,0.9
0.1,0,-0.118413,0,0.9
0.1,0,-0.118413,0,0.9
0.1,0,-0.118413,0,0.9
0.1,0,-0.118413,0,0.9
0.1,0,-0.118413,0,0.9
0.1,0,-0.118413,0,0.9
0.0950992,0,-0.118408,0,0.828
0.107548,0,-0.117298,0,0.823
0.136496,0,-0.114877,0.001684,0.896
0.125682,0,-0.111813,0.00244843,0.911
0.120552,0,-0.107294,0.00294821,0.91
0.116603,0,-0.101749,0.00294821,0.908
0.114326,0,-0.0950847,0.00277773,0.907
0.113368,0,-0.0874236,0.00261841,0.906
0.11355,0,-0.0787695,0.00261669,0.905
0.114807,0,-0.0675001,0.00287895,0.903
0.115649,0,-0.05902,0.00349817,0.903
0.11675,0,-0.0483074,0.00439219,0.901
0.117843,0,-0.0363247,0.00562483,0.901
0.118353,0,-0.0244377,0.00710531,0.9
0.118255,0,-0.0133667,0.0087505,0.9
0.117669,0,-0.00184744,0.0104764,0.9
0.11651,0,0.00931478,0.0121419,0.9
0.114921,0,0.0197282,0.0136046,0.9
0.11302,0,0.0298858,0.0147107,0.9
0.110895,0,0.0394137,0.0154699,0.9
0.10869,0,0.048292,0.0156522,0.9
0.106482,0,0.0564811,0.015165,0.9
0.104324,0,0.0639398,0.0138375,0.9
0.102205,0,0.0708879,0.0114251,0.899
0.100087,0,0.0768701,0.00758274,0.898
0.0977478,0,0.0816466,0.00188505,0.897
0.0945154,0,0.087706,-0.00622817,0.897
0.0909443,0,0.0919929,-0.0165106,0.897
0.0857552,0,0.0951002,-0.0302944,0.897
0.0792432,0,0.0971029,-0.0459222,0.897
0.0725996,0,0.0978146,-0.0607737,0.897
0.0725996,0,0.0978146,0,0.897
0.0725996,0,0.0978146,0,0.897
0.0725996,0,0.0978146,0,0.897
0.0725996,0,0.0978146,0,0.897
0.0725996,0,0.0978146,0,0.897
0.0725996,0,0.0978146,0,0.897
0.0725996,0,0.0978146,0,0.897
0.1,-0.116796,0,0,0.879
0.1,-0.116796,0,0,0.879
0.1,-0.116796,0,0,0.879
0.1,-0.116796,0,0,0.879
0.1,-0.116796,0,0,0.879
0.1,-0.116796,0,0,0.879
0.1,-0.116796,0,0,0.879
0.0950539,-0.116769,0,0,0.76
0.13435,-0.115499,0,0.00314796,0.894
0.137346,-0.11269,0,0.00314796,0.891
0.124356,-0.109158,0,0.00295751,0.905
0.118053,-0.104587,0,0.0030551,0.908
0.115291,-0.0992856,0,0.00276446,0.909
0.113501,-0.0915959,0,0.00276446,0.908
0.113301,-0.0838851,0,0.00265524,0.907
0.113934,-0.0751248,0,0.00274994,0.905
0.114859,-0.066129,0,0.0031464,0.904
0.116085,-0.0556457,0,0.00380057,0.903
0.1174,-0.0431741,0,0.00478038,0.901
0.117819,-0.0330293,0,0.00602358,0.901
0.117773,-0.0228293,0,0.0074763,0.9
0.117543,-0.0107427,0,0.0090638,0.9
0.116739,0.000847119,0,0.0106574,0.9
0.115422,0.0120621,0,0.0121602,0.9
0.113791,0.0214194,0,0.0134554,0.9
0.111853,0.0313683,0,0.0144283,0.9
0.109598,0.0413941,0,0.0149603,0.9
0.107392,0.0500149,0,0.0149432,0.9
0.105178,0.0579293,0,0.0142518,0.9
0.103175,0.0648056,0,0.0126857,0.9
0.100977,0.0718203,0,0.0100181,0.899
0.0988588,0.0772199,0,0.00594529,0.899
0.0966321,0.0820023,0,2.82608e-05,0.897
0.0962409,0.0874714,0,-0.008714,0.897
0.0918973,0.0917232,0,-0.0213225,0.897
0.0863006,0.0948072,0,-0.0360905,0.897
0.0800757,0.0965977,0,-0.0511832,0.897
0.0984654,0.0971082,0,0,0.897
0.0984654,0.0971082,0,0,0.897
0.0984654,0.0971082,0,0,0.897
0.0984654,0.0971082,0,0,0.897
0.0984654,0.0971082,0,0,0.897
0.0984654,0.0971082,0,0,0.897
0.0984654,0.0971082,0,0,0.897
0.0984654,0.0971082,0,0,0.897
0.1,0,-0.116374,0,0.898
0.1,0,-0.116374,0,0.898
0.1,0,-0.116374,0,0.898
0.1,0,-0.116374,0,0.898
0.1,0,-0.116374,0,0.898
0.1,0,-0.116374,0,0.898
0.1,0,-0.116374,0,0.898
0.0958847,0,-0.116283,0,0.76
0.143435,0,-0.114738,0.00251137,0.891
0.131121,0,-0.11199,0.00251137,0.908
0.124593,0,-0.108277,0.00316121,0.914
0.119242,0,-0.103261,0.00335479,0.911
0.115587,0,-0.0972424,0.00325306,0.909
0.114158,0,-0.0910387,0.00305326,0.909
0.113667,0,-0.0833631,0.00293222,0.908
0.114113,0,-0.0743145,0.00301565,0.907
0.115034,0,-0.0646937,0.00337799,0.905
0.116224,0,-0.0539203,0.00404828,0.904
0.117286,0,-0.0425103,0.00502549,0.903
0.118114,0,-0.0300592,0.00627274,0.902
0.115755,0,-0.0212826,0.00931853,0.903
0.117486,0,-0.0093559,0.00931853,0.901
0.116624,0,0.00245131,0.0109255,0.901
0.115248,0,0.0132819,0.0124197,0.901
0.113477,0,0.023613,0.0136913,0.901
0.111552,0,0.0326309,0.0146222,0.901
0.109187,0,0.0427235,0.0150627,0.901
0.107063,0,0.0507801,0.015013,0.901
0.104871,0,0.0583749,0.0142007,0.901
0.102726,0,0.0654709,0.0124979,0.901
0.100468,0,0.0722855,0.00967597,0.9
0.100744,0,0.0810601,0.0063584,0.895
0.098416,0,0.0866209,-0.000808083,0.893
0.0943682,0,0.0916979,-0.0123257,0.893
0.0894756,0,0.0958106,-0.025718,0.893
0.0834482,0,0.0984635,-0.0409096,0.893
0.0772643,0,0.0997495,-0.0556329,0.893
0.0982985,0,0.0999143,0,0.893
0.0982985,0,0.0999143,0,0.893
0.0982985,0,0.0999143,0,0.893
0.0982985,0,0.0999143,0,0.893
0.0982985,0,0.0999143,0,0.893
0.0982985,0,0.0999143,0,0.893
0.0982985,0,0.0999143,0,0.893
0.1,-0.119282,0,0,0.899
0.1,-0.119282,0,0,0.899
0.1,-0.119282,0,0,0.899
0.1,-0.119282,0,0,0.899
0.1,-0.119282,0,0,0.899
0.1,-0.119282,0,0,0.899
0.1,-0.119282,0,0,0.899
0.1,-0.119282,0,0,0.899
0.0915197,-0.118751,0,0,0.727
0.144473,-0.117031,0,0.00197891,0.889
0.130521,-0.114146,0,0.00253637,0.91
0.124155,-0.110083,0,0.0033147,0.916
0.119355,-0.104815,0,0.0033147,0.914
0.115266,-0.0982919,0,0.00320246,0.91
0.113546,-0.090316,0,0.0030225,0.91
0.113369,-0.0817416,0,0.0029505,0.909
0.113874,-0.073394,0,0.00310738,0.908
0.115166,-0.0624935,0,0.00353391,0.907
0.118463,-0.0499688,0,0.00445362,0.902
0.119037,-0.0398791,0,0.005526,0.901
0.11945,-0.0280286,0,0.00693186,0.9
0.119258,-0.0163929,0,0.00854852,0.899
0.11875,-0.00265441,0,0.0102625,0.898
0.117413,0.0076816,0,0.0120291,0.897
0.115743,0.019677,0,0.0135646,0.897
0.113933,0.0280551,0,0.0149113,0.897
0.111768,0.0383897,0,0.0158776,0.896
0.109725,0.0468227,0,0.0163601,0.896
0.107633,0.0551261,0,0.0161953,0.896
0.105354,0.0634627,0,0.015218,0.896
0.103363,0.070447,0,0.0132308,0.896
0.101563,0.0761252,0,0.00985318,0.896
0.0991741,0.0816433,0,0.00453437,0.895
0.0964696,0.0879704,0,-0.00317551,0.893
0.0925008,0.0923431,0,-0.0148162,0.893
0.0872378,0.0960115,0,-0.0290179,0.893
0.0807009,0.0983768,0,-0.0448217,0.893
0.0740862,0.099206,0,-0.0600309,0.893
0.0974296,0.0992176,0,0,0.893
0.0974296,0.0992176,0,0,0.893
0.0974296,0.0992176,0,0,0.893
0.0974296,0.0992176,0,0,0.893
0.0974296,0.0992176,0,0,0.893
0.0974296,0.0992176,0,0,0.893
0.0974296,0.0992176,0,0,0.893
0.1,0,-0.118896,0,0.9
0.1,0,-0.118896,0,0.9
0.1,0,-0.118896,0,0.9
0.1,0,-0.118896,0,0.9
0.1,0,-0.118896,0,0.9
0.1,0,-0.118896,0,0.9
0.1,0,-0.118896,0,0.9
0.0874388,0,-0.118896,0,0.784
0.0995387,0,-0.117688,0,0.782
0.13969,0,-0.115358,0.0018957,0.893
0.127409,0,-0.111666,0.00256127,0.905
0.120599,0,-0.10714,0.00299744,0.908
0.117095,0,-0.102163,0.00305582,0.908
0.114289,0,-0.0944971,0.00288982,0.908
0.113434,0,-0.0867007,0.00272021,0.907
0.11363,0,-0.0790506,0.00270316,0.906
0.114501,0,-0.0695494,0.00292291,0.904
0.115718,0,-0.0591051,0.00348138,0.903
0.116984,0,-0.0476862,0.00437995,0.902
0.11776,0,-0.0366688,0.0055905,0.901
0.118122,0,-0.0254015,0.00706114,0.9
0.118012,0,-0.0140373,0.00877432,0.9
0.117473,0,-0.00219109,0.0104488,0.899
0.11639,0,0.00963343,0.0121107,0.899
0.114888,0,0.0195117,0.0135929,0.9
0.113042,0,0.0300056,0.0147587,0.9
0.110866,0,0.0400469,0.0156477,0.9
0.108608,0,0.0491194,0.0158971,0.9
0.106584,0,0.0566919,0.0155246,0.9
0.104294,0,0.0648095,0.0142715,0.899
0.102342,0,0.0711375,0.0119465,0.899
0.100297,0,0.0770065,0.00820329,0.898
0.0979677,0,0.0818137,0.00257058,0.897
0.0949703,0,0.0875183,-0.00543489,0.897
0.091207,0,0.0921936,-0.0157612,0.897
0.0859561,0,0.0954441,-0.0294356,0.897
0.0793684,0,0.0974546,-0.044956,0.897
0.0733033,0,0.0980343,-0.0594156,0.897
0.0733033,0,0.0980343,0,0.897
0.0733033,0,0.0980343,0,0.897
0.0733033,0,0.0980343,0,0.897
0.0733033,0,0.0980343,0,0.897
0.0733033,0,0.0980343,0,0.897
0.0733033,0,0.0980343,0,0.897
0.0733033,0,0.0980343,0,0.897
0.1,-0.117535,0,0,0.88
0.1,-0.117535,0,0,0.88
0.1,-0.117535,0,0,0.88
0.1,-0.117535,0,0,0.88
0.1,-0.117535,0,0,0.88
0.1,-0.117535,0,0,0.88
0.1,-0.117535,0,0,0.88
0.0954337,-0.117523,0,0,0.775
0.106253,-0.116088,0,0,0.777
0.14013,-0.113281,0,0.00304904,0.891
0.12691,-0.109817,0,0.00313758,0.906
0.120552,-0.10551,0,0.0033318,0.91
0.116229,-0.0990271,0,0.00328665,0.908
0.114276,-0.0921689,0,0.00307927,0.908
0.113651,-0.0842605,0,0.0029196,0.907
0.113468,-0.0754843,0,0.00322649,0.906
0.115121,-0.065671,0,0.00322649,0.904
0.116332,-0.0553454,0,0.00383657,0.903
0.115362,-0.0444551,0,0.00606626,0.903
0.118036,-0.0331435,0,0.00606626,0.901
0.117996,-0.0234329,0,0.00749643,0.901
0.117775,-0.011628,0,0.00911189,0.9
0.117025,-0.000255001,0,0.0107565,0.9
0.115795,0.0107791,0,0.0123124,0.9
0.114163,0.0216311,0,0.0136661,0.9
0.112263,0.031374,0,0.0147129,0.9
0.110131,0.041016,0,0.0153322,0.9
0.107819,0.0501441,0,0.0154231,0.9
0.105788,0.0575501,0,0.0148375,0.9
0.103642,0.064846,0,0.0133808,0.9
0.101553,0.0716354,0,0.0108206,0.899
0.0992275,0.0774775,0,0.00687143,0.899
0.0969353,0.0824483,0,-0.00769446,0.897
0.0963225,0.0881583,0,-0.00769446,0.897
0.0919779,0.0923476,0,-0.0204767,0.897
0.0863347,0.0951733,0,-0.0357818,0.897
0.0799494,0.0970026,0,-0.051244,0.897
0.0984501,0.0974863,0,0,0.897
0.0984501,0.0974863,0,0,0.897
0.0984501,0.0974863,0,0,0.897
0.0984501,0.0974863,0,0,0.897
0.0984501,0.0974863,0,0,0.897
0.0984501,0.0974863,0,0,0.897
0.0984501,0.0974863,0,0,0.897
0.0984501,0.0974863,0,0,0.897
0.1,0,-0.116871,0,0.898
0.1,0,-0.116871,0,0.898
0.1,0,-0.116871,0,0.898
0.1,0,-0.116871,0,0.898
0.1,0,-0.116871,0,0.898
0.1,0,-0.116871,0,0.898
0.1,0,-0.116871,0,0.898
0.0959815,0,-0.116782,0,0.764
0.142587,0,-0.115468,0.00149883,0.892
0.131115,0,-0.112478,0.00241538,0.908
0.124487,0,-0.108736,0.00309633,0.913
0.119532,0,-0.104139,0.00331486,0.911
0.115909,0,-0.0981696,0.00323357,0.909
0.114086,0,-0.0904723,0.0030489,0.908
0.11359,0,-0.0825522,0.00303665,0.908
0.114323,0,-0.0736468,0.00340314,0.906
0.115428,0,-0.0637648,0.00340314,0.905
0.116638,0,-0.0529492,0.0040858,0.903
0.117378,0,-0.0430946,0.0050796,0.903
0.117953,0,-0.0315646,0.00639408,0.902
0.117904,0,-0.0210545,0.00782088,0.901
0.117499,0,-0.00991119,0.00940084,0.901
0.115065,0,0.00170176,0.0124828,0.901
0.11528,0,0.0125051,0.0124828,0.901
0.113591,0,0.0226427,0.0137404,0.901
0.111487,0,0.0332328,0.0146761,0.901
0.109305,0,0.0423996,0.0151582,0.901
0.107052,0,0.0508928,0.0150836,0.901
0.10496,0,0.0583411,0.0143037,0.901
0.10268,0,0.066084,0.0126538,0.9
0.103055,0,0.0752786,0.0114457,0.896
0.101087,0,0.0808261,0.00673448,0.895
0.0986776,0,0.0869464,-0.000321715,0.892
0.0946223,0,0.0920301,-0.0118181,0.892
0.0865713,0,0.0963017,-0.0401808,0.892
0.0838659,0,0.0987281,-0.0401808,0.892
0.0775266,0,0.100056,-0.0549301,0.892
0.0983524,0,0.100189,0,0.892
0.0983524,0,0.100189,0,0.892
0.0983524,0,0.100189,0,0.892
0.0983524,0,0.100189,0,0.892
0.0983524,0,0.100189,0,0.892
0.0983524,0,0.100189,0,0.892
0.0983524,0,0.100189,0,0.892
0.1,-0.120226,0,0,0.899
0.1,-0.120226,0,0,0.899
0.1,-0.120226,0,0,0.899
0.1,-0.120226,0,0,0.899
0.1,-0.120226,0,0,0.899
0.1,-0.120226,0,0,0.899
0.1,-0.120226,0,0,0.899
0.1,-0.120226,0,0,0.899
0.0892577,-0.119493,0,0,0.705
0.143564,-0.117323,0,0.00237424,0.882
0.129345,-0.114246,0,0.0025549,0.907
0.123238,-0.110378,0,0.00294727,0.911
0.116864,-0.104699,0,0.00295353,0.915
0.114113,-0.0990359,0,0.00281078,0.912
0.112738,-0.0918314,0,0.00265788,0.91
0.112924,-0.0833657,0,0.0026427,0.91
0.113879,-0.0742847,0,0.00287006,0.909
0.115624,-0.0625895,0,0.00337535,0.907
0.118945,-0.050497,0,0.00441935,0.902
0.120064,-0.0381693,0,0.0056435,0.901
0.120311,-0.026521,0,0.00721581,0.9
0.12011,-0.0147704,0,0.00887824,0.899
0.119205,-0.00411369,0,0.0106916,0.898
0.117966,0.00752639,0,0.0124909,0.898
0.116192,0.0186779,0,0.0141553,0.897
0.114146,0.0293189,0,0.0155283,0.896
0.111962,0.0387702,0,0.0165217,0.896
0.109908,0.0469572,0,0.0170033,0.896
0.107672,0.0557689,0,0.0168496,0.895
0.105301,0.0640242,0,0.015873,0.895
0.103195,0.0710934,0,0.0138246,0.895
0.101173,0.0767758,0,0.0103409,0.896
0.0990075,0.0817308,0,0.00491072,0.895
0.0962881,0.0874845,0,-0.00301938,0.895
0.0925586,0.0920011,0,-0.0143518,0.895
0.0875338,0.095539,0,-0.0285191,0.895
0.0808959,0.098041,0,-0.0446084,0.895
0.0742683,0.098946,0,-0.0598383,0.895
0.0972871,0.0989576,0,0,0.895
0.0972871,0.0989576,0,0,0.895
0.0972871,0.0989576,0,0,0.895
0.0972871,0.0989576,0,0,0.895
0.0972871,0.0989576,0,0,0.895
0.0972871,0.0989576,0,0,0.895
0.0972871,0.0989576,0,0,0.895
0.1,0,-0.119037,0,0.9
0.1,0,-0.119037,0,0.9
0.1,0,-0.119037,0,0.9
0.1,0,-0.119037,0,0.9
0.1,0,-0.119037,0,0.9
0.1,0,-0.119037,0,0.9
0.1,0,-0.119037,0,0.9
0.0862289,0,-0.119034,0,0.762
0.0957822,0,-0.117968,0,0.76
0.140958,0,-0.115625,0.00205229,0.891
0.128164,0,-0.112571,0.0026045,0.906
0.121666,0,-0.10807,0.00304237,0.909
0.117519,0,-0.102581,0.00312447,0.908
0.115079,0,-0.0960048,0.00297048,0.908
0.113992,0,-0.0883799,0.00279816,0.907
0.11406,0,-0.0795405,0.00278371,0.906
0.114844,0,-0.0700719,0.00302077,0.904
0.116008,0,-0.0596526,0.00357027,0.903
0.117533,0,-0.0468712,0.00445522,0.901
0.118461,0,-0.0348674,0.00570025,0.9
0.118448,0,-0.0253584,0.00717137,0.9
0.118433,0,-0.0146035,0.0105637,0.901
0.117706,0,-0.00274012,0.0105637,0.899
0.116679,0,0.00855044,0.0122059,0.899
0.115158,0,0.0193607,0.0137379,0.899
0.113241,0,0.0304169,0.0149734,0.899
0.111272,0,0.039278,0.015821,0.899
0.10896,0,0.0489169,0.016144,0.899
0.106757,0,0.0571283,0.0158256,0.899
0.104724,0,0.0642551,0.0146816,0.899
0.102648,0,0.0709784,0.0124315,0.899
0.100562,0,0.0770501,0.00876978,0.898
0.0983436,0,0.0817834,0.00325428,0.897
0.0954429,0,0.0873387,-0.00468467,0.897
0.0918478,0,0.0919112,-0.0150281,0.897
0.0867131,0,0.0953195,-0.0286227,0.897
0.0801541,0,0.0975023,-0.0441316,0.897
0.0737846,0,0.0982529,-0.0585187,0.897
0.0737846,0,0.0982533,0,0.897
0.0737846,0,0.0982533,0,0.897
0.0737846,0,0.0982533,0,0.897
0.0737846,0,0.0982533,0,0.897
0.0737846,0,0.0982533,0,0.897
0.0737846,0,0.0982533,0,0.897
0.0737846,0,0.0982533,0,0.897
0.1,-0.117825,0,0,0.88
0.1,-0.117825,0,0,0.88
0.1,-0.117825,0,0,0.88
0.1,-0.117825,0,0,0.88
0.1,-0.117825,0,0,0.88
0.1,-0.117825,0,0,0.88
0.1,-0.117825,0,0,0.88
0.0954563,-0.117818,0,0,0.779
0.106301,-0.116516,0,0,0.78
0.14026,-0.113746,0,0.00291993,0.891
0.126904,-0.110303,0,0.00308954,0.905
0.120878,-0.10628,0,0.00329474,0.909
0.116777,-0.100393,0,0.0032562,0.908
0.114644,-0.0936847,0,0.00305587,0.908
0.113823,-0.0861335,0,0.00289744,0.907
0.114034,-0.077424,0,0.00291464,0.906
0.115201,-0.0663691,0,0.00317965,0.904
0.116227,-0.0566266,0,0.00380588,0.903
0.117555,-0.0445839,0,0.00473957,0.902
0.117931,-0.0347822,0,0.00597055,0.901
0.118074,-0.0236148,0,0.00749264,0.9
0.117985,-0.0116928,0,0.00906108,0.9
0.117155,-0.000922161,0,0.0107744,0.9
0.116038,0.0113642,0,0.0122444,0.9
0.114417,0.0208122,0,0.013682,0.9
0.112528,0.0308906,0,0.014767,0.9
0.11038,0.0405713,0,0.0154421,0.9
0.108253,0.0491372,0,0.0155657,0.9
0.106063,0.0572325,0,0.0150308,0.9
0.103803,0.0649277,0,0.0136472,0.9
0.101784,0.071599,0,0.0111885,0.899
0.099579,0.0772471,0,0.00730816,0.899
0.0971314,0.0825992,0,0.00150836,0.897
0.0939881,0.0875958,0,-0.00730123,0.897
0.0906155,0.0919636,0,-0.0171826,0.897
0.0853621,0.0951622,0,-0.0308347,0.897
0.0789529,0.0970944,0,-0.0459464,0.897
0.0729655,0.0976703,0,0,0.897
0.0729655,0.0976703,0,0,0.897
0.0729655,0.0976703,0,0,0.897
0.0729655,0.0976703,0,0,0.897
0.0729655,0.0976703,0,0,0.897
0.0729655,0.0976703,0,0,0.897
0.0729655,0.0976703,0,0,0.897
0.0729655,0.0976703,0,0,0.897
0.1,0,-0.11712,0,0.88
0.1,0,-0.11712,0,0.88
0.1,0,-0.11712,0,0.88
0.1,0,-0.11712,0,0.88
0.1,0,-0.11712,0,0.88
0.1,0,-0.11712,0,0.88
0.1,0,-0.11712,0,0.88
0.0961913,0,-0.117073,0,0.768
0.131321,0,-0.115951,0.000943957,0.898
0.131983,0,-0.113395,0.00239103,0.908
0.125548,0,-0.109737,0.00314518,0.913
0.120168,0,-0.10486,0.00338714,0.91
0.116329,0,-0.0990207,0.00329712,0.909
0.114454,0,-0.092152,0.00308789,0.908
0.113808,0,-0.0842968,0.0029632,0.907
0.114144,0,-0.0754747,0.00303145,0.906
0.115058,0,-0.0657557,0.00337388,0.905
0.116234,0,-0.055067,0.0039946,0.903
0.117211,0,-0.0439324,0.0049931,0.902
0.117968,0,-0.032336,0.00619185,0.901
0.117902,0,-0.0220687,0.00770655,0.901
0.117646,0,-0.0102885,0.00925254,0.9
0.11684,0,0.00103004,0.0108668,0.9
0.115518,0,0.0119714,0.0124452,0.9
0.113856,0,0.0224619,0.0137108,0.9
0.11188,0,0.0323698,0.0147328,0.9
0.109751,0,0.0416656,0.0152431,0.9
0.107549,0,0.0502978,0.0152372,0.9
0.105357,0,0.0582334,0.0145556,0.9
0.103237,0,0.0654432,0.0130305,0.9
0.101199,0,0.0716704,0.0104032,0.9
