0.00713277,-0.0316078,-3.9863e-05,0,0,0.00713012,-0.00104167
0.00713277,-0.0322464,-3.94628e-05,-3.78699e-07,0,0.00712405,-9.97466e-05
0.00713277,-0.0324394,-3.84475e-05,-1.16996e-06,0,0.00711704,-0.00013164
0.00713277,-0.0316116,-3.62952e-05,-1.94398e-06,0,0.00710971,5.30901e-05
0.00713277,-0.0320034,-3.53763e-05,-2.68065e-06,0,0.00710221,-6.51606e-05
0.00713277,-0.0325067,-3.45462e-05,-3.39277e-06,0,0.00709452,-0.000174309
0.00713277,-0.0331117,-3.38092e-05,-4.08784e-06,0,0.00708663,-0.000303418
0.00713277,-0.032881,-3.22118e-05,-4.76771e-06,0,0.00707848,-0.000242193
0.00713277,-0.0329574,-3.09609e-05,-5.41994e-06,0,0.00707003,-0.000273826
0.00713277,-0.0324877,-2.91798e-05,-6.04541e-06,0,0.00706124,-0.000174496
0.00713277,-0.032341,-2.77817e-05,-6.63791e-06,0,0.00705206,-0.000163569
0.00713277,-0.0303578,-2.45423e-05,-7.20054e-06,0,0.00704244,0.000268664
0.00713277,-0.0280179,-2.10357e-05,-7.70758e-06,0,0.00703231,0.000728745
0.00713277,-0.0247476,-1.66889e-05,-8.14582e-06,0,0.00702164,0.00138726
0.00713277,-0.0196262,-1.05863e-05,-8.50134e-06,0,0.00701035,0.00243482
0.00713277,-0.0146899,-4.87793e-06,-8.74358e-06,0,0.00699838,0.00338796
0.00713277,-0.0102081,1.55161e-07,-8.86968e-06,0,0.00698567,0.00424341
0.00713277,-0.00454536,6.20338e-06,-8.89174e-06,0,0.00697214,0.00537618
0.00713277,-0.000195414,1.06701e-05,-8.79791e-06,0,0.00695773,0.0061798
0.00713277,0.00288421,1.36363e-05,-8.60684e-06,0,0.00694234,0.00673399
0.00713277,0.00701338,1.75308e-05,-8.34895e-06,0,0.00692591,0.00755872
0.00713277,0.0124117,2.25574e-05,-8.0178e-06,0,0.00690832,0.0086379
0.00713277,0.0159992,2.55168e-05,-7.59179e-06,0,0.00688949,0.00927315
0.00713277,0.0210306,2.98148e-05,-7.09625e-06,0,0.00686932,0.0102825
0.00713277,0.0256559,3.35141e-05,-6.52144e-06,0,0.00684768,0.0111585
0.00713277,0.0268333,3.3508e-05,-5.86966e-06,0,0.00682446,0.0112696
0.00713277,0.0327719,3.83509e-05,-5.19947e-06,0,0.00679954,0.0125459
0.00713277,0.0361184,4.03492e-05,-4.45666e-06,0,0.00677277,0.0131038
0.00713277,0.0384841,4.1243e-05,-3.65967e-06,0,0.006744,0.0135123
0.00713277,0.040611,4.18339e-05,-2.83928e-06,0,0.00671307,0.0138927
0.00713277,0.0428818,4.25316e-05,-2.00556e-06,0,0.00667982,0.0143097
0.00713277,0.0430448,4.10254e-05,-1.15876e-06,0,0.00664406,0.0142466
0.00713277,0.0434294,3.97784e-05,-3.30726e-07,0,0.00660559,0.01429
0.00713277,0.0435962,3.83415e-05,4.71077e-07,0,0.00656419,0.0142753
0.00713277,0.0429599,3.61246e-05,1.24509e-06,0,0.00651964,0.014083
0.00713277,0.0423011,3.39579e-05,1.97867e-06,0,0.00647169,0.013905
0.00713277,0.0424131,3.2662e-05,2.66866e-06,0,0.00642006,0.0138971
0.00713277,0.0410855,2.99444e-05,3.32838e-06,0,0.00636449,0.0135401
0.00713277,0.0402097,2.77899e-05,3.94085e-06,0,0.00630464,0.0133208
0.00713277,0.038325,2.46865e-05,4.50743e-06,0,0.0062402,0.0128575
0.00713277,0.036552,2.18145e-05,5.01667e-06,0,0.00617081,0.0124424
0.00713277,0.0345779,1.8851e-05,5.46732e-06,0,0.00609607,0.0119735
0.00713277,0.0317331,1.51132e-05,5.85916e-06,0,0.00601557,0.0113084
0.00713277,0.0282142,1.08274e-05,6.18011e-06,0,0.00592887,0.0105097
0.00713277,0.0244742,6.4799e-06,6.41809e-06,0,0.00583549,0.00967338
0.00713277,0.0207066,2.27765e-06,6.56943e-06,0,0.0057349,0.00882994
0.00713277,0.0166556,-2.04164e-06,6.63599e-06,0,0.00562657,0.00791677
0.00713277,0.00992017,-8.93858e-06,6.61675e-06,0,0.00550998,0.00640251
0.00713277,0.00342355,-1.53294e-05,6.47247e-06,0,0.00538475,0.0050132
0.00713277,-0.00193547,-2.02928e-05,6.19783e-06,0,0.00525127,0.00387041
0.00699368,-0.00919935,-2.69931e-05,5.81679e-06,0,0.00511294,0.00226684
0.00685103,-0.0158669,-3.28081e-05,5.31043e-06,0,0.00497354,0.000851021
0.00670837,-0.0219456,-3.77706e-05,4.68335e-06,0,0.00483415,-0.000449016
0.00656571,-0.02713,-4.15952e-05,3.95275e-06,0,0.00469505,-0.00156433
0.00642306,-0.0309751,-4.38644e-05,3.13997e-06,0,0.00455635,-0.00240352
0.0062804,-0.032136,-4.32499e-05,2.27402e-06,0,0.00441808,-0.00267691
0.00613775,-0.0351231,-4.44834e-05,1.40595e-06,0,0.00428027,-0.00343584
0.00599509,-0.0349795,-4.24304e-05,5.22451e-07,0,0.00414294,-0.00343936
0.00585244,-0.0319315,-3.74256e-05,-3.36422e-07,0,0.00400614,-0.00287801
0.00570978,-0.0298874,-3.35865e-05,-1.10996e-06,0,0.00386989,-0.00262351
0.00556713,-0.0274175,-2.94298e-05,-1.80089e-06,0,0.00373422,-0.00224449
0.00542447,-0.0243059,-2.47531e-05,-2.41026e-06,0,0.00359918,-0.00173265
0.00528182,-0.0194529,-1.84505e-05,-2.92871e-06,0,0.00346481,-0.000846966
0.00513916,-0.0152302,-1.30155e-05,-3.32923e-06,0,0.00333115,-0.000151268
0.00499651,-0.0113163,-8.10533e-06,-3.61672e-06,0,0.00319826,0.00049355
0.00485385,-0.00874486,-4.77324e-06,-3.80338e-06,0,0.00306618,0.000846259
0.00471119,-0.00473083,-1.14148e-07,-3.9155e-06,0,0.00293497,0.0015618
0.00456854,-0.000545138,4.52983e-06,-3.94108e-06,0,0.0028047,0.00227619
0.00442588,0.00344597,8.77965e-06,-3.8737e-06,0,0.00267544,0.00294303
0.00428323,0.00586009,1.12244e-05,-3.71936e-06,0,0.00254726,0.00326209
0.00414057,0.00648157,1.16968e-05,-3.5071e-06,0,0.00242024,0.00322395
0.00399792,0.00731195,1.23197e-05,-3.27552e-06,0,0.00229447,0.00328451
0.00385526,0.00616658,1.08547e-05,-3.03224e-06,0,0.00217003,0.00289658
0.00371261,0.00422951,8.58941e-06,-2.80782e-06,0,0.00204704,0.00238788
0.00356995,0.00255666,6.64531e-06,-2.62471e-06,0,0.0019256,0.00196241
0.0034273,0.000466026,4.32339e-06,-2.48208e-06,0,0.00180583,0.00143729
0.00328464,-0.00145261,2.24841e-06,-2.384e-06,0,0.00168785,0.000964379
0.00314199,-0.00230705,1.33632e-06,-2.32866e-06,0,0.0015718,0.000727675
0.00299933,-0.00338232,2.35733e-07,-2.29737e-06,0,0.00145783,0.000413443
0.00285667,-0.00474442,-1.11648e-06,-2.28716e-06,0,0.0013461,4.32285e-05
0.00271402,-0.00641235,-2.73246e-06,-2.30273e-06,0,0.00123678,-0.00038521
0.00257136,-0.00843928,-4.65878e-06,-2.34849e-06,0,0.00113005,-0.0008831
0.00242871,-0.0106003,-6.65326e-06,-2.43203e-06,0,0.00102612,-0.00139822
0.00228605,-0.013078,-8.89965e-06,-2.55512e-06,0,0.0009252,-0.0019777
0.0021434,-0.015291,-1.07917e-05,-2.72188e-06,0,0.000827522,-0.00248554
0.00200074,-0.0165583,-1.16382e-05,-2.92826e-06,0,0.000733336,-0.00278488
0.00185809,-0.0177032,-1.23159e-05,-3.15679e-06,0,0.000642911,-0.00307959
0.00171543,-0.0186255,-1.27303e-05,-3.39972e-06,0,0.000556538,-0.0033237
0.00157278,-0.0189497,-1.25062e-05,-3.65225e-06,0,0.00047453,-0.00343528
0.00143012,-0.0197091,-1.27274e-05,-3.9035e-06,0,0.000397223,-0.00365669
0.00128746,-0.0210425,-1.35285e-05,-4.15694e-06,0,0.000324982,-0.00398958
0.00114481,-0.022241,-1.41658e-05,-4.4235e-06,0,0.000258197,-0.00427023
0.00100215,-0.0233096,-1.46486e-05,-4.70363e-06,0,0.00019729,-0.00451922
0.000859499,-0.0243839,-1.5121e-05,-4.99419e-06,0,0.000142716,-0.00476639
0.000716843,-0.0253458,-1.54628e-05,-5.29425e-06,0,9.4963e-05,-0.00498101
0.000574188,-0.0259702,-1.54467e-05,-5.6018e-06,0,5.4554e-05,-0.00511569
0.000431533,-0.0272859,-1.61409e-05,-5.91081e-06,0,2.20383e-05,-0.00540824
0.000288877,-0.0281453,-1.63479e-05,-6.23016e-06,0,-2.0457e-06,-0.00557273
0.000146222,-0.0290749,-1.66204e-05,-6.55608e-06,0,-1.7322e-05,-0.00576132
3.56638e-06,-0.0302576,-1.71448e-05,-6.88713e-06,0,-2.4165e-05,-0.00600226
0,-0.0311494,-1.73546e-05,-7.2274e-06,0,-2.59552e-05,-0.00616979
0,-0.0322345,-1.77545e-05,-7.57344e-06,0,-2.64638e-05,-0.00638881
0,-0.0327505,-1.75558e-05,-7.92653e-06,0,-2.67502e-05,-0.00647457
0,-0.0326449,-1.67203e-05,-8.27864e-06,0,-2.70926e-05,-0.00643682
0,-0.0320187,-1.53708e-05,-8.61723e-06,0,-2.75654e-05,-0.00629976
0,-0.03154,-1.42119e-05,-8.93139e-06,0,-2.81902e-05,-0.00621063
0,-0.0307666,-1.27885e-05,-9.22142e-06,0,-2.89752e-05,-0.0060513
0,-0.0336422,-1.51637e-05,-9.48431e-06,0,-2.99256e-05,-0.00672032
0,-0.0344671,-1.53802e-05,-9.77571e-06,0,-3.10466e-05,-0.00682589
0,-0.0340604,-1.43233e-05,-1.00822e-05,0,-3.23441e-05,-0.00671271
0,-0.0343603,-1.40197e-05,-1.0374e-05,0,-3.38249e-05,-0.00679315
0,-0.0321651,-1.11637e-05,-1.06559e-05,0,-3.54969e-05,-0.00629325
0,-0.0276144,-5.96606e-06,-1.08934e-05,0,-3.73691e-05,-0.00533457
0,-0.0216789,5.00698e-07,-1.10388e-05,0,-3.94515e-05,-0.00413132
0,-0.0139791,8.57277e-06,-1.10611e-05,0,-4.17555e-05,-0.00257089
0,-0.00748656,1.51306e-05,-1.093e-05,0,-4.42937e-05,-0.00133164
0,0.000864047,2.3343e-05,-1.06602e-05,0,-4.70798e-05,0.000358857
0,0.00757344,2.95523e-05,-1.02344e-05,0,-5.01292e-05,0.00162797
0,0.013081,3.42552e-05,-9.67436e-06,0,-5.34585e-05,0.00267303
0,0.0174924,3.76066e-05,-9.01277e-06,0,-5.70855e-05,0.00350535
0,0.0176563,3.64167e-05,-8.27739e-06,0,-6.10298e-05,0.00341387
0,0.0167441,3.40973e-05,-7.54311e-06,0,-6.53132e-05,0.00319994
0,0.0125647,2.84513e-05,-6.84957e-06,0,-6.99595e-05,0.00228186
0,0.00833636,2.29072e-05,-6.25231e-06,0,-7.49946e-05,0.00144448
0,0.00290843,1.63011e-05,-5.76645e-06,0,-8.04464e-05,0.000338522
0,-0.00347363,8.93362e-06,-5.40739e-06,0,-8.63453e-05,-0.000948469
0,-0.010155,1.51457e-06,-5.19188e-06,0,-9.27243e-05,-0.00227632
0,-0.0179537,-6.78312e-06,-5.1245e-06,0,-9.96188e-05,-0.00384732
0,-0.0247446,-1.37417e-05,-5.21867e-06,0,-0.000107067,-0.00516097
0,-0.0301452,-1.89975e-05,-5.45871e-06,0,-0.000115111,-0.00619128
0,-0.0363813,-2.4884e-05,-5.81238e-06,0,-0.000123795,-0.0074492
0,-0.041086,-2.89574e-05,-6.27769e-06,0,-0.000133167,-0.00834024
0,-0.0447566,-3.1777e-05,-6.83647e-06,0,-0.000143279,-0.00904283
0,-0.0487843,-3.48147e-05,-7.45791e-06,0,-0.000154186,-0.00985552
0,-0.0504951,-3.53253e-05,-8.13902e-06,0,-0.00016594,-0.0101381
0,-0.0508558,-3.43773e-05,-8.84297e-06,0,-0.00017858,-0.010183
0,-0.0513501,-3.35501e-05,-9.53526e-06,0,-0.000192068,-0.010296
-1.07523e-05,-0.0496453,-3.04586e-05,-1.02104e-05,0,-0.000206069,-0.00991086
-3.33889e-05,-0.0501911,-2.97481e-05,-1.0835e-05,0,-0.000219968,-0.0100928
-5.60254e-05,-0.056087,-3.45591e-05,-1.14335e-05,0,-0.000233326,-0.0114128
-7.86619e-05,-0.0672406,-4.4652e-05,-1.21007e-05,0,-0.00024599,-0.0137627
-0.000101298,-0.0695528,-4.53664e-05,-1.29432e-05,0,-0.000257879,-0.0139771
-0.000123935,-0.0667732,-4.07711e-05,-1.3847e-05,0,-0.000268926,-0.0132957
-0.000146571,-0.0629781,-3.52169e-05,-1.46854e-05,0,-0.000279065,-0.0125286
-0.000169208,-0.0624742,-3.31884e-05,-1.54175e-05,0,-0.000288225,-0.0125286
0,-0.0866069,-5.62825e-05,-1.61218e-05,0,-1.29496e-05,-0.0176965
0,-0.0752616,-4.22938e-05,-1.79301e-05,0,-1.2248e-05,-0.0144797
0,-0.0689763,-3.40784e-05,-1.84653e-05,0,-1.14186e-05,-0.0133865
0,-0.062389,-2.58759e-05,-1.90175e-05,0,-1.06027e-05,-0.0120828
0,-0.0503238,-1.22679e-05,-1.95761e-05,0,-9.83416e-06,-0.0095569
0,-0.0356671,3.6144e-06,-1.98895e-05,0,-9.1184e-06,-0.00660307
0,-0.0202251,1.98182e-05,-1.98966e-05,0,-8.454e-06,-0.00354586
0,-0.016088,2.38565e-05,-1.95813e-05,0,-7.83783e-06,-0.00305096
0,-0.0130299,2.6506e-05,-1.91243e-05,0,-7.26654e-06,-0.00247996
0,-0.0106045,2.82959e-05,-1.86074e-05,0,-6.73688e-06,-0.00202075
0,-0.011885,2.61167e-05,-1.80505e-05,0,-6.24585e-06,-0.00237646
0,-0.0072816,2.99552e-05,-1.75172e-05,0,-5.79061e-06,-0.00130566
0,-0.00158173,3.47578e-05,-1.69373e-05,0,-5.36857e-06,-0.000154336
0,0.00551496,4.07976e-05,-1.62662e-05,0,-4.9773e-06,0.00127992
0,0.0169713,5.10713e-05,-1.54804e-05,0,-4.61456e-06,0.00365439
0,0.0278893,6.03968e-05,-1.45104e-05,0,-4.27826e-06,0.00578501
0,0.0389229,6.9462e-05,-1.33491e-05,0,-3.96648e-06,0.00795676
0,0.0457834,7.38689e-05,-1.20052e-05,0,-3.67743e-06,0.00918758
0,0.0494471,7.47768e-05,-1.05498e-05,0,-3.40945e-06,0.00981766
0,0.0502772,7.26805e-05,-9.05881e-06,0,-3.16101e-06,0.00990112
0,0.0470503,6.64302e-05,-7.59472e-06,0,-2.93067e-06,0.00915285
0,0.0397846,5.61905e-05,-6.23487e-06,0,-2.71713e-06,0.0076114
0,0.0328056,4.6555e-05,-5.05986e-06,0,-2.51915e-06,0.00624815
0,0.0234343,3.47816e-05,-4.08058e-06,0,-2.33561e-06,0.0043393
0,0.0124274,2.17351e-05,-3.32608e-06,0,-2.16544e-06,0.00213033
0,0.00354674,1.13421e-05,-2.82615e-06,0,-2.00767e-06,0.000445192
0,-0.00804139,-1.42498e-06,-2.54734e-06,0,-1.86141e-06,-0.00190822
0,-0.0195115,-1.35863e-05,-2.51201e-06,0,-1.7258e-06,-0.00415883
0,-0.0319602,-2.6278e-05,-2.72292e-06,0,-1.60008e-06,-0.00663263
0,-0.0439363,-3.79916e-05,-3.18503e-06,0,-1.48351e-06,-0.0089727
0,-0.0544987,-4.77842e-05,-3.88629e-06,0,-1.37545e-06,-0.0110084
0,-0.0665476,-5.86901e-05,-4.79301e-06,0,-1.27526e-06,-0.013418
0,-0.0768444,-6.73541e-05,-5.91228e-06,0,-1.18236e-06,-0.0153921
0,-0.0866375,-7.51222e-05,-7.21604e-06,0,-1.09624e-06,-0.0173023
0,-0.09,-0.00011123,-8.67965e-06,0,-1.0164e-06,-0.0191026
0,-0.0845944,-9.24164e-05,-1.07237e-05,0,-9.42368e-07,-0.0164724
0,-0.0706401,-6.75811e-05,-1.2779e-05,0,-8.73733e-07,-0.0134892
0,-0.060651,-4.9303e-05,-1.42548e-05,0,-8.10099e-07,-0.0116379
0,-0.0548912,-3.72839e-05,-1.53322e-05,0,-7.51101e-07,-0.0106252
0,-0.0500137,-2.75976e-05,-1.6138e-05,0,-6.96402e-07,-0.00969148
0,-0.0494179,-2.34196e-05,-1.67384e-05,0,-6.45688e-07,-0.009695
0,-0.0428658,-1.38908e-05,-1.72277e-05,0,-5.98668e-07,-0.00823955
0,-0.0324353,-1.11327e-06,-1.75531e-05,0,-5.55074e-07,-0.00608048
0,-0.0203308,1.26572e-05,-1.76393e-05,0,-5.14656e-07,-0.00365458
0,-0.0188129,1.48326e-05,-1.74418e-05,0,-4.77181e-07,-0.00365458
0.00556873,-0.0589641,-3.77588e-05,-1.71127e-05,0,0.012924,-0.00327063
0.00405404,-0.0655231,-4.24596e-05,-1.81444e-05,0,0.0119642,-0.00406127
0.00314077,-0.0594426,-3.39129e-05,-1.8989e-05,0,0.0109582,-0.00325147
0.00229432,-0.0462592,-1.82336e-05,-1.96761e-05,0,0.0100221,-0.00112661
0.00140332,-0.0293548,8.61899e-07,-2.01191e-05,0,0.00918499,0.00171175
0.000512323,-0.0135916,1.82023e-05,-2.01974e-05,0,0.00845164,0.00425173
0,-0.00670995,2.57769e-05,-1.992e-05,0,0.00780996,0.00487713
0,0.00213246,3.4955e-05,-1.94424e-05,0,0.00723461,0.0062319
0,0.00908039,4.17186e-05,-1.87892e-05,0,0.00670628,0.00713865
0,0.00796029,3.97967e-05,-1.79886e-05,0,0.00621776,0.00631571
0,0.00931018,4.0326e-05,-1.71831e-05,0,0.00576516,0.00630252
0,0.0163315,4.65456e-05,-1.63792e-05,0,0.0053456,0.00751942
0,0.0246144,5.37567e-05,-1.54794e-05,0,0.00495661,0.00888345
0,0.0322426,5.99617e-05,-1.44403e-05,0,0.00459594,0.0100866
0,0.0437206,6.983e-05,-1.32721e-05,0,0.00426153,0.0121935
0,0.0539836,7.80444e-05,-1.19248e-05,0,0.00395146,0.0139375
0,0.0629116,8.45429e-05,-1.0405e-05,0,0.00366396,0.0154332
0,0.0680531,8.68606e-05,-8.74665e-06,0,0.00339739,0.0161318
0,0.0678394,8.35133e-05,-7.02103e-06,0,0.00315022,0.0157488
0,0.0643042,7.67734e-05,-5.33402e-06,0,0.00292104,0.0147842
0,0.0566766,6.59746e-05,-3.76485e-06,0,0.00270854,0.0130065
0,0.0464533,5.28056e-05,-2.39137e-06,0,0.0025115,0.0107727
0,0.0366881,4.05117e-05,-1.26941e-06,0,0.00232881,0.00872612
0,0.0261115,2.77961e-05,-3.97707e-07,0,0.00215941,0.00649448
0,0.0139007,1.38498e-05,2.21793e-07,0,0.00200234,0.00392803
0,-0.000130016,-1.45986e-06,5.6852e-07,0,0.0018567,0.00100746
0,-0.0132939,-1.53083e-05,6.15871e-07,0,0.00172165,-0.00165889
0,-0.0250902,-2.72059e-05,3.78948e-07,0,0.00159644,-0.00403481
0,-0.0352202,-3.68994e-05,-1.05682e-07,0,0.00148033,-0.00606784
0,-0.0450034,-4.58153e-05,-7.95204e-07,0,0.00137267,-0.00806343
0,-0.0555495,-5.51289e-05,-1.66693e-06,0,0.00127284,-0.0102342
0,-0.059724,-5.75045e-05,-2.72294e-06,0,0.00118028,-0.0109462
0,-0.0515218,-4.62761e-05,-3.86115e-06,0,0.000870152,-0.0101314
0,-0.0589358,-5.13304e-05,-4.84282e-06,0,0.000276689,-0.0126246
0,-0.0757935,-6.59644e-05,-5.84416e-06,0,-0.000389981,-0.0168123
0,-0.09,-0.000165479,-7.09027e-06,0,-0.00107719,-0.0234268
0,-0.09,-0.000412814,-9.90229e-06,0,-0.00177203,-0.0280708
-0.000145887,-0.0901459,-0.000730082,-1.55616e-05,0,-0.0024664,-0.0315074
-0.000794273,-0.0907943,-0.000925134,-2.69905e-05,0,-0.00314368,-0.0316825
-0.00144266,-0.0914427,-0.000897417,-4.34452e-05,0,-0.00378953,-0.0292633
-0.00230177,-0.0923018,-0.000749527,-6.75177e-05,0,-0.00440086,-0.0275168
-0.00299879,-0.0929988,-0.000534093,-8.51854e-05,0,-0.00497635,-0.0243568
-0.00371201,-0.0787738,-0.000334312,-9.91975e-05,0,-0.00551404,-0.0206925
-0.00439282,-0.0541385,-0.000172006,-0.000108316,0,-0.00601254,-0.0159311
0.0047008,-0.0570415,-8.76943e-05,-0.000112563,0,0.00325506,-0.00933191
0.00351749,-0.0325381,1.12513e-05,-0.000116185,0,0.00284303,-0.00373371
0.00309604,-0.0284672,6.83509e-05,-0.000116533,0,0.00247811,-0.00376274
0.00244766,-0.0399147,9.36241e-05,-0.000115452,0,0.0021574,-0.00665128
0.00179927,-0.0588272,9.94672e-05,-0.000113706,0,0.00188385,-0.0107406
0.00115089,-0.0696834,0.000105193,-0.000111746,0,0.00165929,-0.0127756
0.000502499,-0.071239,0.000114571,-0.00010967,0,0.001484,-0.012922
0,-0.07138,0.000121056,-0.000107426,0,0.00135243,-0.0129959
0,-0.0675623,0.000128398,-0.000105037,0,0.00124792,-0.0122106
0,-0.0525927,0.000144819,-0.000102506,0,0.0011556,-0.00902458
0,-0.0375886,0.000159377,-9.96917e-05,0,0.00107119,-0.00613976
0,-0.0228216,0.000172192,-9.65769e-05,0,0.000993228,-0.00330442
0,0.00688468,0.000196991,-8.9409e-05,0,0.000921019,0.0028987
0,0.0270764,0.00021036,-8.45097e-05,0,0.000854082,0.00654704
0,0.0359817,0.000212015,-8.18419e-05,0,0.000792017,0.00793128
0,0.0371063,0.000205207,-7.77158e-05,0,0.000734465,0.00788875
0,0.0394116,0.000199587,-7.35777e-05,0,0.000681098,0.00833397
0,0.0443823,0.00019534,-6.71628e-05,0,0.00063161,0.00934782
0,0.0482603,0.000191282,-6.49907e-05,0,0.000585719,0.0100438
0,0.0521549,0.000187619,-6.17186e-05,0,0.000543165,0.0107769
0,0.0497357,0.00017746,-5.79479e-05,0,0.000503703,0.0100932
0,0.0439897,0.000164189,-5.43479e-05,0,0.00046711,0.0088421
0,0.0331609,0.000146149,-5.09978e-05,0,0.000433176,0.00654477
0,0.0188732,0.000125238,-4.79846e-05,0,0.000401709,0.00361535
0,0.00104644,0.000101488,-4.53753e-05,0,0.000372529,-1.00368e-05
0,-0.0171611,7.81781e-05,-4.32268e-05,0,0.000345469,-0.00361962
0,-0.0320789,5.89427e-05,-4.15467e-05,0,0.000320376,-0.00647777
0,-0.0466903,4.06256e-05,-4.02716e-05,0,0.000297106,-0.0093584
0,-0.0562419,2.81404e-05,-3.93675e-05,0,0.000275527,-0.0111094
0,-0.069924,1.19817e-05,-3.87423e-05,0,0.000255516,-0.01393
0,-0.0827727,-2.67759e-06,-3.84219e-05,0,0.000236959,-0.0164457
0,-0.09,-0.000147719,-3.84021e-05,0,0.000219751,-0.0225115
0,-0.09,-0.000398081,-4.05588e-05,0,-0.000353312,-0.0282092
0,-0.09,-0.00101923,-5.2187e-05,0,-0.00167968,-0.0365031
0,-0.09,-0.00135685,-7.33832e-05,0,-0.00326406,-0.0368884
0,-0.09,-0.00142024,-9.3583e-05,0,-0.00493425,-0.0364413
-0.000674187,-0.0906742,-0.00131116,-0.000120644,0,-0.00660638,-0.0353962
-0.00226051,-0.0922605,-0.00112003,-0.000148012,0,-0.00823097,-0.0351053
-0.00384683,-0.0938468,-0.000905222,-0.000172324,0,-0.00977803,-0.0353731
-0.00543316,-0.0954332,-0.000740378,-0.000192577,0,-0.0112395,-0.036808
-0.00701948,-0.0970195,-0.000522302,-0.000209033,0,-0.0126127,-0.0353258
-0.00912136,-0.0810643,-0.000255011,-0.000225164,0,-0.0138958,-0.0295252
-0.010668,-0.0495205,-3.79979e-05,-0.00023321,0,-0.0150861,-0.0237792
-0.0117784,-0.0282777,0.000117376,-0.000234827,0,-0.0161825,-0.0207096
0.0104301,-0.0121985,0.000202188,-0.000235587,0,0.00661122,0.00244939
0.0066229,0.00692249,0.000286724,-0.000227083,0,0.00573466,0.00590404
0.0056711,0.0184766,0.000342842,-0.000224065,0,0.00498866,0.00746492
0.00408478,0.0167112,0.000368364,-0.000217489,0,0.0043551,0.00637115
0.00249846,-0.00642749,0.000360343,-0.000210249,0,0.00384034,0.000928685
0.000912136,-0.0360758,0.000338065,-0.000203002,0,0.00344401,-0.00531628
0,-0.0738584,0.000300064,-0.000194946,0,0.00314591,-0.0131692
0,-0.09,0.000268255,-0.000186504,0,0.00290471,-0.0163097
0,-0.09,0.000243485,-0.000183245,0,0.00269028,-0.0164779
0,-0.09,0.00023567,-0.000178723,0,0.00249386,-0.0161706
0,-0.0839102,0.000244632,-0.000173932,0,0.00231236,-0.0145388
0,-0.0720667,0.000256197,-0.000169133,0,0.00214422,-0.0121786
0,-0.0550959,0.000270463,-0.000164067,0,0.00198836,-0.00881899
0,-0.0329019,0.000288143,-0.000158729,0,0.00184384,-0.00442158
0,-0.0084717,0.000306706,-0.000153055,0,0.00170983,0.000339216
0,0.0108403,0.000318547,-0.000147014,0,0.00158556,0.00389446
0,0.0250035,0.00032327,-0.000140702,0,0.00147033,0.00644399
0,0.032764,0.000319956,-0.00013426,0,0.00136348,0.00770639
0,0.0352984,0.000309497,-0.000125925,0,0.0012644,0.00798095
0,0.03548,0.000297859,-0.000121539,0,0.00117252,0.00787964
0,0.0332223,0.000283784,-0.000115524,0,0.00108732,0.00730167
0,0.0286477,0.000267643,-0.000109778,0,0.00100831,0.00627664
0,0.0222853,0.000250162,-0.000104344,0,0.000935048,0.00491958
0,0.0140385,0.000231347,-9.92537e-05,0,0.00086711,0.0031936
0,0.00271648,0.000210043,-9.45327e-05,0,0.000804112,0.000833538
0,-0.00700475,0.000191107,-9.02253e-05,0,0.000745692,-0.00107666
0,-0.0173477,0.000172092,-8.63085e-05,0,0.000691518,-0.00316839
0,-0.0271395,0.000154174,-8.27716e-05,0,0.000641282,-0.00511575
0,-0.0336343,0.000140178,-7.95985e-05,0,0.000594697,-0.006335
0,-0.0313666,0.000135727,-7.6725e-05,0,0.000551498,-0.00567568
0,-0.0259476,0.000134961,-7.39882e-05,0,0.000511438,-0.0045528
0,-0.0517048,0.000101269,-6.91932e-05,0,0.00047429,-0.0105215
0,-0.0874011,5.84057e-05,-6.6493e-05,0,0.000126716,-0.0193554
0,-0.09,-0.000155504,-6.51398e-05,0,-0.000621943,-0.0261269
0,-0.09,-0.000461155,-6.70734e-05,0,-0.00147748,-0.0298633
0,-0.09,-0.000738226,-7.324e-05,0,-0.00236565,-0.0318154
0,-0.09,-0.000834172,-8.52338e-05,0,-0.00326493,-0.0308085
-0.000793559,-0.0907936,-0.000734625,-0.000100958,0,-0.00415111,-0.0286026
-0.00165146,-0.0916515,-0.000535079,-0.000116646,0,-0.00500051,-0.0256064
-0.00250936,-0.0877172,-0.000328676,-0.000129443,0,-0.00580557,-0.0233997
-0.00356029,-0.0659134,-0.000156108,-0.000139662,0,-0.00656449,-0.0192056
-0.00422517,-0.0483176,-2.90496e-05,-0.000142945,0,-0.00727591,-0.0164156
-0.00508307,-0.0256833,7.26842e-05,-0.000144161,0,-0.0079384,-0.0123295
-0.00594097,-0.00212887,0.000152502,-0.000143216,0,-0.0085512,-0.00813129
0.00606965,-0.00184904,0.000174511,-0.000140565,0,0.00375547,0.00181737
0.00426806,0.0222894,0.000223309,-0.000133346,0,0.00325523,0.00729893
0.00349595,0.0158037,0.000230595,-0.00012957,0,0.00282193,0.00488313
0.00263805,-0.0101084,0.000211844,-0.000124995,0,0.00245113,-0.000977585
0.00178015,-0.0335134,0.000191654,-0.000120664,0,0.00214434,-0.00568051
0.000922244,-0.0429769,0.000182428,-0.00011673,0,0.00190275,-0.00728434
6.43426e-05,-0.0463013,0.000177343,-0.000113035,0,0.00172345,-0.00787679
0,-0.0464742,0.000174028,-0.000109463,0,0.00158625,-0.00791991
0,-0.0344269,0.000182266,-0.000105966,0,0.00146783,-0.00529721
0,-0.0248751,0.000187204,-0.000102362,0,0.00136032,-0.00357266
0,-0.0267206,0.000181862,-0.000102362,0,0.00126124,-0.00433258
0,-0.0270262,0.000173135,-9.18173e-05,0,0.00116953,-0.00441977
0,-0.0261397,0.000166794,-8.95186e-05,0,0.00108452,-0.00427736
0,-0.0252923,0.000161523,-8.77355e-05,0,0.0010057,-0.00417258
0,-0.0152894,0.000165659,-8.45595e-05,0,0.000932618,-0.00200509
0,-0.0070123,0.000167904,-8.1267e-05,0,0.000864848,-0.000479307
0,0.00185244,0.000170567,-7.79201e-05,0,0.000802006,0.00123095
0,0.0120165,0.000174081,-7.40957e-05,0,0.000743731,0.00322011
0,0.0176244,0.000172857,-7.09798e-05,0,0.000689693,0.00415216
0,0.0201376,0.00016839,-6.7603e-05,0,0.000639584,0.00452028
0,0.0202862,0.000161543,-6.42128e-05,0,0.000593116,0.0044471
0,0.0152966,0.000149605,-6.09477e-05,0,0.000550026,0.00328863
0,0.00519975,0.000132845,-5.7896e-05,0,0.000510068,0.0011298
0,-0.00633644,0.000115202,-5.51553e-05,0,0.000473014,-0.00120629
0,-0.0175034,9.8505e-05,-5.2763e-05,0,0.000438653,-0.00341678
0,-0.027521,8.35036e-05,-5.07094e-05,0,0.00040679,-0.00537751
0,-0.0347824,7.18282e-05,-4.89643e-05,0,0.000377242,-0.00674955
0,-0.0384655,6.42921e-05,-4.74694e-05,0,0.000349841,-0.00739357
0,-0.0438972,5.53509e-05,-4.61459e-05,0,0.000324431,-0.00852982
0,-0.0451387,5.11046e-05,-4.49942e-05,0,0.000300868,-0.00867384
0,-0.0551408,3.81553e-05,-4.39508e-05,0,0.000279017,-0.0109031
0,-0.0763299,1.41332e-05,-4.3123e-05,0,0.000258754,-0.0153979
0,-0.09,-7.86871e-05,-4.27202e-05,0,-0.000171566,-0.0227284
0,-0.09,-0.0003784,-4.38298e-05,0,-0.00113178,-0.0292361
0,-0.09,-0.00139198,-5.97921e-05,0,-0.00228917,-0.0400911
-0.000463519,-0.0904635,-0.0019061,-8.48342e-05,0,-0.00355444,-0.0398299
-0.0014485,-0.0914485,-0.00206872,-0.00011184,0,-0.00481858,-0.0387932
-0.0024045,-0.0924045,-0.00199676,-0.000144266,0,-0.00602826,-0.0379195
-0.00336051,-0.0933605,-0.00203832,-0.000177968,0,-0.00717077,-0.0402515
-0.0041427,-0.0941427,-0.00203877,-0.00020507,0,-0.00824327,-0.0410058
-0.00556223,-0.0955622,-0.00187497,-0.000255015,-0.00694872,-0.00924708,-0.0411961
-0.00672102,-0.096721,-0.00141372,-0.000294153,-0.00933546,-0.0101834,-0.0372005
-0.00779291,-0.103587,-0.000860315,-0.00032515,-0.0057944,-0.0110508,-0.0314928
0.00860407,-0.0799682,-0.000468214,-0.000345586,-8.67362e-19,0.00553319,-0.0117725
0.00564914,-0.0426825,-0.000111333,-0.000373582,-9.62965e-35,0.00482275,-0.00397896
0.0050118,-0.0290615,0.00013284,-0.000376591,-1.06911e-50,0.004204,-0.00239626
0.00396888,-0.0140313,0.00031225,-0.00037542,-1.18695e-66,0.00366395,0.000257294
0.00281008,0.00303386,0.000444256,-0.000370072,-1.31777e-82,0.0032072,0.00340096
0.00165129,0.00269293,0.000520506,-0.000361847,-1.46302e-98,0.00283805,0.00263188
0.000492489,-0.0150703,0.000551294,-0.000351818,-1.62428e-114,0.00255523,-0.00152129
0,-0.0399295,0.000554518,-0.000340947,-1.80332e-130,0.00234024,-0.0067532
0,-0.0551779,0.00055168,-0.000329872,-2.00208e-146,0.00216245,-0.00961078
0,-0.0597168,0.000549485,-0.000318824,-2.22276e-162,0.00200325,-0.0103222
0,-0.0574616,0.000547481,-0.000307824,-2.46776e-178,0.0018571,-0.00979964
0,-0.0476605,0.000548548,-0.000296864,-2.73976e-194,0.00172197,-0.00776481
0,-0.0320735,0.000552457,-0.000285899,-3.04175e-210,0.00159677,-0.00463502
0,-0.0149207,0.000555991,-0.000274869,-3.37702e-226,0.0014807,-0.00130943
0,0.0045828,0.000560266,-0.000263767,-3.74924e-242,0.00137308,0.00250673
0,0.0169736,0.000555135,-0.000252583,-4.16249e-258,0.00127328,0.00466449
0,0.0298817,0.000548726,-0.000241455,-4.6213e-274,0.00118074,0.00714448
0,0.0403395,0.000538324,-0.000230448,-5.13067e-290,0.00109493,0.00906451
0,0.0471427,0.000523466,-0.000219629,-5.69619e-306,0.00101536,0.0102372
0,0.052879,0.000507533,-0.000209086,-6.32404e-322,0.000941575,0.0112777
0,0.0556018,0.000488803,-0.000198856,-1.38338e-322,0.000873154,0.0116752
0,0.0534824,0.000465719,-0.000188986,-1.38338e-322,0.000809707,0.0110734
0,0.0480504,0.000440183,-0.000179556,-1.38338e-322,0.000750872,0.00986732
0,0.0379835,0.000410995,-0.000170625,-1.38338e-322,0.000696314,0.00771644
0,0.0244364,0.000379623,-0.000162259,-1.38338e-322,0.000645722,0.00491726
0,0.00897134,0.000347788,-0.00015451,-1.38338e-322,0.000598808,0.00178802
0,-0.00910418,0.000314591,-0.000147395,-1.38338e-322,0.000555304,-0.00187111
0,-0.018734,0.000290987,-0.000140937,-1.38338e-322,0.000514962,-0.00355656
0,-0.0271882,0.000269218,-0.000134999,-1.38338e-322,0.000477552,-0.00521358
0,-0.050371,0.000232945,-0.000129506,-1.38338e-322,0.000442861,-0.0102111
0,-0.08009,0.000190593,-0.000124666,-1.38338e-322,0.000410691,-0.0162602
0,-0.09,4.24149e-05,-0.000120642,-1.38338e-322,0.000380859,-0.0222533
0,-0.09,-0.000301808,-0.000118979,-1.38338e-322,0.000353195,-0.0268667
0,-0.09,-0.000532983,-0.000121573,-1.38338e-322,-0.000306976,-0.0294648
0,-0.09,-0.000512879,-0.00014058,-1.38338e-322,-0.00183673,-0.0284632
0,-0.09,-0.00036362,-0.000152577,-1.38338e-322,-0.00366226,-0.0259954
0,-0.0805218,-0.000186176,-0.000160326,-1.38338e-322,-0.00557047,-0.0234221
-0.000855007,-0.0612298,-4.24259e-05,-0.000165913,-1.38338e-322,-0.00747453,-0.0209146
-0.00265502,-0.0401596,6.94621e-05,-0.00016748,-1.38338e-322,-0.00932207,-0.0182045
-0.00445504,-0.0211992,0.000153772,-0.00016665,-1.38338e-322,-0.0110805,-0.0159317
-0.00625505,-0.00342767,0.000217429,-0.000163996,-1.38338e-322,-0.0127412,-0.013777
-0.00805506,0.017159,0.000268707,-0.000159966,-1.38338e-322,-0.014301,-0.0108642
-0.00990008,0.0384221,0.000308339,-0.000154714,-1.38338e-322,-0.0157583,-0.00778319
-0.0116551,0.0624114,0.000341717,-0.0001489,-1.38338e-322,-0.017111,-0.00401059
-0.0134551,0.0694919,0.000351072,-0.000142232,-1.38338e-322,-0.0183566,-0.00401059
0.0117451,0.0664555,0.000317655,-0.000135398,-1.38338e-322,0.00865415,0.0183677
0.00742506,0.032637,0.000273845,-0.00012003,-1.38338e-322,0.00757532,0.0108322
0.00634505,0.0238842,0.000258408,-0.000116525,-1.38338e-322,0.00665354,0.00919827
0.00454504,0.0133445,0.000240551,-0.000111279,-1.38338e-322,0.00586608,0.00660228
0.00274502,0.0100808,0.0002301,-0.000106379,-1.38338e-322,0.00521919,0.00578361
0.000945007,0.0125798,0.000225243,-0.000101725,-1.38338e-322,0.00471145,0.00612304
0,0.00922141,0.000213963,-9.71958e-05,-1.38338e-322,0.00431762,0.0050277
0,0.00267915,0.000199482,-9.28601e-05,-1.38338e-322,0.00399026,0.00340905
0,-0.00925176,0.000179719,-8.87981e-05,-1.38338e-322,0.00369662,0.000688953
0,-0.0207156,0.000160843,-8.51049e-05,-1.38338e-322,0.00342693,-0.00175758
0,-0.0298304,0.000144741,-8.17936e-05,-1.38338e-322,0.00317753,-0.00367428
0,-0.0332141,0.000134746,-7.85288e-05,-1.38338e-322,0.00294646,-0.00435546
0,-0.0294918,0.000132288,-7.54471e-05,-1.38338e-322,0.00273224,-0.00358853
0,-0.0229467,0.000133434,-7.33843e-05,-1.38338e-322,0.00253361,-0.0023756
0,-0.0143529,0.000136802,-7.07214e-05,-1.38338e-322,0.00234943,-0.000770763
0,-0.00818853,0.000137667,-6.80022e-05,-1.38338e-322,0.00217864,0.000240781
0,0.000310692,0.000140899,-6.52532e-05,-1.38338e-322,0.00202028,0.00185495
0,0.00396944,0.000140605,-6.52532e-05,-1.38338e-322,0.00187343,0.00232457
0,0.00632922,0.000136705,-5.92827e-05,-1.38338e-322,0.00173726,0.00264694
0,0.00473919,0.000129175,-5.68709e-05,-1.38338e-322,0.00161099,0.00212603
0,-0.000443172,0.000118248,-5.42497e-05,-1.38338e-322,0.00149391,0.000916312
0,-0.00586506,0.000107475,-5.18301e-05,-1.38338e-322,0.00138534,-0.000239445
0,-0.0135184,9.47967e-05,-4.96268e-05,-1.38338e-322,0.00128466,-0.00188377
0,-0.0211115,8.26078e-05,-4.76674e-05,-1.38338e-322,0.0011913,-0.00344606
0,-0.0276303,7.19434e-05,-4.59543e-05,-1.38338e-322,0.00110473,-0.00476342
0,-0.0332182,6.26365e-05,-4.44622e-05,-1.38338e-322,0.00102445,-0.00589705
0,-0.038801,5.37148e-05,-4.31629e-05,-1.38338e-322,0.000950012,-0.00705128
0,-0.0435901,4.59798e-05,-4.2044e-05,-1.38338e-322,0.000880983,-0.00802314
0,-0.04526,4.18e-05,-4.10857e-05,-1.38338e-322,0.000816972,-0.00831265
0,-0.0517865,3.28996e-05,-4.02288e-05,-1.38338e-322,0.000757613,-0.00977772
0,-0.0811833,8.20283e-07,-3.95263e-05,-1.38338e-322,0.00070257,-0.0162414
0,-0.09,-0.000184393,-3.93495e-05,-1.38338e-322,0.000651528,-0.0229642
0,-0.09,-0.000580128,-4.20187e-05,-1.38338e-322,4.07441e-05,-0.0308424
0,-0.09,-0.00135695,-6.44572e-05,-1.38338e-322,-0.0013532,-0.038865
0,-0.09,-0.00171175,-8.34395e-05,-1.38338e-322,-0.00301557,-0.0381892
0,-0.09,-0.00170894,-0.000108135,-1.38338e-322,-0.00473846,-0.0368964
-0.00121167,-0.0912117,-0.00153466,-0.000138926,-1.38338e-322,-0.00643491,-0.0358681
-0.00277512,-0.0927751,-0.00121145,-0.000171449,-1.38338e-322,-0.00805995,-0.0339697
-0.00433856,-0.0943386,-0.00089772,-0.00019891,-1.38338e-322,-0.00959969,-0.0336423
-0.00590201,-0.095902,-0.000610354,-0.000220159,-1.38338e-322,-0.0110503,-0.033168
-0.00777815,-0.0864353,-0.00031794,-0.000237681,-1.38338e-322,-0.0124109,-0.0295812
-0.00934159,-0.0607727,-8.36558e-05,-0.00024711,-1.38338e-322,-0.0136795,-0.0250469
-0.0105924,-0.0358736,9.25686e-05,-0.00024962,-1.38338e-322,-0.014854,-0.0210567
0.0112959,-0.0226169,0.000169914,-0.00024865,-1.38338e-322,0.0075188,0.000400719
0.0076218,0.00502647,0.000276669,-0.000241051,-1.38338e-322,0.00655837,0.0063376
0.00660556,0.0179141,0.000344001,-0.000237988,-1.38338e-322,0.00572229,0.0078869
0.00504212,0.0258654,0.000386606,-0.000231444,-1.38338e-322,0.0049975,0.00886705
0.00347867,0.0142575,0.000394578,-0.000223925,-1.38338e-322,0.00438996,0.00568059
0.00191522,-0.000117272,0.000390717,-0.000216073,-1.38338e-322,0.00390286,0.00249586
0.000351775,-0.0161427,0.000378354,-0.00020824,-1.38338e-322,0.00353219,-0.000931556
0,-0.0327337,0.000360079,-0.000200611,-1.38338e-322,0.00324607,-0.00440928
0,-0.0407893,0.000346566,-0.000193318,-1.38338e-322,0.0030024,-0.00593435
0,-0.0460441,0.000333462,-0.000186319,-1.38338e-322,0.00278213,-0.00705625
0,-0.0414561,0.00032892,-0.000179584,-1.38338e-322,0.00257937,-0.00603293
0,-0.0394577,0.000320888,-0.000172983,-1.38338e-322,0.00239174,-0.00585748
0,-0.0352542,0.000314484,-0.000166525,-1.38338e-322,0.00221785,-0.00510304
0,-0.0300485,0.0003079,-0.000158631,-1.38338e-322,0.00205664,-0.00417582
0,-0.0203097,0.000305967,-0.00015228,-1.38338e-322,0.00190716,-0.00224928
0,-0.00812941,0.000307624,-0.000147833,-1.38338e-322,0.00176854,0.000106468
0,0.00690388,0.000311864,-0.000141688,-1.38338e-322,0.00164001,0.00304222
0,0.0222698,0.000315792,-0.000135472,-1.38338e-322,0.00152082,0.0059795
0,0.0337992,0.000314962,-0.000129176,-1.38338e-322,0.0014103,0.00805206
0,0.040969,0.000309218,-0.000122873,-1.38338e-322,0.00130782,0.00925931
0,0.0433195,0.000298522,-0.00011666,-1.38338e-322,0.00121278,0.00951231
0,0.0393059,0.000281644,-0.000110636,-1.38338e-322,0.00112466,0.00847643
0,0.0322542,0.000262367,-0.000104918,-1.38338e-322,0.00104294,0.00694219
0,0.0233028,0.000241973,-9.95747e-05,-1.38338e-322,0.000967159,0.00507129
0,0.010597,0.000218594,-9.46333e-05,-1.38338e-322,0.000896889,0.00241456
0,-0.00198022,0.0001963,-9.01445e-05,-1.38338e-322,0.000831727,-0.000103553
0,-0.0134478,0.000175906,-8.61071e-05,-1.38338e-322,0.000771301,-0.00237231
0,-0.025783,0.000155222,-8.2487e-05,-1.38338e-322,0.000715267,-0.00486393
0,-0.0353004,0.000138014,-7.92791e-05,-1.38338e-322,0.000663306,-0.00669479
0,-0.0457913,0.000120399,-7.64328e-05,-1.38338e-322,0.000615121,-0.0088209
0,-0.0736428,8.55641e-05,-7.39367e-05,-1.38338e-322,0.000570438,-0.0148177
0,-0.09,-4.00136e-05,-7.20513e-05,-1.38338e-322,0.000529003,-0.0216151
0,-0.09,-0.000324553,-7.21609e-05,-1.38338e-322,-7.83111e-05,-0.0284261
0,-0.09,-0.000793272,-7.56643e-05,-1.38338e-322,-0.00141728,-0.0343774
0,-0.09,-0.00139721,-0.000105647,-1.38338e-322,-0.00301383,-0.039327
0,-0.09,-0.00164725,-0.000134538,-1.38338e-322,-0.00475635,-0.0390895
-0.000945581,-0.0909456,-0.00164186,-0.000161563,-1.38338e-322,-0.00652417,-0.0387637
-0.00226117,-0.0922612,-0.00147856,-0.000187886,-1.38338e-322,-0.00823556,-0.0379994
-0.00365899,-0.093659,-0.00120905,-0.000214737,-1.38338e-322,-0.00985971,-0.0368826
-0.00530348,-0.0953035,-0.000908347,-0.000241613,-1.38338e-322,-0.0113918,-0.0365967
-0.00694797,-0.096948,-0.000593505,-0.000262636,-1.38338e-322,-0.0128318,-0.0348731
-0.00912691,-0.0780353,-0.000271865,-0.00028167,-1.38338e-322,-0.0141786,-0.0291896
-0.0106892,-0.0522,-2.35771e-05,-0.000290213,-1.38338e-322,-0.0154298,-0.0248599
-0.0118814,-0.0306525,0.000158799,-0.000291796,-1.38338e-322,-0.0165843,-0.0216079
0.0111414,-0.0347993,0.000217341,-0.000289532,-1.38338e-322,0.00702661,-0.00290271
0.0074002,-0.0106496,0.000324681,-0.000279936,-1.38338e-322,0.00609502,0.00281928
0.00620795,0.00446379,0.00039765,-0.000275765,-1.38338e-322,0.00529612,0.00501072
0.00456346,0.00684184,0.000436684,-0.000268176,-1.38338e-322,0.00461522,0.00471699
0.00291897,-0.00682219,0.000444039,-0.000259638,-1.38338e-322,0.00405751,0.00126277
0.00127448,-0.0194808,0.000441872,-0.000250794,-1.38338e-322,0.00362387,-0.00144868
0,-0.0232246,0.000440713,-0.000241946,-1.38338e-322,0.0033003,-0.00214378
0,-0.0210593,0.000439917,-0.000233126,-1.38338e-322,0.00304465,-0.00173841
0,-0.0132657,0.000440967,-0.000224323,-1.38338e-322,0.00281921,-0.000219074
0,-0.00228388,0.000442499,-0.000215509,-1.38338e-322,0.0026132,0.00187105
0,0.00425668,0.000437225,-0.000206667,-1.38338e-322,0.00242298,0.00288504
0,0.00506805,0.000424425,-0.000197896,-1.38338e-322,0.00224679,0.00274754
0,0.0040499,0.000408889,-0.000189343,-1.38338e-322,0.00208348,0.00237027
0,0.00617478,0.000396188,-0.000181088,-1.38338e-322,0.00193205,0.00275991
0,0.0134639,0.000388525,-0.000173101,-1.38338e-322,0.00179164,0.00422982
0,0.0242449,0.000384095,-0.000165292,-1.38338e-322,0.00166143,0.00634664
0,0.0355782,0.000379784,-0.000157588,-1.38338e-322,0.00154069,0.00849647
0,0.0438888,0.000372059,-0.000149971,-1.38338e-322,0.00142874,0.00995831
0,0.0505114,0.000362706,-0.000142487,-1.38338e-322,0.00132492,0.0111323
0,0.0514145,0.000347787,-0.000135186,-1.38338e-322,0.00122864,0.0110745
0,0.0470874,0.000328171,-0.000128156,-1.38338e-322,0.00113937,0.0100081
0,0.0379536,0.000304527,-0.000121494,-1.38338e-322,0.00105659,0.00801406
0,0.0246115,0.000277685,-0.000115285,-1.38338e-322,0.000979821,0.00521449
0,0.00895329,0.000249736,-0.000109598,-1.38338e-322,0.000908635,0.0020174
0,-0.00807462,0.000221548,-0.000104463,-1.38338e-322,0.000842623,-0.00141821
0,-0.022738,0.000196658,-9.98912e-05,-1.38338e-322,0.000781409,-0.00428024
0,-0.0369071,0.000172904,-9.58336e-05,-1.38338e-322,0.000724644,-0.00709441
0,-0.057627,0.000143062,-9.22567e-05,-1.38338e-322,0.000672004,-0.0113912
0,-0.09,7.21362e-05,-8.92463e-05,-1.38338e-322,0.00062319,-0.0192398
0,-0.09,-0.000386115,-8.74135e-05,-1.38338e-322,0.000577924,-0.0279478
0,-0.09,-0.00181508,-9.03241e-05,-1.38338e-322,0.000535947,-0.0375153
0,-0.09,-0.00515248,-0.000111622,-1.38338e-322,0.00049702,-0.0467928
0,-0.09,-0.00761007,-0.000179629,-1.38338e-322,-0.000530571,-0.0521462
0,-0.09,-0.00850301,-0.000458227,-1.38338e-322,-0.00291714,-0.0568915
0,-0.09,-0.00845426,-0.000661873,-1.38338e-322,-0.00577409,-0.0569305
0,-0.09,-0.00767808,-0.00080188,-1.38338e-322,-0.00876606,-0.055972
-0.00160533,-0.0916053,-0.00658517,-0.000951686,-1.38338e-322,-0.0117364,-0.0555696
-0.00439721,-0.0943972,-0.00521863,-0.00109432,-1.38338e-322,-0.0146026,-0.054438
-0.0071891,-0.0971891,-0.00386128,-0.00121304,-1.38338e-322,-0.0173257,-0.0535351
-0.00998098,-0.099981,-0.00263399,-0.00130384,-1.38338e-322,-0.0198952,-0.0537303
-0.0127729,-0.102773,-0.00151875,-0.00136879,8.57398e-11,-0.0223073,-0.0525554
-0.0166815,-0.106119,-0.000357792,-0.00142303,-1.61423e-10,-0.024559,-0.0457405
-0.0194734,-0.0803626,0.000522433,-0.00144237,-2.58494e-26,-0.0266446,-0.0414137
0.0204505,-0.0461695,0.000790184,-0.00143946,-2.86986e-42,0.0133163,-0.000216805
0.0143782,-0.0234391,0.00133724,-0.00140643,-3.18618e-58,0.0115996,0.00406491
0.0123541,-0.00888862,0.00172367,-0.00138977,-3.53737e-74,0.0100965,0.00567973
0.0095622,0.0163875,0.00200237,-0.00135723,-3.92727e-90,0.00879054,0.0101455
0.00677032,0.0448851,0.0021883,-0.00131858,-4.36015e-106,0.00769091,0.0151944
0.00397843,0.0615013,0.00228472,-0.00127574,-4.84074e-122,0.00680365,0.0176171
0.00118655,0.0622633,0.0023161,-0.00123053,-5.3743e-138,0.00612459,0.0169087
0,0.0428839,0.00229459,-0.00118436,-5.96667e-154,0.00560886,0.012181
0,0.0279067,0.00225904,-0.00113836,-6.62434e-170,0.00518265,0.00904568
0,0.0224632,0.00221876,-0.001093,-7.35449e-186,0.00480107,0.00795413
0,0.023345,0.0021717,-0.00104843,-8.16513e-202,0.00445079,0.00803697
0,0.0262365,0.00211608,-0.00100476,-9.06511e-218,0.00412693,0.00841286
0,0.0274808,0.00205143,-0.000962158,-1.00643e-233,0.00382687,0.00838016
0,0.0300458,0.00198417,-0.000920806,-1.11736e-249,0.00354869,0.00870741
0,0.0361968,0.00191802,-0.000880787,-1.24052e-265,0.00329075,0.00981877
0,0.0466271,0.00185425,-0.000842095,-1.37725e-281,0.00305157,0.011805
0,0.0578735,0.00178989,-0.000804691,-1.52906e-297,0.00282979,0.0138675
0,0.0648589,0.00172151,-0.000768572,-1.6976e-313,0.00262414,0.0149619
0,0.0672691,0.00165047,-0.0007338,1.58101e-322,0.00243343,0.0151599
0,0.0633304,0.00157568,-0.000700435,1.58101e-322,0.00225659,0.0140709
0,0.0517634,0.00149654,-0.000668548,1.58101e-322,0.00209261,0.0114567
0,0.0426899,0.00142425,-0.000638221,1.58101e-322,0.00194055,0.00962686
0,0.0333424,0.00135513,-0.000609375,1.58101e-322,0.00179955,0.00767373
0,0.0207838,0.00128609,-0.000581857,1.58101e-322,0.00166879,0.00501469
0,0.00474543,0.00121706,-0.00055579,1.58101e-322,0.00154754,0.00167157
0,-0.00469407,0.00115768,-0.000531104,1.58101e-322,0.0014351,-8.39853e-05
0,-0.0283874,0.00108492,-0.000507654,1.58101e-322,0.00133084,-0.00522193
0,-0.0722216,0.000991301,-0.000485592,1.58101e-322,0.00123416,-0.0144779
0,-0.09,0.000555855,-0.000465297,1.58101e-322,0.0011445,-0.0264749
0,-0.09,-0.00127899,-0.000451785,1.58101e-322,0.00106136,-0.0389699
0,-0.09,-0.00684334,-0.000457182,1.58101e-322,0.000984257,-0.0519522
0,-0.09,-0.0223994,-0.000535623,1.58101e-322,0.000912761,-0.0648549
0,-0.09,-0.0352526,-0.000812494,-2.32288e-11,-6.6125e-05,-0.0738678
0,-0.09,-0.0423602,-0.00138259,-0.0143789,-0.0022184,-0.0793375
0,-0.09,-0.0464801,-0.00332007,-0.0730061,-0.00479892,-0.086036
0,-0.09,-0.0446217,-0.00450853,-0.102633,-0.00763834,-0.0884884
-0.00173447,-0.0917345,-0.0402223,-0.00530985,-0.107047,-0.0105232,-0.0893152
-0.00406934,-0.0940693,-0.0352517,-0.00606214,-0.094741,-0.0133118,-0.0877699
-0.00647092,-0.0964709,-0.0288067,-0.00675383,-0.0918104,-0.0159581,-0.0859858
-0.00647092,-0.0964709,-0.0237534,-0.00675383,-0.0874649,-0.0184421,-0.0859783
-0.0108738,-0.100874,-0.0164393,-0.00773675,-0.0972114,-0.0207699,-0.083974
-0.0135422,-0.103542,-0.00948134,-0.00814233,-0.0911857,-0.0229559,-0.0804702
-0.0170112,-0.107011,-0.0032677,-0.00846191,-0.0821382,-0.0249902,-0.0756501
-0.0194128,-0.212181,0.00200789,-0.00858597,-0.102768,-0.0268673,-0.0718261
0.0181453,-0.0718547,0.00260262,-0.00864642,-9.54098e-18,0.0114417,-0.0258898
0.0108071,-0.0791929,0.00600617,-0.00857078,-1.15556e-33,0.00994174,-0.0178119
0.00860566,-0.0813943,0.00869644,-0.00850912,-1.28293e-49,0.00868354,-0.0147688
0.00640421,-0.0835958,0.0107043,-0.00839388,-1.89911e-65,0.00762466,-0.0116583
0.00426947,-0.0729016,0.0121173,-0.00824269,0,0.00675181,-0.00901379
0.00213474,-0.0586361,0.013056,-0.00806294,0,0.00605544,-0.00654012
0,-0.0487326,0.0136214,-0.00783916,0,0.0055215,-0.0050678
0,-0.0433862,0.0138883,-0.00756955,0,0.00509557,-0.00445757
0,-0.0391346,0.0139347,-0.00729312,0,0.00471872,-0.00393874
0,-0.0266293,0.0138308,-0.00701466,0,0.00437403,-0.00151283
0,-0.0101733,0.0136305,-0.00673752,0,0.00405565,0.00158763
0,0.0035974,0.0133524,-0.00646391,0,0.00376074,0.00399121
0,0.0235536,0.0130134,-0.00619547,0,0.00348737,0.00787681
0,0.0440019,0.012608,-0.00593351,0,0.00323389,0.011714
0,0.0564206,0.0121475,-0.00567933,0,0.00299885,0.0137472
0,0.0700197,0.01168,-0.00543407,0,0.00278091,0.0162851
0,0.0738726,0.0112026,-0.00519814,0,0.00257881,0.016612
0,0.0750716,0.0107369,-0.0049717,0,0.0023914,0.0166286
0,0.0810269,0.0102915,-0.00475463,0,0.00221762,0.0177991
0,0.0797378,0.00985111,-0.00454657,0,0.00205648,0.0172176
0,0.0745992,0.00942565,-0.00434735,0,0.00190705,0.0159842
0,0.0633755,0.00901326,-0.00415671,0,0.00176848,0.0135005
0,0.0438631,0.00861427,-0.00397438,0,0.00163999,0.00933351
0,0.0194851,0.00823784,-0.0038001,0,0.00152083,0.00431404
0,-0.00721271,0.00788835,-0.00363346,0,0.00141034,-0.00108291
0,-0.0477976,0.00753219,-0.00347395,0,0.00130788,-0.00952862
0,-0.09,0.00714801,-0.00332152,0,0.00121286,-0.0179763
0,-0.09,0.0061686,-0.00317626,0,0.00112475,-0.0296881
0,-0.09,0.00328174,-0.0030426,0,0.00104305,-0.0426458
0,-0.09,-0.00329639,-0.00294521,0,0.000967281,-0.0536074
0,-0.09,-0.0265579,-0.00294207,-0.0379352,0.00089702,-0.0704333
0,-0.09,-0.0590542,-0.00321735,-0.119775,0.000831865,-0.0825192
0,-0.09,-0.0938818,-0.00403644,-0.0173785,-0.00126506,-0.0965538
0,-0.09,-0.0912867,-0.00561577,-0.0800267,-0.00601457,-0.106376
0,-0.09,-0.0860401,-0.00956834,-0.104643,-0.0117122,-0.117412
-0.00213072,-0.0921307,-0.0749741,-0.0119596,-0.103097,-0.0178824,-0.118919
-0.00738648,-0.0973865,-0.0611092,-0.0134684,-0.100978,-0.0240489,-0.11803
-0.0123581,-0.102358,-0.0467008,-0.0146903,-0.0997054,-0.0299547,-0.117523
-0.0171878,-0.107188,-0.0335759,-0.0156427,-0.102709,-0.0355355,-0.120308
-0.0205969,-0.110597,-0.0216306,-0.01619,-0.105268,-0.0407734,-0.12242
-0.0257106,-0.115711,-0.0118677,-0.0167107,-0.104401,-0.0456698,-0.123422
-0.032813,-0.122813,-0.00166122,-0.0171099,-0.102861,-0.0502346,-0.119303
-0.0389211,-0.230572,0.00706435,-0.0172783,-0.101651,-0.0544636,-0.114198
0.0407677,-0.0492323,0.00391725,-0.0172409,-1.56125e-17,0.0268819,-0.0187786
0.0252845,-0.0647155,0.0109889,-0.0169865,-6.16298e-33,0.023456,-0.00664873
0.0197446,-0.0702554,0.0164116,-0.01685,-6.84228e-49,0.0205465,0.000477511
0.0140627,-0.033942,0.020314,-0.0165787,-7.59645e-65,0.0180951,0.00755122
0.00838081,0.000375312,0.0230634,-0.0162134,-8.43376e-81,0.0160952,0.0130622
0.00269891,0.0313805,0.0248739,-0.0157659,-9.36335e-97,0.0145341,0.0180955
0,0.0611591,0.0258665,-0.0152775,-1.03954e-112,0.0133246,0.0230799
0,0.0865659,0.0262921,-0.0147651,-1.15412e-128,0.0123157,0.0271989
0,0.105997,0.0263448,-0.0142414,-1.28133e-144,0.0114098,0.0301587
